102
1
86 83 107 318 
1
239 611 390 875 
1
158 960 607 313 
1
509 723 114 207 
2
490 126 530 944 46 850 859 647 
2
999 43 765 985 296 465 166 356 
2
12 961 633 106 948 703 872 495 
2
738 918 246 659 919 448 997 690 
2
880 314 207 369 217 864 39 859 
1
243 958 93 431 
3
730 836 200 561 798 335 336 858 736 911 12 72 
2
826 603 601 474 649 963 760 327 
1
378 158 319 921 
2
899 753 551 797 647 22 852 196 
1
30 688 479 760 
1
141 616 980 438 
2
855 498 900 573 493 239 29 384 
3
227 760 67 583 389 578 72 367 477 167 877 320 
4
900 966 123 355 229 913 188 117 469 447 524 698 703 521 356 123 
5
753 552 222 397 215 183 791 977 433 109 214 31 558 824 6 585 494 173 975 569 
5
68 918 747 233 950 135 747 547 572 494 223 705 805 142 979 489 60 885 553 389 
1
234 346 633 149 
3
706 150 263 197 324 396 957 841 148 583 86 639 
5
584 896 800 306 31 867 542 474 583 377 469 620 448 870 45 707 41 101 958 970 
6
863 811 303 136 7 918 21 701 277 508 186 411 975 992 103 909 361 460 290 446 76 440 266 208 
5
924 747 113 690 374 10 423 504 615 736 821 437 718 635 252 817 48 429 340 600 
2
3 29 607 130 993 612 816 792 
4
707 225 137 203 995 137 762 130 870 88 395 239 284 689 590 285 
1
472 199 562 310 
7
995 399 705 394 914 6 104 627 438 545 171 753 23 4 260 304 248 553 996 586 764 124 256 902 485 26 484 474 
7
886 534 572 468 546 773 457 474 382 287 657 24 157 494 85 582 717 314 476 450 864 114 753 386 838 774 888 447 
2
766 805 942 653 834 680 948 624 
2
755 354 175 470 451 743 182 865 
6
767 390 420 965 397 886 410 791 399 696 613 539 411 851 598 853 168 584 310 766 880 64 143 504 
4
38 649 913 217 618 999 488 941 869 96 752 698 533 227 362 755 
7
840 289 348 977 451 92 46 929 158 646 304 302 211 693 879 360 21 885 839 69 626 269 119 942 770 749 627 392 
2
692 494 290 335 120 837 475 9 
7
44 603 214 627 946 749 16 136 754 390 979 791 462 343 133 710 379 698 728 179 895 32 880 688 147 384 54 510 
1
962 716 205 952 
3
253 175 645 213 411 285 539 256 830 714 290 522 
2
135 895 718 913 914 467 570 634 
9
116 462 265 247 257 13 297 478 2 71 635 756 554 941 207 863 733 55 503 249 128 829 322 861 890 835 15 877 219 378 727 474 871 553 241 940 
7
264 20 295 219 596 66 802 519 42 860 364 629 46 148 965 549 874 807 2 554 663 561 369 967 716 614 623 975 
6
921 877 697 200 273 114 471 933 524 581 390 943 247 714 417 5 895 191 239 34 835 565 773 649 
5
153 687 480 214 991 417 611 723 160 161 40 343 686 456 259 686 517 987 129 432 
10
337 684 88 619 874 525 53 824 572 57 282 981 961 677 772 378 518 512 833 452 730 417 941 474 390 350 433 36 366 814 642 72 774 46 584 720 365 361 869 448 
1
102 67 837 567 
4
6 890 762 334 792 516 875 495 161 351 136 690 583 27 940 424 
4
660 590 302 307 394 262 257 669 24 546 376 634 28 931 408 212 
5
965 481 329 294 16 690 366 908 142 89 778 386 451 324 489 342 547 231 980 828 
9
262 640 408 798 243 41 481 757 970 595 65 209 678 500 998 952 617 176 650 179 721 305 819 283 819 294 142 232 252 672 64 342 674 53 870 844 
9
319 467 236 108 886 261 790 470 253 612 210 938 243 572 933 562 760 18 271 835 492 476 365 400 860 282 720 380 724 490 457 240 275 687 531 534 
10
437 884 691 874 638 428 942 458 780 15 959 738 913 818 951 34 220 172 464 468 621 948 406 269 486 906 148 632 904 818 322 599 70 301 718 187 590 903 754 35 
6
618 666 181 822 336 536 167 850 399 789 81 963 719 271 712 373 683 431 672 516 500 231 980 560 
8
825 333 771 940 318 286 691 742 462 25 692 276 959 106 653 827 248 556 182 830 909 894 129 647 241 261 978 544 947 9 302 518 
3
389 800 166 720 856 765 39 793 856 48 169 78 
8
378 793 199 201 763 469 473 601 393 990 114 496 363 333 910 590 503 771 38 465 735 211 700 473 940 524 515 223 288 870 475 538 
2
303 22 129 35 874 97 467 827 
1
34 639 399 960 
11
79 111 408 341 395 177 639 858 249 688 676 224 875 644 394 532 531 331 495 128 172 550 217 949 529 594 93 804 426 431 150 699 921 760 965 353 990 469 656 9 957 668 963 221 
2
625 741 910 415 822 357 358 40 
8
864 22 490 290 365 173 130 45 172 47 905 67 892 54 820 307 958 998 443 190 737 349 954 473 500 396 679 935 427 524 114 33 
11
925 411 339 343 637 506 250 173 754 530 670 676 710 681 667 169 951 574 711 814 452 846 748 545 133 541 191 142 991 788 704 214 774 996 428 526 474 849 336 629 955 279 11 576 
4
111 954 634 723 792 135 935 113 205 485 837 90 763 66 873 866 
10
977 407 747 711 189 579 846 529 8 930 576 22 311 221 976 895 76 173 83 889 784 854 893 383 99 24 34 770 589 970 691 761 175 945 59 769 391 895 563 943 
11
524 923 211 360 384 567 639 486 518 199 347 836 472 911 666 557 488 985 10 158 793 220 459 768 449 621 115 644 853 775 65 890 244 23 850 352 729 36 321 801 998 413 645 558 
4
110 821 728 459 947 812 170 499 205 238 100 999 103 174 503 740 
12
17 726 514 895 59 615 485 337 424 834 41 767 986 468 142 644 605 18 682 127 776 144 373 198 943 764 463 275 132 661 61 555 994 234 756 616 795 66 125 224 33 903 7 709 409 253 893 417 
13
53 518 721 536 389 331 721 263 819 848 427 193 80 609 351 501 279 207 132 462 488 677 956 979 904 846 150 302 929 133 589 431 602 305 188 963 814 602 159 403 438 426 403 131 615 717 220 470 170 250 460 869 
3
243 779 459 24 12 603 60 811 805 793 358 120 
7
416 829 517 729 593 473 63 216 570 661 518 593 223 468 743 869 371 121 914 873 337 483 556 712 301 761 869 499 
13
807 660 47 579 592 899 265 274 386 228 640 568 520 573 1 554 770 977 466 510 841 224 147 162 587 330 50 181 736 527 482 734 742 481 211 140 207 254 492 728 917 410 420 978 990 764 955 455 85 522 813 54 
13
601 682 827 501 142 947 222 653 544 980 725 322 494 432 992 771 493 851 834 46 76 907 683 91 180 870 5 805 445 53 542 550 45 102 196 654 712 204 69 649 229 528 48 653 378 790 663 805 863 803 605 867 
10
80 577 738 706 735 105 314 318 916 870 273 483 204 19 208 416 851 925 72 864 56 354 848 519 971 898 362 531 156 794 663 946 603 992 753 149 327 103 700 791 
11
872 247 602 351 372 659 966 604 705 409 682 200 949 753 75 753 215 612 782 866 933 678 238 494 98 479 769 64 870 412 546 520 912 56 741 275 651 291 893 164 581 956 17 30 
12
996 105 496 697 83 314 941 98 466 947 20 268 43 486 501 386 209 327 354 723 58 39 77 667 549 351 724 34 637 931 326 63 653 781 287 206 849 836 584 14 292 514 429 640 285 101 704 780 
16
608 553 922 769 80 796 787 233 780 474 431 746 110 695 896 602 395 466 954 630 833 587 587 243 85 382 751 788 260 633 505 22 530 883 505 970 16 901 620 291 543 940 917 25 639 382 218 22 475 661 701 990 568 718 775 51 252 526 78 520 719 153 514 638 
8
384 421 306 159 68 166 4 27 679 772 883 794 341 404 395 229 312 374 368 895 688 381 728 559 495 724 147 102 26 646 744 731 
14
339 591 850 39 821 87 309 862 466 879 759 931 638 695 645 14 855 678 548 375 349 511 836 474 627 537 549 629 368 286 956 163 517 235 165 752 249 480 902 538 779 316 974 936 649 76 549 11 718 209 700 176 732 1 772 457 
16
805 241 678 645 942 385 541 899 370 352 35 385 629 149 771 976 118 598 693 471 477 125 498 350 658 8 808 66 313 617 273 789 543 779 337 546 672 935 388 164 960 197 40 513 269 411 923 58 266 558 142 908 884 134 522 84 501 83 963 958 513 38 713 242 
10
607 706 490 900 438 338 595 303 486 43 958 28 635 324 776 416 612 677 459 900 407 847 754 747 188 28 167 405 153 496 243 929 626 442 454 503 784 711 719 375 
16
407 419 233 337 60 368 878 153 488 631 905 166 182 751 33 155 19 669 862 704 400 621 14 498 1 433 326 188 154 816 151 654 621 552 926 260 607 455 394 323 181 615 79 53 278 375 901 199 697 395 2 470 127 252 146 294 840 33 659 708 952 896 433 834 
17
84 526 208 374 35 560 725 183 900 141 506 555 66 136 243 333 868 785 608 796 879 122 316 134 644 8 754 717 584 7 56 346 264 457 531 771 917 461 588 626 778 518 288 982 5 392 388 155 889 381 482 15 276 638 970 314 252 304 784 12 263 913 967 406 612 324 318 72 
15
427 31 826 718 272 169 588 462 348 540 432 468 760 498 73 71 286 137 643 386 17 864 411 702 278 535 480 352 57 438 871 953 783 600 538 728 383 144 3 972 924 744 236 282 515 326 496 626 771 183 822 802 217 933 454 631 884 803 80 801 
17
599 163 574 861 471 730 985 348 479 942 963 39 161 246 77 767 261 246 781 687 618 500 994 544 674 633 132 350 216 664 579 965 49 760 986 455 822 603 851 374 653 601 433 336 893 774 470 250 82 929 256 108 934 153 103 965 661 708 823 635 600 640 316 95 726 778 942 1 
15
227 961 879 440 692 150 952 257 209 318 317 812 69 755 370 244 62 322 72 730 396 580 365 191 478 10 708 994 546 873 812 356 868 648 861 469 803 647 673 597 441 980 290 167 306 355 515 434 604 930 193 120 892 108 239 48 330 983 339 746 
2
155 937 842 809 72 621 980 445 
8
251 280 514 789 731 342 766 758 229 646 108 680 210 962 74 335 619 603 170 427 871 453 443 940 827 310 525 513 297 789 801 705 
10
924 605 992 692 747 313 29 593 968 841 777 862 604 652 102 331 359 839 221 342 49 767 83 544 368 23 151 711 90 505 669 726 801 666 635 448 729 574 232 682 
14
137 289 955 100 706 57 511 870 2 551 397 547 222 972 766 526 681 467 730 142 49 355 204 602 656 612 947 185 633 486 883 757 466 36 561 484 273 374 210 664 334 752 282 777 320 3 598 116 79 524 224 389 643 970 150 599 
17
373 533 990 977 952 305 35 17 385 62 678 26 36 139 936 343 836 517 15 338 14 290 874 388 272 169 286 137 954 557 494 98 20 43 615 223 676 595 103 584 997 209 591 912 740 522 77 554 337 56 159 595 488 154 139 599 134 685 662 722 759 715 745 147 349 409 847 605 
7
892 518 408 833 654 188 284 352 990 408 726 670 658 622 686 163 951 455 381 602 83 557 917 79 584 639 590 534 
9
194 459 539 376 376 444 635 435 642 919 55 944 945 287 341 622 270 439 975 56 348 282 816 777 340 814 276 698 516 41 969 657 556 956 163 862 
15
236 280 848 127 616 445 958 300 4 310 416 465 33 31 411 148 894 818 469 876 283 810 329 50 106 654 260 977 624 21 720 443 345 375 590 9 70 57 917 271 339 281 67 937 291 291 587 682 472 786 729 469 999 743 581 64 988 344 699 941 
7
206 226 467 213 944 787 690 256 638 112 410 38 422 705 62 479 241 337 532 564 501 927 34 149 11 562 100 605 
10
851 148 648 624 46 634 599 229 961 754 40 209 846 853 196 62 964 47 935 387 812 494 992 784 768 649 912 426 237 661 750 452 441 764 168 61 789 853 309 997 
7
867 234 964 897 113 473 14 410 317 535 875 364 899 134 975 238 966 169 669 184 768 798 756 112 330 947 550 48 
11
105 960 422 799 495 310 681 699 740 694 839 207 552 113 891 870 86 122 426 474 849 180 604 179 569 519 338 830 726 677 647 556 41 881 262 394 509 797 177 504 737 407 965 149 
13
535 727 860 756 560 978 618 157 667 132 792 383 802 375 115 160 460 275 419 614 824 872 193 22 513 695 655 265 938 45 748 409 823 4 327 688 911 789 987 973 873 150 571 717 836 904 667 630 228 833 47 547 
6
510 170 650 162 874 415 70 654 314 234 961 434 874 430 58 245 678 350 369 453 632 335 699 826 
9
932 504 250 630 849 695 954 943 27 965 276 438 686 402 702 93 139 217 835 234 794 979 957 613 535 284 798 664 731 14 777 15 935 19 26 719 
5
824 498 371 374 937 822 841 99 611 139 800 17 589 733 92 764 572 714 19 538 
