113
1
994 759 607 450 
1
356 401 701 160 
1
15 922 65 698 
1
132 713 785 212 
1
305 529 518 341 
1
787 619 918 996 
1
657 775 414 811 
1
934 819 754 236 
2
363 82 374 296 961 854 386 788 
2
943 188 917 54 879 563 96 205 
1
222 272 545 313 
3
704 987 271 946 134 337 45 844 187 613 437 36 
1
668 746 634 673 
3
745 951 539 679 980 885 403 855 10 23 33 702 
4
825 755 243 433 457 324 996 986 280 622 388 2 201 222 810 833 
3
200 590 203 219 897 221 947 769 574 416 225 136 
3
934 842 617 877 527 571 47 672 692 436 877 783 
2
544 254 411 702 555 306 93 885 
4
182 673 104 26 569 787 933 642 416 555 872 40 135 494 722 730 
1
292 150 23 755 
2
307 716 266 410 62 855 628 226 
5
383 118 598 4 745 104 924 223 72 838 418 422 734 423 781 981 471 150 894 480 
3
674 431 509 563 427 222 387 390 211 560 725 994 
4
185 761 262 658 833 891 548 196 828 871 542 667 423 482 215 414 
1
618 798 264 547 
3
126 449 11 694 51 638 840 855 195 262 255 848 
2
225 24 514 88 552 415 936 495 
4
645 372 576 411 628 869 381 565 78 742 702 383 631 744 416 158 
1
222 456 627 468 
3
766 731 353 912 484 674 141 91 478 985 320 924 
7
536 47 629 286 379 800 877 653 909 372 358 868 131 566 969 383 492 1 404 691 459 934 989 183 259 974 487 67 
5
360 411 341 449 688 185 883 567 461 366 116 701 415 930 963 320 603 840 568 217 
4
870 448 561 780 558 938 630 499 24 340 896 473 781 121 474 961 
2
593 892 687 565 653 284 969 207 
8
360 950 166 192 297 96 953 520 974 336 652 744 48 161 327 207 983 448 221 368 293 726 13 758 230 690 583 534 956 182 21 139 
7
228 509 913 242 228 990 890 991 73 691 474 954 877 645 690 182 879 872 605 3 28 810 526 435 542 854 623 168 
5
214 380 521 779 765 221 381 239 184 105 615 272 347 808 761 926 398 728 798 689 
3
669 33 530 727 88 117 130 914 199 949 68 156 
6
331 608 299 113 764 612 286 798 870 462 573 804 790 53 406 833 356 468 570 39 316 918 868 862 
5
537 684 145 113 757 300 153 386 381 510 412 998 608 628 431 3 371 323 920 923 
9
466 47 341 764 276 588 971 896 947 799 734 743 182 995 707 259 432 219 826 845 885 459 287 967 730 72 514 298 722 462 779 811 867 55 339 944 
5
849 92 18 651 613 31 890 904 355 92 711 861 684 726 565 542 249 328 767 912 
5
500 814 453 24 66 224 792 697 910 311 634 767 169 436 860 511 706 955 266 401 
8
763 3 370 591 615 499 702 123 676 668 819 179 296 459 740 890 986 872 201 524 936 710 576 412 278 8 803 239 414 669 388 287 
10
201 175 923 883 393 812 653 509 254 736 523 457 621 701 152 325 853 231 601 782 225 701 260 334 591 546 759 568 724 545 126 816 905 906 593 35 755 925 366 445 
4
959 485 735 520 779 544 178 635 530 612 12 366 35 813 65 34 
6
804 396 220 389 305 308 259 699 137 552 434 860 620 181 905 952 306 140 333 423 38 31 925 353 
2
531 448 646 814 644 405 713 633 
8
891 244 632 672 569 637 24 452 293 959 74 316 344 368 315 879 941 442 416 845 104 670 446 701 449 996 357 578 612 641 377 812 
6
568 536 625 905 84 14 214 145 819 469 6 607 270 789 81 550 178 546 700 922 597 272 682 487 
10
731 844 323 724 623 923 471 816 182 282 622 178 255 734 535 604 696 93 822 552 174 37 545 671 847 322 398 36 944 282 375 13 4 410 292 526 531 202 683 421 
1
108 429 308 649 
5
998 834 210 337 614 952 839 328 4 128 343 329 918 707 952 249 598 392 906 145 
10
782 163 858 128 362 870 730 801 443 969 289 478 846 952 140 899 695 893 92 32 377 667 70 270 944 728 270 263 986 562 72 195 657 434 658 458 982 19 878 560 
9
552 814 456 408 587 958 870 31 770 610 843 277 643 136 597 850 95 146 802 76 434 903 990 822 165 646 934 203 999 244 796 379 704 237 987 600 
11
689 537 242 333 708 429 675 612 545 25 463 512 741 924 553 945 75 531 572 70 3 396 157 618 615 728 394 128 238 840 522 831 669 267 908 733 378 208 907 788 618 496 595 924 
8
940 468 849 394 442 267 967 369 216 610 939 773 549 496 14 657 775 317 797 542 919 536 924 612 734 974 488 281 114 968 120 584 
5
539 201 610 708 561 295 362 816 527 51 808 612 993 41 98 955 324 993 159 567 
9
523 189 510 400 66 928 202 671 953 5 530 577 961 727 262 220 966 820 681 880 500 757 333 111 93 508 353 962 866 825 22 684 397 985 507 28 
5
423 198 416 495 391 997 239 75 560 454 457 666 109 418 878 123 277 417 179 279 
12
948 249 406 346 79 403 14 978 610 556 574 803 152 730 800 124 966 447 733 918 553 737 256 847 594 205 870 219 985 489 431 975 487 463 934 415 925 600 420 183 879 29 989 360 215 623 460 125 
9
125 66 269 675 416 297 463 600 12 456 695 73 299 156 396 533 165 481 505 26 298 216 119 228 556 622 874 817 536 118 90 498 607 266 965 3 
11
901 322 649 948 600 895 829 562 515 788 844 339 696 423 92 459 260 585 462 275 941 211 562 607 286 247 897 913 22 170 583 893 668 64 133 2 13 666 842 123 444 396 205 967 
10
790 788 977 580 7 707 868 365 49 715 212 274 175 667 36 686 772 750 79 75 634 814 605 816 975 715 322 978 50 428 753 823 455 661 238 392 165 797 126 585 
5
701 575 65 591 477 833 564 872 282 666 402 710 661 565 243 206 772 884 934 877 
1
745 402 965 409 
4
758 773 832 891 851 6 957 82 109 963 648 368 30 770 823 624 
14
468 692 837 808 178 563 269 192 119 164 334 107 848 367 833 826 713 293 768 712 750 458 275 987 845 741 609 912 865 253 764 266 683 165 477 858 148 888 671 63 786 244 176 165 498 212 579 344 174 278 250 239 710 594 844 584 
12
619 115 188 497 648 766 155 353 762 684 655 271 788 746 947 12 509 302 242 513 672 475 398 244 945 203 929 197 228 916 805 453 853 527 561 498 893 371 971 662 760 573 97 840 80 911 714 575 
13
28 623 637 484 464 162 112 73 852 56 893 200 526 15 124 946 385 345 735 145 376 516 560 564 46 973 248 219 293 898 196 621 825 176 43 711 33 420 147 684 585 814 746 459 319 581 534 699 116 36 45 90 
12
931 684 497 339 216 949 979 755 166 823 772 696 78 767 668 526 370 234 172 712 892 94 914 393 509 417 988 983 757 363 591 79 948 377 702 137 348 611 526 636 186 385 590 275 811 752 796 351 
3
853 185 4 215 917 502 898 434 366 668 608 568 
15
665 991 478 926 826 475 938 272 456 588 845 49 641 822 267 194 232 828 628 957 724 500 156 673 707 250 585 153 70 580 843 482 8 863 241 705 724 408 685 585 563 636 392 135 905 611 644 215 238 438 541 786 510 35 472 718 739 218 185 677 
8
624 720 753 338 768 775 684 494 476 893 541 179 917 975 775 286 860 695 686 602 235 230 148 612 855 31 753 801 258 688 443 914 
1
773 388 823 171 
8
291 621 563 66 663 27 140 743 121 897 269 397 881 64 64 494 850 246 786 902 704 920 799 939 931 737 61 608 601 324 800 284 
13
528 856 107 113 371 890 106 512 25 358 233 966 748 540 633 284 684 852 295 176 353 291 478 810 967 199 240 770 839 135 100 980 877 995 84 54 722 903 139 733 284 478 429 253 66 687 999 24 426 788 487 991 
15
794 651 742 332 491 162 48 579 682 95 728 820 95 100 261 848 319 903 119 820 685 386 950 541 75 469 811 813 30 493 496 491 532 735 764 163 159 222 172 460 797 184 57 910 821 780 36 180 407 186 761 632 186 348 775 842 827 135 681 691 
5
361 208 284 375 623 3 911 830 281 867 857 546 689 85 108 900 299 990 46 155 
1
802 754 5 498 
15
715 823 38 110 894 17 243 897 688 523 373 720 554 484 958 319 647 404 430 973 806 855 788 621 231 379 756 933 857 681 792 597 513 861 369 274 779 533 2 494 451 676 540 468 8 789 140 503 183 844 626 9 854 220 422 936 699 145 114 638 
14
94 937 451 925 697 801 103 16 48 408 563 100 723 759 797 8 57 32 243 292 994 928 122 906 535 626 992 70 622 9 542 47 158 931 237 955 494 779 949 372 223 546 934 898 55 444 734 424 952 950 961 210 562 436 28 287 
2
513 541 396 663 87 292 841 996 
13
321 649 773 506 615 660 536 16 120 828 536 766 728 126 800 13 881 219 359 97 576 429 518 885 124 459 74 233 528 35 427 620 533 271 716 733 134 886 728 691 279 568 668 235 482 965 438 699 381 854 476 805 
13
426 301 341 327 840 763 890 171 234 500 524 774 550 86 293 449 349 602 331 597 612 102 37 245 376 90 475 7 522 271 204 472 318 376 567 138 881 32 439 467 889 682 520 519 521 253 194 993 776 563 585 253 
9
897 7 114 492 410 357 31 324 280 623 873 11 393 274 430 206 706 597 29 880 27 9 289 813 619 848 311 374 69 963 561 404 800 893 35 85 
17
443 268 697 125 803 259 859 556 353 452 329 833 799 754 283 146 747 451 761 439 3 926 433 919 939 374 676 574 792 137 345 943 447 957 777 732 275 890 100 175 406 483 348 188 663 464 115 55 592 176 336 928 714 440 52 371 125 379 982 582 235 76 310 514 364 826 941 119 
8
521 853 75 914 263 900 736 656 451 671 899 352 130 694 158 727 197 364 338 975 131 695 484 526 707 912 627 331 344 838 3 435 
14
598 654 625 592 376 997 456 467 914 240 332 354 641 400 479 681 130 862 747 526 354 608 93 73 705 973 180 371 13 607 17 319 120 207 499 196 69 135 794 182 695 771 448 268 424 980 812 392 68 577 340 61 959 707 491 150 
7
946 13 509 134 783 761 909 311 863 365 406 73 439 101 632 821 741 78 749 811 294 184 352 431 606 119 862 614 
13
958 186 251 747 977 926 466 181 179 402 721 676 122 58 232 907 43 396 815 21 591 802 753 767 777 653 856 26 719 557 946 842 582 507 448 241 464 717 775 531 706 790 558 739 13 69 984 114 991 372 692 924 
8
629 82 308 121 202 828 27 612 644 391 732 356 404 887 774 63 477 751 995 28 764 619 938 990 550 799 334 506 944 300 552 149 
7
268 336 937 339 499 240 333 53 896 71 166 660 527 607 132 401 585 777 348 71 649 592 677 477 223 939 411 949 
9
135 813 859 616 303 381 658 156 366 667 885 157 701 567 669 193 531 724 630 745 662 112 528 553 689 591 736 850 384 687 648 210 803 540 607 655 
3
682 973 739 125 976 291 468 943 304 659 842 762 
16
720 366 900 792 492 461 187 918 790 404 704 882 744 303 785 933 220 649 633 833 263 145 164 815 480 8 621 728 847 969 981 802 108 744 813 411 203 290 828 836 846 615 928 912 130 656 342 647 429 136 18 864 432 372 154 761 691 35 460 470 479 715 224 303 
8
344 98 451 344 106 722 599 635 47 712 535 833 381 681 65 685 761 705 919 725 314 727 889 488 139 711 167 862 835 96 771 126 
7
1 291 264 298 704 707 684 716 945 539 355 7 597 661 883 735 267 890 518 78 124 113 415 115 72 583 511 698 
12
699 741 258 915 542 91 373 839 922 638 533 752 708 219 978 177 918 324 279 999 539 255 433 282 355 663 963 20 272 530 336 614 955 210 30 941 661 93 883 423 782 631 702 980 186 429 327 621 
16
36 395 789 141 125 504 881 176 204 202 207 940 355 382 585 541 851 999 332 54 229 674 940 560 355 417 307 259 307 101 191 168 529 399 257 597 899 275 624 323 387 238 799 977 813 658 153 181 986 775 608 385 233 469 349 184 238 675 153 216 267 954 62 297 
1
595 98 919 710 
7
742 961 263 156 162 79 870 587 722 391 935 129 397 572 612 67 986 413 202 792 687 335 706 334 583 791 196 834 
10
480 356 929 706 672 394 999 276 305 338 260 954 684 443 670 763 170 948 333 653 737 75 273 999 806 508 835 449 779 652 817 125 897 885 629 848 155 723 629 794 
5
514 908 939 217 1 903 164 245 314 860 495 495 769 91 409 552 538 945 430 888 
5
781 338 561 663 518 154 500 509 58 193 878 787 795 657 320 999 548 741 644 436 
15
450 873 847 538 340 879 694 596 337 678 183 852 967 55 684 608 629 721 319 504 785 232 410 111 170 321 181 633 152 740 316 619 889 767 637 69 232 812 282 752 980 67 91 75 165 214 958 151 853 144 878 184 732 240 708 318 268 291 584 133 
17
18 280 689 570 36 219 805 528 722 133 947 341 11 204 366 805 685 408 330 721 155 443 753 36 14 196 132 763 920 244 258 79 140 762 603 377 346 419 731 233 671 953 913 31 579 17 798 395 547 932 373 324 454 170 280 799 615 598 704 940 994 638 99 247 207 520 941 912 
12
246 897 185 262 80 320 458 180 376 109 742 582 385 488 767 989 851 572 552 133 569 891 91 40 263 904 463 581 388 159 501 471 99 186 508 908 295 954 971 181 883 952 905 114 725 241 659 536 
21
84 645 800 640 568 243 367 243 533 714 179 765 239 60 62 650 869 294 425 247 101 984 783 571 854 238 709 679 61 86 572 251 52 624 682 80 405 578 196 712 955 823 185 606 730 757 124 210 813 601 473 4 663 868 59 147 532 163 997 909 158 275 894 1 517 163 900 355 856 560 351 791 984 807 982 322 997 488 303 776 265 942 515 470 
23
935 202 578 171 945 696 757 684 678 642 154 872 999 658 881 802 542 471 703 784 313 718 98 384 76 605 681 401 67 33 737 463 296 921 839 438 353 217 749 389 980 192 240 606 918 247 561 754 674 711 98 503 971 922 986 387 807 933 922 911 708 414 294 425 908 880 476 704 419 423 626 389 210 584 810 416 730 216 241 868 3 940 578 264 353 471 100 284 70 916 752 337 
3
266 142 71 54 685 685 811 466 327 364 389 638 
16
927 417 508 543 228 79 912 734 169 111 225 968 46 532 100 228 674 848 778 539 244 882 445 318 87 27 161 842 315 397 860 460 500 939 38 593 444 680 270 25 301 237 438 88 469 229 416 175 39 624 581 329 324 84 23 401 342 397 487 919 378 363 604 592 
1
556 199 276 583 
