123
1
90 488 235 590 
1
34 215 869 323 
1
743 93 304 318 
1
463 185 106 491 
2
842 910 745 527 241 729 258 40 
1
337 699 341 775 
1
685 454 555 596 
1
692 585 171 246 
2
33 578 161 589 350 382 768 988 
2
380 612 340 486 736 372 617 893 
3
255 27 517 881 195 562 515 43 930 999 97 232 
2
355 34 730 474 529 445 10 525 
1
867 534 937 908 
1
133 457 750 305 
4
617 25 648 365 833 828 415 437 577 143 411 686 691 994 202 992 
4
807 297 693 546 448 396 614 926 669 829 11 457 241 243 511 453 
1
905 647 910 515 
1
324 927 568 414 
1
232 696 374 985 
4
924 402 304 84 999 332 379 411 647 539 288 453 496 830 691 898 
4
62 426 567 656 631 978 585 77 846 736 864 323 20 931 760 293 
3
160 615 43 838 482 966 550 880 224 100 346 852 
3
707 179 910 125 679 637 132 439 648 645 427 329 
1
33 366 842 431 
3
643 869 310 215 93 512 411 765 155 970 39 43 
4
815 869 136 626 999 277 714 632 369 626 648 444 139 660 36 913 
1
315 788 282 97 
5
102 497 166 581 681 479 979 965 679 400 736 642 405 868 949 106 918 814 709 548 
5
723 920 38 808 533 546 12 695 831 469 187 53 443 411 494 478 502 509 979 444 
2
332 796 159 520 782 552 842 275 
1
456 572 22 407 
3
138 835 811 115 571 197 584 843 36 381 180 418 
3
829 546 95 615 45 656 897 690 65 120 397 112 
2
40 468 74 621 388 632 406 331 
7
876 876 516 231 688 311 907 273 816 418 342 52 404 125 945 724 439 290 232 464 156 887 767 965 859 108 119 550 
3
17 797 256 660 923 319 628 513 654 501 179 445 
5
547 492 958 650 738 494 712 189 405 253 204 491 682 142 442 282 222 996 915 120 
5
54 329 736 148 244 566 312 723 108 747 364 409 2 75 63 400 772 593 56 922 
7
912 639 897 533 448 829 82 259 910 309 502 216 955 844 284 841 612 678 231 797 953 228 524 200 688 311 91 527 
2
481 283 298 976 727 127 330 77 
6
144 475 390 718 760 642 375 882 735 176 791 893 492 744 143 392 732 479 233 325 942 88 380 560 
7
37 576 326 390 511 300 662 165 876 176 965 495 941 317 13 180 106 75 374 689 364 615 134 288 832 386 120 667 
6
107 881 465 509 599 386 122 722 311 213 804 109 132 51 119 158 506 133 723 566 380 727 695 378 
9
692 481 271 789 205 359 227 739 191 155 826 805 447 244 387 65 178 489 114 148 954 209 604 944 596 724 30 602 601 553 642 19 777 812 314 273 
10
652 931 20 42 935 87 835 401 556 532 627 97 996 158 59 133 914 633 140 502 180 507 457 229 317 129 339 814 483 125 651 709 850 952 619 133 793 859 83 54 
4
784 485 323 64 526 679 170 694 850 487 2 995 725 284 88 819 
6
879 777 362 640 448 742 556 821 608 878 152 732 276 719 981 407 453 517 104 112 616 424 989 962 
1
151 981 526 581 
1
773 920 755 774 
6
745 284 924 380 910 493 366 881 541 292 43 930 876 365 269 857 158 62 646 913 57 62 591 262 
8
387 686 367 202 796 511 505 564 835 179 90 167 510 876 226 169 177 358 182 874 28 501 377 682 856 508 844 806 308 648 655 366 
2
209 533 972 10 481 799 520 495 
4
395 243 582 398 858 4 867 850 744 311 544 905 820 89 992 917 
5
135 315 456 138 362 601 766 702 782 389 220 401 871 668 202 30 358 587 489 64 
9
537 907 710 491 899 659 403 379 352 709 583 645 773 377 277 122 94 160 195 728 227 917 201 223 857 918 532 295 748 97 954 868 712 167 710 237 
9
202 142 894 85 268 213 443 972 334 260 230 744 368 336 468 710 877 846 846 492 425 496 199 105 499 377 4 905 700 854 172 898 965 417 902 609 
5
397 272 574 855 25 165 387 186 610 766 587 755 997 167 25 871 716 379 862 509 
2
674 334 693 21 664 540 734 683 
11
758 563 853 620 278 231 236 426 823 176 495 475 69 916 555 920 28 358 828 964 822 519 390 409 213 975 456 151 582 259 996 242 757 907 228 964 984 355 815 253 261 485 580 139 
7
614 873 498 699 291 377 680 185 877 114 91 258 549 589 54 161 833 582 225 374 314 451 390 96 45 658 623 473 
1
917 4 685 619 
11
851 441 388 78 660 860 642 877 121 618 917 264 849 462 222 857 538 786 230 710 574 722 224 842 147 159 573 934 895 163 440 841 447 211 55 108 781 465 612 406 29 786 990 713 
13
309 555 635 930 573 552 375 449 214 828 563 799 37 387 248 601 308 417 121 502 811 960 671 49 164 985 661 883 679 384 476 136 336 459 868 252 504 823 126 772 969 523 162 101 361 302 950 161 807 687 25 355 
11
701 259 737 162 803 331 998 663 172 10 996 241 759 981 146 520 794 642 62 690 831 791 650 814 602 467 611 643 369 137 892 86 978 256 461 504 494 794 625 423 155 891 656 730 
9
230 700 345 190 908 845 826 891 315 789 646 185 710 104 935 531 631 239 225 385 11 822 98 286 901 966 130 825 67 673 526 567 324 788 586 405 
6
34 491 983 235 544 774 550 896 273 12 114 783 991 690 304 487 299 884 373 368 220 299 257 154 
13
920 204 882 779 930 963 51 522 895 171 832 769 843 449 50 330 887 915 919 151 578 515 761 962 328 327 836 123 447 449 198 195 582 844 1 115 255 363 439 302 623 46 670 364 948 59 718 914 152 507 152 908 
11
912 657 490 246 903 138 803 940 642 277 617 995 511 466 353 936 663 57 755 691 139 417 33 851 234 37 750 780 912 565 462 462 320 799 161 596 577 531 76 77 697 966 310 181 
10
630 350 135 736 808 990 880 977 176 163 818 409 93 988 847 329 867 947 84 662 831 357 366 506 761 226 471 219 707 378 934 176 806 694 37 350 71 186 293 799 
13
759 259 202 162 364 443 609 942 956 539 154 636 287 654 446 436 996 614 925 4 822 72 29 986 509 35 298 552 385 160 735 34 729 214 779 34 909 195 94 122 494 906 122 907 151 980 289 910 713 334 142 293 
13
558 82 201 312 416 948 565 928 344 543 492 694 357 605 946 145 18 201 846 288 163 424 952 602 242 819 243 789 300 992 468 670 636 910 650 200 285 784 870 391 619 485 209 135 596 146 332 481 14 106 73 428 
15
504 442 344 806 970 203 119 533 954 785 388 948 373 256 771 371 25 877 690 287 394 883 521 56 698 193 767 891 284 207 158 520 193 994 392 726 758 219 139 642 913 173 219 849 572 82 962 922 332 754 666 239 574 28 75 913 970 439 976 943 
13
841 578 455 723 420 554 969 864 130 161 845 541 295 613 127 868 979 290 150 407 375 800 894 848 709 510 615 301 975 946 321 975 128 315 468 8 835 742 396 485 429 589 941 813 332 983 894 429 819 640 613 244 
15
570 730 428 29 491 242 782 184 709 98 602 998 318 235 899 380 382 613 146 803 684 5 864 913 13 693 792 790 876 75 359 140 471 194 721 74 851 570 227 509 472 873 850 191 602 991 61 681 36 205 34 770 121 916 124 187 79 833 872 560 
6
772 178 3 281 812 557 155 418 100 965 454 677 435 764 599 351 348 597 387 533 855 694 508 417 
6
759 261 682 383 75 638 646 38 182 327 568 929 127 668 507 787 433 568 149 822 995 809 428 868 
1
185 698 549 709 
3
536 195 455 646 366 934 115 991 890 520 685 184 
13
911 540 272 407 807 461 895 893 408 168 716 813 105 688 317 166 599 117 214 326 92 437 156 143 555 308 259 138 852 711 450 159 759 438 976 339 669 815 847 392 796 534 411 570 607 524 3 853 577 104 452 475 
6
447 765 563 776 627 765 410 124 464 131 522 790 596 629 212 394 386 610 998 202 243 878 200 742 
7
418 928 264 811 35 934 749 671 853 130 339 99 903 435 961 866 471 129 366 916 965 585 948 214 43 682 475 946 
4
708 152 826 80 960 712 997 549 718 917 354 717 990 853 603 872 
15
964 490 624 222 32 340 320 61 17 564 613 167 723 509 504 640 968 467 519 385 431 246 254 31 857 525 605 445 146 838 165 427 916 578 681 668 806 513 30 232 346 985 180 324 759 847 265 556 154 886 355 824 804 295 267 332 396 801 34 445 
14
276 882 359 274 573 790 878 877 39 570 216 867 907 592 219 148 191 983 155 587 916 854 128 244 267 308 172 607 727 500 648 890 338 600 180 891 396 708 902 65 380 593 541 486 576 867 222 853 927 21 239 80 55 924 181 251 
7
935 412 37 438 36 594 267 317 160 696 592 512 471 374 812 347 219 673 994 676 461 567 40 637 792 561 300 204 
13
258 836 544 690 653 519 703 689 160 480 345 94 126 373 319 371 181 748 501 490 745 551 178 198 187 241 992 386 256 916 490 386 792 359 113 884 508 985 645 232 535 197 23 961 581 336 953 786 204 156 76 535 
15
872 757 328 723 523 652 988 795 937 982 998 47 367 345 823 273 399 81 634 777 701 165 219 176 599 392 81 67 506 795 938 940 499 784 345 887 485 240 261 612 788 360 108 27 30 185 902 553 582 356 132 928 912 441 710 28 221 414 636 649 
11
730 286 441 437 202 371 867 658 958 922 381 397 692 899 555 791 510 174 521 791 13 783 940 872 836 719 627 355 410 223 314 620 697 697 707 968 899 754 884 172 421 579 590 67 
1
5 70 564 234 
17
422 31 532 714 792 848 644 273 645 926 721 778 940 637 76 826 493 119 946 957 580 202 809 972 620 862 37 565 49 539 352 209 139 905 106 124 941 32 502 793 909 364 597 23 147 990 681 703 352 197 613 944 590 738 555 551 943 398 938 533 815 128 737 938 340 478 234 92 
2
852 979 292 914 503 87 299 535 
6
396 317 844 275 348 813 414 406 511 246 304 580 860 272 372 327 59 112 406 991 581 728 61 703 
2
274 962 297 844 491 82 877 401 
12
3 602 980 858 610 803 41 703 378 476 887 229 914 183 115 604 591 337 842 761 953 405 416 371 409 329 288 891 36 692 774 239 361 332 914 687 984 119 166 21 39 817 576 875 231 993 811 670 
10
526 204 944 359 305 402 997 24 298 474 947 598 512 112 631 198 79 23 265 263 791 180 77 652 611 9 963 79 185 70 675 291 246 963 94 36 130 69 748 446 
9
272 51 366 13 455 763 441 225 615 4 567 779 470 536 273 19 653 68 107 123 346 431 302 74 522 170 333 610 780 840 206 941 866 885 762 136 
15
505 666 7 468 380 602 56 72 871 387 795 85 472 919 448 61 27 462 446 858 443 798 290 531 394 482 909 476 932 315 772 358 540 94 560 967 642 996 98 810 67 489 895 602 738 765 208 967 851 508 361 616 835 813 339 195 213 105 645 66 
20
90 450 454 839 752 98 576 992 79 85 479 655 2 928 553 6 531 268 974 91 264 779 107 64 166 447 602 427 160 957 959 296 198 887 62 909 928 850 288 677 351 202 595 871 917 800 50 931 122 818 167 601 55 1 824 829 786 674 413 44 354 605 882 50 920 387 43 468 25 610 680 150 115 271 22 617 863 936 830 322 
10
488 76 618 862 315 611 604 965 942 994 147 841 187 478 233 902 666 189 854 150 99 855 166 940 241 666 699 125 938 792 986 443 734 944 275 308 240 625 500 93 
5
208 562 935 948 965 779 35 397 504 119 190 940 807 600 647 562 918 897 552 443 
4
699 555 923 677 298 463 98 376 686 571 393 391 293 963 197 185 
15
432 654 111 190 76 868 656 477 922 620 247 340 453 80 178 628 464 557 425 553 309 409 94 544 854 796 54 114 120 684 726 245 557 416 558 519 247 657 118 2 468 632 912 641 876 632 891 784 843 324 237 669 387 227 714 347 457 947 562 665 
16
693 95 628 948 492 149 282 860 497 927 719 947 606 388 229 248 150 592 609 806 655 606 857 362 804 961 206 254 282 913 966 332 59 520 367 578 544 511 592 351 51 797 660 53 64 412 875 94 425 687 39 335 677 946 480 949 853 91 842 605 39 595 695 181 
6
974 211 183 489 909 724 227 937 655 589 919 774 532 807 305 630 258 564 676 565 909 178 830 472 
2
826 104 305 974 76 485 908 431 
7
980 905 946 247 34 529 969 88 218 278 356 550 367 120 588 211 501 936 339 806 288 575 735 291 466 634 743 135 
11
271 630 499 567 674 319 21 868 455 552 45 53 990 18 892 450 702 568 893 765 26 275 544 335 937 397 369 433 556 602 29 827 313 441 994 506 901 215 106 245 306 891 220 824 
21
893 827 78 519 40 981 493 616 807 688 608 641 265 722 667 259 999 730 309 188 353 617 894 414 534 845 416 797 825 310 666 963 443 785 577 127 526 162 609 64 907 235 100 462 421 375 519 719 551 480 144 583 854 802 225 327 970 388 40 877 586 925 216 724 784 226 272 857 606 140 233 629 16 576 31 545 436 162 275 928 144 908 284 587 
18
404 321 913 817 607 481 806 675 297 273 767 12 38 319 212 318 297 986 459 980 349 797 144 61 627 729 11 545 950 609 834 637 553 538 833 470 383 521 690 737 705 513 307 512 279 972 447 221 85 156 610 400 21 829 705 83 421 229 894 345 495 170 347 941 896 824 480 194 268 505 106 972 
19
381 997 123 234 196 499 411 295 738 598 646 403 9 74 88 20 302 59 888 551 930 320 467 50 74 797 994 717 446 350 816 868 712 779 726 555 612 607 503 967 447 963 359 223 829 2 473 591 497 845 789 520 665 166 900 606 48 412 374 500 61 41 624 415 501 910 748 974 229 656 673 742 100 972 398 662 
15
706 756 603 635 641 220 437 18 924 191 203 219 905 696 663 942 677 499 854 525 121 204 2 378 76 108 781 528 314 557 674 707 396 420 908 422 276 990 236 673 175 68 231 264 976 813 857 204 333 245 428 937 99 767 880 913 436 897 512 145 
5
490 972 937 305 314 510 519 747 392 403 438 861 776 877 600 658 887 810 580 435 
4
753 878 671 4 801 86 497 647 308 268 570 850 249 526 881 846 
20
32 742 18 266 589 161 640 895 206 496 429 993 263 443 693 933 528 364 169 664 589 200 636 516 880 49 82 573 262 909 370 977 172 158 859 305 802 750 954 481 110 664 485 994 163 737 561 379 345 615 962 251 875 335 546 651 361 872 319 928 235 582 812 175 540 238 304 510 191 7 460 423 957 507 884 934 493 952 241 532 
16
727 753 564 691 602 30 778 828 495 71 40 980 615 649 636 856 652 691 297 354 975 148 380 164 75 210 794 747 145 113 686 889 383 359 246 818 296 936 209 623 233 224 283 934 367 838 128 258 119 454 215 812 171 953 680 791 50 301 1 41 806 224 168 131 
9
654 362 426 882 412 285 313 685 578 54 756 251 624 511 633 423 884 931 344 362 112 791 719 401 469 533 528 313 78 342 818 936 198 208 329 23 
24
257 311 449 891 12 965 600 104 45 699 42 568 15 805 193 447 251 864 499 562 518 554 171 465 39 896 960 535 906 375 752 964 730 490 557 130 612 265 421 182 346 72 77 128 559 128 903 683 887 21 244 929 586 587 296 362 154 524 759 858 752 221 667 935 527 954 571 300 441 898 344 321 430 427 905 879 935 507 382 810 64 928 608 865 787 874 339 883 442 856 615 624 181 937 761 197 
13
109 142 27 17 894 636 579 548 422 377 39 647 759 397 626 349 480 783 876 879 242 928 187 604 861 687 854 475 490 967 911 87 999 872 636 367 172 217 567 6 158 831 25 140 673 44 72 237 82 296 749 732 
14
607 886 996 915 807 544 189 805 794 390 65 233 972 713 159 219 136 858 184 706 490 937 279 270 184 608 478 965 314 675 987 291 961 970 587 797 827 823 345 240 994 924 462 20 507 374 361 426 52 421 878 610 219 109 642 499 
21
908 745 17 742 846 916 841 795 456 48 329 199 755 235 545 155 614 497 741 93 151 520 397 431 656 716 480 521 142 590 215 181 186 850 438 59 710 207 583 846 70 388 720 426 753 567 749 556 83 728 86 826 334 839 768 124 955 578 339 522 264 674 305 552 417 132 409 304 954 944 74 331 988 4 401 192 928 129 575 756 844 612 512 306 
21
553 996 473 147 197 195 2 762 824 554 448 236 994 543 445 171 660 782 901 483 435 63 656 925 641 542 956 681 441 690 630 745 69 260 62 528 555 44 606 992 916 504 8 592 151 513 615 507 836 747 834 657 960 931 190 976 178 237 91 780 560 395 774 717 600 35 436 749 665 847 425 486 665 400 86 328 309 975 312 881 725 117 526 812 
20
4 314 605 506 376 616 261 90 839 5 67 147 912 264 477 158 450 42 834 834 996 603 169 864 693 500 36 352 255 856 517 503 639 341 218 433 924 62 648 58 670 292 128 524 126 288 212 771 87 830 497 329 130 216 235 861 692 976 95 990 846 705 406 597 345 972 670 41 828 365 935 980 647 19 256 512 182 606 800 250 
21
972 562 356 717 301 489 203 584 402 276 733 244 361 298 533 842 400 561 411 323 108 1 495 382 76 427 111 886 186 178 116 636 718 838 743 959 787 421 223 571 122 489 859 473 956 238 695 788 211 875 626 771 818 229 407 609 993 337 341 165 866 486 851 461 315 82 59 500 273 972 232 339 956 750 213 902 149 275 115 830 473 59 716 820 
