133
1
750 7 528 93 
1
593 774 490 975 
1
353 75 872 725 
1
425 54 198 10 
1
224 166 318 837 
2
637 173 346 297 509 727 644 731 
1
795 718 44 800 
2
900 93 687 919 616 335 778 984 
1
702 830 376 650 
1
201 433 331 387 
2
927 341 15 622 531 95 977 965 
1
246 460 631 488 
3
442 815 498 210 547 232 147 494 822 709 69 795 
2
119 707 345 640 348 765 242 461 
1
209 799 137 616 
1
463 146 730 653 
3
946 121 583 507 268 935 848 269 919 243 292 802 
3
618 140 719 446 165 957 409 480 331 953 841 722 
1
539 453 457 427 
2
600 763 632 702 307 83 491 203 
4
321 643 563 6 567 676 925 16 751 20 73 543 568 506 608 101 
1
24 307 558 816 
2
457 32 523 4 651 91 462 913 
2
445 747 151 114 754 927 21 634 
1
685 744 161 64 
2
936 195 762 52 834 479 82 937 
6
440 542 535 63 620 73 385 843 586 115 699 549 111 589 528 42 440 632 101 503 364 528 761 651 
6
275 303 230 286 205 235 338 664 257 689 907 262 214 773 896 828 940 686 92 807 902 274 415 592 
2
495 394 851 994 411 63 841 462 
2
212 706 463 10 767 488 144 334 
5
808 728 378 137 158 807 509 987 127 233 478 739 636 29 167 218 544 844 92 235 
1
547 355 144 405 
5
747 901 993 395 199 996 550 347 607 794 522 407 649 975 868 356 389 332 903 945 
4
764 973 592 885 429 141 406 576 459 576 124 685 446 913 15 39 
6
53 300 281 719 564 956 751 873 122 858 509 964 371 382 232 895 242 342 256 7 791 653 420 771 
7
629 581 772 948 584 861 330 180 20 486 641 358 622 595 971 971 297 936 810 277 113 930 569 188 180 29 894 485 
3
348 206 448 821 392 702 437 90 485 14 899 908 
7
790 357 39 963 348 851 824 673 868 430 12 605 231 594 952 974 702 162 572 636 226 383 595 740 166 41 634 476 
1
390 632 525 694 
9
976 770 219 412 154 378 533 305 178 936 417 372 752 592 91 865 498 99 994 605 277 777 762 318 387 585 275 139 5 868 202 975 371 470 375 879 
8
731 508 931 887 977 96 167 18 886 422 677 925 45 349 661 736 814 532 818 409 802 877 747 109 115 478 150 441 147 961 484 342 
6
855 461 739 822 35 144 175 628 386 326 767 34 953 227 454 668 257 664 193 542 90 841 88 56 
2
749 722 71 941 156 828 835 965 
6
715 676 389 487 39 222 227 147 230 710 489 944 349 740 761 321 422 27 673 83 986 44 511 571 
7
697 258 951 352 223 624 118 621 852 192 453 932 416 147 140 750 822 668 91 401 500 958 912 5 635 44 551 343 
8
46 435 824 976 171 374 298 242 904 844 759 260 297 727 5 620 723 555 562 885 736 353 633 699 478 751 533 976 57 356 436 88 
6
337 794 79 588 730 127 923 156 573 439 18 897 130 917 826 419 713 856 543 30 989 594 787 147 
3
380 219 148 825 574 989 135 240 655 609 470 373 
2
56 385 785 730 347 596 16 505 
8
424 620 309 452 36 386 972 113 101 778 166 565 703 943 56 312 91 83 97 583 564 343 800 125 402 709 790 387 659 940 969 781 
4
983 342 218 158 833 18 367 363 187 887 70 285 851 164 823 170 
5
617 554 545 174 298 646 81 827 682 777 39 954 973 218 988 943 803 931 635 875 
4
218 388 735 901 649 360 245 77 235 824 169 11 388 832 758 906 
6
146 471 220 728 857 386 858 305 656 849 535 319 96 3 835 672 3 446 60 495 843 402 944 268 
12
531 193 352 965 375 876 569 786 261 188 814 719 450 561 561 369 430 613 512 641 15 928 427 945 55 917 135 115 515 926 724 481 638 244 137 152 393 575 287 62 617 274 53 890 113 197 102 35 
5
392 19 949 473 148 298 315 345 232 157 194 207 104 205 888 659 272 232 51 220 
3
580 352 816 856 280 521 808 2 779 767 641 375 
8
688 806 826 692 201 289 742 431 90 255 245 684 149 765 941 625 571 912 95 79 281 195 525 567 590 269 545 504 168 398 199 541 
3
743 76 99 573 212 793 368 908 768 599 23 768 
10
337 106 724 184 153 608 498 978 145 726 524 435 538 722 59 414 699 896 975 379 558 186 634 657 178 935 948 215 285 486 505 915 298 953 782 960 666 364 721 102 
1
510 321 417 279 
6
2 917 907 726 9 709 220 854 849 730 922 7 435 409 908 32 878 344 920 821 407 176 447 568 
11
336 840 969 984 434 974 475 872 345 414 708 20 977 103 302 516 884 120 640 613 937 856 26 879 208 771 181 586 696 844 58 647 998 616 641 919 166 598 667 951 233 400 328 65 
5
872 534 445 281 763 949 279 621 148 226 843 649 285 512 268 26 847 843 802 358 
11
198 468 444 96 613 700 696 843 547 578 782 729 285 44 575 757 405 539 593 285 319 890 868 689 594 134 843 867 456 904 190 280 737 700 472 93 82 53 103 844 418 614 494 441 
4
977 815 389 914 235 98 654 187 50 730 661 636 128 361 91 781 
9
237 492 778 830 549 556 847 915 183 949 218 722 567 785 546 956 584 465 597 500 482 342 110 811 437 522 888 416 507 306 764 835 926 660 985 463 
1
950 95 754 667 
10
156 312 278 20 707 834 470 921 829 617 321 980 509 401 13 108 564 853 964 354 977 496 788 641 690 661 697 721 203 800 411 64 7 174 921 354 256 866 632 351 
15
839 677 215 790 261 489 466 49 477 712 297 159 315 861 36 100 919 980 279 563 485 120 815 994 923 377 169 48 320 997 126 693 814 573 261 355 225 662 337 392 934 947 512 31 153 912 612 217 208 44 305 929 817 168 671 908 456 201 791 903 
9
802 221 734 778 560 439 855 928 280 824 668 252 659 290 305 676 877 884 962 845 702 302 171 200 284 802 238 3 871 105 686 134 443 473 699 562 
12
727 728 578 63 329 534 718 781 388 508 658 857 255 522 642 312 859 431 599 748 401 933 91 947 170 251 859 681 90 794 497 484 689 960 688 252 996 266 436 269 520 139 652 605 749 57 794 36 
4
599 890 996 803 620 249 345 59 452 469 73 160 575 566 429 346 
7
883 743 199 399 235 802 873 12 998 147 913 938 560 80 51 458 970 592 862 44 425 280 490 147 949 439 568 323 
15
985 88 772 131 655 234 964 243 779 358 606 462 382 39 920 749 692 894 56 582 533 153 991 164 950 85 418 280 44 802 721 25 236 430 684 526 527 724 1 756 54 588 473 657 5 970 981 165 442 464 883 517 578 425 177 408 668 760 498 930 
12
35 419 105 997 238 703 411 106 912 239 486 994 698 536 324 427 356 203 387 43 579 408 184 924 268 283 135 698 191 200 39 870 369 657 777 821 902 589 922 770 510 879 484 113 699 583 474 514 
14
508 787 158 112 721 611 215 773 903 845 494 554 370 542 388 299 525 650 95 129 124 365 548 25 998 906 397 586 471 84 693 356 81 742 979 774 408 492 556 579 983 389 200 801 800 226 704 226 80 723 881 509 905 891 165 399 
12
344 44 166 487 60 480 21 32 443 213 424 89 97 901 912 653 368 944 480 762 749 183 370 933 646 980 497 935 310 137 440 301 540 783 901 378 726 445 217 311 919 115 245 782 779 416 311 992 
9
730 759 611 412 258 743 385 955 849 783 29 470 185 48 542 149 124 697 825 452 203 920 345 332 834 556 802 942 762 236 899 763 609 541 612 419 
10
314 50 213 780 246 425 181 743 218 363 422 591 883 614 691 484 98 270 364 544 930 916 640 639 333 180 125 593 296 672 58 108 93 920 472 584 504 519 244 235 
16
966 821 81 686 460 420 265 627 881 960 284 277 878 482 513 996 222 891 87 667 878 633 744 352 664 561 905 929 1 740 231 756 739 732 894 818 244 672 8 670 574 703 672 786 553 386 130 71 973 305 525 32 924 100 13 197 821 493 376 295 265 395 787 404 
1
233 442 586 946 
9
701 825 867 132 593 812 849 975 544 176 534 533 316 184 30 897 499 825 374 447 362 827 76 908 525 647 749 128 733 531 557 156 440 201 136 364 
17
573 117 508 400 31 503 41 557 661 228 812 28 666 705 481 728 80 869 592 519 56 554 861 180 421 485 287 421 674 416 99 100 363 117 837 759 366 193 492 950 889 674 512 173 126 753 524 195 977 322 402 176 971 277 591 694 776 297 885 913 633 204 404 378 141 432 54 632 
11
624 324 459 160 595 748 94 39 670 394 677 391 216 552 844 759 821 880 4 411 745 81 7 575 853 217 473 352 906 700 108 439 648 230 18 117 98 952 526 539 619 196 786 237 
10
585 593 629 223 209 949 167 894 444 427 155 640 473 682 883 358 19 280 293 260 974 81 183 638 274 976 739 336 959 262 234 692 270 880 814 818 637 400 175 868 
14
517 550 661 203 666 838 91 640 75 406 582 888 133 226 661 249 676 522 671 978 679 176 221 407 768 162 459 909 494 680 326 133 287 663 576 597 677 362 729 455 633 896 319 751 508 619 48 40 40 946 679 522 558 813 474 196 
18
791 831 382 782 724 892 347 755 930 664 967 983 469 640 248 584 751 247 734 943 429 583 153 631 309 495 289 757 462 135 534 658 163 955 814 689 251 315 713 452 723 332 259 786 932 184 290 680 552 886 417 823 918 873 761 362 462 661 512 85 791 717 109 974 112 519 62 294 473 378 557 441 
11
469 840 856 737 17 871 982 898 405 147 421 410 699 39 370 386 277 173 521 498 904 62 494 808 753 681 15 156 564 795 994 806 716 591 579 141 299 544 938 907 117 289 745 55 
15
868 6 369 26 126 341 78 200 452 856 378 314 151 167 679 410 441 497 483 874 49 327 516 464 329 388 762 271 352 585 777 768 745 118 234 123 735 323 195 811 643 700 751 965 120 550 9 10 732 673 455 619 596 973 627 303 787 801 201 438 
1
759 620 986 251 
8
141 910 342 394 729 651 729 520 717 757 755 970 286 383 826 977 615 430 665 526 844 460 265 80 2 559 561 308 655 314 14 206 
15
170 563 827 409 374 168 426 830 681 820 65 626 939 790 376 109 801 544 3 393 414 833 256 948 226 342 855 429 649 993 3 286 691 129 615 321 17 779 776 779 235 497 752 982 132 601 478 482 913 452 367 190 445 205 594 123 716 374 794 825 
19
609 524 146 341 102 745 68 547 962 211 535 959 479 741 807 410 7 316 926 189 125 971 193 620 245 563 816 177 981 412 577 729 984 613 435 837 216 859 128 677 358 805 589 52 701 434 465 794 944 365 520 710 206 825 955 72 158 66 870 181 115 185 283 513 223 736 152 188 431 481 837 265 440 916 994 879 
17
331 731 805 960 618 542 556 562 358 488 893 636 97 900 587 1 734 706 156 491 32 394 297 51 123 582 494 172 3 510 927 32 208 931 926 280 691 595 485 726 929 239 246 355 708 741 738 964 80 942 780 34 72 993 58 913 285 833 430 396 794 181 415 726 85 566 489 388 
3
573 869 663 700 958 259 364 492 417 471 293 507 
14
151 553 597 500 875 70 57 783 741 964 424 119 925 228 846 363 678 717 528 587 934 893 725 476 750 883 659 247 923 388 257 257 985 82 409 621 734 113 536 403 735 75 203 987 102 930 501 252 52 987 494 363 41 847 291 380 
5
963 882 691 301 798 724 789 823 797 102 691 296 674 705 834 828 485 117 821 737 
11
434 519 726 508 899 967 642 625 321 216 732 234 348 286 138 600 125 173 324 492 684 765 433 929 774 622 384 919 376 62 47 473 861 436 634 138 199 825 198 342 620 269 102 815 
4
402 881 328 701 992 386 705 25 958 376 673 44 65 335 129 844 
18
926 220 519 768 480 675 542 974 352 340 250 573 627 218 138 913 947 831 769 848 687 668 197 5 564 744 830 291 867 181 389 361 211 938 197 721 213 367 123 934 302 938 441 605 297 506 216 138 307 713 126 602 725 845 135 64 847 693 771 255 923 720 301 442 138 540 435 932 277 237 805 372 
18
852 455 183 865 688 913 681 838 550 677 261 272 300 102 846 180 991 501 672 344 602 399 147 216 312 100 224 554 291 664 328 634 996 509 949 233 360 785 939 140 967 391 458 462 284 196 437 716 903 621 833 91 417 382 668 834 911 49 442 471 174 536 482 103 122 593 58 857 198 731 136 885 
19
43 5 817 633 945 880 968 167 893 473 925 858 681 258 841 515 888 14 471 715 855 421 999 454 336 948 595 137 153 401 980 399 762 343 10 221 959 736 918 23 234 112 239 700 589 409 684 259 329 493 176 281 60 992 808 531 332 485 22 323 632 696 36 549 298 20 744 357 178 488 560 665 86 767 598 167 
4
374 373 626 65 82 406 84 707 325 103 233 90 486 759 835 346 
3
456 956 715 561 383 825 328 315 291 400 918 436 
11
248 751 724 211 279 45 300 232 747 297 346 319 633 107 896 704 464 744 904 80 944 590 776 581 186 855 925 882 384 141 34 706 306 735 781 966 620 73 660 56 562 902 464 646 
8
762 595 995 204 878 625 725 485 557 527 316 63 799 599 820 54 614 86 950 915 149 461 544 609 649 836 361 761 682 937 665 966 
5
804 345 228 846 609 989 370 843 131 587 255 917 325 917 318 283 248 150 916 598 
11
175 702 87 360 379 632 174 118 204 120 761 192 692 452 690 868 974 388 853 434 281 670 345 465 799 697 874 590 594 610 399 211 875 658 723 899 348 505 70 350 58 827 782 507 
15
742 212 786 110 841 719 457 116 976 236 501 76 661 869 703 665 227 465 855 405 139 704 760 648 917 97 113 668 778 281 248 749 837 336 672 545 563 99 751 379 166 699 586 546 512 762 397 475 859 680 379 351 997 593 147 8 159 408 798 205 
18
922 886 944 699 655 506 299 172 263 892 883 315 690 434 397 91 261 693 578 432 882 41 762 565 219 298 263 929 228 344 747 368 868 257 103 188 669 126 787 851 254 532 201 634 46 630 711 155 79 131 708 806 234 111 324 261 253 930 127 720 384 48 728 732 988 447 588 314 546 643 505 143 
6
414 929 194 707 597 657 561 367 990 536 314 18 603 670 579 744 958 679 57 264 806 290 263 4 
17
671 206 16 984 981 227 282 73 676 418 615 143 549 997 164 977 167 266 512 619 148 214 759 884 864 646 961 458 496 931 662 974 811 627 574 641 935 384 304 331 6 399 514 984 725 420 621 438 256 66 755 595 176 673 672 627 688 981 258 397 387 537 934 817 426 7 456 702 
8
334 12 949 994 821 727 470 570 599 500 295 858 721 327 992 612 489 150 214 593 69 457 568 617 286 843 448 267 655 556 424 576 
21
83 222 205 84 624 939 924 793 770 939 898 873 212 216 226 183 701 556 716 508 617 151 879 809 456 474 859 575 304 567 167 853 884 468 532 763 938 746 354 556 40 82 931 378 422 216 862 819 919 677 55 217 482 777 779 670 988 91 256 850 564 727 408 283 929 669 954 127 606 951 518 745 920 650 723 706 868 668 836 499 387 89 558 565 
2
302 685 112 71 243 678 945 681 
14
941 644 607 804 793 495 373 522 529 396 796 14 766 168 719 505 606 635 701 191 921 510 968 767 505 401 807 235 162 740 808 130 642 35 492 266 964 95 7 878 877 829 276 187 500 395 935 134 86 928 392 8 272 120 637 979 
14
158 27 255 976 904 908 574 313 439 615 733 717 69 404 542 342 418 563 173 438 310 177 738 635 462 914 434 604 539 995 523 667 748 168 53 897 310 979 58 763 550 197 617 313 170 124 954 211 657 896 863 239 531 624 440 716 
7
290 120 779 508 113 801 68 760 420 258 761 223 699 302 987 28 120 280 611 351 539 191 386 821 696 4 827 837 
19
254 674 847 780 799 989 970 767 398 8 92 904 551 121 857 917 993 260 194 254 579 326 593 494 116 374 997 54 692 494 323 238 249 119 314 506 168 934 75 72 990 90 770 995 374 591 882 326 144 697 430 275 648 608 528 69 858 70 217 411 655 991 55 895 628 987 894 542 454 671 871 542 838 561 526 294 
18
344 790 651 916 817 875 850 120 481 807 285 138 806 407 45 800 685 246 375 238 359 492 324 730 932 529 845 97 449 926 158 660 397 299 397 268 477 891 700 960 377 168 890 485 504 197 246 570 700 79 267 415 654 803 300 560 810 856 403 194 271 650 603 21 59 366 231 383 387 371 435 621 
23
223 295 630 766 691 884 254 933 667 251 241 881 62 587 589 167 337 269 240 31 255 958 504 882 527 497 322 40 615 371 844 647 924 809 391 495 688 935 440 207 564 186 653 107 310 906 546 501 168 183 733 208 539 123 104 647 155 635 230 688 864 976 338 658 760 5 226 547 716 24 275 285 701 452 328 669 509 972 59 75 958 578 203 588 508 545 911 152 925 318 638 249 
22
415 689 142 636 126 144 835 728 67 268 939 345 140 759 272 372 506 418 714 326 522 498 162 156 821 131 280 636 512 930 534 913 241 303 951 538 800 409 192 287 232 620 726 557 680 799 264 952 546 230 654 107 555 724 811 645 731 905 659 991 365 943 951 170 947 849 164 471 504 677 56 549 787 328 779 15 151 584 239 489 894 309 373 545 69 173 309 424 
9
79 291 246 930 823 692 334 550 445 305 410 468 258 791 635 343 933 359 362 91 283 434 13 663 306 100 687 660 535 949 12 92 457 99 164 603 
12
32 469 241 476 828 983 55 317 234 815 592 142 118 484 506 631 518 914 249 407 223 695 501 444 186 39 957 518 621 691 950 509 565 201 786 537 926 759 55 31 124 187 261 744 560 315 993 642 
20
55 115 590 808 121 543 407 42 741 489 144 25 980 15 659 984 268 56 176 32 72 877 312 37 348 281 809 37 185 898 444 308 882 514 702 878 648 113 352 28 938 773 47 367 595 192 708 551 445 22 532 144 563 488 216 335 375 468 211 720 177 976 706 665 363 837 56 502 534 750 106 870 862 229 280 763 305 795 352 632 
17
232 503 802 682 330 106 508 488 131 798 631 573 220 508 766 890 634 416 95 599 601 962 583 755 928 562 71 714 855 892 443 371 92 888 124 869 704 566 820 862 481 34 447 445 196 356 931 848 339 580 153 697 182 412 178 281 554 380 191 537 828 99 758 129 349 392 803 51 
5
95 103 782 489 34 656 877 367 5 792 616 197 708 637 16 960 263 716 234 396 
22
453 299 439 541 7 371 294 859 153 472 548 648 357 374 912 691 102 172 412 673 399 903 754 631 879 699 50 895 828 462 291 777 351 719 306 280 403 418 476 999 221 965 844 831 995 506 595 238 617 591 644 106 732 152 813 697 357 160 966 336 831 594 275 871 502 614 405 286 579 966 832 980 390 26 790 725 489 771 663 227 774 280 691 242 808 146 636 678 
1
371 116 907 306 
15
329 641 887 859 368 159 863 40 285 473 632 620 762 633 242 79 986 538 82 129 808 741 184 608 532 568 774 573 293 767 157 176 724 70 545 832 401 657 907 886 161 316 147 926 846 130 238 335 427 129 603 827 236 461 646 771 345 607 345 676 
2
902 639 702 184 400 603 295 88 
16
875 734 996 285 737 190 242 36 624 209 620 836 197 224 506 232 84 806 606 775 312 601 463 642 270 728 283 877 810 967 152 758 603 811 848 963 367 439 758 410 777 163 920 999 689 550 859 547 635 932 743 543 193 460 690 303 265 666 444 384 565 245 62 815 
