143
1
395 368 814 204 
1
424 516 788 822 
1
491 715 887 304 
1
66 901 914 754 
2
465 277 5 255 642 768 377 266 
1
129 599 142 27 
2
277 962 916 890 468 350 468 727 
2
4 536 42 680 352 562 323 611 
1
388 978 108 814 
1
946 760 23 161 
1
621 829 195 63 
3
154 282 865 739 591 743 900 568 286 111 446 272 
1
812 31 770 277 
2
714 890 132 910 421 462 687 2 
1
229 825 127 871 
2
54 474 935 279 486 110 260 895 
4
375 803 589 55 183 325 121 65 592 3 844 330 911 677 234 185 
3
271 716 723 410 254 861 611 457 886 621 256 582 
2
787 203 609 577 471 43 969 235 
1
815 773 892 32 
3
942 451 231 735 548 49 470 494 351 224 287 842 
4
377 121 90 136 755 921 729 384 751 698 580 945 72 576 708 600 
3
575 981 340 161 366 503 909 750 726 302 547 748 
2
826 155 892 627 353 603 161 352 
3
319 910 363 468 796 60 492 788 312 781 553 983 
3
76 555 484 227 58 271 234 996 567 762 17 128 
2
506 59 378 927 489 693 712 772 
2
830 621 676 562 463 319 834 659 
6
265 118 474 368 369 681 745 422 173 510 632 330 530 631 837 466 82 855 335 33 290 81 598 502 
5
929 676 956 547 530 632 310 140 848 169 403 31 158 832 552 670 786 699 497 640 
3
238 632 944 783 899 540 84 40 597 330 766 520 
5
661 888 351 655 42 540 943 713 846 243 210 99 52 953 140 715 360 697 37 672 
1
770 681 949 400 
3
641 603 999 90 926 649 294 386 16 253 895 839 
7
802 235 649 720 707 961 308 939 992 131 507 231 501 298 452 851 981 954 10 932 187 625 768 60 433 428 341 165 
2
345 552 315 801 20 451 720 41 
8
80 240 407 364 255 814 460 721 730 532 888 822 636 927 195 247 188 305 640 159 424 462 7 132 527 379 388 111 667 148 983 115 
6
397 850 837 297 513 80 388 795 27 327 235 896 800 232 453 672 815 484 156 62 791 843 688 175 
6
97 186 5 108 864 747 483 139 254 398 784 966 190 809 857 819 526 326 754 67 110 529 78 825 
6
982 622 883 317 978 453 512 710 246 446 147 340 74 435 481 433 605 611 251 895 417 112 889 814 
1
344 644 603 493 
6
115 15 103 416 526 645 272 258 101 817 370 588 749 735 13 181 244 902 699 823 445 73 17 650 
3
9 940 799 240 571 931 931 215 333 602 884 807 
5
780 884 879 214 285 985 611 971 987 494 449 501 31 343 712 807 89 478 280 671 
4
445 207 194 972 285 309 173 886 799 953 372 720 473 233 307 158 
1
506 42 411 163 
6
290 771 845 278 542 707 718 416 682 384 970 199 953 606 275 847 692 173 886 679 970 300 479 698 
1
637 777 715 276 
2
614 481 308 444 318 422 753 752 
9
919 701 910 929 231 232 476 455 364 998 736 835 594 500 335 303 327 49 507 304 758 445 52 858 120 980 859 709 6 69 128 5 539 665 787 299 
9
128 169 143 507 946 34 57 171 492 686 851 865 668 546 112 358 91 173 557 581 567 127 373 757 726 86 96 575 692 288 559 998 526 964 554 218 
2
973 451 948 422 608 318 137 399 
5
877 765 365 168 260 453 704 81 978 12 157 905 383 356 518 739 167 429 579 738 
8
929 929 159 524 465 734 804 829 999 265 711 152 444 379 412 464 697 589 815 665 840 890 313 421 592 243 5 5 753 287 937 242 
3
459 334 247 265 2 23 787 141 914 561 946 893 
3
598 259 426 142 15 47 525 403 756 560 534 673 
3
955 57 692 487 126 869 448 91 225 438 664 81 
3
426 495 402 279 119 359 122 538 8 772 587 94 
10
873 328 873 795 809 835 966 584 517 670 174 622 811 298 654 388 119 65 641 858 219 138 422 589 112 908 750 109 967 13 375 324 250 530 447 771 90 588 526 179 
3
488 566 127 938 739 115 806 583 664 130 77 827 
6
424 407 335 954 602 415 791 494 604 209 769 957 54 345 484 883 50 34 821 617 912 649 453 97 
9
849 988 868 742 320 275 432 28 569 383 286 785 232 316 191 697 161 813 621 35 971 260 669 390 928 392 646 397 774 184 118 474 749 378 579 677 
1
282 514 533 403 
4
695 834 804 569 82 214 289 345 509 375 191 658 185 666 716 830 
6
783 868 802 915 450 159 759 38 48 815 359 202 926 669 936 289 118 38 535 489 348 478 596 927 
8
224 163 792 39 144 628 315 803 732 288 577 929 848 809 355 993 633 976 880 603 61 191 102 991 620 936 498 24 824 860 23 149 
11
294 105 814 855 898 25 85 41 292 347 707 2 288 576 644 302 345 490 408 762 787 676 877 552 717 955 692 437 223 922 839 162 832 554 847 224 537 354 445 509 409 516 727 318 
7
676 77 522 915 714 969 572 733 884 788 275 106 647 282 487 805 87 500 861 660 121 91 602 590 590 923 387 968 
9
642 116 532 143 92 138 271 588 454 347 645 113 19 388 790 241 864 85 60 571 708 881 433 529 498 938 22 628 407 81 508 440 39 391 232 478 
13
441 547 559 525 694 343 724 50 734 123 445 79 861 947 932 704 417 681 868 976 638 977 995 423 411 408 155 947 102 720 328 872 387 562 30 808 663 943 983 33 643 748 94 33 713 773 587 461 242 772 367 324 
14
701 302 398 470 715 589 967 121 450 708 611 298 32 55 834 219 42 706 339 319 126 547 716 210 467 291 278 141 858 21 221 374 910 476 990 718 355 851 72 557 370 685 38 658 541 520 794 662 862 291 566 504 89 632 908 159 
8
969 823 825 789 715 531 686 874 899 833 794 667 358 735 281 252 645 795 402 593 326 872 178 329 888 475 999 156 724 955 239 128 
11
361 22 816 101 401 696 716 558 899 93 938 821 133 475 363 557 215 886 571 291 904 481 623 60 729 285 461 392 114 847 894 350 656 946 754 644 739 892 28 611 490 830 595 18 
8
31 750 684 638 224 167 70 492 801 640 729 539 974 853 767 720 768 934 820 169 678 821 210 487 649 207 789 314 157 171 268 140 
1
791 40 990 396 
6
667 362 232 166 443 400 970 215 127 95 236 10 76 879 7 840 187 921 815 248 535 769 577 700 
3
195 838 551 163 901 672 957 539 552 849 975 448 
2
340 951 890 918 739 868 71 412 
5
257 511 124 238 707 369 851 192 805 645 267 956 340 734 347 660 924 502 161 991 
17
412 951 977 805 612 937 855 252 976 369 822 153 338 470 388 508 74 714 412 616 150 367 953 952 19 325 185 906 405 234 339 866 147 138 963 143 808 116 216 265 430 274 133 578 2 673 989 663 127 894 818 88 26 294 256 558 23 107 756 877 171 59 549 780 879 691 229 425 
8
875 586 159 954 259 471 545 865 602 708 692 227 114 111 425 136 973 695 505 641 684 455 744 971 537 595 779 931 710 633 438 759 
13
118 597 752 169 367 359 464 643 35 500 629 23 265 601 490 493 479 910 520 806 785 347 535 514 594 746 188 7 536 951 726 217 248 82 925 989 330 444 974 486 728 816 322 647 556 877 755 355 399 175 788 188 
5
283 145 160 721 10 589 656 835 88 465 233 556 300 655 482 709 11 577 796 278 
2
520 221 241 393 362 440 148 954 
7
698 881 631 642 466 439 274 9 999 420 441 962 494 436 754 306 627 711 567 399 949 5 777 892 689 686 835 687 
16
299 897 969 904 771 908 243 295 282 229 959 136 686 157 440 497 756 656 524 783 672 954 776 679 458 606 436 136 289 918 551 860 695 538 770 600 955 697 415 124 83 601 666 341 531 38 818 86 516 919 854 888 228 398 855 387 631 419 781 881 424 273 269 636 
17
519 654 442 516 599 413 711 851 925 877 884 174 605 180 629 426 862 525 361 676 741 244 289 657 551 872 163 748 345 676 903 795 89 58 656 426 609 864 743 52 832 52 744 407 800 959 626 35 980 282 924 172 632 830 349 289 852 180 108 517 127 754 811 202 255 282 195 254 
18
519 752 549 296 597 145 102 161 434 209 611 975 748 993 407 750 108 805 566 889 650 584 416 689 462 795 10 702 847 239 5 592 192 594 14 168 38 420 692 619 315 557 927 586 977 375 651 819 934 535 50 84 76 992 582 482 682 417 972 434 937 404 220 201 558 276 372 717 999 776 19 497 
1
50 789 292 280 
12
453 799 19 529 566 757 711 581 941 954 240 583 11 452 642 81 165 548 507 787 534 465 863 977 463 675 373 624 416 629 533 35 895 962 3 672 147 659 935 348 771 430 294 567 17 264 908 580 
2
336 903 991 254 141 686 934 86 
9
627 400 706 862 348 454 792 50 650 505 87 868 100 74 446 304 516 620 686 316 424 899 5 475 696 837 101 263 808 190 792 792 798 564 406 934 
5
834 633 794 808 885 919 225 325 698 393 833 408 610 413 326 442 153 729 571 558 
11
484 121 585 260 545 272 496 858 212 606 989 321 596 700 105 39 546 750 435 973 435 538 889 558 1 469 460 586 154 478 259 835 670 419 176 565 441 608 835 778 25 804 143 472 
9
912 571 970 857 165 509 675 814 989 60 103 571 995 185 81 315 547 596 493 236 360 912 292 350 218 336 695 193 854 266 297 725 380 985 150 639 
4
179 157 710 571 432 134 484 253 559 650 805 199 324 38 494 443 
5
384 263 643 186 246 358 304 625 297 350 979 54 430 270 876 839 433 235 670 55 
9
572 844 239 928 337 804 349 178 472 621 645 244 725 104 559 901 666 340 605 715 536 254 590 941 243 518 163 335 923 687 600 283 531 177 624 535 
1
477 754 874 968 
13
201 660 104 374 231 51 710 570 999 538 481 716 604 861 855 586 691 367 57 608 801 409 339 40 150 192 681 823 104 179 986 896 94 179 571 5 718 179 662 191 30 682 403 108 287 976 881 633 441 111 289 482 
9
331 29 811 498 298 656 191 644 450 469 266 887 406 346 117 884 656 798 940 77 44 521 577 524 701 613 642 124 2 324 511 953 911 474 121 618 
19
932 522 874 213 111 954 850 38 210 197 951 498 426 124 734 598 58 627 792 32 474 32 936 542 715 136 790 988 714 213 423 553 538 381 953 781 348 500 625 230 967 399 801 517 310 611 652 742 504 35 712 242 716 929 943 490 964 26 712 118 996 822 893 205 745 62 866 92 813 90 902 259 787 406 903 970 
21
352 827 940 973 920 517 417 233 612 883 796 968 512 271 706 133 55 260 32 573 702 56 609 967 235 964 145 118 624 174 624 972 896 274 333 722 318 593 536 994 721 968 477 12 972 134 564 403 488 499 566 218 597 614 168 790 808 437 924 447 875 913 635 82 488 245 702 338 67 815 748 83 610 752 74 103 495 372 675 161 763 192 429 34 
3
646 370 68 882 853 571 102 650 717 449 346 689 
16
403 46 892 529 134 806 334 365 610 577 871 804 689 68 42 24 771 658 554 363 402 625 909 639 515 16 151 655 647 621 255 248 744 41 6 588 961 487 549 151 598 725 896 908 479 562 206 904 123 175 649 965 878 800 479 996 107 136 880 993 223 100 860 364 
5
930 339 789 867 554 597 29 351 882 114 684 636 453 571 412 563 975 93 219 3 
18
518 744 618 258 404 207 757 778 942 476 901 594 497 455 260 792 17 199 732 532 3 108 383 938 161 796 797 865 748 363 978 954 999 879 288 465 674 434 187 914 530 974 562 890 818 796 936 150 811 487 699 773 23 491 21 539 341 804 224 918 248 100 672 105 796 935 479 226 251 154 481 79 
13
723 256 147 928 516 945 580 315 726 612 190 566 354 324 340 209 596 180 381 65 523 645 927 839 656 367 392 114 344 152 872 440 183 352 304 593 744 448 457 672 656 494 516 946 191 804 305 907 706 640 352 455 
4
35 136 755 124 584 482 622 69 342 689 349 248 36 946 254 186 
18
956 498 969 600 490 752 209 248 487 512 488 489 46 69 379 953 986 606 947 2 389 490 604 702 185 706 222 369 779 743 46 260 219 6 104 112 746 734 563 586 245 757 356 156 636 677 119 442 979 563 963 670 566 457 812 743 303 649 760 872 852 509 282 11 634 23 983 947 274 908 793 430 
23
35 61 702 856 244 39 74 529 486 554 749 227 173 360 605 622 680 591 422 284 705 929 217 421 11 125 92 400 575 121 271 575 216 117 358 606 196 100 508 715 553 152 324 835 468 889 105 421 264 372 324 401 125 510 553 253 686 319 348 994 631 549 534 234 457 82 565 812 665 850 497 592 479 67 305 780 770 445 83 122 771 906 176 383 804 479 361 305 201 1 45 786 
6
150 698 938 47 653 72 248 603 54 865 165 776 282 503 742 647 279 915 799 765 606 369 669 681 
17
237 817 544 855 971 788 91 599 103 233 711 169 738 332 344 914 905 394 420 959 973 470 594 641 885 80 329 255 292 825 949 967 634 518 586 533 932 791 236 875 693 898 75 609 3 568 393 129 695 221 676 971 581 641 503 755 354 443 65 800 843 565 729 96 942 703 794 824 
12
112 166 663 277 166 835 935 328 257 598 132 514 183 454 52 975 300 848 635 991 424 905 151 970 942 37 132 105 443 736 352 533 918 419 494 201 943 621 102 350 77 138 697 304 326 887 972 725 
23
629 532 70 228 475 786 854 610 93 40 832 935 959 852 394 266 410 221 502 582 24 789 12 912 340 78 9 28 619 378 512 500 169 697 863 711 775 38 104 667 658 916 924 956 741 621 822 158 709 524 623 989 935 799 950 37 373 137 871 406 32 878 903 842 744 964 87 329 748 946 207 614 560 411 418 770 841 209 11 352 247 998 632 234 134 979 76 745 763 232 614 765 
19
524 857 405 491 587 25 152 80 127 43 651 251 585 655 210 53 333 390 827 540 618 22 123 768 950 851 140 972 349 806 674 721 843 161 514 83 695 61 42 238 992 115 681 472 595 356 57 759 639 445 773 770 869 319 98 840 706 173 922 360 500 588 927 882 371 371 933 38 881 832 437 220 462 20 245 607 
9
494 959 861 45 303 803 22 649 583 759 434 56 253 673 238 698 248 523 953 237 183 885 227 134 472 243 194 329 159 700 19 95 882 704 425 109 
12
842 860 836 4 91 439 509 639 740 218 185 624 310 517 502 701 889 64 489 805 205 142 460 748 92 72 91 521 455 577 47 9 711 999 96 979 151 634 166 999 922 487 169 400 889 335 830 539 
3
266 87 977 592 292 112 76 659 63 978 112 424 
16
618 86 351 997 483 349 840 275 120 567 267 738 429 16 820 648 374 406 228 79 159 262 245 198 627 463 577 866 329 571 214 311 849 823 614 456 6 850 69 37 619 392 954 451 58 669 574 451 859 747 294 633 475 842 575 552 245 316 276 303 955 660 869 835 
19
183 264 962 336 561 495 343 460 174 340 383 768 902 16 266 54 134 398 466 580 621 788 599 283 194 977 753 934 152 368 464 78 889 115 522 62 226 383 643 59 10 871 84 707 655 913 993 841 579 832 313 153 903 124 888 846 16 563 747 919 924 395 953 955 554 853 532 332 293 26 767 251 795 328 251 543 
4
899 999 137 260 300 877 627 217 664 731 161 166 732 286 746 376 
11
934 395 502 954 4 591 84 985 272 175 880 448 570 989 498 717 14 944 764 10 886 385 825 221 318 443 230 541 172 280 834 535 314 182 840 525 879 5 655 710 507 427 965 177 
5
640 760 210 841 338 809 864 142 944 893 142 771 44 146 567 526 643 830 54 451 
25
611 817 570 498 229 36 778 18 271 373 211 413 77 494 831 202 523 113 218 24 219 541 194 904 371 710 511 786 190 75 981 949 847 6 903 532 884 968 240 222 952 363 27 146 466 737 659 284 862 126 92 563 262 648 831 82 282 979 92 644 922 654 270 516 136 414 631 928 201 883 511 303 961 879 627 131 347 184 920 353 92 253 362 231 601 178 143 491 888 432 564 123 181 801 567 15 343 64 889 857 
14
7 544 475 856 164 910 888 227 132 605 139 979 691 493 948 94 478 650 19 11 613 10 531 260 950 962 305 583 592 141 310 583 487 290 850 992 91 340 212 219 587 263 513 202 767 602 856 438 109 173 530 34 785 286 269 5 
2
276 254 914 18 679 362 808 235 
24
607 551 903 728 689 605 890 48 582 868 957 151 281 484 780 195 770 207 383 250 70 486 880 663 545 535 159 408 537 825 937 171 323 671 427 639 735 568 119 892 912 772 904 222 406 396 585 806 592 549 565 171 722 864 962 143 728 949 256 514 405 608 216 787 713 572 400 248 915 711 840 731 655 650 773 428 541 736 639 328 120 649 606 6 714 297 644 699 373 781 412 640 284 606 186 388 
25
554 655 270 101 24 466 797 103 870 976 96 710 31 841 535 38 292 16 640 4 242 305 258 440 535 737 259 346 354 757 981 159 221 119 220 511 447 962 992 937 805 158 888 167 779 453 754 548 499 192 96 871 951 820 3 239 11 196 576 731 676 517 23 820 449 936 604 124 121 855 578 290 652 596 590 548 454 695 153 242 181 555 949 240 390 290 839 203 266 462 221 310 494 339 804 350 26 136 261 612 
5
792 809 208 476 901 108 616 870 951 176 188 282 325 73 707 314 742 765 424 365 
12
266 517 799 330 210 460 151 272 981 633 117 295 148 318 448 776 912 516 915 577 877 160 297 151 770 825 802 65 260 994 770 918 241 159 160 602 455 101 269 88 886 836 736 268 972 871 183 664 
19
608 820 100 112 785 559 360 20 546 528 14 260 675 938 114 33 994 670 857 442 845 510 946 580 753 372 402 894 675 592 446 396 59 271 569 811 844 17 957 703 820 31 445 520 320 909 246 6 608 391 32 681 839 548 550 827 804 497 595 222 305 827 863 807 496 723 303 297 670 23 630 816 322 547 286 871 
7
932 894 169 949 773 451 484 298 362 727 193 632 532 346 124 201 562 70 221 608 204 142 677 134 767 446 400 93 
2
459 565 159 306 597 90 74 334 
28
811 581 570 895 488 582 726 873 935 168 353 44 74 714 346 817 952 681 795 519 132 246 15 560 743 389 619 385 564 752 624 495 300 746 30 241 621 955 731 655 381 245 378 691 959 408 401 801 294 887 395 658 970 202 582 754 58 200 622 281 942 859 291 732 220 84 123 984 802 614 358 779 592 897 105 814 599 426 652 342 305 327 537 215 675 536 149 974 701 653 746 312 502 999 411 927 381 52 854 555 193 322 610 452 944 829 446 292 465 317 555 842 
26
445 887 625 901 166 388 761 300 88 906 537 138 204 173 121 354 708 954 986 749 617 514 316 971 217 800 18 118 97 883 409 712 56 950 189 878 414 29 223 151 221 552 352 202 670 774 468 706 502 974 148 406 596 838 105 554 532 992 481 692 483 44 469 3 88 642 512 157 87 422 919 132 334 248 850 260 683 796 284 947 396 151 201 898 1 513 420 678 962 352 357 20 392 951 830 831 775 409 242 887 474 803 470 649 
14
562 532 869 202 133 65 8 859 227 863 146 412 184 429 99 904 501 732 75 626 581 941 249 540 959 185 949 568 570 280 495 999 305 558 135 510 599 974 914 900 921 395 532 556 570 451 60 311 463 371 269 793 797 906 371 894 
5
939 878 653 991 135 493 798 76 355 71 91 671 519 280 832 943 216 259 486 778 
18
823 16 721 661 379 75 838 727 760 74 902 865 252 184 427 414 407 389 163 200 897 859 860 501 879 68 857 840 894 283 690 394 408 621 618 886 529 47 528 407 428 167 326 26 295 628 106 675 857 746 919 342 17 874 384 669 924 914 96 30 490 553 264 665 341 357 752 715 422 641 420 607 
27
715 894 245 44 576 160 66 872 60 659 17 817 626 505 199 113 494 575 741 172 73 690 665 753 998 102 127 169 801 376 133 970 393 864 248 730 815 130 567 802 369 777 59 244 659 46 29 274 794 954 641 905 785 814 865 232 543 797 604 500 772 228 463 578 752 44 704 845 978 79 998 564 719 586 964 950 521 657 783 567 252 81 213 110 893 934 197 59 571 364 411 122 196 248 529 281 852 613 85 512 477 260 386 207 482 966 267 536 
29
674 950 327 400 982 74 239 848 202 952 955 650 600 394 984 752 116 993 978 476 738 662 474 220 541 953 137 11 663 445 591 723 932 232 220 483 824 960 407 944 178 163 783 698 267 306 313 732 66 276 460 403 79 204 621 542 200 723 472 16 22 296 939 54 85 338 517 572 732 955 907 176 476 680 699 274 418 662 697 917 664 692 55 93 112 380 388 819 357 494 195 292 872 933 348 890 401 746 953 281 721 201 888 689 213 1 927 894 35 767 943 771 51 433 274 220 
17
271 492 59 114 288 564 936 682 739 989 728 889 897 495 839 993 935 876 268 350 646 671 858 126 92 532 138 233 791 648 520 538 321 679 212 509 875 450 861 801 857 83 328 88 674 306 478 192 293 681 652 981 87 985 156 756 569 37 260 77 350 62 409 871 907 943 592 560 
21
204 399 184 520 730 703 72 667 877 945 442 809 835 763 232 227 473 488 752 102 978 305 619 562 853 37 754 134 52 460 865 437 661 657 183 288 576 79 107 784 453 274 575 586 584 110 584 122 589 38 751 65 199 670 952 898 965 676 42 918 842 628 818 708 734 906 191 963 688 851 519 572 107 5 735 782 664 955 234 185 157 613 47 418 
