153
1
961 723 386 622 
1
260 36 237 958 
1
135 949 966 208 
1
561 122 153 795 
1
575 548 274 808 
1
217 685 834 793 
2
618 870 441 182 145 26 337 356 
1
860 5 256 95 
2
949 146 664 791 106 137 617 896 
1
508 421 855 268 
1
365 86 32 778 
3
375 679 152 642 231 123 146 270 53 421 906 981 
3
199 509 749 289 209 677 85 284 416 452 868 833 
3
424 841 345 563 982 321 469 614 88 261 702 954 
4
411 924 530 195 175 824 34 325 386 935 104 845 659 901 401 685 
1
57 895 221 927 
4
639 870 283 786 942 654 307 968 279 579 874 46 743 562 642 669 
1
804 497 138 456 
1
565 671 586 365 
3
910 350 229 858 696 595 202 154 795 332 681 794 
5
801 140 445 141 521 943 95 851 942 417 263 334 851 959 494 516 748 925 977 488 
5
969 818 629 680 9 44 43 274 145 629 43 537 340 912 876 476 422 439 571 930 
5
403 560 489 39 226 185 518 116 498 134 265 113 700 457 124 48 913 848 629 118 
1
922 530 506 358 
3
905 297 995 733 576 641 717 88 101 235 691 781 
5
235 551 900 86 328 527 484 70 515 117 656 127 759 58 629 655 272 398 105 591 
4
836 366 131 962 192 43 263 464 743 393 615 281 956 87 701 376 
2
966 475 527 261 684 809 246 140 
5
728 518 69 532 549 400 720 936 637 214 462 925 231 954 320 704 99 485 812 891 
6
626 782 640 923 976 876 837 798 494 729 519 620 459 267 344 464 488 310 47 746 508 633 161 999 
6
19 385 278 598 895 999 78 590 402 214 793 32 61 731 834 869 482 103 1 3 929 730 253 23 
5
321 419 47 589 337 459 355 76 187 721 353 464 71 859 100 452 741 670 115 421 
5
765 237 480 767 511 580 918 614 532 508 151 468 187 810 645 387 688 319 584 510 
6
349 40 565 587 813 812 194 421 972 700 572 617 652 501 960 95 361 837 278 529 154 452 124 905 
6
711 852 20 596 706 691 268 712 236 575 119 673 282 727 365 221 627 985 773 430 960 280 513 546 
7
114 479 745 498 203 592 937 176 166 574 11 859 931 981 696 166 9 498 902 311 512 474 846 420 47 245 65 984 
8
234 813 770 939 81 132 162 692 732 420 341 853 232 104 956 691 751 457 735 750 782 382 245 738 82 319 924 355 90 92 163 376 
6
186 782 865 331 944 303 105 774 455 909 813 87 998 591 356 762 747 69 478 846 501 728 671 451 
2
339 343 221 194 675 825 489 282 
5
104 443 817 980 747 579 31 920 311 858 139 152 608 133 279 372 154 900 214 341 
3
655 940 874 271 438 408 190 620 578 765 177 574 
2
747 114 287 684 23 830 904 368 
1
288 443 365 906 
5
613 119 340 37 398 696 570 119 577 132 673 390 983 836 963 194 579 785 497 655 
9
658 241 475 176 569 507 795 114 112 204 759 504 907 844 50 55 620 344 636 455 305 45 898 201 143 155 179 601 546 94 476 300 695 177 320 657 
3
212 81 243 945 491 485 835 378 790 717 402 43 
5
603 62 903 643 437 212 802 71 178 679 106 835 359 742 32 388 316 696 667 710 
7
884 964 818 547 307 611 574 498 727 506 341 740 223 306 702 546 243 759 10 270 586 866 682 574 832 935 315 362 
9
172 506 453 267 725 318 940 568 656 486 335 468 35 15 884 272 462 461 491 327 745 275 92 807 283 621 412 688 813 629 862 329 176 638 516 634 
4
758 429 781 34 867 668 204 516 786 509 463 956 982 759 821 201 
4
681 336 412 394 380 989 344 190 438 366 684 574 987 978 254 989 
9
591 792 515 696 543 462 262 151 752 54 935 767 31 345 189 1 54 440 587 249 802 386 380 860 311 107 669 904 657 845 995 829 277 324 333 170 
7
694 150 442 975 86 892 516 244 820 281 527 767 325 718 235 217 301 524 231 593 438 877 26 90 251 629 850 236 
5
885 358 33 190 992 342 47 512 419 567 201 709 65 757 715 484 58 354 639 955 
7
389 908 35 465 407 104 117 425 52 499 146 687 474 18 851 783 803 397 299 727 172 354 219 317 216 277 487 498 
11
15 410 758 83 119 993 73 741 896 97 287 330 222 927 633 171 424 886 613 631 93 716 718 673 625 197 532 199 526 133 728 17 390 511 767 836 532 707 230 33 205 274 486 821 
7
292 761 915 808 186 438 442 651 826 669 962 551 153 433 806 679 382 81 120 92 835 937 911 857 628 146 271 465 
9
347 703 591 154 117 691 454 671 790 412 68 920 227 902 137 153 967 768 747 418 545 202 657 908 667 837 788 476 624 162 784 832 917 421 630 219 
5
250 864 371 817 750 293 851 119 618 514 197 766 926 295 481 823 237 705 121 799 
11
45 771 871 331 353 844 544 516 416 494 843 742 444 510 463 644 682 866 243 81 324 469 316 443 88 249 403 280 603 564 198 451 247 919 603 937 416 637 920 526 208 416 929 849 
12
225 783 29 390 809 307 897 808 533 783 863 912 90 415 51 643 398 900 179 100 712 485 457 392 324 817 610 61 93 828 402 38 115 138 384 231 796 93 319 236 468 693 291 439 863 736 749 362 
6
983 719 205 722 94 776 550 299 555 828 5 90 418 510 866 484 338 509 641 396 119 631 789 802 
8
597 89 786 541 410 152 324 657 532 383 995 590 157 195 156 320 186 755 672 770 801 834 44 831 956 481 563 458 220 712 65 324 
7
180 749 938 409 929 530 30 184 442 301 831 335 627 736 97 832 859 964 299 872 207 673 46 782 32 926 236 133 
14
311 7 480 811 946 65 564 70 127 13 456 415 179 610 997 644 486 200 873 972 795 54 762 420 373 505 59 438 667 68 901 268 922 171 267 468 603 763 440 69 783 290 930 472 873 825 816 509 652 41 34 371 621 339 682 556 
3
224 830 32 316 357 750 661 87 664 669 525 736 
13
5 774 433 451 82 144 807 553 189 79 563 572 221 567 549 984 776 752 288 874 379 325 776 426 342 310 777 543 463 384 204 300 314 964 822 350 817 554 47 811 685 351 65 905 915 899 27 130 779 762 52 940 
6
827 160 598 604 152 270 346 527 227 883 806 368 645 537 405 36 233 60 729 208 694 745 396 968 
3
819 662 866 750 276 210 91 393 711 183 244 639 
8
299 17 75 344 549 933 252 446 89 445 879 248 945 563 707 588 257 706 720 184 827 519 777 539 505 724 363 704 887 858 989 893 
9
920 515 688 969 255 144 820 261 393 637 168 8 250 690 963 714 174 864 709 624 690 125 235 916 944 476 266 507 549 608 440 124 698 826 982 795 
5
261 381 727 691 743 992 571 216 542 607 953 911 693 563 173 973 591 764 456 813 
8
184 207 220 934 101 917 427 444 401 942 343 837 562 53 120 597 695 51 238 929 504 298 982 157 418 532 867 214 781 869 977 464 
4
706 584 282 14 585 842 582 230 497 513 233 656 436 204 449 78 
6
225 996 332 674 140 453 420 9 915 333 22 821 843 676 979 97 482 655 560 313 335 904 306 693 
9
765 46 78 702 387 372 729 207 881 837 967 404 654 627 837 618 615 805 952 251 504 856 273 795 601 457 74 534 422 377 203 776 970 995 706 403 
8
688 383 558 831 150 25 135 493 675 166 308 538 696 311 914 905 793 275 153 219 788 645 319 85 431 560 917 254 754 2 986 669 
4
837 590 590 545 753 438 114 143 561 103 447 80 707 399 793 648 
13
743 16 335 377 222 967 943 234 52 376 443 511 679 886 564 718 46 199 697 860 899 215 762 445 6 733 382 731 476 935 818 602 236 238 962 276 412 59 641 64 480 618 449 497 22 691 625 758 477 961 877 689 
1
890 514 468 905 
3
226 797 235 422 676 872 79 986 280 667 443 248 
16
152 56 458 291 402 394 817 665 340 600 170 276 540 570 661 570 494 833 389 745 539 331 820 436 401 88 73 534 511 572 937 513 669 923 881 377 365 70 29 946 491 626 485 262 30 353 859 873 147 547 459 651 414 269 173 995 380 107 333 91 843 806 195 801 
7
228 539 351 53 900 971 467 503 140 700 608 477 449 370 754 658 709 92 584 737 78 844 357 525 951 624 424 732 
2
394 90 630 356 951 607 572 276 
13
984 996 678 326 649 289 269 432 905 35 682 132 277 538 717 341 772 974 547 105 289 915 428 143 53 908 955 408 512 574 686 750 201 129 212 242 653 624 825 319 846 72 282 189 968 336 990 918 151 919 713 80 
12
251 370 645 727 392 685 148 715 331 95 36 657 184 182 84 748 66 426 787 497 713 466 907 922 397 400 702 987 781 896 271 489 198 67 547 887 188 640 199 844 138 724 551 622 244 306 425 427 
1
387 811 13 761 
11
671 702 601 840 103 871 796 584 326 599 643 4 142 905 179 626 711 353 743 485 401 930 550 19 785 789 663 855 763 71 867 371 757 295 797 923 710 898 55 213 577 753 90 232 
17
972 794 213 249 619 545 262 979 954 902 527 11 684 748 205 33 729 253 766 813 878 871 9 958 32 17 52 868 442 407 329 897 362 427 807 255 273 868 284 90 435 460 569 559 519 187 223 828 507 751 972 869 420 25 792 619 686 259 304 962 867 601 679 426 931 985 396 695 
9
356 25 622 68 372 468 922 695 639 877 213 100 201 832 458 645 668 880 945 64 996 491 612 162 547 512 492 393 620 955 803 65 425 335 130 310 
6
293 961 245 316 269 823 104 989 80 910 338 251 390 13 310 854 98 207 772 197 592 874 198 158 
12
681 19 580 956 603 488 528 485 756 231 550 519 530 213 252 337 834 157 62 321 156 58 605 415 731 999 65 304 699 45 293 678 775 725 418 607 35 584 512 21 727 97 775 20 759 111 82 206 
14
287 388 384 585 583 566 988 822 749 919 996 391 392 316 309 449 35 220 684 66 882 975 118 22 558 995 782 463 272 977 663 443 470 331 271 568 540 579 704 343 313 788 514 745 21 94 195 578 121 749 274 77 682 370 253 983 
5
985 224 927 280 76 946 439 500 715 383 38 991 95 918 880 916 684 304 636 366 
7
293 928 597 863 637 297 139 750 529 289 535 151 22 965 696 743 560 949 363 981 599 719 696 825 554 510 566 777 
18
694 545 263 83 587 835 209 951 874 678 146 440 498 467 166 244 767 916 893 225 227 554 833 120 343 78 608 60 292 51 883 407 657 106 139 513 515 493 108 817 760 96 635 85 651 70 829 653 150 492 442 143 976 697 406 221 807 270 672 119 351 845 985 395 888 883 781 431 577 374 784 585 
8
423 866 360 686 947 688 431 500 998 28 11 638 771 211 989 57 761 109 749 221 702 577 353 992 12 106 102 887 65 980 883 772 
1
172 40 76 971 
16
797 976 213 813 375 965 366 538 506 302 60 340 290 859 704 741 36 891 223 142 88 563 338 981 843 352 405 265 44 374 480 87 68 627 171 989 926 849 180 709 669 730 576 794 409 95 804 299 856 103 456 683 452 509 376 679 235 723 27 841 404 291 743 997 
6
460 867 378 934 204 157 846 690 975 13 961 47 98 46 437 49 712 465 308 949 266 668 613 160 
9
340 764 964 700 488 962 956 714 979 147 880 590 886 195 866 347 841 609 903 310 79 834 280 757 715 811 677 438 41 494 365 731 350 26 352 782 
9
695 73 29 38 575 469 48 487 93 175 592 380 314 647 325 366 191 319 420 795 3 626 806 187 123 702 264 557 226 732 124 47 197 936 8 614 
4
800 936 429 777 216 152 757 364 169 666 366 358 830 978 787 385 
2
179 635 678 12 782 2 815 231 
12
632 779 604 416 115 933 732 314 560 710 132 662 988 500 37 954 758 954 546 180 723 669 645 458 540 150 113 824 571 292 82 725 17 11 301 224 275 880 582 490 40 777 382 60 468 477 724 160 
5
813 774 381 938 250 221 319 286 552 43 403 226 965 95 766 489 488 397 538 669 
3
932 865 499 837 825 323 108 463 417 404 193 392 
17
774 540 600 204 717 339 64 872 295 114 492 378 580 130 916 581 707 509 24 908 806 426 41 390 523 526 701 272 403 603 957 358 671 881 801 310 865 613 475 991 130 106 742 228 457 411 782 853 378 137 653 99 303 829 533 140 254 509 210 739 619 534 146 881 475 190 456 243 
9
211 411 292 506 837 651 893 353 841 112 815 948 768 927 715 964 35 900 969 621 991 50 780 313 916 776 401 692 697 220 621 383 873 698 398 598 
12
876 116 136 58 48 728 662 201 435 31 374 182 224 899 147 680 562 429 460 498 280 242 657 673 947 986 596 344 676 18 625 505 608 432 196 423 223 763 339 357 337 385 515 777 764 425 719 629 
8
374 626 801 15 812 618 155 742 935 818 292 872 569 366 230 422 727 943 671 392 309 538 473 412 536 792 756 376 771 296 809 5 
14
237 77 938 502 312 76 675 913 192 873 50 512 193 145 187 519 555 890 282 433 594 471 885 768 16 332 725 311 989 575 457 192 789 997 124 181 358 96 206 842 514 31 797 838 339 864 609 800 517 715 752 203 354 811 507 240 
6
456 249 221 471 505 15 463 327 992 264 998 906 660 294 71 856 224 816 66 988 115 345 582 14 
17
541 748 949 481 555 954 463 857 78 32 974 454 884 379 118 26 992 429 987 46 859 343 991 744 126 644 860 216 826 343 454 330 758 73 540 372 511 798 864 179 505 574 760 301 761 296 187 434 419 125 820 697 587 398 172 965 323 60 259 876 267 808 8 500 117 285 900 926 
20
633 646 907 591 285 251 835 653 22 640 434 485 744 994 713 922 226 830 521 698 839 358 838 739 432 630 984 371 264 680 701 838 452 366 402 978 553 84 927 682 522 291 564 706 994 406 543 133 338 127 666 777 561 324 267 627 586 298 115 550 99 172 890 196 662 119 62 868 32 442 316 199 763 532 194 695 136 988 110 39 
9
149 535 221 996 605 328 98 146 330 522 898 786 309 207 608 189 86 969 905 581 249 703 934 788 885 150 360 790 586 178 806 760 367 786 914 926 
4
736 941 807 13 815 489 682 519 174 697 516 968 54 820 886 194 
5
794 952 827 121 298 695 928 799 470 328 363 73 21 395 68 553 852 99 955 640 
7
928 35 782 900 727 389 600 64 934 925 958 298 417 988 921 558 667 43 15 737 175 40 359 563 459 613 26 51 
6
607 822 637 268 825 658 88 553 701 200 935 102 606 855 200 656 697 417 990 132 521 337 791 851 
11
606 206 161 113 252 357 638 641 721 202 449 401 703 685 821 39 505 261 357 863 477 485 298 675 140 575 827 198 989 910 229 361 380 748 786 18 85 59 720 89 902 31 795 239 
23
527 60 445 934 960 265 590 235 206 146 943 834 455 846 166 694 139 913 970 835 808 939 389 559 923 994 273 383 804 950 95 107 415 22 148 629 861 221 820 330 424 135 156 612 344 37 163 273 685 654 541 181 216 464 769 776 900 957 977 820 352 3 308 159 17 3 608 11 421 850 855 700 151 907 919 680 545 905 840 803 643 693 333 949 886 348 701 414 330 882 335 568 
16
992 445 54 579 572 287 541 406 866 745 727 334 13 849 481 302 156 14 457 564 955 116 69 444 953 730 440 970 918 285 105 278 611 413 556 825 508 854 153 659 693 802 758 937 355 104 604 511 102 107 603 486 488 99 14 755 863 880 221 396 450 377 253 988 
6
510 22 369 623 178 649 692 566 50 269 537 807 80 246 273 641 627 143 531 13 217 492 349 358 
17
537 580 128 425 117 491 150 996 630 252 616 554 627 880 188 938 884 972 773 93 840 109 299 361 931 191 558 721 468 579 632 780 367 831 315 129 742 437 595 69 803 187 320 171 527 557 966 979 514 849 668 164 33 801 585 480 741 991 548 422 223 52 345 759 537 540 399 557 
18
499 919 1 170 272 125 84 346 650 613 753 675 763 298 541 868 372 966 785 287 555 538 860 618 365 62 468 650 567 389 505 197 251 371 761 884 117 302 975 564 833 412 659 769 648 425 28 934 993 700 768 556 298 68 847 764 140 888 380 4 241 410 373 701 769 115 542 714 354 688 55 761 
24
840 588 751 606 257 857 577 579 286 818 334 414 977 834 857 421 950 5 559 540 341 197 722 759 257 37 937 649 596 603 465 488 394 586 808 472 711 247 574 912 244 152 297 111 631 900 145 456 482 213 629 892 51 8 895 468 539 748 675 605 421 984 267 65 970 375 466 541 531 211 731 818 85 941 761 143 112 981 716 577 997 497 627 987 897 594 430 989 354 207 738 82 102 221 12 289 
13
345 541 605 778 763 632 739 7 546 930 137 230 321 886 382 4 486 47 651 507 431 810 83 66 439 464 275 445 622 974 860 146 178 8 549 355 478 404 617 890 86 939 786 420 927 563 218 747 636 890 409 53 
25
524 181 539 641 869 92 49 547 869 709 948 256 48 258 229 946 303 325 836 419 307 542 120 288 629 132 473 842 813 91 757 788 443 797 655 19 244 57 775 68 306 348 864 803 4 925 467 673 387 32 722 815 118 655 728 523 620 18 285 212 1 790 507 700 654 656 194 718 289 577 668 932 892 346 409 561 530 549 356 89 105 957 304 580 361 297 365 752 703 153 690 259 541 818 665 90 475 651 300 391 
14
169 5 193 825 444 292 314 794 564 447 196 15 492 635 32 37 283 870 971 460 69 55 941 480 390 625 779 187 524 519 520 911 938 878 711 383 237 241 750 911 619 784 849 194 809 965 815 693 261 472 802 77 730 533 770 391 
21
915 726 79 622 937 740 691 385 402 118 256 597 745 675 498 315 15 681 30 488 274 265 478 246 873 794 91 365 110 100 469 460 820 73 664 622 826 843 7 502 875 981 671 925 612 904 368 655 828 818 207 374 226 744 387 549 976 896 854 742 15 498 814 729 693 115 144 613 571 713 720 200 558 291 134 844 446 81 970 608 941 491 450 217 
6
636 216 243 625 908 794 199 608 834 363 120 680 902 884 816 601 861 531 418 795 851 988 308 962 
15
124 937 196 800 594 94 611 705 386 444 123 579 151 99 990 720 474 121 254 549 356 126 991 141 294 599 796 351 43 44 958 812 934 459 127 206 850 465 650 674 279 746 543 211 980 233 646 586 574 559 506 194 641 204 437 751 926 949 141 466 
6
765 339 610 359 160 755 465 566 921 938 471 86 206 208 855 768 229 469 695 788 881 987 361 244 
21
719 504 615 214 287 987 553 818 404 316 785 164 694 799 986 189 230 299 661 413 810 629 824 914 152 290 487 535 528 729 183 320 692 545 882 292 718 115 569 646 745 167 177 187 314 851 58 285 601 659 995 461 229 432 93 643 463 862 21 789 368 290 413 352 307 125 169 21 165 283 256 719 728 562 398 334 741 933 834 107 673 884 574 606 
9
32 288 809 811 67 56 825 723 801 178 264 136 233 373 111 994 29 241 806 465 782 859 586 812 23 245 995 926 947 853 809 624 276 237 451 388 
21
848 373 522 940 302 113 227 794 255 968 342 860 791 200 319 223 241 923 452 389 737 227 220 311 348 325 973 874 351 589 633 237 915 479 651 304 522 349 222 242 696 652 187 686 890 655 505 972 221 227 173 603 760 414 682 942 897 420 581 667 217 284 593 650 556 540 394 554 712 495 341 782 158 52 335 130 357 279 412 246 673 143 186 191 
15
717 853 937 610 244 160 500 777 392 871 612 192 153 984 383 463 698 518 721 927 268 911 256 937 421 364 106 835 404 587 230 635 415 332 679 90 807 864 902 407 672 115 954 972 305 79 474 767 491 652 1 127 976 363 359 40 599 120 848 903 
27
609 588 834 775 509 101 480 727 105 570 861 476 966 889 548 516 595 928 759 790 553 456 991 25 478 219 653 860 260 775 672 416 707 916 474 417 623 787 682 424 515 113 517 422 425 845 560 647 477 681 574 330 250 159 157 45 196 871 886 418 374 629 502 266 574 94 686 170 182 754 591 233 188 487 567 983 125 61 819 406 530 247 630 192 701 842 948 789 50 457 300 526 453 278 91 486 997 840 281 491 87 997 38 414 832 117 693 332 
15
818 906 449 873 725 955 969 819 578 138 23 778 687 351 249 726 435 70 752 370 435 173 821 669 763 103 650 112 525 561 523 409 776 209 847 202 654 566 852 703 707 312 119 174 560 357 977 53 406 120 257 734 725 656 35 638 561 208 575 605 
4
906 212 425 306 333 276 359 284 697 444 714 250 589 813 18 222 
6
530 81 510 696 321 12 40 903 964 200 650 230 876 819 16 811 39 242 408 265 614 718 744 897 
19
693 499 445 134 187 893 122 275 889 208 676 320 800 968 940 487 324 489 858 467 610 617 459 407 789 740 377 836 299 199 741 689 471 912 44 672 319 52 452 617 897 307 16 366 389 541 252 415 836 522 833 690 614 637 99 209 131 233 158 480 571 311 550 505 932 505 530 378 962 674 56 868 902 532 997 647 
3
842 821 423 609 604 252 595 637 501 4 567 944 
17
407 8 135 445 798 802 550 93 994 91 785 184 572 828 780 630 857 35 103 603 881 65 725 558 533 342 70 629 198 136 229 821 840 123 901 777 115 648 475 325 865 483 779 431 447 2 489 557 654 605 813 179 133 820 317 895 776 27 437 237 363 787 324 693 668 680 482 599 
2
545 248 427 981 737 42 600 788 
7
101 955 928 97 862 990 57 132 964 55 911 33 861 53 605 388 186 675 598 487 471 128 157 813 793 874 252 370 
9
928 928 595 74 163 945 824 455 81 692 123 439 320 3 515 860 514 985 378 992 182 320 105 238 272 595 253 556 316 527 211 999 221 191 425 490 
2
550 933 462 221 93 492 603 890 
11
211 747 922 103 324 235 8 958 722 680 826 698 296 222 140 105 837 356 430 490 170 582 258 856 755 691 292 552 679 388 339 91 140 59 710 327 828 731 534 249 299 300 50 184 
3
73 220 731 753 772 520 813 172 305 390 588 517 
26
715 443 347 569 730 624 673 283 393 2 896 899 617 526 628 558 716 677 202 659 207 160 236 957 919 976 888 470 721 357 94 318 993 369 346 872 862 282 129 142 750 775 494 661 896 215 439 958 740 320 617 234 760 802 182 698 65 814 492 757 475 244 762 514 652 472 711 382 736 67 792 290 97 684 440 108 635 502 777 219 385 189 666 169 602 956 800 23 341 619 588 749 127 856 79 657 553 87 662 256 260 210 366 293 
24
543 588 400 505 857 70 806 271 383 869 168 104 578 355 94 585 1 61 369 452 553 499 407 403 959 791 451 337 437 218 7 38 714 909 302 277 481 314 873 77 664 858 122 65 299 54 630 54 440 534 358 942 76 194 882 569 61 166 370 781 163 742 266 336 589 481 116 113 265 5 872 944 265 122 623 991 470 292 216 979 210 680 95 372 326 467 555 531 21 977 55 471 949 99 374 805 
