163
1
404 580 783 703 
1
652 622 405 48 
1
440 57 203 763 
1
948 78 546 822 
1
542 617 861 222 
1
325 792 117 460 
2
865 146 577 162 514 316 331 453 
1
322 315 624 923 
1
814 694 429 25 
2
30 989 441 159 197 516 137 637 
3
430 775 166 713 605 989 184 673 491 651 288 539 
3
545 293 336 582 687 537 862 691 222 690 898 723 
1
511 317 470 112 
3
665 265 314 429 313 813 682 582 775 237 108 740 
4
673 632 491 697 978 867 578 292 332 682 304 182 959 785 630 825 
3
957 321 167 931 318 923 597 156 491 831 976 619 
2
885 203 997 100 604 675 424 903 
4
358 913 694 121 24 787 756 660 262 629 125 350 889 768 945 380 
3
557 327 463 872 117 551 305 809 915 283 264 615 
4
729 693 802 892 519 126 367 788 522 409 491 873 272 560 39 508 
5
241 338 788 63 772 515 91 860 137 850 625 862 191 121 800 497 6 118 8 371 
1
900 579 417 248 
3
529 16 561 270 881 431 712 159 827 272 769 814 
4
446 443 313 718 359 385 715 273 607 630 69 563 214 826 494 39 
4
499 351 466 53 432 99 542 197 214 782 531 441 207 4 699 138 
3
567 343 563 780 51 398 665 289 404 66 62 769 
3
606 603 176 19 670 546 823 121 449 718 864 283 
2
135 699 314 214 184 777 1 446 
5
541 720 504 832 319 951 746 788 307 486 306 194 710 649 827 904 792 189 804 285 
3
708 572 360 78 315 996 569 685 78 551 950 225 
3
274 872 879 566 448 739 500 518 556 625 484 725 
5
709 949 282 124 196 757 345 180 78 910 176 790 850 68 241 673 546 333 246 849 
3
112 34 529 572 852 191 15 867 580 159 44 357 
2
712 544 620 145 208 480 594 496 
5
291 57 215 582 884 232 394 28 757 585 600 4 327 941 366 687 591 582 55 896 
3
201 57 556 224 131 334 969 606 537 511 97 51 
3
637 546 630 95 331 450 177 77 126 905 988 30 
4
483 725 559 101 908 313 607 661 483 170 762 182 948 909 646 49 
7
86 965 87 341 359 957 851 200 817 74 385 279 785 858 531 709 614 234 442 895 232 60 90 591 339 60 998 169 
9
524 897 473 390 210 205 88 672 456 49 766 455 831 488 484 319 871 522 142 928 969 572 171 615 130 433 790 957 549 191 469 217 674 470 668 596 
8
267 951 139 530 214 238 296 699 188 203 783 756 908 472 667 513 691 973 151 796 886 844 767 364 712 267 39 542 92 131 322 69 
7
185 917 534 863 370 69 337 854 918 649 64 590 735 822 246 54 204 727 714 764 973 310 121 142 752 532 8 366 
2
461 493 733 672 855 31 380 637 
6
806 305 860 910 295 278 312 374 386 225 878 831 733 812 434 616 10 699 333 610 842 887 847 908 
7
341 127 755 459 651 608 738 822 212 428 755 294 39 405 41 285 987 992 248 648 362 854 295 717 392 822 938 523 
2
29 416 235 998 685 182 156 252 
7
391 669 891 926 772 444 634 322 381 26 624 437 928 791 295 412 363 224 558 522 166 859 906 22 741 726 219 60 
2
94 89 849 148 359 695 445 415 
1
277 838 31 707 
1
482 732 961 953 
2
701 986 971 339 718 302 733 482 
8
858 364 220 466 194 788 330 943 488 576 848 151 508 75 687 767 13 514 360 663 869 673 702 666 364 102 830 739 290 519 56 759 
6
449 610 6 86 912 418 742 181 537 114 237 168 626 475 686 258 782 167 620 171 801 218 937 859 
5
726 279 338 430 333 967 158 233 959 237 706 646 504 195 94 973 341 353 490 33 
2
63 867 806 405 394 113 423 995 
10
130 812 820 198 466 739 621 136 979 889 486 267 559 33 711 757 486 403 242 122 211 71 243 153 473 262 324 668 729 610 386 507 592 795 581 499 318 164 859 288 
2
331 765 931 79 861 521 239 920 
10
896 990 931 806 645 331 805 327 565 421 393 448 564 409 698 676 505 323 533 868 674 232 92 490 452 965 524 831 869 290 866 489 329 941 399 316 861 368 896 620 
2
373 581 964 774 163 890 759 120 
7
267 149 6 77 671 579 370 522 58 723 935 799 231 393 6 656 676 771 316 714 477 122 376 658 718 650 852 870 
3
588 202 876 625 358 279 649 953 936 211 577 797 
10
660 461 548 494 161 52 174 343 57 549 892 467 771 35 251 840 920 140 794 188 964 234 385 846 716 685 335 543 766 418 517 792 548 343 957 830 174 181 311 522 
9
429 914 709 634 941 148 949 381 773 604 36 319 144 573 567 296 287 392 697 314 436 212 662 918 343 949 284 704 764 800 380 158 455 288 602 535 
11
258 425 845 952 154 451 861 624 532 79 183 47 801 19 895 374 248 980 677 815 795 111 202 599 159 720 984 255 335 642 780 146 214 587 868 910 537 68 968 284 866 192 401 909 
13
883 325 616 37 215 786 745 644 383 759 719 306 984 86 735 372 629 915 803 674 328 418 554 61 417 271 304 39 188 253 175 995 210 919 547 764 806 924 663 905 976 413 918 467 350 216 836 490 983 243 894 453 
11
949 543 271 332 778 944 686 343 78 77 176 230 421 259 257 227 403 924 85 949 149 472 819 496 473 55 268 830 426 612 405 186 99 71 153 139 791 554 655 876 669 733 925 532 
14
758 622 253 471 172 855 468 883 386 379 373 847 287 268 999 219 829 752 377 761 482 990 553 358 431 348 653 915 771 146 53 834 432 406 37 534 622 79 579 194 929 272 386 529 535 606 793 57 558 890 918 483 823 854 791 882 
4
616 742 570 18 157 522 866 58 189 159 997 691 681 937 758 883 
5
426 360 978 631 133 585 281 977 309 908 872 724 788 80 503 164 243 15 19 299 
5
570 442 790 739 173 556 402 282 94 328 254 781 882 399 811 230 937 813 508 903 
6
677 126 157 150 628 630 388 600 17 846 203 840 424 199 311 640 932 497 544 640 132 185 260 919 
9
869 516 144 415 409 644 793 729 556 455 430 89 450 753 706 178 720 34 923 753 135 670 764 587 309 586 829 926 976 675 18 972 189 549 375 705 
12
277 871 290 542 436 236 30 142 543 283 250 443 656 783 447 192 197 273 317 362 95 765 812 928 801 309 298 164 38 738 27 26 711 792 993 658 400 49 720 274 1 864 847 231 763 539 903 916 
13
927 120 290 764 516 893 775 271 698 212 517 696 66 22 824 884 353 677 48 686 275 674 121 172 665 168 811 866 267 135 313 774 38 794 208 797 859 79 93 958 894 771 869 707 750 38 521 160 936 62 389 470 
11
661 32 296 995 871 317 248 604 108 773 850 723 182 659 746 883 68 54 107 502 76 411 689 829 369 982 649 940 314 756 961 657 453 709 876 933 564 11 412 11 663 449 573 859 
4
32 948 609 856 946 713 598 567 402 438 690 465 508 803 284 30 
16
676 219 671 335 362 563 8 264 731 495 136 906 250 688 415 775 94 623 942 369 23 231 433 836 250 39 219 281 344 332 113 820 259 123 130 837 453 108 617 657 500 85 222 478 933 255 783 468 142 666 904 807 41 420 233 596 55 111 776 875 662 387 349 768 
3
785 151 729 437 898 473 551 126 118 9 823 91 
2
292 78 254 243 136 330 672 531 
8
419 105 42 523 822 185 196 225 774 968 1 387 345 387 331 615 590 295 546 715 318 294 658 608 806 314 304 508 161 896 472 263 
8
908 516 935 622 113 600 642 367 946 192 221 913 685 766 386 710 568 424 918 144 320 987 534 986 595 453 385 542 651 879 432 219 
4
98 515 728 165 711 470 423 436 968 688 425 670 807 408 332 166 
3
479 686 894 294 717 197 321 723 233 121 611 639 
5
228 176 663 687 580 916 560 731 575 40 564 129 835 949 254 124 261 229 646 145 
14
592 643 568 650 126 826 670 909 758 976 169 500 180 332 912 432 740 589 119 905 488 507 340 438 25 589 234 612 503 561 186 910 354 353 606 953 394 862 694 843 461 908 734 708 550 378 189 831 631 2 474 36 833 213 901 267 
17
987 65 869 309 152 301 878 802 391 666 473 231 966 228 38 294 754 629 774 641 717 159 432 676 322 45 786 850 880 888 155 51 407 22 702 117 283 320 176 895 56 99 438 484 436 547 118 718 110 113 103 93 848 338 174 925 983 558 918 301 11 840 17 935 184 515 200 65 
16
319 274 563 320 689 530 742 668 644 902 740 459 488 471 548 280 649 418 271 828 50 223 707 484 31 258 562 510 976 950 297 774 387 489 469 336 612 103 945 609 570 710 21 838 475 565 81 310 272 378 179 614 973 723 785 291 915 732 42 664 416 454 999 225 
6
397 278 94 344 898 829 900 58 276 719 701 625 7 552 540 375 448 614 403 501 30 157 487 879 
13
62 276 111 920 852 811 131 199 453 912 552 620 672 421 138 532 590 849 842 371 761 561 488 642 21 911 487 125 915 980 974 783 383 39 745 837 670 529 861 724 211 958 387 328 164 488 563 507 103 216 350 291 
5
64 70 792 904 509 78 429 181 101 913 441 829 992 14 976 117 106 273 173 134 
18
114 844 150 496 108 431 176 432 375 815 693 852 433 653 358 495 770 379 728 31 299 618 684 351 465 278 144 230 971 943 820 809 783 383 113 331 541 700 640 31 411 903 136 857 786 45 292 140 824 234 193 523 599 850 183 232 762 821 467 113 880 571 53 316 324 866 289 404 244 559 715 573 
17
80 791 890 554 766 317 719 472 363 229 896 862 222 412 505 984 643 631 230 503 461 975 895 298 407 826 46 856 277 812 947 401 471 854 962 422 58 980 15 506 383 150 382 599 873 570 673 63 683 715 17 219 842 896 962 897 144 50 517 408 551 655 632 939 598 971 696 694 
13
217 104 83 293 257 979 655 196 981 74 999 441 771 777 947 215 363 245 283 122 570 294 498 917 606 486 697 349 872 558 540 25 900 780 725 907 228 957 579 598 13 183 854 306 858 94 824 290 641 432 653 578 
12
370 741 238 226 734 991 183 488 736 929 235 140 228 884 2 875 176 718 703 426 414 464 950 846 926 91 981 155 552 134 691 974 520 507 617 95 827 815 82 585 859 821 30 193 142 114 782 755 
20
390 837 449 949 180 51 800 749 962 517 619 830 106 326 117 838 626 404 753 630 153 955 574 893 474 921 200 979 478 118 349 183 510 176 304 420 253 735 826 439 17 244 702 2 62 979 436 641 248 186 901 258 732 824 498 965 674 122 490 745 613 483 157 970 112 588 416 991 985 885 942 728 882 810 354 371 17 898 691 36 
9
330 36 443 703 542 179 574 931 772 93 586 80 451 935 152 389 415 162 159 550 271 957 518 541 207 261 390 190 889 737 413 908 966 970 460 961 
6
434 971 682 420 588 942 120 195 159 649 588 534 57 945 812 113 52 199 27 161 588 429 548 33 
8
386 720 568 796 439 948 323 347 550 775 463 253 885 111 172 443 434 350 433 69 879 459 682 654 342 308 580 802 231 620 366 566 
7
444 119 863 298 899 191 528 694 690 314 448 530 468 931 382 316 210 77 422 971 818 21 583 19 499 815 89 902 
8
238 769 816 485 802 955 366 514 198 843 448 298 622 895 395 65 241 508 696 457 265 75 814 547 601 226 344 636 349 78 841 190 
5
540 134 376 921 309 411 169 79 525 212 82 336 116 229 400 728 485 560 587 858 
21
483 264 896 939 578 641 423 413 371 505 744 377 124 275 524 72 818 638 318 844 71 568 73 179 371 223 37 797 43 92 952 838 66 69 863 179 779 522 549 781 303 686 914 832 722 641 13 161 321 391 24 736 526 587 113 482 639 844 567 49 969 13 902 412 769 825 676 999 122 107 411 591 630 781 173 880 121 19 705 747 835 862 235 33 
3
934 241 826 505 860 173 624 633 606 381 932 227 
11
553 261 213 914 563 342 438 601 306 605 279 378 722 705 124 70 621 813 897 742 874 666 205 618 320 734 246 410 424 598 767 383 725 981 335 26 928 521 815 715 785 948 11 302 
2
746 508 525 188 69 202 428 24 
17
446 478 695 436 192 706 285 358 592 764 692 655 152 568 587 326 905 299 439 164 725 601 784 226 369 247 553 939 309 860 492 955 753 382 218 183 709 360 501 851 233 89 871 951 66 109 838 393 751 496 597 491 107 523 41 412 448 139 828 461 506 574 603 412 512 247 502 897 
9
876 761 387 932 165 438 594 967 197 12 578 125 505 238 736 928 282 300 548 891 793 972 552 953 211 149 869 581 196 271 173 860 733 563 663 608 
3
680 926 300 282 768 894 116 802 5 426 284 640 
14
857 305 366 130 262 244 592 500 345 805 169 761 578 407 431 772 77 583 38 867 689 418 737 716 243 616 126 761 372 654 322 647 674 898 58 878 529 228 573 642 541 865 920 646 140 843 986 683 289 481 221 892 77 103 697 676 
21
124 948 974 560 906 442 934 762 173 997 869 955 69 340 525 88 762 448 591 261 790 951 34 905 261 61 192 906 430 867 382 867 747 986 680 342 919 251 814 306 70 970 54 18 18 790 657 323 134 505 610 799 589 880 208 238 161 908 294 471 240 14 995 152 981 530 915 41 768 757 884 339 396 607 868 386 300 600 899 693 480 915 552 199 
7
250 912 422 557 116 602 736 529 859 74 546 397 577 178 555 300 426 568 280 691 410 704 550 314 775 878 337 681 
5
535 226 684 355 317 127 961 666 638 797 952 189 908 513 782 106 308 59 992 601 
9
461 327 683 942 536 263 48 406 675 604 796 74 782 226 236 955 987 163 989 307 289 166 965 54 37 789 343 922 952 477 282 254 969 44 896 855 
3
541 412 416 885 67 225 721 615 272 509 278 54 
2
948 504 664 526 224 309 245 506 
20
783 862 711 489 133 571 870 696 122 892 841 32 761 314 455 309 284 677 921 562 740 206 981 172 675 736 634 349 531 561 930 599 337 347 649 552 782 565 331 990 670 585 107 496 16 332 527 89 31 883 974 900 559 751 500 375 937 777 301 835 302 450 629 381 206 907 784 467 702 552 623 53 141 637 400 325 258 522 266 687 
12
969 493 284 510 55 827 526 135 993 280 328 651 360 312 543 167 396 738 700 317 415 28 360 864 189 139 681 781 756 269 722 900 498 392 478 997 614 584 642 955 893 672 38 579 360 332 909 286 
23
760 750 481 140 393 130 931 819 385 379 97 778 79 447 359 476 129 860 348 863 722 541 321 461 230 522 630 220 90 317 464 389 644 666 29 361 770 631 827 531 910 933 877 389 732 913 296 878 813 454 99 879 412 92 617 788 466 249 196 439 68 397 26 938 253 535 242 732 681 974 649 713 756 880 147 548 957 23 968 653 483 560 883 293 784 374 508 862 217 211 922 375 
1
135 731 82 118 
19
101 29 723 638 336 889 735 202 4 777 536 921 10 211 78 508 574 665 10 884 115 783 609 188 143 52 36 386 863 299 756 682 573 782 713 907 948 612 394 807 944 615 241 928 228 300 948 103 415 228 778 663 519 212 601 915 960 183 276 159 259 380 113 105 494 517 960 824 430 181 671 220 906 839 365 617 
6
802 88 982 581 779 12 481 895 709 447 852 289 375 266 328 51 584 307 697 68 17 295 381 334 
12
562 954 960 476 717 959 4 363 37 302 858 472 542 434 195 447 816 972 684 155 733 926 130 506 695 901 212 279 579 398 940 357 934 167 165 497 632 264 927 640 896 567 563 937 248 995 235 715 
10
284 115 206 729 218 713 476 522 387 406 50 295 396 575 254 784 823 27 911 71 653 547 91 782 617 355 25 483 114 370 630 944 229 866 268 196 381 319 651 475 
11
612 366 49 650 738 380 36 269 991 724 464 943 373 504 793 477 380 609 523 951 335 132 676 657 842 746 603 721 634 99 583 787 494 173 677 286 790 710 277 872 826 935 67 825 
7
687 287 294 67 821 800 392 207 631 60 286 928 511 34 723 694 750 195 456 507 819 856 580 192 132 619 154 744 
13
407 561 819 138 67 754 737 661 588 149 979 222 718 703 495 278 239 886 363 501 550 873 296 37 567 804 380 107 53 669 242 355 651 984 601 270 710 522 570 686 820 438 331 227 464 237 452 87 557 884 923 496 
24
917 879 358 704 754 176 787 527 375 618 211 291 539 437 135 923 501 110 176 802 34 383 961 840 571 379 552 39 543 947 644 658 968 955 181 167 926 444 482 8 382 166 640 737 886 538 993 603 886 609 756 452 212 431 948 824 737 206 600 592 339 937 166 360 797 18 99 146 829 602 118 128 24 247 808 47 809 101 839 399 275 778 350 812 472 799 331 982 667 612 299 222 316 647 808 214 
15
513 984 52 404 244 943 140 201 426 602 854 833 896 945 359 21 531 473 283 197 362 537 189 396 359 258 547 644 344 62 730 146 424 109 876 996 839 146 561 230 909 620 252 86 372 452 369 789 691 310 921 645 392 951 921 284 529 994 882 621 
19
865 876 40 929 276 898 560 612 382 213 182 969 911 359 435 878 934 130 208 641 645 687 169 47 829 140 421 93 46 93 630 831 182 768 596 265 499 696 734 865 521 105 88 840 610 861 511 358 923 200 472 531 796 454 685 9 528 920 122 163 4 102 707 53 523 396 5 426 338 965 446 274 379 201 897 224 
6
309 35 195 728 891 398 77 38 357 987 658 422 895 281 334 218 478 475 995 752 459 285 484 67 
20
605 765 346 175 32 966 792 220 242 267 863 155 742 746 158 118 327 740 368 974 465 273 481 838 43 529 431 893 112 130 750 476 519 824 344 757 927 523 177 927 529 592 425 688 360 774 29 171 319 870 510 661 576 985 519 290 542 336 272 481 249 385 176 668 153 55 315 272 112 614 886 979 45 273 571 527 468 994 724 222 
11
38 133 369 952 22 738 511 254 143 681 73 8 751 895 903 972 770 923 167 91 379 574 471 811 597 314 692 504 241 971 93 886 377 887 167 868 472 519 666 477 312 765 363 926 
11
71 997 209 389 418 60 320 972 883 74 872 468 454 644 99 521 93 450 651 681 183 660 118 192 357 319 200 534 227 606 619 414 336 219 341 253 377 51 925 371 744 750 889 698 
5
972 442 240 686 172 305 642 934 751 636 858 213 356 985 822 33 916 989 222 409 
16
374 298 316 152 120 21 218 498 109 939 830 231 277 121 960 139 601 167 461 19 514 405 782 218 102 255 559 875 551 653 163 241 510 919 673 525 451 815 534 951 493 102 475 756 266 425 175 688 971 93 426 764 252 944 515 570 45 98 946 270 278 124 214 124 
3
290 388 334 989 478 661 46 683 302 328 33 354 
5
723 684 792 450 967 658 801 445 517 304 513 94 916 423 29 340 770 98 207 854 
14
858 262 188 211 620 440 528 857 549 71 602 983 829 932 352 507 803 39 78 261 293 588 135 662 628 191 921 232 375 664 789 690 59 264 407 584 621 343 265 832 936 284 496 252 406 358 814 17 636 372 1 108 338 313 110 720 
5
524 52 646 774 473 939 301 564 122 58 807 124 500 135 113 876 269 147 245 290 
26
640 508 925 497 500 663 436 940 882 140 167 856 701 362 79 986 502 719 701 244 86 128 735 543 596 464 571 657 461 168 88 966 766 406 921 568 571 271 760 329 750 219 486 391 769 499 409 722 395 470 407 498 770 808 129 827 817 935 511 796 874 424 275 607 127 793 365 712 841 980 859 359 4 398 53 541 719 891 96 521 677 958 957 586 374 572 363 183 814 78 335 807 797 153 781 365 992 362 38 823 303 436 465 313 
5
538 310 254 999 815 690 685 376 834 585 388 683 492 459 126 790 492 400 812 697 
15
281 134 439 154 481 16 734 737 620 738 121 909 773 72 826 694 905 179 20 411 644 121 133 726 215 626 147 745 785 316 62 573 700 966 323 379 488 437 444 926 64 699 651 89 838 813 704 451 336 988 74 696 902 437 765 218 123 573 315 407 
21
408 526 809 880 350 240 986 896 403 20 420 344 759 242 542 671 544 809 229 267 34 625 669 983 455 219 710 135 834 908 8 734 103 965 369 405 933 707 21 182 678 600 121 380 688 295 512 670 69 439 602 567 674 572 36 254 208 13 428 992 855 119 970 854 244 284 526 964 886 27 857 815 450 568 722 337 325 415 126 850 723 53 500 640 
25
626 986 388 54 470 962 456 649 886 255 582 730 532 404 978 7 38 886 437 514 383 832 123 905 601 695 912 895 185 549 980 60 138 200 354 557 725 94 677 985 942 924 154 798 575 505 687 79 634 604 245 856 628 859 476 420 365 627 896 618 752 624 390 788 113 277 865 3 121 607 542 532 720 173 273 861 86 70 502 556 145 112 829 706 684 177 776 886 744 219 464 460 227 947 318 548 138 103 757 804 
5
684 529 381 147 27 818 354 595 429 227 778 720 63 443 194 744 146 374 980 987 
22
534 578 897 115 25 526 547 704 191 614 950 263 386 189 869 839 483 875 64 755 731 389 381 583 679 466 894 110 982 392 351 746 292 675 895 671 405 926 533 92 507 556 836 885 118 562 783 48 365 541 818 483 666 250 934 805 945 698 638 710 463 779 306 29 202 263 932 106 512 147 124 226 386 622 221 153 405 728 611 343 309 177 797 997 20 34 467 227 
21
380 789 396 592 124 614 3 328 106 419 66 780 804 325 983 33 363 311 33 827 182 194 284 605 911 702 968 367 94 354 416 966 861 502 332 110 618 654 868 932 245 234 111 264 181 680 957 922 831 987 804 754 879 315 951 666 613 586 93 132 948 419 713 483 453 609 278 29 235 592 902 290 502 650 54 544 946 927 652 454 769 212 637 317 
4
187 378 270 842 617 945 417 230 307 27 452 208 238 639 582 244 
1
538 678 897 192 
4
584 960 836 59 513 780 147 940 694 797 905 681 466 336 1 47 
21
506 468 450 856 837 738 235 5 74 571 468 849 351 499 924 807 599 560 587 700 922 240 388 366 68 890 418 334 753 978 669 391 204 971 431 747 783 243 610 553 529 358 136 768 551 800 528 793 942 756 418 259 558 860 459 60 847 772 752 268 859 5 678 303 4 352 955 799 249 83 666 280 103 902 518 783 139 553 632 862 52 352 940 825 
28
359 133 483 172 955 143 924 305 917 951 48 74 613 617 428 567 682 858 417 169 255 911 849 814 198 134 466 17 39 509 134 525 930 261 598 895 504 18 762 854 801 325 342 55 215 155 974 665 517 373 574 481 937 278 920 675 602 375 68 747 593 418 792 50 611 363 415 550 718 33 690 593 272 596 606 640 963 222 347 212 790 195 425 249 108 211 4 747 748 230 109 568 596 590 702 462 618 998 96 394 850 878 773 492 455 689 796 891 510 70 776 229 
10
738 729 667 294 193 59 293 195 944 638 410 485 918 303 501 454 114 455 529 346 302 777 353 978 432 969 860 618 330 420 339 686 477 479 54 458 327 40 45 610 
8
346 532 349 973 724 382 780 478 165 75 752 730 946 91 962 178 849 170 218 304 890 623 844 228 374 621 356 392 510 706 318 578 
30
258 63 661 484 385 935 863 768 643 615 691 990 567 995 776 299 135 130 370 526 396 383 773 320 8 550 379 785 141 179 21 606 602 57 712 580 893 322 609 738 261 308 81 910 667 186 64 939 293 685 126 829 787 129 841 316 652 578 56 100 224 385 649 616 491 923 562 33 178 496 775 645 93 339 540 938 976 417 295 337 668 645 14 293 249 419 264 179 746 138 319 872 200 242 930 111 955 353 94 569 156 460 701 74 279 818 873 808 457 158 143 971 311 2 605 973 437 217 235 337 
12
249 345 670 725 317 157 57 479 482 948 896 137 199 746 195 481 647 858 528 550 23 569 773 407 47 283 754 208 720 558 930 124 66 692 826 640 136 302 901 878 436 900 103 144 359 463 825 897 
25
236 494 732 305 245 945 500 388 223 42 509 917 782 19 96 755 864 284 330 807 849 216 179 802 624 970 58 19 152 199 976 479 566 807 187 411 301 128 252 469 65 206 508 900 818 313 794 282 35 371 978 96 893 524 717 3 136 745 595 206 638 873 78 80 264 526 67 926 88 944 417 831 957 6 734 263 950 839 79 122 540 604 589 467 597 364 282 340 691 829 894 702 465 866 253 237 714 257 688 830 
31
473 421 144 547 746 400 250 811 820 999 257 460 781 388 808 315 264 763 968 609 846 130 790 557 808 478 413 651 882 931 401 856 92 553 341 266 784 725 435 918 644 664 628 126 7 156 599 331 351 590 695 320 213 844 256 335 712 612 78 881 637 690 409 437 23 96 485 398 195 622 245 398 637 174 907 240 42 516 69 406 501 271 967 559 665 885 343 304 81 560 358 102 969 481 408 138 683 481 806 73 257 679 530 113 391 656 791 715 860 47 184 317 58 557 671 372 368 975 818 11 800 264 782 208 
9
257 142 502 450 815 52 158 543 543 920 117 771 52 712 258 13 217 101 618 722 78 822 410 803 256 630 408 545 843 800 604 187 627 961 785 930 
16
893 833 314 317 571 396 950 370 42 493 961 267 822 702 22 374 293 191 833 842 559 507 49 400 779 264 489 80 722 504 303 140 719 19 533 917 226 127 885 432 59 420 197 606 889 731 878 99 624 759 733 729 978 939 362 297 478 820 589 831 186 467 321 653 
30
581 609 883 448 206 579 488 777 661 680 302 791 853 32 803 366 160 922 48 191 988 385 985 377 567 573 708 797 85 585 776 372 31 634 152 351 815 171 312 800 377 882 586 449 843 235 414 847 458 745 288 680 141 201 896 338 351 927 899 871 362 932 539 270 778 658 756 261 32 354 16 91 92 327 94 506 372 166 459 975 298 967 355 710 832 393 709 17 55 244 999 76 388 664 421 99 796 118 30 411 581 509 44 106 675 599 866 211 341 16 379 481 184 244 927 932 875 902 283 726 
25
254 72 554 895 116 861 689 839 33 915 83 545 349 126 904 315 288 693 251 858 225 994 879 355 642 411 782 730 652 931 95 30 724 635 114 603 235 684 939 375 239 194 621 267 90 63 739 112 295 443 541 386 62 421 901 10 137 622 3 634 130 151 186 529 550 975 619 46 692 220 10 71 830 140 745 508 779 426 50 198 564 578 431 67 207 163 319 894 886 846 398 707 895 182 18 446 571 693 469 730 
25
625 885 402 951 800 853 186 756 491 325 819 740 641 268 34 940 739 917 409 676 462 923 226 240 949 248 625 82 297 912 123 78 586 686 258 409 681 101 431 266 414 385 653 913 869 986 237 676 198 275 953 891 261 364 820 611 250 426 483 330 213 474 42 16 464 510 934 32 267 282 271 91 284 846 22 369 900 886 652 372 203 216 403 740 35 712 601 658 373 628 789 605 788 65 906 755 795 11 813 318 
