174
1
236 239 996 645 
1
39 934 219 94 
1
955 104 345 662 
1
324 317 562 942 
1
792 254 232 212 
2
862 821 955 58 877 534 773 537 
2
8 703 25 307 968 832 393 216 
1
269 242 746 708 
1
426 883 4 214 
1
268 391 86 338 
1
264 312 739 384 
1
899 286 298 682 
2
645 247 467 342 983 75 84 120 
3
847 452 67 489 759 291 779 172 229 623 738 400 
3
895 234 900 481 16 885 218 924 794 614 612 463 
1
414 71 811 614 
3
281 815 937 822 530 622 443 684 491 816 711 204 
1
428 583 343 915 
2
928 164 129 932 665 569 91 490 
4
543 45 81 56 975 939 352 157 826 246 833 74 930 285 339 693 
2
178 147 415 598 440 615 84 318 
2
116 110 390 372 317 801 42 253 
5
951 995 895 939 6 443 829 341 261 965 558 770 187 562 424 443 711 492 546 89 
2
821 758 807 776 406 322 981 435 
4
723 268 934 587 827 87 184 702 577 21 767 591 187 669 81 3 
5
799 188 803 244 557 167 869 742 649 317 826 872 423 157 233 536 996 352 513 600 
6
957 760 670 415 959 856 419 428 637 215 843 510 690 333 586 232 25 788 534 799 426 370 357 708 
1
719 239 583 50 
6
3 493 511 432 668 806 749 669 953 645 843 138 797 360 570 107 471 640 724 238 984 819 65 915 
6
914 631 633 701 819 689 59 22 337 134 609 293 737 586 999 667 914 798 243 5 796 87 780 375 
2
91 562 768 563 27 13 798 81 
5
572 588 262 67 864 933 974 511 368 763 776 703 765 529 501 806 789 610 449 106 
6
546 232 489 279 5 140 63 242 575 315 832 599 346 550 221 674 188 826 885 390 98 21 442 742 
2
644 227 866 855 111 637 246 715 
7
912 675 673 344 517 949 977 468 679 47 449 964 260 839 980 890 583 476 800 300 787 965 227 356 387 758 932 216 
4
372 236 318 383 512 363 490 57 946 810 423 626 944 562 338 977 
5
168 36 742 631 852 53 397 634 666 553 410 459 294 218 607 130 500 464 946 832 
6
778 372 765 498 699 365 583 832 188 427 351 725 857 898 726 419 821 16 180 168 977 891 773 147 
2
704 352 3 522 458 597 686 843 
3
497 401 753 412 715 175 33 698 340 395 865 711 
7
509 524 984 87 154 346 834 961 757 414 547 295 7 50 479 969 866 294 586 830 412 996 817 468 15 621 945 92 
3
520 779 947 983 575 358 852 292 529 597 672 886 
6
287 270 613 650 8 682 240 441 702 405 469 796 659 846 555 727 44 930 942 34 9 641 191 169 
2
328 395 843 389 716 576 890 952 
4
901 397 53 384 824 411 538 266 688 477 924 353 359 352 450 842 
4
525 404 376 705 370 832 528 905 873 224 877 377 517 921 321 2 
1
789 356 872 204 
5
18 514 768 751 857 529 160 775 126 840 826 491 578 678 165 513 460 495 374 586 
7
950 375 104 225 759 266 474 443 348 556 807 791 60 356 285 635 311 507 31 943 784 117 469 515 564 99 611 979 
8
530 841 267 190 884 898 623 877 168 820 317 225 279 953 74 834 431 283 848 314 452 763 96 367 213 637 780 850 972 193 272 979 
7
849 450 576 956 677 364 237 400 134 250 831 489 802 410 971 695 385 132 203 975 284 887 639 798 33 52 337 315 
5
219 479 1 656 595 56 322 2 187 743 232 368 974 542 218 268 158 728 367 534 
6
241 614 792 321 294 356 379 786 450 836 385 195 734 414 310 116 333 130 838 455 688 417 389 583 
9
532 54 809 733 825 358 897 493 943 265 978 316 3 486 334 60 197 661 675 900 589 500 697 467 439 241 769 808 522 590 28 447 514 299 621 27 
1
221 611 916 697 
10
593 53 979 799 267 795 410 972 806 62 385 552 55 588 962 434 917 543 933 116 397 427 63 391 775 676 490 341 248 751 481 103 80 302 327 555 652 422 745 880 
12
323 882 429 670 636 302 243 427 360 298 485 969 224 301 678 871 109 748 964 186 759 369 410 883 682 959 22 637 795 494 185 446 566 49 543 694 273 386 807 377 737 56 302 411 991 293 817 673 
12
879 888 846 953 463 609 648 289 592 974 919 166 652 604 454 947 808 948 659 154 836 40 951 275 444 66 816 475 88 429 493 759 66 446 779 850 246 662 286 368 89 455 23 52 470 249 975 925 
3
823 677 156 809 729 464 577 215 607 976 773 601 
5
546 417 173 58 640 832 205 629 337 693 933 69 615 520 797 974 26 99 680 507 
5
748 270 278 596 308 235 945 331 921 734 554 618 959 825 315 468 465 758 443 161 
3
155 217 920 861 142 744 196 230 872 858 424 705 
13
21 802 806 898 16 438 643 295 777 505 249 507 837 321 570 546 388 676 523 55 323 907 246 32 645 387 402 208 735 715 281 662 106 886 294 791 217 7 75 417 333 432 802 931 491 507 569 873 499 90 918 229 
3
348 574 693 927 412 654 931 450 185 738 125 364 
1
590 416 78 591 
6
201 14 585 184 108 279 917 585 747 112 908 425 680 558 703 337 458 174 271 92 430 265 337 443 
5
584 331 791 262 14 376 698 38 924 341 513 575 559 916 642 151 250 923 906 29 
9
539 844 502 60 355 386 2 870 237 984 285 10 392 454 720 503 682 122 335 314 638 759 393 953 279 482 788 870 722 272 160 3 463 563 966 361 
13
98 309 849 197 616 211 408 546 43 25 248 293 824 521 308 228 523 462 831 832 618 898 898 171 189 288 945 163 880 888 265 92 807 945 188 196 170 667 71 648 237 893 241 209 859 20 151 227 84 474 220 959 
9
784 272 577 727 305 248 718 316 494 50 865 172 197 543 515 708 333 934 659 35 685 999 908 747 888 735 163 564 732 62 220 49 9 761 54 640 
10
612 820 75 985 154 628 754 975 482 390 247 334 46 101 510 829 713 480 498 864 903 358 954 491 939 129 246 634 8 406 764 327 371 710 252 116 368 546 405 580 
10
180 807 450 7 2 429 337 135 430 254 33 224 106 26 136 799 548 51 520 248 806 133 50 908 938 322 894 771 263 653 134 228 908 965 774 122 455 980 106 829 
11
419 68 382 558 518 858 875 147 379 401 888 99 821 628 568 410 517 94 272 808 367 145 337 441 995 440 476 774 816 210 632 42 759 929 447 6 903 592 726 673 303 814 361 193 
1
584 116 176 383 
1
514 61 680 936 
10
575 369 940 366 314 893 401 520 25 492 73 167 832 51 81 355 133 34 315 315 82 582 864 450 481 91 315 421 379 589 265 630 542 715 11 901 865 393 624 414 
15
86 120 364 240 361 981 42 299 337 347 280 892 767 431 174 677 400 429 322 517 666 259 489 656 601 856 405 620 319 345 963 501 912 295 216 902 752 872 10 777 351 156 944 414 236 396 950 984 11 471 481 69 561 969 921 550 728 711 560 969 
11
140 924 21 305 12 553 819 522 745 569 46 57 445 89 198 884 684 109 177 586 503 504 392 290 475 281 937 103 822 679 58 477 382 357 733 852 597 452 200 47 13 700 688 166 
13
815 796 667 516 139 416 545 888 351 307 738 44 527 367 869 850 431 197 287 616 158 654 909 856 327 356 448 223 962 520 885 87 801 128 941 967 226 694 409 17 948 131 836 599 25 679 494 745 813 296 912 393 
16
459 124 328 246 842 229 293 190 155 184 738 120 437 717 207 610 401 848 469 337 856 454 972 593 658 542 258 431 469 254 571 919 12 943 902 590 132 186 439 81 240 704 370 537 326 360 330 946 831 700 346 709 716 792 15 358 200 188 881 216 398 742 540 510 
1
232 561 438 93 
11
153 169 623 624 633 110 722 927 871 658 576 818 575 259 487 435 650 204 725 446 979 276 725 573 224 360 553 585 221 939 931 388 727 824 918 962 241 810 267 811 72 588 858 242 
13
207 378 333 210 180 122 277 121 554 246 456 183 543 741 816 892 302 699 952 461 986 685 339 598 291 229 755 144 669 723 705 438 62 456 322 318 561 644 298 22 646 638 588 954 751 132 805 441 272 961 23 28 
9
796 969 301 941 205 982 74 143 826 248 291 52 563 574 298 164 90 188 89 94 508 459 264 675 807 475 694 695 320 263 640 754 738 776 610 475 
14
828 625 759 164 594 740 613 98 683 56 767 85 828 358 139 502 593 158 967 396 216 478 59 85 333 253 809 974 918 376 571 684 39 577 563 586 92 685 482 686 154 312 591 218 673 601 796 165 915 89 925 760 680 321 742 798 
6
237 943 113 338 578 657 957 673 239 582 554 418 475 803 968 509 520 106 323 266 169 520 32 573 
13
958 171 778 435 26 612 362 302 806 737 332 814 770 131 42 597 510 876 354 228 450 930 190 362 552 236 557 343 518 188 847 776 992 696 959 588 705 297 772 850 944 471 897 408 65 559 461 104 922 200 367 902 
7
145 504 489 588 130 807 991 704 97 130 637 113 381 743 516 107 327 141 419 127 711 619 902 749 647 854 583 903 
1
449 902 451 335 
8
941 128 501 636 243 17 370 220 873 597 313 967 470 179 763 39 141 389 706 395 267 200 199 698 688 380 90 489 737 41 955 314 
1
59 992 964 401 
10
244 499 172 170 266 146 154 71 981 203 432 477 444 883 802 561 259 947 858 363 640 281 514 290 404 275 312 876 22 464 425 580 445 433 78 565 167 517 565 625 
11
567 786 951 257 53 643 730 636 469 363 451 868 613 839 219 468 486 423 582 506 981 703 987 692 545 752 479 685 16 621 252 718 115 153 792 745 289 608 424 855 656 84 937 121 
19
201 624 84 557 466 594 565 104 573 189 94 237 52 384 356 621 695 787 301 187 850 407 671 103 705 288 259 661 705 634 970 881 417 163 553 537 161 656 994 289 820 786 458 538 798 571 565 830 452 160 760 331 839 249 966 914 658 662 269 829 863 925 484 599 529 793 828 158 30 704 924 489 859 166 510 753 
3
781 635 71 975 101 208 172 366 989 834 941 934 
11
694 833 791 970 340 716 726 740 532 792 387 481 252 390 284 214 334 822 879 80 395 735 158 831 952 955 249 560 970 420 435 28 525 414 725 14 313 672 462 512 201 178 980 396 
12
195 798 107 529 474 277 567 348 620 714 300 271 380 459 647 242 81 316 25 485 678 463 53 550 100 55 735 130 827 107 102 924 766 599 75 176 675 609 319 729 340 423 357 932 951 308 838 387 
14
262 51 111 443 827 144 129 25 316 761 54 909 639 536 55 507 499 417 586 421 408 281 832 147 91 7 667 977 173 166 930 993 14 412 706 711 988 910 430 264 916 347 438 167 24 76 277 250 95 551 542 841 696 789 706 79 
18
872 698 794 552 136 977 357 527 205 354 622 630 15 203 325 393 861 513 437 704 24 677 259 729 743 766 725 334 432 880 602 158 767 776 40 741 7 151 898 874 514 761 545 247 241 586 900 485 717 505 869 289 588 496 278 185 566 877 189 760 288 928 270 393 465 322 479 211 151 354 550 759 
12
801 296 58 75 193 656 533 172 257 716 656 517 319 394 949 993 179 564 387 604 836 311 579 564 242 932 353 85 946 982 170 285 67 40 413 74 146 635 600 283 963 369 466 926 191 278 891 646 
1
412 841 846 890 
16
362 634 219 145 729 36 648 284 139 887 485 91 306 332 490 381 885 931 128 480 789 352 924 612 311 108 538 962 598 668 253 148 767 427 308 699 385 290 297 367 782 636 897 210 361 908 454 69 553 219 606 868 701 130 116 954 538 425 455 858 448 703 58 824 
15
872 175 292 963 395 114 342 241 378 662 422 568 167 992 240 497 315 378 347 368 788 148 596 739 15 810 755 63 476 719 878 642 526 179 105 256 604 207 296 301 300 407 929 377 894 832 732 974 854 993 331 174 316 957 708 590 380 961 162 367 
15
737 996 641 43 730 783 200 149 927 362 117 158 19 974 158 934 956 998 56 801 968 657 193 214 585 841 75 6 544 145 894 173 142 675 176 598 616 295 194 320 779 155 892 432 453 145 879 37 618 140 34 457 751 993 819 386 594 344 812 631 
15
487 512 762 383 330 177 639 2 628 659 383 838 210 891 431 756 292 221 749 18 267 420 859 821 203 803 462 429 416 721 673 601 756 72 441 920 334 18 437 629 482 801 253 729 17 799 254 989 87 463 435 309 949 76 303 186 231 631 493 633 
12
459 891 617 53 242 755 259 502 927 759 603 691 490 484 794 103 72 706 239 501 494 514 414 31 902 490 251 461 185 63 455 615 704 718 663 725 777 679 617 871 174 512 880 285 893 269 563 788 
13
492 124 164 228 605 890 719 592 134 615 507 455 525 518 516 788 491 912 65 735 492 828 765 870 270 580 800 734 10 768 546 584 622 694 520 872 790 274 640 139 384 475 742 220 668 754 819 723 414 194 914 810 
3
708 120 881 513 198 82 504 510 808 801 341 415 
22
977 115 37 55 356 332 580 10 257 49 700 818 650 461 712 66 442 423 560 371 164 538 30 873 705 569 688 734 25 989 858 278 995 863 861 193 665 11 536 25 778 577 456 197 139 113 518 25 21 482 630 194 680 190 401 811 238 871 786 943 695 490 511 7 101 248 755 830 823 174 295 285 64 528 682 12 365 77 513 167 751 283 162 24 123 57 160 446 
15
441 691 705 317 557 612 175 804 696 571 983 350 774 257 560 83 424 792 332 554 514 331 490 134 722 889 937 928 847 222 474 365 200 37 180 269 132 137 101 783 528 501 546 829 473 664 758 75 410 122 208 66 684 949 609 271 562 651 701 132 
14
638 630 870 407 597 281 970 36 894 558 242 550 315 29 714 876 526 984 520 909 266 757 477 352 948 112 605 675 435 67 616 122 121 150 912 68 107 326 392 419 908 37 628 627 491 704 17 683 641 915 871 427 862 345 568 911 
18
798 269 124 664 697 512 435 779 356 113 990 419 757 419 278 791 283 855 908 300 157 959 684 963 58 231 296 469 558 896 779 583 536 288 760 589 675 495 880 529 251 198 588 413 314 904 610 839 174 281 617 362 847 468 840 3 314 562 923 191 879 62 354 154 275 920 286 405 580 659 363 364 
15
300 579 442 65 788 916 916 289 767 295 453 205 395 678 27 2 775 692 760 251 89 652 54 69 892 452 175 82 626 408 554 707 547 824 517 111 86 289 266 94 475 121 768 255 646 38 683 630 900 654 777 792 57 686 427 377 787 907 78 371 
3
816 371 677 15 459 506 249 437 832 160 199 118 
4
49 209 977 995 958 25 105 519 126 722 89 600 82 626 303 832 
18
266 276 946 870 778 885 798 540 870 171 378 609 388 876 291 913 745 227 747 158 584 468 849 56 640 850 859 996 583 134 453 319 110 611 947 89 234 338 216 228 449 890 708 869 224 763 559 295 706 669 751 688 322 294 468 768 187 498 877 729 445 319 714 147 824 992 859 154 820 484 437 332 
7
330 221 658 530 866 242 836 86 763 359 845 210 725 876 268 512 925 844 993 52 781 87 192 422 472 668 610 2 
10
157 878 136 966 431 929 819 658 458 415 808 344 186 779 475 765 469 54 208 180 601 148 729 81 354 252 54 308 804 568 759 755 402 106 710 309 966 275 256 867 
20
725 637 406 159 245 669 53 661 24 30 573 554 96 534 1 990 473 866 325 729 177 352 340 863 615 257 998 196 930 420 357 225 299 475 54 600 723 597 652 260 964 133 704 788 741 937 309 793 589 201 835 597 680 689 372 756 668 3 487 215 388 854 598 670 738 340 519 538 361 50 304 8 270 106 841 729 58 365 860 807 
13
862 494 494 723 620 663 61 711 666 779 7 453 160 575 95 878 590 347 407 165 939 954 313 960 187 888 749 996 823 928 625 371 325 271 203 472 718 438 790 112 152 406 962 494 154 601 53 860 102 393 102 621 
12
456 622 607 257 667 286 321 414 68 519 168 594 801 100 425 10 608 367 880 930 87 707 810 582 386 204 151 491 919 140 197 141 836 634 784 22 333 907 772 798 419 910 857 737 995 501 521 363 
10
386 197 91 994 829 629 527 442 742 406 100 760 799 542 795 532 993 120 297 753 733 134 911 269 655 225 343 654 11 225 762 331 649 940 589 9 581 500 772 465 
8
996 84 85 442 652 983 440 968 469 406 373 31 752 42 325 27 393 526 515 122 840 479 667 498 507 224 909 678 946 985 641 23 
13
166 610 27 506 729 654 381 679 571 275 894 964 200 877 80 359 405 174 361 608 219 926 879 74 448 838 269 773 371 654 443 973 364 654 857 121 93 633 804 917 270 996 770 563 192 798 724 710 287 160 772 790 
20
414 184 956 45 274 326 519 269 440 899 973 32 374 624 359 127 718 144 579 634 340 656 589 208 668 714 134 119 199 590 230 51 545 161 742 772 243 860 428 425 811 241 834 767 487 291 535 120 259 927 560 95 278 962 530 798 397 37 162 567 191 605 849 874 527 824 491 673 550 300 728 224 956 255 646 582 163 977 280 195 
14
330 450 220 991 491 947 867 746 228 142 69 656 433 584 443 468 1 116 341 444 497 993 67 565 328 945 215 592 342 642 234 431 812 574 711 985 386 437 201 310 833 797 916 432 447 652 680 727 136 159 876 202 658 290 21 866 
5
223 25 146 514 149 865 422 919 427 515 402 250 814 516 38 145 77 385 790 530 
9
200 668 85 918 639 816 218 656 535 510 155 953 929 126 349 11 175 279 763 784 216 481 664 816 470 208 806 129 241 542 554 650 995 141 810 425 
25
967 974 370 749 692 145 58 407 753 420 132 699 538 938 223 728 785 601 608 515 171 304 156 3 687 933 976 433 544 309 53 431 650 437 352 528 11 727 45 290 750 162 483 222 729 803 379 427 354 655 601 852 223 230 29 252 577 48 103 522 672 885 311 995 748 936 809 700 862 414 313 953 707 118 583 630 582 49 736 761 100 76 424 291 17 243 984 492 477 29 298 277 516 861 675 838 769 783 890 518 
16
881 615 67 14 628 243 91 596 292 226 753 216 850 963 234 329 118 516 522 398 751 755 570 167 127 324 285 291 910 975 867 467 893 911 124 263 148 2 650 582 447 514 186 626 794 596 759 162 555 751 597 597 511 113 165 559 615 400 863 415 458 497 184 688 
14
283 867 1 717 100 168 903 988 749 594 691 549 618 443 215 845 287 375 956 390 896 868 935 595 345 413 81 484 151 415 388 423 370 261 347 900 179 545 144 343 601 879 725 824 961 439 802 646 5 190 414 250 983 650 472 427 
4
375 535 930 865 855 947 288 234 887 788 870 528 960 358 26 768 
7
403 139 365 819 730 292 390 741 10 809 337 715 888 637 606 142 803 673 312 751 313 583 855 665 910 585 870 342 
10
653 478 999 2 368 343 149 978 288 234 550 887 189 910 612 693 625 656 886 652 695 78 569 902 937 355 331 553 54 131 417 334 15 696 445 491 916 18 195 129 
27
199 509 702 165 855 189 676 177 221 476 618 963 71 521 744 500 898 606 660 827 601 774 732 839 16 211 509 411 234 617 428 63 226 73 822 213 315 963 363 200 420 976 620 197 925 375 45 387 835 162 307 941 516 323 417 506 232 33 834 163 867 468 350 371 190 912 423 291 241 532 441 54 732 841 826 567 731 594 562 147 239 496 851 950 341 68 703 711 618 859 420 342 309 893 605 897 478 502 588 925 185 562 891 327 908 484 278 212 
13
60 17 625 787 209 295 917 346 103 396 940 38 472 632 540 927 523 818 129 161 735 334 553 367 206 610 541 356 112 68 562 700 537 255 943 164 898 448 939 888 330 545 88 449 351 73 855 616 232 490 804 677 
6
299 855 672 387 907 565 12 574 247 759 88 476 897 123 377 499 51 597 359 797 356 412 3 360 
14
293 957 615 435 823 631 895 762 893 927 875 593 760 651 915 558 935 729 811 327 119 750 190 370 52 606 394 834 927 725 685 197 835 339 730 470 430 752 90 327 798 97 972 488 62 428 136 513 277 147 505 580 5 873 444 29 
21
302 379 581 698 703 661 65 680 901 707 918 394 988 634 853 709 90 729 246 597 177 992 852 696 390 40 572 198 330 841 784 707 256 928 249 520 746 611 371 448 946 799 456 73 546 303 503 160 808 379 47 397 922 733 977 418 884 655 266 210 361 482 574 630 886 566 196 56 281 474 36 273 669 664 40 240 696 824 526 966 743 88 314 722 
22
824 104 86 254 850 15 844 717 834 705 324 727 286 707 237 352 73 911 821 765 673 636 782 441 469 657 612 992 871 30 433 652 855 821 580 388 166 701 801 320 770 507 716 926 191 757 436 999 729 810 797 994 654 116 603 156 488 553 580 394 618 141 135 62 512 394 778 542 239 286 933 984 151 442 307 705 962 493 783 252 935 893 584 667 644 895 300 491 
24
696 146 789 276 395 294 36 227 922 460 699 673 126 872 124 794 440 344 902 664 665 794 433 534 907 668 131 708 140 379 360 677 247 896 234 273 541 269 64 949 703 83 436 460 449 535 343 697 961 790 343 186 246 340 688 45 965 474 546 510 236 705 401 60 213 171 493 986 507 429 476 558 196 862 736 356 355 468 665 164 612 820 550 708 728 729 671 231 158 812 808 547 147 175 54 163 
16
612 261 854 258 525 625 928 687 976 155 204 584 635 705 882 571 837 252 3 515 88 696 400 839 313 58 224 77 740 509 501 886 176 966 510 946 43 372 247 334 381 380 491 500 922 984 161 864 596 746 960 625 409 288 15 224 610 911 287 224 890 991 869 261 
10
516 299 920 323 238 384 901 459 728 683 352 50 344 63 506 113 607 451 636 715 731 288 430 160 83 980 571 837 591 396 979 321 263 438 102 193 789 958 801 990 
18
565 193 461 796 844 660 638 938 507 858 288 378 732 281 998 101 873 532 804 29 119 982 288 897 19 591 863 233 350 435 356 856 858 845 471 639 230 269 134 911 902 681 599 732 490 730 446 78 412 436 938 82 317 807 10 653 862 254 417 151 294 642 862 40 827 263 76 156 603 429 372 255 
11
809 799 70 267 613 763 627 486 497 883 810 26 389 581 118 275 857 59 89 113 536 8 534 702 808 29 920 535 61 431 894 182 30 94 52 634 80 773 600 647 396 902 119 431 
3
460 167 275 287 598 222 713 739 922 68 361 242 
28
171 179 488 933 364 794 674 35 742 544 834 45 130 853 541 404 960 109 703 863 938 507 865 656 979 568 929 640 955 941 278 545 177 979 201 682 45 915 317 202 152 531 862 891 110 723 600 594 848 886 634 136 928 526 806 806 31 816 760 266 195 174 476 766 454 376 38 526 355 347 456 661 507 423 966 869 524 695 478 807 589 542 442 464 164 665 381 291 999 42 558 631 92 670 740 623 86 626 780 352 563 731 770 37 978 718 128 603 545 699 353 474 
4
435 6 799 343 611 481 580 400 785 380 17 655 618 257 342 429 
14
274 753 450 291 176 306 381 720 829 99 683 649 750 481 471 871 718 372 855 634 970 65 177 762 741 568 6 115 339 137 5 463 288 871 973 688 111 153 177 520 785 753 134 32 431 113 521 336 483 231 818 846 417 389 134 968 
18
32 744 865 581 524 533 759 28 494 870 233 433 467 696 627 223 34 523 374 254 554 124 530 788 682 695 470 872 614 205 16 67 950 290 209 39 866 236 771 800 406 235 630 568 246 792 190 322 647 767 315 642 611 716 555 28 1 622 680 850 539 893 686 274 923 388 115 741 239 134 559 901 
24
486 413 307 336 509 163 800 882 657 878 71 701 538 809 560 561 499 915 316 472 275 419 641 482 101 630 306 58 517 217 809 432 653 77 459 607 642 335 747 237 645 482 838 67 968 333 225 111 67 955 266 488 747 245 82 784 574 386 771 939 832 357 554 953 145 10 871 557 182 832 505 586 510 885 180 987 366 811 730 234 810 701 617 749 867 708 230 378 586 463 193 633 993 12 517 311 
9
105 303 148 1 158 884 957 154 169 926 708 521 409 140 417 232 274 582 632 623 237 609 677 827 235 963 102 660 296 349 960 103 690 201 261 65 
18
474 210 66 705 920 94 377 428 775 625 396 889 514 567 921 884 728 828 648 61 689 583 596 704 200 703 377 252 152 377 2 730 975 51 129 132 192 853 100 75 906 769 209 54 807 238 200 950 71 607 166 885 710 899 402 912 185 663 930 69 247 108 844 31 180 987 266 847 124 851 598 736 
13
471 161 417 130 223 60 616 236 279 385 776 858 567 448 666 275 795 232 348 885 106 148 391 471 490 252 495 701 33 509 592 822 474 113 48 33 648 765 669 487 493 356 82 101 378 835 790 720 572 495 874 820 
23
667 762 318 130 760 706 601 861 571 305 996 29 308 604 577 722 428 951 416 561 763 157 773 263 442 152 17 529 587 856 629 83 612 781 565 104 662 195 68 131 480 882 939 822 431 329 368 170 663 894 774 672 3 352 187 698 566 404 100 861 413 627 938 663 471 872 927 757 762 622 560 689 761 726 54 597 899 570 705 269 113 302 641 591 190 408 581 310 354 10 399 331 
26
93 188 478 696 215 738 66 351 392 297 424 985 579 329 440 971 618 157 242 743 442 33 60 64 888 325 74 850 838 854 709 264 960 893 962 304 799 24 547 268 531 931 108 358 472 710 235 653 458 663 235 260 573 113 575 102 534 334 150 454 945 374 650 269 13 12 974 245 684 744 178 815 807 756 777 987 194 622 480 852 380 351 114 493 331 238 175 723 365 111 31 625 429 629 891 720 721 618 404 482 993 685 292 152 
18
723 917 746 898 674 212 777 880 781 285 665 77 337 68 842 213 385 647 937 18 899 858 269 316 189 758 350 832 909 57 710 513 101 878 374 991 253 503 681 921 482 577 759 38 332 509 474 656 612 694 189 704 136 23 986 943 574 378 101 574 852 446 399 936 43 535 920 554 266 905 568 819 
1
629 535 503 43 
22
629 398 96 212 654 448 343 814 664 523 750 634 987 145 640 736 396 115 276 241 772 881 563 981 488 913 595 135 98 538 228 47 52 953 187 66 556 484 215 624 529 8 117 171 772 147 74 368 26 299 445 23 12 179 717 93 668 390 691 879 314 753 373 437 516 947 700 664 871 676 647 996 21 141 588 214 251 92 499 97 993 672 127 68 570 752 61 208 
28
688 527 224 597 851 592 729 589 269 721 820 58 150 90 519 117 439 514 784 726 460 290 618 558 927 916 732 956 170 282 93 255 404 482 789 126 893 423 69 122 252 459 204 101 750 516 93 618 38 96 564 191 707 79 730 67 614 661 687 191 666 925 507 273 920 758 572 184 926 321 620 399 927 399 589 356 904 659 447 462 267 392 754 524 82 821 462 448 9 483 964 20 206 30 464 203 745 340 748 792 526 953 112 897 968 427 77 182 389 215 907 247 
2
968 537 868 983 651 480 764 159 
18
521 93 376 558 857 748 630 705 864 655 922 278 610 211 450 224 288 75 954 166 13 677 492 848 418 181 11 601 437 192 608 678 506 48 152 714 888 243 222 642 864 443 98 410 519 788 396 493 659 269 68 311 353 865 505 467 369 441 23 819 924 975 158 546 687 765 957 514 388 58 518 698 
6
300 715 615 85 164 76 403 280 808 36 341 949 376 161 929 137 145 808 516 266 932 965 699 755 
14
478 618 675 485 436 712 469 889 567 218 122 785 136 553 697 870 775 325 397 747 15 155 908 351 213 618 386 177 794 551 189 323 383 284 48 625 601 786 815 983 831 648 460 886 18 818 855 802 362 815 957 549 44 999 859 636 
19
412 518 951 53 420 286 687 240 115 581 431 242 98 141 779 832 286 450 872 505 972 11 404 56 738 780 573 374 873 20 551 919 712 250 306 862 63 630 412 766 605 721 554 314 745 989 72 516 480 586 67 185 548 297 260 424 467 633 182 230 902 268 164 376 109 373 805 965 789 812 332 626 366 623 698 396 
5
738 611 648 336 628 486 498 744 591 842 72 453 502 2 655 340 921 947 377 774 
2
473 793 602 159 508 909 36 406 
28
661 128 844 81 750 948 543 129 347 887 237 478 173 17 307 130 560 244 713 438 611 945 102 300 443 904 217 41 12 561 966 347 360 423 100 380 33 294 959 920 249 166 563 288 726 726 607 39 832 40 190 577 790 177 776 616 496 116 210 431 40 235 573 551 253 651 743 320 685 320 739 994 926 421 611 901 910 58 317 326 134 345 675 810 573 66 774 53 866 149 572 566 426 752 439 368 800 879 166 561 469 791 441 958 825 281 601 13 91 711 280 857 
1
268 962 625 883 
14
987 802 834 990 582 327 372 692 971 507 993 726 920 823 976 748 779 515 932 140 485 830 900 624 692 578 10 734 265 858 725 420 548 49 820 743 464 203 391 571 348 236 616 625 866 708 491 352 862 153 972 174 78 230 753 365 
14
82 586 197 666 554 400 275 307 288 917 599 639 452 698 272 462 536 702 291 97 626 804 528 372 961 792 298 245 851 410 241 174 556 163 5 382 795 80 795 456 856 882 908 560 473 241 251 684 181 708 198 352 984 384 360 203 
7
818 479 832 872 716 271 294 962 644 475 897 266 780 205 910 740 158 439 533 30 765 905 237 323 432 809 118 706 
24
163 402 215 212 900 751 543 580 450 851 643 395 173 515 881 641 777 218 451 752 617 654 908 364 94 466 220 550 266 264 398 599 982 219 544 137 585 245 646 648 328 630 870 50 188 111 178 314 545 708 368 282 898 678 165 919 704 722 591 28 222 487 748 548 154 361 235 492 783 608 901 803 227 162 565 392 198 219 615 518 413 108 210 564 325 64 675 280 973 43 162 719 323 100 806 829 
34
404 494 91 233 393 597 199 824 968 264 315 792 307 783 823 156 696 442 936 830 79 716 179 935 382 523 199 467 377 919 988 321 887 369 75 554 469 348 775 427 447 82 375 589 779 425 334 240 174 253 439 42 137 444 919 117 786 338 69 90 22 629 730 462 20 784 696 218 210 296 9 760 208 990 300 262 409 920 294 670 782 558 72 271 771 951 706 718 114 504 375 123 815 197 53 341 413 564 538 26 251 224 763 559 629 536 311 524 836 663 662 69 258 670 698 581 960 551 12 356 11 967 649 242 838 123 918 271 660 533 362 390 906 148 658 256 
