184
1
257 857 634 472 
1
967 408 668 612 
1
748 201 518 267 
1
999 293 986 925 
2
8 594 956 476 742 351 293 321 
1
814 363 64 852 
1
473 888 188 777 
2
477 884 657 265 641 687 366 112 
1
565 890 853 88 
2
985 287 383 724 920 916 102 521 
2
966 216 162 539 903 336 340 157 
1
439 713 382 902 
2
540 723 96 544 619 125 180 860 
3
631 95 306 800 685 394 97 917 490 256 775 553 
3
267 342 739 988 906 843 620 798 705 719 603 294 
1
604 286 721 280 
2
902 4 426 112 505 779 730 690 
1
392 404 825 437 
1
64 798 925 244 
5
763 229 938 740 228 56 40 150 568 556 935 876 903 843 932 159 559 771 506 737 
1
980 643 682 631 
1
740 37 229 736 
5
411 304 743 904 541 379 245 503 443 951 559 214 821 201 520 342 154 498 54 921 
4
847 843 4 424 259 912 513 924 653 298 444 768 270 475 180 937 
5
566 706 484 417 694 206 343 297 716 620 191 705 834 701 45 272 568 823 835 709 
1
471 714 900 879 
5
819 711 929 994 219 546 225 244 726 232 30 189 877 618 505 908 403 253 162 47 
5
144 85 907 756 677 22 37 567 409 686 798 725 798 83 453 278 347 197 862 770 
3
36 442 453 463 431 353 577 637 407 70 584 994 
1
1 185 46 795 
7
741 23 678 930 95 545 446 455 718 107 695 488 129 103 585 415 559 290 965 700 908 260 620 314 194 176 595 604 
7
649 164 678 816 341 253 342 380 471 155 61 576 600 213 655 819 1 500 704 922 922 336 418 730 182 688 915 475 
3
19 168 641 218 268 537 589 234 299 457 498 505 
2
169 659 926 3 303 651 662 203 
2
690 908 718 275 681 840 822 607 
6
279 255 676 288 661 902 589 317 49 915 941 963 685 226 359 182 982 917 376 943 470 97 138 720 
7
61 56 525 479 902 738 37 351 847 746 141 859 880 133 479 812 99 548 847 671 716 957 280 866 724 244 552 603 
4
740 156 696 877 92 710 755 515 517 242 257 195 175 680 454 342 
3
765 633 136 344 978 895 42 54 95 891 590 5 
1
206 648 115 787 
3
62 965 322 326 72 490 957 601 625 33 753 846 
7
974 519 781 700 736 367 703 130 50 30 655 897 165 767 632 324 369 242 265 41 735 32 190 969 770 402 372 134 
2
799 152 758 338 852 70 82 81 
5
892 553 896 163 637 328 650 683 475 887 716 832 481 84 788 135 701 3 935 943 
7
107 901 950 244 736 952 462 804 125 574 350 617 362 890 671 345 803 354 252 500 739 446 434 239 428 608 138 788 
3
647 745 995 472 663 295 428 762 917 349 674 970 
3
743 818 782 63 624 245 577 199 257 236 333 630 
7
730 957 981 632 519 924 994 800 814 697 922 604 777 651 643 361 575 668 55 315 918 917 20 846 877 584 430 298 
8
396 708 308 648 649 380 343 476 167 104 415 36 872 735 569 375 349 328 745 184 415 382 427 493 518 726 585 256 831 999 997 34 
2
412 881 91 945 181 133 330 326 
7
310 407 754 328 98 926 477 494 762 470 957 318 354 177 90 192 693 876 980 442 163 870 86 710 656 378 462 838 
5
409 377 771 232 184 228 462 412 910 195 722 729 189 759 432 883 273 907 822 566 
7
750 142 153 330 741 637 275 624 118 2 874 905 964 798 628 926 456 38 633 142 880 499 177 829 400 896 999 573 
2
986 455 713 595 505 317 811 992 
8
65 653 506 878 683 657 246 941 675 805 942 55 504 196 524 63 502 738 37 374 450 391 247 959 633 152 299 397 206 508 259 329 
3
581 66 680 176 699 176 759 144 283 235 528 113 
3
760 608 660 531 396 114 1 627 426 834 606 412 
8
241 120 539 435 772 423 388 604 277 531 518 93 937 827 274 34 224 686 799 522 187 891 87 378 680 700 441 35 487 739 735 559 
8
431 116 256 79 938 446 150 866 999 415 14 568 919 793 344 127 95 939 235 764 524 586 390 79 345 492 643 499 593 573 760 528 
13
871 71 473 884 304 736 922 758 745 418 186 122 160 650 596 38 736 490 902 689 722 164 399 762 107 728 435 122 872 10 872 1 582 322 579 30 993 74 264 431 740 349 640 824 929 540 841 262 744 718 507 577 
2
345 616 280 643 924 84 683 469 
5
578 301 122 181 30 432 156 639 515 758 488 465 716 137 801 552 386 659 251 444 
4
613 294 520 859 603 581 956 955 399 398 134 587 86 83 659 238 
11
683 192 260 375 336 860 47 334 724 497 423 330 658 435 270 226 174 733 825 152 452 168 397 559 112 877 312 385 797 558 601 331 531 252 330 706 988 157 341 879 375 410 259 665 
12
928 99 7 504 317 660 956 918 370 803 168 70 482 289 450 45 508 961 703 770 563 950 997 40 186 927 520 825 196 909 444 704 954 106 714 417 574 659 916 124 949 140 38 555 816 797 837 56 
3
225 176 548 238 75 350 991 341 644 704 510 234 
9
244 442 184 601 460 31 954 799 652 820 451 340 245 629 145 606 796 400 732 745 47 998 746 60 283 113 375 194 611 462 523 876 559 406 996 927 
2
585 137 848 363 812 534 364 76 
9
115 721 892 234 138 390 700 628 679 496 13 116 132 678 516 791 717 375 501 361 431 103 167 749 157 689 177 567 351 994 713 175 347 931 367 886 
5
826 374 890 305 918 22 771 297 158 471 152 691 809 107 447 888 829 564 542 40 
8
259 177 840 456 752 689 68 191 460 717 54 130 6 917 366 448 541 669 72 522 966 685 748 323 1 610 947 161 744 952 215 956 
3
344 945 796 688 796 318 361 920 153 412 94 42 
6
7 595 238 470 953 335 658 796 782 699 692 998 285 498 93 202 673 295 197 855 10 705 287 885 
2
388 35 769 422 624 939 453 79 
13
429 434 24 897 801 93 648 810 725 298 707 577 646 475 20 946 16 816 312 925 184 173 685 180 201 410 537 500 617 210 562 502 365 55 370 610 180 162 563 464 133 856 873 725 910 222 992 85 974 735 827 253 
11
409 109 920 365 507 918 261 988 584 950 4 821 849 703 946 673 188 623 365 935 188 803 647 830 449 146 342 452 604 954 492 531 415 253 992 132 347 767 782 617 165 77 192 353 
6
769 229 421 16 54 117 941 451 257 44 245 995 603 872 951 369 922 418 141 485 306 754 487 688 
2
420 602 319 728 525 27 705 206 
3
737 312 903 230 99 677 749 891 957 633 41 245 
6
414 266 554 285 231 942 471 929 890 620 49 969 795 543 408 37 317 581 372 450 103 543 838 308 
6
360 316 500 112 24 596 846 335 198 605 205 806 93 787 948 60 895 116 74 189 726 111 780 543 
10
81 736 187 947 696 930 571 983 169 961 105 692 419 664 907 526 491 641 855 800 346 17 434 643 219 264 797 879 667 455 493 294 650 740 720 721 795 152 47 338 
6
567 958 220 462 39 245 639 12 12 642 781 523 879 185 288 856 892 174 199 422 402 61 704 993 
12
694 861 186 755 580 885 596 451 317 685 760 150 674 497 683 931 613 661 640 912 811 330 261 349 920 295 547 376 809 259 636 809 776 445 795 491 807 54 623 883 998 447 250 867 947 597 775 454 
18
567 952 698 543 858 250 463 273 247 645 500 833 100 923 681 902 2 483 145 663 673 718 558 428 552 637 829 711 106 59 577 319 852 620 413 448 668 465 346 865 201 511 437 843 93 819 91 45 697 572 132 172 864 788 398 2 297 73 321 698 171 277 595 237 919 392 266 177 548 597 15 792 
10
63 581 359 858 595 531 463 458 167 953 263 878 866 724 762 494 559 396 256 683 654 439 610 891 681 756 79 836 168 713 949 87 891 773 897 442 31 812 546 972 
18
471 39 293 966 58 493 252 910 861 61 976 317 945 90 3 157 582 809 976 344 913 586 491 645 126 294 77 918 998 319 784 352 630 754 513 428 677 982 909 253 287 753 902 143 571 853 522 704 928 860 418 737 676 457 692 982 606 689 131 492 513 408 641 554 730 16 401 555 828 197 668 420 
12
206 743 36 599 691 380 120 981 810 844 110 689 749 376 527 600 211 187 214 188 6 378 895 41 45 394 504 16 686 717 24 494 663 718 702 323 327 117 512 967 783 114 533 44 831 395 615 216 
4
819 906 51 168 947 551 262 555 458 512 447 30 84 965 505 604 
13
778 433 745 267 371 888 961 651 986 973 122 673 516 692 254 432 579 316 735 838 609 32 429 679 855 586 705 843 554 288 718 647 972 240 582 968 495 933 47 745 102 703 162 942 926 999 869 367 277 169 312 394 
14
195 421 402 493 971 635 891 948 616 920 743 443 88 302 515 613 286 325 916 415 245 943 703 778 418 495 135 486 274 609 740 111 228 304 673 636 818 633 188 819 642 860 978 218 894 356 447 314 265 109 810 138 211 778 189 341 
7
913 164 622 824 717 356 561 361 387 770 276 915 109 513 366 464 709 462 467 46 501 615 190 14 661 724 392 153 
6
22 415 988 338 324 851 238 34 600 400 85 200 454 318 463 292 203 83 354 485 812 512 652 39 
5
922 336 503 602 462 174 251 510 124 684 114 274 870 164 817 522 841 505 894 538 
20
39 260 274 806 54 805 188 257 164 433 20 625 665 57 701 783 912 724 500 326 746 85 514 645 165 546 402 592 572 366 300 469 403 286 198 113 603 437 759 900 240 229 53 520 446 173 540 700 634 991 925 779 120 883 632 691 880 306 74 917 417 555 14 929 755 229 703 574 374 733 916 778 19 879 171 40 912 759 889 902 
12
358 633 427 611 42 537 225 10 596 748 414 233 96 466 698 133 539 583 310 569 173 325 446 697 759 478 750 951 985 265 661 299 112 117 661 162 522 578 928 24 862 264 603 605 772 154 577 317 
4
735 434 874 285 978 206 660 163 504 629 374 727 54 174 79 867 
19
585 414 734 505 272 49 521 897 878 901 18 565 136 795 807 760 870 765 934 584 147 188 626 232 260 149 747 493 618 29 45 909 664 764 313 320 828 785 133 824 241 824 783 782 489 362 54 872 915 749 275 918 992 300 486 513 155 556 262 263 610 11 257 993 823 788 285 443 980 654 220 915 114 803 374 282 
2
10 489 672 727 604 491 368 987 
5
31 283 187 321 888 196 14 134 312 930 687 611 568 790 992 50 874 116 527 189 
6
534 627 593 399 24 391 538 95 711 67 631 733 986 910 506 468 896 459 624 275 817 277 935 861 
4
270 58 427 132 363 724 392 824 211 147 449 431 561 250 798 97 
5
62 594 215 962 492 538 528 674 709 817 990 365 102 909 702 39 559 494 991 248 
6
968 475 509 86 575 933 102 123 863 543 623 174 289 657 383 833 989 609 823 771 807 530 915 497 
13
94 124 376 522 159 580 989 710 428 522 937 760 250 316 731 840 21 522 589 205 986 241 593 787 20 501 724 482 930 834 665 480 690 322 547 618 261 658 851 414 618 660 585 406 148 788 717 179 648 218 771 836 
1
458 998 589 578 
18
416 941 244 856 513 485 344 557 191 362 679 829 462 548 755 397 821 803 641 573 708 643 618 801 838 845 67 112 735 893 122 125 540 575 768 427 462 705 883 221 68 781 373 333 633 858 90 351 521 701 27 67 868 249 641 135 133 116 396 137 614 26 236 792 710 544 572 916 216 877 353 359 
7
781 661 936 279 323 47 520 327 228 33 187 731 999 38 58 420 862 199 57 346 339 356 210 654 739 351 687 703 
12
141 523 854 109 10 452 651 401 734 127 323 929 230 909 909 144 949 392 961 142 423 829 40 199 445 372 764 374 612 897 61 673 379 781 5 164 658 458 341 174 784 178 68 462 571 741 999 917 
14
445 553 696 90 616 272 361 104 321 900 660 619 384 943 715 968 652 567 271 372 858 577 937 852 166 163 239 553 812 505 176 711 765 927 705 639 747 809 908 547 800 858 879 398 438 654 632 471 311 379 552 829 347 52 307 821 
13
545 611 454 446 133 402 626 928 766 585 867 739 8 142 547 403 399 365 773 857 973 133 117 600 685 519 132 894 467 120 305 41 21 559 138 760 128 904 454 512 150 79 667 564 399 208 413 723 175 261 637 403 
9
299 710 929 371 21 536 498 524 656 617 217 291 535 589 883 120 268 31 967 308 317 583 223 699 167 611 362 670 82 438 3 170 816 794 486 333 
17
718 169 410 535 672 602 866 156 870 343 331 724 951 315 559 466 41 445 637 527 701 47 697 807 704 197 444 479 408 25 284 415 400 970 719 18 949 442 58 144 361 589 579 961 501 463 103 823 156 150 192 927 847 377 193 152 806 256 522 348 437 244 435 669 750 937 316 213 
10
756 181 868 919 363 95 556 721 373 781 417 438 340 630 729 36 983 558 67 18 791 327 628 782 754 942 108 78 671 21 434 81 151 819 183 930 815 100 819 342 
24
954 291 67 582 207 578 685 565 615 3 892 101 536 217 260 374 377 9 388 43 181 928 650 600 141 612 539 7 549 710 147 974 268 940 678 138 159 894 916 243 412 165 574 708 371 292 39 769 660 932 883 160 173 953 338 676 335 166 397 89 614 443 501 945 595 624 635 51 787 43 771 57 14 940 736 657 690 586 246 812 292 256 381 897 698 961 655 498 157 955 750 62 421 917 605 350 
11
88 417 830 713 497 484 523 45 198 478 579 104 439 166 268 727 762 438 201 614 498 532 32 748 108 570 364 941 818 323 388 673 760 687 610 906 522 907 984 91 46 644 958 452 
14
771 443 738 180 799 388 927 358 616 301 573 24 237 442 325 949 789 564 133 692 851 284 821 99 843 647 878 792 257 29 768 954 514 681 359 888 4 233 226 991 65 423 768 146 402 686 770 763 693 651 848 20 935 358 349 667 
24
504 732 247 302 286 516 8 594 992 878 255 730 113 162 92 98 610 48 657 99 187 29 369 85 944 47 843 151 640 498 97 48 60 464 846 663 460 770 40 256 27 823 864 984 704 60 349 287 187 492 109 150 137 348 489 721 453 486 315 583 445 250 84 959 297 256 188 961 764 712 368 260 180 830 145 537 187 227 186 202 139 284 33 158 696 52 506 127 906 687 338 223 134 694 809 830 
20
950 540 988 39 833 760 979 768 575 259 908 208 628 943 792 528 361 460 946 906 810 80 879 156 70 11 917 2 542 231 293 278 131 161 427 899 804 725 294 712 11 6 514 358 733 637 276 795 709 974 401 141 871 99 834 26 20 221 517 827 962 889 907 34 119 133 343 663 55 23 7 916 881 51 749 727 997 246 720 142 
13
96 441 931 618 812 584 403 801 798 728 536 516 474 615 570 201 387 301 324 74 885 306 614 972 827 635 346 779 460 533 205 216 93 610 816 928 949 374 919 869 767 635 859 609 747 954 268 216 647 28 651 213 
12
39 771 940 916 85 725 365 352 109 717 830 964 964 554 200 385 186 373 819 393 988 326 572 955 439 554 627 428 61 934 719 707 801 115 629 645 10 555 37 668 232 181 112 754 687 664 10 724 
19
389 626 262 822 515 72 876 801 100 342 723 477 444 53 605 39 133 111 615 830 583 93 606 277 871 296 548 791 916 978 194 570 835 387 592 948 451 624 497 800 268 289 655 840 652 999 450 62 594 339 14 458 554 839 939 45 780 588 65 801 156 362 264 337 687 513 314 843 651 682 981 98 467 753 586 533 
13
402 31 824 814 763 736 128 131 255 400 899 662 217 860 981 621 28 946 113 175 126 639 368 182 359 686 381 59 956 927 963 820 608 817 955 263 590 182 413 820 237 564 547 365 205 207 770 682 808 88 484 673 
24
855 812 855 432 13 84 456 316 211 855 515 450 27 764 337 619 796 152 881 327 133 244 808 116 337 312 320 754 342 297 970 741 641 501 937 275 316 402 293 438 519 3 328 236 967 75 482 558 32 232 196 239 64 492 593 169 497 554 426 474 252 590 208 880 778 330 977 198 583 157 513 401 953 629 169 333 480 403 51 613 235 2 693 248 125 188 749 160 502 684 906 88 276 258 293 22 
20
77 480 973 546 319 804 827 636 226 975 728 459 105 33 132 611 483 98 903 199 894 29 113 774 302 346 936 203 144 649 924 20 179 441 715 299 178 341 724 221 225 145 308 448 741 16 646 687 925 101 827 799 235 948 34 115 583 671 921 510 910 64 369 820 684 762 991 574 911 756 512 240 679 704 467 497 623 11 508 628 
8
513 890 235 339 917 799 359 418 33 383 573 281 819 699 822 124 884 35 445 798 80 211 440 553 864 172 776 376 398 780 183 401 
14
221 273 747 494 653 376 786 549 911 34 298 116 680 388 653 908 932 593 353 880 532 517 568 474 374 556 470 674 572 514 747 509 920 80 380 10 197 246 679 497 131 422 147 560 456 242 188 827 410 688 344 281 445 674 13 588 
12
118 219 797 406 370 754 391 130 106 514 193 96 704 787 330 862 623 263 112 767 53 821 940 82 634 598 887 295 664 9 516 651 639 129 412 597 43 651 362 415 272 447 913 712 469 253 948 652 
25
388 185 357 229 33 826 390 372 710 81 961 546 253 197 685 664 169 698 106 400 942 645 999 594 187 620 534 425 894 705 749 377 269 587 570 530 497 70 422 232 929 697 400 216 882 373 424 551 908 966 150 688 170 430 203 755 696 51 290 884 343 155 877 506 695 942 369 129 664 782 682 446 236 64 307 517 145 354 253 227 924 281 316 764 37 431 205 291 950 618 801 138 297 151 612 449 710 368 246 851 
26
813 708 354 930 339 891 177 506 554 836 251 316 547 330 70 722 91 746 695 756 809 425 332 34 272 532 127 262 733 669 574 519 724 335 803 323 1 652 665 108 454 783 110 485 413 578 50 462 634 924 488 464 611 178 335 347 264 141 394 804 139 111 19 129 576 536 708 235 654 7 823 894 353 602 246 73 822 426 506 864 894 557 518 255 649 503 846 756 786 224 461 642 230 775 608 893 758 444 106 760 531 718 716 677 
10
250 918 994 455 982 298 435 794 628 414 736 670 205 183 524 810 372 689 381 935 8 567 870 109 81 279 596 48 925 93 392 128 213 981 209 563 781 646 144 16 
23
815 720 844 853 10 253 374 805 889 301 31 538 641 223 664 588 314 678 591 471 369 996 520 853 69 861 487 748 935 593 72 300 629 745 499 194 277 771 345 359 512 1 537 49 697 987 399 544 730 417 373 720 712 612 328 884 838 324 260 846 918 416 748 494 842 320 895 528 314 471 115 825 720 75 5 875 181 413 76 193 230 71 212 143 830 336 50 346 430 534 309 674 
5
174 333 695 995 972 500 584 657 461 887 212 68 15 125 640 418 965 807 958 263 
6
872 809 705 894 591 710 616 212 791 155 130 677 216 872 348 559 424 636 1 708 993 670 580 955 
26
643 154 624 402 783 642 953 942 975 699 271 875 132 163 989 779 516 854 743 391 131 445 851 619 864 732 6 666 454 984 110 340 184 346 995 966 15 581 630 192 927 732 428 210 434 418 440 966 231 868 968 344 405 97 672 382 509 109 279 176 803 599 93 742 218 212 382 111 550 125 603 521 495 863 406 556 125 825 200 586 764 816 451 207 145 234 147 720 870 92 408 371 246 279 292 610 862 520 306 921 901 603 508 416 
13
57 943 643 129 351 222 888 295 651 892 417 672 575 721 598 800 897 163 674 367 570 115 908 810 864 494 691 308 436 245 540 107 990 623 577 569 131 51 417 698 21 371 916 813 775 569 613 118 421 616 788 957 
10
835 817 764 848 178 118 330 942 568 458 383 604 964 55 716 441 335 909 216 28 875 890 778 710 435 337 566 9 20 367 2 732 656 906 281 489 484 729 994 113 
10
826 520 659 634 105 858 928 954 3 156 775 752 352 343 215 687 769 558 173 312 175 272 684 175 416 960 290 46 595 847 380 396 330 174 68 953 528 379 973 596 
23
485 738 333 939 137 65 963 3 969 62 661 461 496 348 409 627 14 192 49 710 478 166 301 940 312 188 863 775 981 626 98 66 177 92 906 221 76 655 208 239 942 10 221 414 113 622 871 300 165 420 568 239 784 876 878 276 383 952 908 876 214 499 362 151 377 317 752 667 786 118 221 341 4 257 555 833 779 827 248 105 499 270 215 308 546 371 569 745 111 164 921 540 
5
139 330 190 785 23 480 378 924 384 548 691 681 545 359 238 345 203 330 77 159 
9
686 290 459 366 234 759 509 596 146 62 995 626 957 357 89 353 916 728 269 320 983 758 516 823 955 508 7 194 103 627 693 710 481 768 855 438 
11
468 959 50 695 91 760 790 178 258 824 624 266 735 719 478 464 370 205 36 751 78 733 176 219 186 99 752 393 934 188 839 42 678 419 862 566 886 448 1 295 77 141 150 637 
24
777 843 184 523 461 73 929 321 346 691 434 883 901 277 393 834 227 513 957 41 913 623 349 757 841 951 611 424 809 267 229 747 194 37 702 956 797 222 273 729 858 367 868 914 453 392 957 57 923 561 293 763 748 882 509 536 474 344 54 746 656 512 850 826 317 915 856 737 785 296 266 719 9 288 272 308 250 737 91 586 410 21 779 121 570 704 324 709 831 419 127 486 245 883 180 479 
3
154 97 676 539 859 623 792 904 409 99 295 537 
12
122 191 768 966 550 651 809 521 954 332 700 351 387 85 681 831 803 805 364 512 658 622 232 413 58 35 836 915 770 658 899 49 739 982 637 747 287 756 11 66 396 100 748 808 510 175 216 2 
26
300 996 268 335 246 958 258 270 914 514 924 728 442 817 789 852 631 145 459 104 639 16 7 515 719 766 558 397 560 664 312 369 247 38 57 308 841 589 927 297 958 526 444 633 646 152 982 442 577 906 705 660 385 323 104 16 608 432 405 612 165 400 755 114 202 87 62 336 824 225 574 474 736 247 728 628 304 409 104 847 766 381 466 824 261 537 907 102 732 211 348 104 590 739 198 141 47 372 823 187 896 553 786 752 
23
366 221 234 646 124 638 367 153 850 321 774 432 735 992 892 715 157 238 466 334 332 499 525 501 988 676 364 548 994 435 257 873 24 613 245 444 695 424 484 818 389 48 272 294 841 875 425 554 563 163 67 595 86 167 95 313 235 848 434 772 677 281 587 992 52 903 657 277 47 910 930 819 353 584 73 729 303 857 387 547 524 133 359 305 439 130 926 939 599 311 676 381 
30
884 868 486 475 358 429 178 230 717 91 886 488 912 221 526 749 953 792 788 186 802 444 525 133 435 622 900 415 728 890 768 315 942 501 7 401 478 922 572 163 708 650 380 163 830 539 832 582 314 990 466 376 713 69 148 188 412 724 480 876 422 958 484 497 33 483 218 662 724 368 985 96 172 724 649 966 669 853 4 440 486 488 74 94 457 271 957 358 136 97 118 474 980 94 414 324 237 261 653 150 821 743 3 144 922 624 196 774 784 129 399 646 635 612 126 927 266 300 178 211 
16
821 888 956 775 606 677 244 742 824 526 75 836 403 715 253 108 215 625 799 933 643 924 474 918 396 214 802 421 167 599 517 290 144 32 626 505 468 977 448 54 193 492 787 985 309 805 901 777 538 346 398 213 967 825 517 316 92 990 396 713 358 98 470 424 
28
709 184 379 861 113 982 631 679 29 651 230 493 759 216 507 565 276 194 800 221 738 317 823 682 764 271 486 440 736 477 391 224 291 628 973 851 472 357 413 513 197 703 231 180 831 406 488 617 32 170 368 890 196 372 270 594 413 406 386 575 790 322 272 703 77 505 773 250 16 843 30 373 54 223 509 280 515 580 379 417 340 334 46 651 45 389 927 971 54 272 746 998 278 494 304 943 66 558 80 119 789 620 272 48 596 831 848 608 288 247 145 269 
14
444 712 604 744 370 36 255 404 850 639 383 2 707 222 731 554 205 759 916 787 376 571 940 8 671 505 772 825 868 98 958 992 243 774 877 308 324 630 23 172 245 137 386 726 52 455 441 919 763 507 197 337 461 422 292 198 
7
108 895 671 67 84 688 786 615 243 504 892 363 961 865 525 285 943 775 305 568 620 977 343 855 269 459 43 53 
12
565 492 377 212 554 328 146 390 100 726 893 874 573 787 468 741 683 646 910 725 681 738 50 898 911 286 208 193 468 185 581 116 848 804 250 589 54 965 667 34 413 116 273 445 952 53 581 371 
3
667 468 501 661 949 830 716 972 836 233 756 10 
21
659 994 134 528 336 530 204 740 868 625 61 650 552 741 811 40 989 204 54 705 954 56 739 437 402 687 182 215 15 896 869 135 6 378 17 176 44 632 519 812 275 269 72 979 621 689 387 446 756 138 769 767 343 780 933 126 561 356 173 658 168 650 337 11 258 439 872 156 108 671 60 430 300 176 847 390 494 503 184 905 22 219 825 132 
5
480 882 182 353 63 878 522 465 185 264 212 129 751 710 356 299 239 930 45 507 
6
603 802 833 282 144 204 719 457 907 461 891 48 419 543 567 266 3 737 372 891 506 658 40 599 
4
827 512 935 877 841 471 388 739 677 626 146 86 976 514 58 657 
25
431 794 64 114 545 897 334 288 790 848 170 930 544 78 799 682 850 126 959 381 342 385 858 447 842 781 472 545 357 6 357 253 667 2 671 588 492 765 74 120 496 464 447 640 213 623 575 928 974 348 448 886 709 362 156 39 993 869 180 747 383 197 257 881 302 988 652 948 39 828 781 983 752 579 325 186 7 464 211 549 528 507 578 137 249 171 363 559 446 348 279 637 172 832 678 607 899 439 821 98 
28
917 627 622 23 115 553 975 48 591 588 530 957 142 639 897 981 787 445 891 744 956 359 688 193 746 988 161 9 635 460 789 526 199 671 219 915 285 864 829 617 462 794 984 687 225 15 966 992 275 930 389 606 338 38 847 290 453 266 849 891 395 419 666 590 670 290 850 114 382 876 624 583 651 635 389 919 954 341 965 467 904 321 87 272 58 545 823 290 355 560 564 304 445 404 94 793 205 376 617 89 476 915 251 729 178 129 154 872 680 856 321 928 
1
408 953 498 486 
1
573 338 791 99 
18
277 233 478 739 874 176 642 471 400 578 87 467 188 354 205 945 865 694 258 335 42 236 495 67 31 873 778 27 181 193 309 940 169 394 211 906 79 102 192 881 663 443 924 442 19 136 177 33 889 889 250 228 206 498 18 606 559 541 535 11 257 289 943 55 775 672 342 530 492 487 694 155 
2
300 975 148 854 110 426 37 594 
32
916 53 322 142 196 649 798 529 850 125 926 832 71 451 785 72 832 462 554 164 406 454 280 516 397 701 520 872 134 471 49 779 734 50 971 142 226 456 445 913 205 393 763 817 952 548 394 446 503 620 589 686 390 10 9 98 777 777 157 283 293 608 245 117 502 419 692 715 174 782 395 601 229 577 438 265 142 441 295 270 631 555 223 406 800 742 184 760 932 251 542 334 778 620 383 85 903 40 180 776 475 944 325 678 664 312 622 111 57 942 306 433 106 808 703 903 479 998 727 935 565 981 66 850 810 274 3 279 
4
13 268 171 576 797 750 192 111 771 828 838 380 193 28 56 610 
29
591 784 368 532 416 965 335 699 919 909 243 796 309 628 667 86 208 118 260 79 113 704 486 415 330 94 628 594 48 625 498 102 397 463 976 993 822 300 477 828 911 202 241 76 244 332 571 909 249 43 926 591 782 144 459 637 697 886 276 365 273 633 581 604 744 191 636 318 881 691 893 438 934 347 762 204 586 319 621 905 551 474 914 53 658 584 535 149 615 667 118 646 830 989 545 578 256 758 29 873 628 792 472 112 170 448 539 741 626 161 503 115 588 352 392 965 
14
192 124 131 667 461 517 452 269 677 35 564 618 527 893 274 831 136 630 447 684 12 76 611 150 695 95 221 80 662 660 908 292 927 475 773 68 110 224 607 137 69 318 206 215 143 75 432 858 247 127 100 892 60 609 920 257 
26
192 947 821 228 528 525 930 281 72 629 430 411 203 690 62 667 806 707 625 389 617 877 768 78 218 997 197 729 216 719 791 219 899 394 498 491 37 248 708 262 81 946 526 705 680 858 665 553 4 416 925 620 661 484 279 955 957 31 551 244 521 865 693 690 560 368 961 356 226 480 795 560 249 667 678 818 743 14 254 841 330 792 883 340 322 103 741 778 605 256 381 912 477 799 153 730 447 710 950 295 181 545 626 89 
14
767 333 346 413 575 106 369 913 727 602 788 619 871 162 200 663 663 578 484 778 18 618 272 644 522 439 377 326 91 808 831 122 35 196 365 754 19 97 447 956 638 416 823 495 395 990 830 143 839 281 877 570 837 362 318 410 
13
859 310 618 454 697 649 319 171 806 688 769 13 601 600 87 404 168 359 873 943 481 852 646 442 749 807 213 855 7 917 483 872 767 771 383 225 142 205 857 366 586 749 448 14 96 946 123 596 317 789 169 960 
11
180 433 399 743 668 548 660 753 495 424 918 473 668 177 325 419 840 882 346 247 388 266 578 469 48 317 441 364 33 502 733 354 291 733 658 746 832 530 141 636 713 748 458 167 
15
762 902 808 465 60 290 67 53 229 841 428 87 315 998 25 368 779 463 937 412 789 696 957 268 325 622 301 294 444 919 869 471 180 661 16 351 816 164 939 335 624 200 890 108 977 18 92 460 212 283 187 98 140 943 841 939 96 315 499 188 
24
571 379 441 373 443 227 277 522 440 660 211 584 657 888 650 134 901 141 265 728 133 144 929 993 346 289 234 183 868 571 895 589 723 936 203 732 167 179 508 545 368 778 786 199 544 502 159 393 653 210 926 261 64 187 686 206 283 931 689 217 101 176 552 493 546 227 298 353 436 382 940 413 708 974 287 722 811 209 795 33 351 801 502 259 308 586 587 695 985 517 748 316 895 279 584 322 
25
208 454 561 165 734 204 699 442 736 1 464 46 174 162 508 327 784 191 890 837 224 135 827 61 99 859 271 931 578 823 309 936 730 503 770 287 89 699 52 574 216 175 74 11 516 394 96 945 651 852 383 956 728 904 219 260 204 877 838 271 407 965 913 236 412 534 752 933 866 661 583 183 317 249 242 54 242 283 729 738 932 778 82 361 893 522 21 198 969 584 935 155 176 225 71 250 760 42 770 27 
27
153 2 911 256 453 108 219 989 57 246 98 988 12 308 939 203 800 450 413 609 626 943 943 280 165 909 577 978 373 648 520 882 764 907 37 447 585 521 600 771 121 325 476 236 881 220 48 221 20 250 973 781 589 510 261 452 634 153 44 678 436 433 74 247 87 226 36 73 313 242 266 328 547 567 541 371 377 15 724 215 853 644 874 317 829 655 70 872 410 8 367 503 406 428 692 319 788 419 806 850 517 945 661 5 988 577 283 16 
3
470 727 318 97 570 657 367 600 690 798 405 468 
33
196 709 456 778 346 885 154 742 650 195 950 858 755 945 322 37 391 432 981 198 249 306 826 818 124 869 831 658 447 767 756 367 618 57 576 32 200 157 606 111 392 780 524 533 314 534 204 355 463 992 838 653 880 846 721 874 973 885 467 930 662 327 512 6 502 612 226 421 406 560 434 421 361 812 922 770 358 558 550 242 987 322 1 13 168 674 9 682 131 177 18 707 179 987 298 589 975 333 945 677 841 892 312 647 273 680 402 558 681 419 607 261 106 467 309 381 716 822 711 870 462 356 738 611 106 815 667 445 606 976 462 357 
31
732 117 868 627 358 883 377 211 851 982 280 507 444 289 975 247 954 475 345 372 536 58 768 538 562 686 755 469 85 964 536 457 227 865 995 300 570 697 213 262 51 394 133 944 432 87 729 894 464 926 995 952 289 748 221 515 625 812 515 42 444 802 634 240 38 275 745 367 481 816 188 801 680 299 569 586 544 586 375 725 869 163 350 861 851 449 451 930 285 728 186 8 94 504 371 286 93 299 868 900 53 859 661 354 807 892 925 243 130 609 976 541 471 520 130 356 657 588 642 332 551 189 928 290 
10
56 138 182 3 52 895 552 201 48 69 819 30 763 440 257 654 274 404 996 698 112 150 368 298 181 274 725 74 737 216 309 486 654 359 337 882 434 264 898 592 
9
531 35 218 595 881 859 406 959 810 905 621 173 446 948 722 324 10 788 857 671 110 346 947 268 405 519 907 858 240 25 36 349 291 299 98 147 
32
29 369 953 867 97 659 894 444 707 333 305 777 16 157 135 76 984 537 684 70 460 361 987 956 560 36 193 840 17 678 749 572 160 358 626 194 603 868 870 695 4 473 981 949 255 699 268 110 870 819 353 603 507 868 95 405 215 280 100 78 549 329 744 895 374 462 246 669 157 957 100 600 473 452 597 969 191 605 763 357 3 449 5 328 747 911 214 303 987 639 88 314 413 634 977 132 183 809 408 951 69 593 797 834 787 274 308 647 668 349 316 209 661 651 538 350 938 257 241 866 666 18 204 684 820 535 411 542 
7
775 785 290 489 112 303 166 316 357 807 73 919 348 499 213 227 113 888 383 988 605 179 198 773 718 996 502 961 
7
645 865 446 739 725 419 980 945 843 138 403 782 434 373 423 834 524 505 158 207 997 860 764 279 771 57 867 844 
