194
1
242 204 521 278 
1
316 289 557 330 
1
427 977 535 315 
1
756 933 112 774 
1
707 958 377 218 
2
606 776 261 327 774 162 786 222 
2
566 870 15 493 271 37 987 310 
1
772 57 407 293 
1
549 921 435 75 
3
646 979 887 835 946 418 583 780 605 207 26 644 
1
689 783 804 465 
3
64 506 426 596 321 862 355 740 938 617 859 474 
3
175 787 526 54 212 542 517 113 173 831 767 852 
2
287 921 410 626 311 400 272 847 
1
342 712 948 551 
1
378 704 256 59 
2
97 480 454 977 10 554 767 321 
1
906 929 485 385 
3
652 137 82 424 475 148 607 734 330 360 469 382 
2
619 54 433 963 873 475 789 458 
5
944 250 988 702 236 943 303 635 475 201 920 428 886 134 433 303 465 570 703 14 
5
576 162 365 92 787 223 265 919 695 813 483 635 985 450 49 603 459 520 115 616 
5
872 703 790 390 946 121 328 664 164 364 820 694 364 192 125 597 377 585 918 943 
5
783 917 358 827 450 276 282 393 674 714 675 856 522 467 792 958 880 311 71 257 
5
664 920 579 420 107 338 865 729 597 968 321 759 415 13 343 162 935 669 829 623 
3
826 952 749 585 810 588 635 111 859 226 70 265 
3
721 40 613 78 696 517 335 511 958 732 109 567 
5
319 997 701 446 918 729 910 42 777 799 70 209 838 764 245 178 352 789 581 37 
5
250 353 736 639 62 129 906 533 863 407 690 792 10 35 770 725 810 400 46 484 
4
670 368 841 162 860 631 566 81 516 755 307 132 233 513 515 431 
2
158 820 110 519 959 409 612 884 
3
216 148 123 649 941 416 309 889 540 229 285 539 
1
656 587 929 455 
2
880 351 767 193 275 144 723 905 
8
24 651 664 672 663 631 80 504 293 987 360 289 448 246 301 905 427 853 300 760 299 295 687 657 778 200 921 582 108 159 898 828 
6
868 624 962 696 37 450 475 790 277 600 934 706 580 99 438 985 430 816 345 335 807 840 260 911 
5
757 463 826 470 7 904 325 761 381 948 476 685 633 329 11 825 865 835 348 59 
1
29 680 620 804 
5
722 146 802 714 419 141 649 790 534 38 483 414 741 331 309 247 605 218 451 367 
3
714 333 555 526 748 752 836 715 367 376 409 79 
9
86 972 513 869 734 431 236 150 569 89 232 775 986 811 296 883 906 7 252 405 201 186 215 434 788 516 693 396 843 875 728 980 773 608 410 584 
1
713 495 38 167 
7
525 555 817 81 521 391 388 733 519 728 725 842 158 601 967 343 257 12 729 141 62 675 235 717 598 969 968 651 
5
325 906 469 313 359 538 986 950 720 613 915 717 885 396 739 544 787 419 755 799 
1
682 744 189 607 
3
523 725 959 380 744 30 348 669 140 22 59 195 
1
920 85 918 464 
1
701 11 732 890 
10
581 424 359 144 631 443 71 619 976 15 218 681 925 871 556 107 997 21 936 132 880 576 687 641 233 183 38 737 188 590 457 378 838 361 535 371 821 907 401 287 
6
464 605 845 726 206 507 540 908 653 885 153 847 495 724 384 12 626 81 37 970 947 866 499 903 
7
717 354 956 57 256 889 441 294 613 457 160 370 310 376 448 800 705 94 187 135 238 758 268 329 180 360 316 845 
8
433 447 275 579 330 479 760 720 803 82 378 669 205 68 588 794 116 323 909 929 847 83 934 992 173 67 728 995 742 104 202 527 
9
745 103 734 558 435 760 708 855 769 865 527 558 561 782 175 433 904 140 202 509 863 70 627 577 714 610 889 38 174 69 919 827 771 420 990 771 
3
146 228 570 163 870 240 407 577 630 756 199 756 
12
253 278 408 469 91 798 40 686 812 528 170 246 343 93 270 607 549 30 774 591 390 121 483 332 337 336 154 820 413 729 718 609 227 889 481 682 461 590 860 168 990 959 447 938 194 603 97 840 
11
338 495 240 784 433 744 217 28 304 737 654 600 922 874 678 863 662 832 358 156 604 113 687 39 875 966 252 573 461 716 736 789 238 60 152 192 277 685 298 611 565 299 63 80 
1
804 664 760 723 
2
78 224 126 579 903 997 171 846 
8
853 822 121 294 752 296 940 961 366 341 374 120 937 203 949 358 676 90 860 562 852 370 258 878 268 574 252 921 560 412 567 967 
7
968 7 400 485 425 526 507 564 611 926 281 629 900 424 857 468 635 869 71 594 52 926 437 780 551 682 69 863 
3
338 941 397 100 864 283 554 463 309 449 730 878 
8
857 522 337 864 676 518 59 57 462 537 148 769 305 914 588 265 442 959 61 348 92 983 167 275 234 54 529 501 889 674 64 433 
1
413 196 545 467 
2
574 564 562 79 239 618 982 715 
3
745 508 605 519 250 442 180 53 194 946 208 224 
8
382 493 291 752 132 733 229 490 769 345 801 532 967 24 948 362 867 877 748 519 730 7 800 634 425 569 683 799 769 455 762 656 
11
467 499 296 593 379 653 626 552 790 151 502 16 891 304 913 658 540 285 402 574 285 723 303 470 832 642 679 732 740 365 357 746 910 641 781 244 344 889 966 573 732 368 289 621 
8
619 260 901 582 912 742 842 947 902 449 217 220 133 89 706 640 318 350 515 705 375 402 378 268 31 566 84 13 528 274 911 274 
13
580 751 779 182 383 757 374 424 921 775 568 369 715 276 136 944 150 836 448 667 391 273 209 660 817 902 625 916 669 845 409 274 181 578 142 667 625 643 813 218 611 781 404 211 194 323 240 689 896 107 486 864 
5
484 112 61 985 247 108 801 223 539 587 396 188 208 867 251 732 538 264 699 807 
7
557 143 580 108 442 155 896 14 795 560 761 558 53 705 811 591 10 214 127 538 947 488 498 207 841 220 543 336 
14
282 218 579 22 573 507 898 467 43 480 63 30 9 626 527 185 858 89 95 48 944 221 425 549 316 584 277 682 340 470 816 852 39 118 446 577 398 351 541 890 213 755 947 849 51 92 302 792 594 688 306 336 829 409 231 493 
5
202 58 576 410 303 992 899 768 417 751 306 329 461 764 354 964 977 366 7 184 
8
644 894 463 529 492 728 408 679 321 829 328 775 373 113 898 540 515 451 393 113 787 885 398 944 448 800 313 663 754 15 987 227 
3
740 422 286 782 765 435 445 404 930 995 70 765 
2
609 955 867 129 744 826 536 200 
10
579 21 939 135 873 598 667 941 122 112 623 942 334 514 284 38 531 263 805 936 825 766 764 605 334 613 890 300 350 807 469 44 864 114 894 706 536 805 51 156 
1
301 733 360 489 
9
921 726 363 152 353 463 902 709 275 219 150 143 645 3 114 160 55 168 377 943 75 741 447 716 283 408 938 894 800 439 124 825 868 895 292 983 
5
10 700 760 337 907 784 285 628 266 806 306 191 167 523 713 674 413 901 375 65 
10
333 567 281 955 409 149 797 13 237 482 520 783 469 673 331 791 891 4 753 414 181 444 748 678 830 57 246 582 83 673 510 608 532 191 168 15 521 354 268 598 
13
743 38 499 121 928 359 399 178 891 671 36 70 911 799 404 621 544 933 862 569 439 314 749 373 652 547 770 959 476 374 219 461 646 836 746 177 125 591 590 66 812 59 270 375 335 939 628 344 200 17 108 901 
13
804 533 289 429 647 297 631 806 361 803 469 104 868 630 554 127 881 518 319 790 750 264 620 19 804 381 386 831 688 774 363 61 101 636 689 705 105 538 151 146 677 262 335 801 528 975 850 597 140 825 611 370 
4
340 985 727 212 329 36 202 352 536 56 995 342 286 932 694 81 
9
634 780 892 538 72 728 867 6 45 396 997 752 640 262 423 371 457 486 594 218 420 950 222 729 508 455 942 946 429 475 703 727 885 825 290 424 
14
347 502 104 312 379 770 847 348 839 334 265 277 207 389 637 597 257 315 724 917 971 45 799 137 260 358 261 340 459 351 239 289 845 448 113 81 141 650 665 219 55 731 899 711 468 859 811 941 213 700 800 179 277 516 684 902 
15
33 862 754 988 610 445 351 47 373 803 702 478 100 335 633 455 263 335 146 718 335 915 65 815 702 342 914 286 12 883 341 668 659 729 972 339 532 602 488 633 565 322 670 219 546 554 34 50 355 405 816 27 406 654 899 158 599 184 73 703 
9
664 763 374 12 706 484 28 822 324 225 831 948 641 307 617 834 247 831 227 525 738 360 386 70 395 665 745 526 7 225 333 97 461 952 54 737 
2
975 761 845 840 400 626 727 209 
7
547 864 103 212 317 916 26 690 246 22 329 653 708 659 120 237 298 494 480 394 758 413 68 879 524 522 821 230 
8
82 14 862 195 993 20 927 13 962 588 292 858 899 975 941 123 823 407 682 842 689 124 339 162 580 428 791 938 69 165 720 992 
2
764 472 667 269 561 953 716 638 
9
990 140 675 727 379 937 292 18 845 142 151 855 719 477 410 846 722 939 426 645 46 49 850 150 771 672 263 777 727 578 360 378 277 455 978 979 
8
249 425 735 406 631 387 620 878 503 399 650 624 998 419 429 8 231 987 141 764 297 588 108 517 583 369 919 497 43 677 128 655 
11
109 386 87 527 512 304 812 969 648 648 953 759 525 8 634 298 856 666 685 213 54 376 30 837 591 617 825 410 167 946 833 488 797 519 798 323 821 424 82 78 803 233 207 946 
17
633 113 942 173 689 808 202 559 962 544 240 11 693 545 199 450 521 678 839 785 644 598 93 755 91 345 969 798 399 398 265 888 779 418 514 724 152 516 809 63 776 357 161 322 190 257 766 889 150 915 864 393 43 236 651 692 830 989 41 589 412 787 190 912 840 500 943 851 
1
666 823 235 866 
17
542 366 422 511 240 198 312 137 752 820 825 126 348 138 433 82 605 462 758 277 587 866 115 647 269 469 851 476 816 401 589 154 739 37 72 824 65 507 261 523 536 594 643 101 365 827 661 315 263 426 243 543 30 862 31 659 733 554 432 20 719 359 111 335 526 609 828 445 
17
839 83 496 965 882 613 283 981 95 794 528 904 496 994 20 651 574 128 955 573 995 858 521 339 98 35 708 627 331 454 645 732 200 102 72 165 649 546 700 716 731 928 818 536 168 971 340 853 364 399 897 439 45 654 524 728 461 287 466 331 475 749 507 188 670 660 398 648 
15
586 993 988 649 105 26 77 265 578 267 573 206 243 548 88 481 317 744 177 157 251 504 605 42 644 379 535 436 714 193 153 524 957 303 472 575 344 463 782 807 724 793 282 857 75 64 106 629 177 864 973 820 337 119 468 192 839 268 31 225 
19
588 212 248 953 427 314 61 608 230 69 430 417 188 962 191 741 779 445 947 90 687 971 361 959 591 300 304 810 347 931 719 211 337 177 406 163 717 714 92 575 448 485 754 280 913 920 744 403 715 422 877 685 312 878 126 843 192 661 460 242 240 997 492 332 2 236 595 414 372 409 929 837 442 663 983 181 
9
643 322 727 213 569 542 843 538 292 15 578 367 777 895 96 207 795 289 647 320 862 208 507 559 543 944 96 812 165 186 79 315 418 538 857 289 
13
312 664 960 430 246 220 807 952 916 911 119 704 726 25 92 541 205 275 135 773 787 903 722 361 817 537 184 231 394 172 512 317 161 441 671 911 191 489 907 597 350 782 599 292 114 938 130 609 836 592 468 201 
17
620 931 539 553 767 434 151 825 830 614 836 283 658 325 747 880 95 600 953 851 621 451 205 468 11 118 29 722 277 43 439 245 587 985 120 647 87 504 476 228 44 289 751 196 710 727 661 803 351 400 709 134 997 662 955 967 439 65 105 350 810 263 311 169 957 86 658 44 
3
685 936 340 351 799 974 595 808 316 133 340 727 
18
831 599 325 772 344 131 628 690 481 129 834 789 443 698 893 713 3 662 414 357 239 429 854 715 552 89 843 120 941 126 887 223 909 720 180 145 526 194 180 142 576 70 19 333 929 845 568 781 508 772 843 734 441 397 311 979 915 228 440 996 754 950 61 652 549 367 820 415 675 947 273 445 
4
823 730 147 64 336 555 911 690 503 203 379 311 350 170 220 190 
16
590 420 372 638 498 632 58 596 291 761 327 757 663 749 822 581 885 721 735 258 150 69 168 113 707 688 731 285 108 293 835 707 969 806 175 784 681 257 483 814 13 600 673 390 49 505 609 477 851 865 24 698 705 488 173 235 581 804 435 995 564 623 452 510 
21
947 716 351 638 395 151 900 488 509 791 803 404 93 293 897 98 242 339 35 747 626 502 683 840 844 934 500 969 636 819 784 466 525 257 874 680 607 328 264 198 10 78 563 532 137 368 242 275 830 122 55 341 17 384 872 857 616 333 432 662 595 905 422 833 590 875 39 152 696 904 927 39 482 79 977 652 117 24 363 952 887 596 300 469 
21
698 903 771 418 740 221 711 823 333 997 15 255 868 400 109 126 474 589 376 873 714 249 140 674 227 982 131 931 864 389 215 294 565 961 259 628 515 928 722 9 648 865 612 878 157 204 688 669 703 591 274 693 214 613 641 174 830 17 926 377 658 659 13 980 800 2 505 208 476 874 296 223 602 521 857 18 164 371 773 146 807 839 709 237 
8
106 749 465 35 931 104 269 246 696 91 242 982 790 866 441 338 256 488 224 416 967 494 516 986 636 569 295 422 226 71 628 361 
14
311 674 678 772 392 997 978 880 322 335 961 39 796 328 510 81 875 226 816 807 375 924 623 205 559 30 811 960 957 750 380 938 273 722 85 120 463 456 58 198 795 743 906 642 24 970 600 590 851 978 909 686 191 659 754 291 
3
677 509 783 144 408 566 642 61 674 820 857 492 
11
862 913 631 831 571 39 809 596 61 821 88 413 442 846 487 618 757 436 627 936 978 367 705 986 70 729 846 147 574 524 132 885 678 741 943 325 796 461 449 94 752 763 759 40 
21
800 587 69 967 321 634 185 686 408 273 258 163 695 655 397 46 507 984 480 707 818 399 21 129 528 477 62 349 628 254 325 315 528 284 348 150 313 795 181 215 511 497 254 272 378 725 8 486 585 653 490 741 780 897 177 711 112 599 476 277 162 782 359 672 355 983 133 666 267 794 821 162 225 994 8 523 311 364 208 77 163 451 354 581 
4
162 674 802 860 862 530 857 563 936 797 431 130 901 763 164 617 
7
115 674 678 761 129 135 737 168 821 505 506 432 930 961 939 115 106 858 602 76 865 928 588 987 767 441 410 847 
2
598 495 897 303 523 4 601 562 
24
865 573 646 591 65 884 153 994 301 863 837 453 578 892 877 187 853 101 932 234 426 155 354 250 314 633 852 814 254 288 952 201 526 834 378 494 827 407 235 188 643 474 10 23 62 196 682 690 811 488 498 775 235 770 450 322 967 619 537 6 864 450 322 579 395 571 685 839 794 76 465 810 12 797 98 54 766 338 85 274 298 933 245 826 925 805 857 318 918 13 570 15 375 77 266 425 
15
765 316 915 327 375 961 266 165 238 217 379 950 288 237 692 832 641 445 213 152 534 853 13 242 260 196 991 575 432 288 715 864 503 389 521 49 836 219 402 107 217 429 129 591 744 657 543 437 15 535 145 713 419 899 499 794 785 674 40 117 
1
625 716 165 423 
25
771 610 225 455 405 455 728 146 978 18 726 198 761 474 473 124 541 889 196 663 419 333 271 868 169 773 582 228 320 416 946 605 876 724 456 432 155 729 769 44 76 414 589 645 775 112 17 653 19 279 563 171 678 51 319 502 830 817 242 378 838 864 79 102 390 979 151 273 301 640 647 50 851 520 174 237 116 201 568 887 126 513 395 369 697 258 801 904 120 970 457 915 765 140 204 348 735 916 108 843 
9
906 74 629 272 910 12 865 710 588 267 81 867 513 7 533 13 128 907 489 13 368 120 498 777 64 248 277 271 297 422 455 388 813 669 329 397 
20
10 18 725 676 749 965 222 779 88 509 270 287 250 593 660 762 599 523 950 868 591 385 536 179 949 541 650 768 789 624 333 339 893 246 788 385 673 919 708 400 746 298 487 61 745 145 228 830 383 725 7 826 451 10 526 832 363 695 304 820 203 122 700 808 631 731 292 755 949 171 380 499 486 114 332 831 430 765 541 481 
10
867 208 505 385 413 54 453 12 643 408 220 764 849 457 901 694 60 463 525 12 366 795 123 435 487 715 71 625 853 827 138 763 274 129 788 923 833 249 542 555 
23
680 529 74 83 864 486 179 320 447 308 648 943 756 939 150 831 228 989 218 593 635 424 946 9 970 291 912 695 429 659 804 42 373 72 365 21 300 325 156 750 288 119 977 847 543 501 386 903 368 571 193 176 650 133 438 55 914 636 709 210 511 775 27 696 380 309 191 758 274 27 947 59 797 892 237 966 751 340 833 286 50 366 525 318 168 364 606 356 210 870 936 75 
12
855 863 822 553 844 844 230 898 442 113 264 379 88 341 391 303 481 635 81 261 77 864 534 269 110 835 748 618 6 349 154 624 666 141 92 555 60 342 86 632 502 92 401 403 754 346 978 580 
14
485 639 301 461 979 148 18 584 410 284 655 869 788 530 570 432 4 498 810 975 998 188 951 988 242 13 527 27 513 234 86 543 775 177 268 885 142 570 543 528 642 995 577 95 681 844 762 220 636 193 678 428 422 521 531 19 
9
875 30 729 471 862 467 51 750 217 392 673 58 61 338 230 840 452 503 973 26 82 97 287 707 715 914 437 886 18 684 412 542 86 709 610 315 
7
627 243 889 197 745 638 819 262 70 871 803 252 432 37 166 188 302 524 707 684 464 728 117 380 722 230 303 737 
13
158 280 262 71 702 699 504 326 474 607 186 177 470 598 427 188 44 338 872 435 394 992 635 176 868 226 958 597 554 937 728 852 595 766 777 440 613 101 183 324 858 622 189 145 806 519 140 250 316 675 971 102 
12
126 208 455 795 41 143 458 915 491 865 372 194 82 53 209 45 730 401 928 381 94 151 156 473 334 640 968 454 669 965 564 417 49 655 642 6 137 471 208 876 485 967 22 525 423 68 365 59 
20
920 959 327 434 226 356 158 471 320 690 175 685 359 360 368 509 683 198 59 505 536 30 513 383 245 527 969 110 865 62 313 582 613 835 307 711 665 144 219 900 312 192 974 349 635 579 44 196 115 231 192 754 554 396 781 592 939 825 59 743 474 121 8 27 106 991 230 86 87 498 551 52 917 813 595 997 459 660 232 384 
12
66 236 301 252 541 172 826 102 895 593 705 907 672 402 179 322 897 96 415 799 179 454 842 795 483 345 173 360 225 554 44 52 222 362 93 446 331 603 879 878 566 917 246 984 255 959 859 446 
16
918 20 994 891 441 143 503 311 406 654 258 20 276 837 363 37 806 35 509 937 955 826 874 789 673 989 771 407 699 960 260 111 465 547 683 475 850 793 277 36 718 839 860 471 977 695 640 847 180 710 35 613 493 239 641 930 467 710 875 622 297 88 403 26 
25
831 96 536 242 739 446 826 549 764 350 824 1 396 988 854 737 523 142 595 118 7 308 662 176 605 148 265 315 603 590 177 623 586 491 161 8 897 101 601 991 879 297 161 158 982 15 329 742 12 560 794 88 162 771 887 212 388 238 858 710 926 439 137 476 211 485 885 495 840 573 889 988 669 327 273 504 739 645 143 496 310 552 793 964 269 586 734 642 848 829 652 848 541 701 483 853 172 226 553 682 
22
235 48 14 531 802 498 977 223 187 602 496 257 884 730 872 179 856 921 586 151 69 250 737 542 579 773 361 383 881 268 74 717 342 502 327 524 639 487 258 713 816 277 970 791 838 921 433 15 264 765 616 834 348 936 156 852 195 688 129 792 546 735 263 311 806 408 839 589 305 391 95 926 588 885 176 682 788 990 252 351 173 766 1 961 412 279 444 399 
27
932 318 358 902 514 703 605 613 487 315 736 93 16 12 36 311 375 407 887 396 312 563 435 16 272 456 632 134 248 418 704 198 177 31 949 32 974 71 573 68 782 545 422 425 119 50 501 517 701 910 292 167 981 433 349 567 802 90 808 273 269 284 41 371 85 364 269 463 306 677 179 919 11 34 842 221 897 122 363 601 114 344 434 11 719 609 428 112 56 863 728 224 956 677 533 367 941 429 850 781 419 32 908 283 688 446 127 712 
3
228 608 792 16 783 575 528 14 181 234 790 984 
29
421 928 441 590 655 178 726 179 67 226 328 392 837 654 419 69 32 412 900 303 359 181 567 24 894 616 503 377 974 367 825 143 950 114 252 874 306 816 115 767 235 937 106 960 574 825 777 726 719 510 529 776 297 78 804 127 896 246 576 842 851 560 765 611 242 660 522 915 858 395 454 63 602 125 603 164 909 748 499 460 854 59 20 258 198 619 188 270 202 952 340 683 866 62 117 633 785 708 940 813 953 265 490 116 789 968 667 969 867 883 974 215 650 220 3 380 
9
446 632 620 637 884 935 388 751 113 23 405 306 348 47 777 135 188 933 370 790 364 545 106 840 557 314 568 608 822 49 403 224 299 226 417 815 
1
919 536 150 657 
13
334 85 759 684 376 518 617 356 798 355 873 559 918 246 26 640 678 339 424 529 682 130 936 900 799 187 315 967 222 324 375 896 601 151 367 924 403 326 253 761 278 418 155 355 224 937 782 364 494 785 562 456 
14
74 313 723 405 236 571 929 993 450 330 336 894 244 248 150 576 547 756 535 971 960 594 509 503 514 273 483 680 987 394 980 253 559 20 455 11 328 574 72 40 588 995 519 342 215 820 66 85 654 720 877 782 34 250 93 701 
6
641 80 41 175 31 345 993 121 94 702 990 198 675 909 136 919 708 517 250 925 230 228 670 633 
20
398 982 414 632 856 338 313 797 628 591 817 754 641 927 168 220 411 569 290 601 532 964 185 262 887 118 739 85 925 445 699 161 313 587 247 56 351 698 18 482 804 808 765 220 429 929 791 738 732 855 643 757 56 4 351 892 506 458 623 734 256 51 286 761 66 469 233 720 479 63 653 75 665 968 818 299 262 849 779 481 
21
307 246 640 712 705 873 687 461 668 474 855 452 422 993 859 452 249 99 333 343 871 938 366 795 711 673 938 348 8 473 589 926 361 886 454 552 947 906 626 177 372 921 138 651 970 789 598 634 578 358 895 237 190 38 256 828 46 594 152 418 93 449 744 432 415 80 60 30 200 268 382 39 537 78 110 144 484 825 527 560 712 890 605 310 
13
924 303 780 552 957 981 967 942 798 15 415 993 449 634 81 502 266 549 92 679 597 294 47 115 982 996 862 604 251 939 806 634 944 988 367 608 345 443 682 649 960 174 551 269 253 638 86 848 514 194 649 68 
14
444 654 556 145 986 600 90 9 571 751 935 637 137 831 188 351 223 950 686 465 186 16 61 734 309 932 21 574 213 467 153 807 448 85 393 281 726 827 790 725 849 695 1 235 141 297 385 441 954 949 813 742 596 908 625 222 
19
251 137 406 676 160 232 895 488 76 894 543 140 194 875 602 178 51 269 826 790 803 8 454 413 336 490 858 184 637 925 584 324 497 113 961 967 907 750 152 582 80 944 961 119 265 976 593 99 228 177 400 560 473 327 719 104 427 864 40 72 105 355 124 360 315 477 17 271 717 951 431 503 512 159 618 749 
22
668 308 184 504 76 213 794 749 594 424 99 611 793 205 131 51 885 861 396 977 669 352 6 322 958 490 502 479 453 538 769 86 106 89 829 435 771 545 304 695 62 311 696 992 476 490 99 77 567 407 48 629 645 441 172 472 570 296 500 536 785 509 435 45 841 833 694 986 785 339 497 690 138 819 181 287 276 116 565 430 246 792 408 333 516 670 64 860 
25
708 863 577 262 344 436 962 124 778 527 979 151 598 344 710 696 747 756 224 986 809 218 698 608 776 360 553 542 143 323 256 601 147 696 217 579 601 583 267 31 101 392 261 910 490 678 663 558 575 563 486 316 830 581 177 23 300 751 23 39 207 870 995 558 849 507 221 49 484 392 600 300 527 642 425 851 881 628 338 194 779 885 283 868 852 610 921 402 332 648 605 643 510 274 204 206 477 122 538 105 
4
229 929 902 966 221 85 12 42 313 605 62 580 392 896 642 204 
8
101 226 756 100 60 99 323 970 157 172 840 858 797 411 103 704 256 937 775 680 316 328 149 643 507 295 473 717 18 550 790 328 
7
723 323 766 478 804 364 473 922 137 108 40 819 997 348 663 184 969 114 998 7 311 872 2 718 772 172 397 503 
17
206 626 119 560 339 637 154 740 846 429 568 273 942 558 743 57 598 517 821 271 743 740 855 753 748 841 773 582 234 854 270 360 725 861 721 475 266 788 850 972 849 38 438 283 402 873 585 616 244 127 488 250 976 337 979 305 813 353 681 318 823 812 517 547 805 730 835 748 
28
723 269 871 422 905 78 809 7 736 196 504 596 763 561 623 796 80 298 346 432 737 349 287 381 963 561 147 671 112 572 271 222 468 704 431 471 277 709 762 66 332 991 466 9 946 982 756 181 976 640 670 961 78 476 553 851 989 31 611 375 486 218 132 483 824 323 875 664 915 609 415 145 887 807 149 957 334 264 767 107 354 84 580 71 51 330 567 83 919 600 901 183 108 555 496 509 886 241 980 147 165 774 83 203 218 785 917 399 431 321 496 30 
4
373 62 931 391 934 323 995 427 270 97 276 859 198 289 382 44 
15
255 853 492 450 522 182 474 593 124 313 238 628 185 366 754 438 285 111 768 920 926 117 986 334 819 836 91 846 456 58 102 221 163 244 319 625 676 193 350 913 782 448 687 37 291 997 623 602 277 462 709 227 507 862 386 77 538 664 859 556 
8
58 399 526 947 57 83 355 504 504 485 379 366 720 563 506 114 559 301 274 899 630 168 913 469 897 87 715 47 986 348 37 537 
19
415 482 322 223 295 719 59 146 614 855 142 908 609 579 155 586 55 239 173 60 617 564 980 250 844 308 360 863 657 164 666 285 665 628 874 517 403 915 743 360 449 73 450 930 887 79 434 889 414 467 119 365 78 692 566 283 553 893 407 292 132 409 886 64 356 826 493 835 512 568 859 453 159 672 752 40 
25
559 960 716 277 990 20 12 900 749 785 73 44 358 561 973 559 133 430 177 172 694 190 696 179 609 992 481 605 594 43 952 195 344 657 253 983 679 261 493 859 725 99 988 942 804 765 855 46 826 834 741 363 207 753 877 527 993 566 974 806 170 718 244 392 467 289 634 581 308 589 451 191 612 38 821 452 448 751 802 4 461 908 824 916 872 737 631 329 57 995 131 813 476 695 343 112 209 549 641 840 
1
416 140 933 934 
10
599 969 948 954 158 454 452 283 178 78 959 960 856 992 184 57 417 802 792 868 736 365 627 396 719 817 582 367 930 669 907 969 414 786 402 303 379 515 453 336 
16
941 517 978 479 31 298 935 597 297 965 645 630 390 916 51 248 854 63 793 680 157 453 525 360 709 114 453 497 695 410 891 468 808 959 827 741 230 456 323 258 248 874 644 350 187 101 223 966 519 498 474 202 906 705 68 380 85 8 322 630 74 36 228 327 
24
7 187 25 78 66 902 150 399 624 243 636 937 813 473 50 257 906 401 697 941 282 629 206 751 447 207 122 546 368 164 284 841 152 355 347 121 210 10 83 195 122 913 680 276 846 600 925 823 981 651 803 616 807 25 907 969 789 872 820 167 126 255 304 329 253 225 849 250 113 56 661 320 454 299 809 821 342 998 447 350 188 57 117 868 663 230 530 852 648 834 316 819 989 965 743 757 
12
795 855 170 111 286 867 406 219 389 813 476 378 138 942 84 537 48 737 268 913 542 468 495 369 447 367 438 457 791 243 999 224 52 144 659 968 59 614 60 105 817 748 58 653 351 194 589 753 
15
460 232 182 770 473 930 971 698 915 999 260 657 449 657 353 136 682 136 198 285 938 495 991 368 19 939 101 107 865 34 472 237 885 70 726 831 220 852 25 937 128 581 38 510 202 30 360 229 263 246 265 133 922 797 735 63 761 747 486 160 
10
634 895 643 143 958 900 460 294 796 723 836 51 667 42 393 608 588 960 957 283 698 518 441 650 691 945 721 566 487 704 945 871 502 385 117 571 559 654 959 599 
34
243 802 360 499 980 88 225 186 804 293 334 593 4 141 644 510 343 10 777 799 39 490 796 689 562 594 919 880 528 86 16 792 65 768 143 992 456 315 538 698 180 86 902 46 163 552 65 533 137 247 377 451 489 473 700 837 258 340 536 205 744 473 409 696 459 393 225 118 652 95 303 951 861 947 129 40 181 805 236 982 546 97 904 327 416 238 734 268 985 505 489 4 833 633 976 898 85 371 643 245 347 359 947 43 782 718 340 243 567 859 549 91 142 991 997 639 486 89 421 442 342 239 813 534 400 254 208 433 798 697 627 167 350 210 584 438 
23
687 248 470 60 122 206 377 745 914 91 442 519 482 113 364 126 694 28 617 324 755 87 442 68 712 866 495 387 616 480 314 489 576 717 529 116 241 364 983 77 35 450 681 760 790 513 958 789 499 843 509 619 739 510 855 144 480 83 107 939 766 587 706 778 476 921 231 732 776 699 409 138 274 345 89 354 958 266 369 952 931 181 39 441 248 881 352 776 447 815 125 27 
7
587 745 607 828 601 500 438 69 678 76 99 880 85 936 957 955 888 947 951 575 365 822 351 552 451 998 122 934 
3
643 558 110 466 95 895 854 242 522 985 275 548 
13
657 422 918 503 200 565 87 152 856 31 628 756 543 57 261 548 889 906 118 576 536 975 786 139 532 74 415 228 881 736 247 845 228 632 227 148 480 504 591 992 304 298 958 853 598 304 964 929 625 104 296 120 
17
36 464 126 482 458 360 690 571 124 701 496 983 237 168 359 600 635 348 910 550 177 777 140 354 765 816 41 671 361 968 126 796 37 946 966 236 866 328 383 800 983 744 924 887 184 181 911 260 404 990 681 776 613 706 642 720 26 652 861 35 108 653 607 713 430 34 219 775 
9
545 269 800 316 616 366 217 941 771 702 876 952 971 713 393 518 576 962 30 227 253 726 541 225 985 172 166 557 545 570 130 909 421 394 372 474 
5
180 226 991 728 175 318 966 268 577 422 8 352 369 109 465 623 683 100 715 450 
32
992 445 392 824 219 433 235 387 472 901 646 222 398 403 48 943 287 683 820 7 530 600 397 103 7 897 23 504 234 661 487 543 226 440 134 221 203 322 621 834 952 516 761 98 644 583 937 967 376 472 620 383 273 761 590 298 661 878 469 351 84 612 285 669 901 989 212 945 735 674 586 873 139 140 479 943 945 643 329 101 262 995 860 691 157 294 252 42 877 561 127 399 482 495 996 824 22 259 776 768 9 649 885 119 876 566 67 92 526 523 805 914 846 546 922 155 348 114 476 359 674 900 862 71 525 507 622 691 
33
105 125 686 281 155 492 563 60 858 705 338 321 924 955 959 922 359 129 921 188 376 470 953 464 174 913 815 903 992 695 322 190 37 841 459 923 70 957 14 780 243 608 360 148 424 25 720 675 573 6 877 326 516 415 41 169 512 954 277 743 669 804 586 217 786 92 830 123 980 117 436 595 137 67 96 635 801 118 856 52 43 858 40 277 415 467 909 751 456 661 454 957 864 216 348 762 590 68 162 747 50 817 929 929 101 3 420 600 292 213 595 700 907 967 81 506 423 731 803 927 607 109 952 95 519 234 251 995 909 882 583 450 
30
946 599 524 618 479 851 339 411 967 537 675 725 862 549 6 453 277 199 309 472 235 455 480 787 266 970 709 105 137 941 10 197 742 487 383 172 244 621 515 912 839 881 45 499 342 797 783 638 133 884 72 201 477 20 411 489 70 893 838 277 446 112 605 674 219 791 538 462 939 378 173 165 729 867 796 728 454 624 251 372 873 657 791 242 297 279 456 355 858 398 858 882 622 10 369 531 558 166 888 625 110 615 98 52 289 899 559 461 510 157 434 369 582 209 452 718 421 764 290 854 
2
731 311 447 298 817 687 350 191 
5
625 145 192 70 749 675 113 941 926 937 696 585 5 999 365 395 645 623 585 814 
28
133 348 463 397 746 801 996 963 758 320 514 883 677 494 901 162 452 397 252 473 122 950 342 633 542 854 722 232 55 281 318 390 423 103 427 691 96 715 351 145 563 386 895 334 581 126 952 193 470 144 993 157 610 116 329 398 666 185 449 43 772 213 208 899 895 918 402 394 450 842 617 882 652 278 497 386 461 540 360 25 571 775 908 90 548 402 977 335 284 91 725 616 38 591 799 307 125 164 702 676 973 857 317 324 58 913 671 446 755 569 349 445 
32
503 222 546 339 239 906 973 450 233 536 694 732 836 940 87 108 206 882 557 104 476 928 231 736 310 660 270 982 191 153 815 961 186 91 270 110 417 764 205 388 293 258 185 477 225 799 308 40 785 943 575 567 954 678 646 444 700 105 559 890 637 750 306 482 827 257 689 724 721 987 154 156 64 444 894 253 63 160 527 814 422 150 331 952 411 795 940 939 199 683 664 944 211 855 215 790 642 735 163 906 376 556 555 869 760 6 327 794 355 859 286 885 915 366 603 132 149 817 927 114 747 955 19 218 26 702 584 343 
24
545 789 967 294 757 577 708 431 425 383 839 531 973 596 214 627 159 999 635 571 955 756 861 368 703 889 970 648 541 952 667 489 264 446 779 591 521 916 836 65 556 834 923 135 229 633 440 79 601 441 121 842 896 293 428 86 26 105 154 507 455 567 973 242 834 226 781 6 448 667 72 423 278 439 647 222 800 645 375 537 687 452 581 132 313 546 443 644 490 736 870 465 741 694 329 605 
15
176 118 176 487 200 509 526 746 622 770 721 219 132 126 755 196 925 27 67 970 20 143 605 365 184 746 960 866 787 556 400 306 131 746 705 256 208 371 396 251 804 284 389 484 114 484 668 548 776 988 390 611 558 477 545 132 716 202 278 293 
20
255 25 235 533 306 290 187 228 493 482 857 545 536 315 181 630 849 136 246 418 95 827 731 406 375 347 325 816 343 729 186 201 895 544 781 142 18 9 482 524 802 566 498 428 469 783 858 286 629 580 199 838 246 158 334 804 691 137 288 762 630 70 87 647 413 830 554 522 547 940 811 421 915 225 15 119 871 498 874 572 
1
917 323 464 582 
2
604 613 520 611 961 152 669 711 
12
649 677 484 527 934 257 825 957 218 868 885 417 551 476 344 177 505 756 850 191 247 206 675 357 849 351 6 325 382 739 590 550 690 924 241 38 628 616 439 861 726 555 873 326 631 8 374 769 
36
197 886 763 504 295 824 124 309 383 769 869 810 107 192 211 383 817 342 444 148 911 83 538 397 362 937 321 434 744 728 35 619 776 70 596 617 820 626 782 667 157 435 493 275 162 884 953 264 182 286 5 848 900 670 857 597 429 769 617 515 36 853 2 340 21 350 283 799 290 324 865 517 124 815 103 261 241 441 433 298 424 568 388 378 342 152 845 525 635 90 740 999 901 165 643 918 879 157 417 726 182 10 167 946 315 64 738 432 260 47 682 113 803 521 336 254 263 280 84 895 642 6 433 702 135 396 60 145 437 695 607 488 480 252 940 585 849 683 862 905 390 456 636 879 
36
669 332 968 376 688 828 521 356 200 202 43 755 701 79 844 309 308 985 31 467 974 568 259 93 531 283 262 315 477 642 265 161 903 958 460 111 96 252 606 101 663 296 883 206 612 435 5 211 761 888 130 345 186 373 387 905 934 975 199 608 827 571 889 601 365 68 770 985 601 846 377 784 801 490 383 637 753 870 445 390 536 743 986 676 709 759 159 418 548 164 308 509 390 110 643 980 434 444 112 649 450 887 469 485 163 305 462 523 520 909 450 319 204 338 763 504 853 265 696 420 972 982 465 550 302 237 145 526 453 758 941 946 619 279 788 152 584 140 329 778 2 472 374 217 
21
501 506 559 453 169 220 963 675 19 411 600 785 303 363 680 119 831 728 669 655 443 895 222 367 630 356 674 320 895 444 655 602 688 854 892 775 997 490 190 330 671 679 263 339 780 61 547 765 85 14 136 893 830 20 711 275 543 836 545 361 680 158 623 751 734 922 974 306 741 836 389 725 138 408 636 195 988 175 918 397 375 569 218 692 
3
488 537 798 502 199 153 926 706 498 685 390 497 
