204
1
407 645 285 895 
1
120 59 347 407 
1
231 231 227 255 
1
900 12 655 518 
2
326 770 902 708 102 517 223 384 
1
585 640 734 793 
1
777 90 168 603 
2
955 384 693 749 766 731 17 853 
2
384 580 663 153 73 58 161 885 
1
761 165 62 241 
1
529 633 23 733 
3
998 635 128 872 441 197 562 449 323 220 465 295 
3
650 583 355 338 900 502 698 89 22 754 614 525 
3
895 45 811 272 112 398 185 18 294 887 549 312 
3
919 328 284 30 708 962 281 642 996 677 520 580 
1
861 409 762 822 
1
854 602 866 650 
4
186 853 13 393 617 544 356 934 22 50 315 913 454 946 338 741 
4
386 181 696 321 289 414 778 230 942 988 970 577 11 93 143 227 
5
982 664 589 162 26 837 585 838 771 883 802 697 798 747 776 727 606 312 504 446 
4
300 463 914 326 846 821 720 830 56 563 957 259 480 368 93 515 
4
440 181 890 398 236 806 784 768 56 720 393 956 185 391 319 833 
4
370 822 889 879 725 701 541 946 304 510 194 947 825 666 372 252 
1
494 338 413 767 
3
54 620 778 151 138 688 700 113 797 269 505 602 
1
412 159 894 44 
3
146 825 258 702 398 433 312 32 879 795 367 237 
3
108 577 153 291 577 897 787 977 559 444 342 354 
2
396 830 645 543 218 255 926 576 
5
898 713 420 246 340 438 438 515 800 204 910 45 537 57 927 947 78 949 348 367 
1
799 277 378 570 
3
438 853 109 369 846 528 654 280 457 507 949 543 
3
73 468 897 23 756 511 269 475 466 723 894 533 
2
285 104 798 322 716 372 77 870 
6
926 966 42 85 14 66 317 331 88 71 771 640 564 863 160 443 616 699 724 244 978 635 120 78 
6
765 349 42 132 408 776 305 61 797 255 421 814 135 516 713 294 202 491 945 558 216 114 998 879 
3
32 344 39 354 867 190 702 214 579 27 623 868 
7
54 507 975 905 968 576 382 366 774 207 710 231 694 286 410 126 682 244 946 725 560 598 397 423 171 722 568 887 
7
953 683 881 381 359 95 971 247 641 969 791 970 145 115 293 291 835 613 368 363 516 555 898 906 457 311 252 909 
9
985 57 244 463 106 488 653 369 750 68 706 155 345 7 25 922 297 25 668 256 639 17 123 80 233 423 454 6 221 445 714 938 556 585 764 117 
2
173 895 937 835 605 506 532 741 
4
696 476 529 30 339 63 67 296 878 915 816 575 753 767 933 13 
1
162 724 24 409 
1
247 878 688 38 
1
445 129 405 734 
10
836 189 599 821 771 162 951 690 994 623 916 543 354 94 409 937 811 84 387 972 451 45 392 748 761 290 430 435 676 500 134 354 73 55 899 23 816 165 78 845 
3
198 366 264 22 495 79 378 726 276 784 74 946 
3
126 561 172 526 314 112 878 313 443 612 57 867 
8
669 192 29 575 64 168 869 275 147 787 998 43 924 873 488 491 368 972 804 205 438 807 825 30 250 984 17 222 782 492 262 53 
10
723 964 648 421 108 239 1 40 236 492 572 252 616 147 5 156 569 634 291 241 392 304 134 110 727 858 360 117 674 778 145 953 641 281 495 919 704 28 108 823 
5
674 327 265 462 114 367 390 775 257 23 506 766 940 482 618 369 384 622 298 492 
8
179 677 973 581 932 928 524 605 8 697 678 178 958 297 427 277 79 319 589 721 64 387 619 428 663 136 977 776 455 411 977 888 
2
601 484 69 922 415 2 709 57 
10
760 433 738 757 926 473 539 465 751 58 703 897 530 112 824 981 85 215 260 83 153 388 833 862 773 984 818 602 139 90 500 710 294 48 320 705 890 792 560 679 
6
310 508 168 481 436 724 630 848 29 22 40 241 416 470 807 117 211 743 812 526 337 702 302 534 
7
891 33 658 823 568 464 650 791 99 86 476 233 92 173 431 497 60 86 813 638 264 20 475 974 247 371 265 983 
2
698 435 604 14 700 460 533 387 
7
760 412 501 926 602 872 148 160 870 139 999 413 624 825 303 531 166 276 456 44 877 137 540 598 799 309 288 118 
3
781 273 749 507 350 998 715 249 344 701 853 256 
5
360 335 234 943 135 225 841 310 221 755 25 993 865 172 658 909 199 913 683 538 
11
938 744 11 775 246 700 16 22 693 85 157 160 126 427 438 81 550 999 975 591 610 217 713 329 459 140 197 288 414 327 45 946 421 101 547 351 353 690 511 103 943 397 197 58 
13
525 240 880 816 332 266 716 57 398 327 829 72 708 347 214 325 19 266 172 23 508 349 328 712 507 130 581 529 957 817 343 359 256 415 663 945 347 950 921 132 474 61 43 207 703 366 509 998 35 143 451 352 
9
756 353 485 934 118 606 865 550 120 282 845 900 6 471 122 567 674 20 445 951 974 403 351 605 982 478 764 603 125 456 815 360 518 574 209 830 
4
739 631 456 952 46 264 928 765 125 750 983 769 614 492 838 502 
13
299 887 950 826 691 159 600 802 671 649 747 351 819 867 619 796 68 363 699 212 398 588 647 577 336 411 728 939 560 393 681 755 684 958 886 243 739 756 894 385 621 562 34 772 893 465 175 145 795 60 370 735 
6
118 43 9 185 809 943 741 901 476 780 210 378 301 505 176 435 482 1 508 801 167 906 632 234 
8
366 371 659 428 463 980 88 899 808 493 437 651 296 772 205 644 392 347 162 938 66 310 330 351 497 231 222 747 428 914 867 776 
11
419 615 481 393 625 774 935 203 510 46 35 325 669 677 974 716 684 137 716 87 126 836 752 835 883 94 983 600 663 99 567 829 94 124 936 975 983 518 937 553 987 630 445 721 
1
341 279 47 904 
12
665 906 534 726 409 229 793 521 824 410 368 674 43 984 474 478 920 516 919 340 756 379 440 88 933 189 867 835 719 472 885 746 560 404 840 465 325 375 449 495 608 147 995 746 341 285 339 888 
2
145 414 438 825 165 565 615 248 
4
732 836 428 9 760 24 632 596 227 430 813 214 342 106 604 862 
3
966 566 293 536 939 291 528 440 320 290 558 573 
9
824 941 41 446 923 717 957 967 335 118 58 998 292 162 253 103 994 372 403 667 6 393 839 829 399 884 466 841 951 672 96 930 396 840 106 726 
9
991 899 51 700 824 538 840 205 176 454 606 9 447 292 622 402 187 892 594 556 80 775 182 843 10 860 876 347 206 473 397 409 838 796 16 473 
12
29 641 80 404 188 764 617 690 15 415 206 968 983 850 858 454 818 70 92 255 341 296 678 408 770 569 676 635 482 985 320 366 392 721 327 842 604 966 726 318 701 248 791 203 689 80 332 97 
2
748 984 954 118 336 471 640 537 
6
600 718 546 985 130 365 498 633 495 326 293 693 881 353 785 990 108 381 31 287 800 266 123 536 
9
479 978 351 45 709 974 302 855 498 128 931 417 122 517 62 31 489 21 917 583 881 189 523 287 956 441 78 438 470 974 887 171 670 165 871 513 
9
231 391 268 185 267 52 644 730 954 552 134 419 591 717 345 714 38 265 900 949 909 376 29 253 449 211 83 776 437 751 94 533 119 451 243 590 
10
98 545 954 497 732 97 435 560 311 360 438 76 554 292 767 578 870 554 349 590 373 838 858 551 812 878 609 347 251 582 387 660 384 949 357 472 307 992 136 194 
16
145 924 342 693 704 783 75 247 288 464 53 724 498 911 645 522 544 649 89 448 652 725 847 905 637 493 312 417 550 250 288 939 350 867 90 730 307 877 495 209 509 507 410 356 582 248 168 637 230 333 141 382 625 118 956 987 64 419 908 168 391 621 346 813 
3
933 725 492 383 678 716 382 803 544 411 299 774 
15
750 137 78 233 459 949 844 254 781 594 259 43 902 904 275 519 609 914 841 856 284 110 709 802 291 548 508 362 373 391 616 828 492 718 183 641 206 174 375 895 854 63 69 935 335 883 993 270 228 720 843 867 685 225 756 975 310 734 419 745 
3
593 921 934 508 860 986 210 945 319 793 397 667 
14
235 688 877 170 718 862 344 827 315 572 651 994 865 129 306 261 355 77 172 56 608 474 837 654 558 802 456 528 315 441 619 400 861 487 705 980 150 964 597 419 158 272 405 652 364 129 593 166 220 774 319 718 507 602 818 768 
7
524 959 538 693 22 971 253 261 879 656 466 669 694 666 305 494 987 245 531 431 68 448 989 507 965 991 268 59 
12
507 956 29 416 216 736 183 439 558 447 410 961 816 866 143 527 672 2 816 93 916 970 60 836 962 961 439 142 778 703 963 276 180 226 970 637 83 596 761 259 437 82 295 280 461 639 567 516 
4
173 769 998 573 547 191 615 625 714 614 311 311 670 560 91 485 
7
829 953 200 630 514 282 127 107 39 931 463 550 270 706 646 156 165 23 648 873 568 410 459 544 438 416 272 912 
8
387 59 838 100 373 177 546 147 352 812 144 259 651 96 839 96 699 894 363 712 596 480 201 2 227 331 406 661 157 611 981 907 
2
553 911 860 761 285 28 276 599 
6
264 352 771 504 741 479 361 417 435 95 563 584 388 384 319 432 502 956 839 367 499 315 435 233 
5
192 981 569 609 963 968 571 744 82 599 312 988 774 528 8 261 438 807 5 627 
16
277 309 183 623 646 468 96 391 424 304 819 54 290 999 491 445 168 303 734 610 672 125 920 902 770 563 531 934 647 516 654 383 767 835 405 212 998 829 132 916 587 955 398 436 591 579 509 654 632 163 274 344 823 244 322 236 210 236 552 915 733 676 29 84 
4
286 499 673 975 572 412 36 366 86 360 524 657 596 136 579 807 
6
756 692 295 131 148 241 164 580 484 207 63 685 273 610 10 902 773 452 560 167 722 861 327 540 
12
394 425 793 929 567 739 610 356 464 270 81 404 990 64 137 40 350 906 697 352 188 638 957 351 870 972 412 134 557 996 752 8 121 233 971 51 44 871 309 409 561 796 40 711 421 471 918 302 
13
71 482 761 825 233 65 221 845 979 564 96 131 781 816 456 382 123 167 232 184 239 261 988 467 653 560 188 357 292 393 626 478 341 3 984 177 517 57 687 569 465 967 223 345 305 219 133 648 828 556 328 75 
19
766 833 244 283 598 887 126 302 752 986 138 671 220 154 613 798 968 207 884 888 61 810 138 251 470 749 647 607 47 442 261 242 643 700 593 620 29 225 480 662 312 151 834 280 910 257 722 452 335 619 814 881 746 507 753 636 839 766 146 263 550 393 45 175 624 803 483 586 796 341 475 699 442 267 245 738 
16
570 766 792 565 790 280 340 56 597 655 871 172 832 790 487 178 911 653 805 787 350 722 952 840 922 347 872 724 25 730 332 590 225 546 235 907 882 117 614 457 414 746 961 307 446 209 363 168 279 686 986 292 852 94 614 299 334 288 51 167 159 146 359 825 
16
56 83 333 996 325 477 307 399 487 277 331 740 153 605 739 367 290 102 283 352 53 595 481 735 436 446 184 470 693 636 773 954 711 752 272 401 49 286 275 467 280 654 86 728 736 370 736 614 888 300 679 681 14 881 151 499 911 619 939 633 859 261 304 760 
12
415 673 332 128 440 92 696 59 203 144 533 3 629 746 255 283 220 289 10 764 248 674 964 546 38 425 804 436 560 752 385 772 735 690 614 601 683 86 966 322 434 518 658 181 245 882 889 340 
3
196 260 364 974 370 107 893 600 922 867 246 23 
5
784 767 802 921 602 108 578 497 430 389 211 281 147 586 90 378 681 436 473 139 
18
490 189 531 954 424 973 106 860 72 218 363 210 492 77 945 21 759 197 230 876 708 680 839 610 384 138 506 432 229 98 144 668 817 6 571 201 411 735 405 726 590 948 646 108 937 339 513 717 903 642 803 558 302 730 415 257 927 486 541 870 175 982 350 839 76 644 499 201 721 764 303 989 
4
138 461 876 807 428 563 607 150 565 687 654 468 831 902 495 188 
2
25 952 490 150 94 630 615 95 
6
143 278 516 129 579 973 265 700 302 15 805 942 586 684 488 104 368 25 625 104 676 286 609 724 
19
332 198 447 861 703 59 205 562 53 444 891 368 619 566 865 394 103 909 84 831 952 393 424 544 42 300 404 346 246 161 509 132 692 57 263 620 14 801 621 997 255 650 601 549 759 491 228 923 365 866 776 890 927 619 286 200 160 696 739 49 568 816 280 324 293 494 812 589 488 709 664 896 485 552 878 527 
20
904 876 99 568 131 391 662 293 323 310 436 60 983 303 449 900 839 793 204 516 530 293 82 712 702 707 86 6 684 425 219 512 895 565 391 386 643 48 481 940 44 837 654 403 86 737 390 725 565 642 578 202 251 710 845 49 913 921 184 152 349 864 219 850 852 297 641 626 277 974 870 183 602 662 147 371 597 805 790 405 
11
881 107 473 345 795 522 723 96 461 306 468 249 896 656 223 332 406 494 394 545 837 108 255 14 626 810 964 603 140 910 732 67 618 852 942 636 336 833 703 381 379 432 881 106 
7
323 276 998 811 346 522 192 443 853 36 80 879 735 597 495 469 424 216 596 630 485 427 808 988 41 658 231 22 
14
261 909 968 743 874 681 280 446 698 27 532 725 667 968 285 546 361 519 719 189 198 487 723 125 81 917 137 56 86 363 783 581 278 506 556 905 102 41 939 153 16 871 717 904 96 651 205 322 821 377 467 79 515 611 219 129 
16
558 873 802 616 523 502 344 255 156 120 349 710 857 17 952 759 812 824 617 721 630 478 935 878 375 797 360 83 245 924 456 593 731 518 700 143 533 173 50 132 175 368 264 561 827 659 298 170 181 449 111 811 23 828 852 157 739 845 692 444 330 696 526 277 
1
697 576 280 442 
2
112 696 32 362 42 182 909 875 
15
267 676 729 632 11 202 203 957 193 16 904 49 22 784 562 658 497 723 157 528 517 441 798 136 101 723 284 372 758 374 889 126 521 368 182 872 160 34 77 925 612 305 511 622 446 626 185 910 654 427 885 959 90 352 694 306 792 374 301 838 
23
716 855 836 619 931 649 182 162 203 567 551 562 870 776 32 189 608 375 58 904 757 193 65 441 717 508 984 364 82 76 549 1 885 184 871 827 185 765 317 577 285 641 576 265 106 48 377 568 645 355 869 322 946 751 491 275 91 877 646 849 718 2 260 619 696 12 542 515 134 549 692 62 434 40 332 698 562 630 411 947 931 691 637 920 641 207 39 986 220 648 551 711 
2
583 479 843 670 165 945 455 729 
18
918 745 559 648 533 108 648 244 751 7 440 194 253 776 727 977 544 432 110 518 505 398 312 513 665 488 513 726 113 754 746 425 25 33 981 974 466 1 761 73 586 536 145 472 194 866 474 865 147 713 887 764 755 177 521 111 149 669 772 998 588 724 874 954 711 825 883 320 823 796 660 316 
19
601 762 293 511 777 321 378 600 635 974 312 213 687 421 79 288 722 917 853 675 911 382 376 871 577 755 968 845 477 290 522 596 274 821 711 655 965 999 680 490 857 107 784 865 961 760 38 231 273 738 334 86 621 973 267 808 904 393 115 140 717 496 226 286 47 294 880 105 691 852 327 335 261 20 553 223 
22
577 971 215 323 92 106 217 182 339 963 626 957 173 91 808 146 396 939 996 141 156 151 677 245 994 878 588 862 456 761 282 876 550 502 690 310 58 916 821 932 593 739 31 991 823 34 473 847 726 708 820 161 291 153 50 157 694 788 412 785 158 187 545 853 196 162 98 379 18 213 114 641 887 222 250 251 467 78 158 518 202 859 799 546 242 977 947 297 
6
409 384 432 603 676 47 774 468 871 768 17 245 900 333 737 664 740 277 110 157 418 676 711 765 
5
359 849 51 333 385 745 795 304 939 301 235 888 94 509 379 232 747 869 278 441 
16
187 649 495 610 996 95 721 945 605 875 958 457 87 93 258 271 776 393 288 765 503 685 316 364 607 228 862 122 755 464 141 242 739 368 259 842 72 462 68 785 475 541 538 499 884 617 841 432 42 457 64 230 200 748 221 13 755 809 145 734 624 261 168 873 
24
110 733 659 667 804 605 689 752 141 627 100 855 448 72 299 526 976 324 34 582 199 634 487 430 122 190 194 349 185 669 883 321 516 220 36 545 275 112 934 988 48 648 43 690 502 537 728 139 793 840 937 251 297 899 818 997 698 276 549 875 827 632 338 53 384 34 382 61 273 235 237 556 592 250 229 880 269 589 814 693 494 587 132 175 461 654 855 336 64 381 383 714 123 850 45 784 
17
714 641 77 748 655 150 415 360 710 265 373 197 259 771 770 758 931 236 102 415 610 998 233 904 364 221 731 778 924 212 421 883 560 457 68 752 950 232 119 705 193 330 464 696 731 737 612 632 75 194 442 206 447 767 222 85 890 318 521 590 658 35 719 222 65 537 1 460 
8
625 892 166 782 683 281 788 373 419 992 27 508 616 414 538 77 951 276 44 324 413 47 851 777 71 88 4 85 803 104 645 536 
23
1 890 822 251 324 9 363 201 865 476 531 452 760 380 514 3 618 161 103 426 189 900 802 913 933 658 359 425 172 40 429 402 219 436 736 721 616 287 814 974 984 411 153 697 485 722 737 52 46 527 766 13 302 326 180 910 17 24 959 219 378 392 994 129 834 32 417 668 492 589 782 702 870 915 778 640 69 563 927 106 135 358 602 65 361 976 220 194 559 359 545 668 
10
733 494 657 321 764 505 19 297 185 195 144 292 850 977 869 964 774 879 76 809 297 735 394 123 862 698 296 177 638 556 11 316 626 742 537 937 824 616 408 838 
1
187 358 899 389 
1
626 779 412 918 
11
975 139 175 931 275 896 848 498 938 119 412 163 467 682 495 73 447 498 959 15 27 398 243 139 664 861 653 819 957 509 966 7 608 347 929 712 289 658 986 738 316 379 572 953 
26
967 891 955 711 988 232 193 247 199 890 109 296 761 512 178 249 128 831 686 193 179 512 690 402 689 774 985 557 384 84 939 175 18 392 635 625 702 554 365 532 719 287 925 186 382 906 59 888 140 850 10 426 220 564 983 479 718 131 463 898 107 586 332 713 383 412 105 572 769 338 893 772 632 276 303 332 238 366 695 484 689 95 809 806 760 58 144 613 17 494 763 396 347 254 211 762 256 209 335 887 615 712 322 970 
17
936 90 979 298 215 727 706 94 35 797 794 267 949 983 200 95 383 788 625 152 448 141 607 22 23 373 825 585 531 361 131 784 35 962 875 738 864 524 832 149 998 623 15 963 32 834 462 60 208 658 454 905 332 602 301 151 921 564 866 170 589 737 109 890 536 762 788 544 
28
248 422 103 994 515 703 402 493 698 627 34 263 533 519 70 492 832 868 174 793 789 458 819 279 856 605 902 705 497 932 547 621 141 766 956 151 793 11 56 713 726 420 916 899 328 71 426 51 601 753 527 424 535 568 340 910 844 944 446 284 560 762 220 463 124 884 449 386 613 308 801 718 917 470 436 201 815 397 80 299 122 858 294 934 312 878 682 14 84 119 879 333 140 615 142 24 375 998 415 575 331 825 127 944 660 302 59 455 204 494 167 988 
2
696 729 455 959 699 495 617 674 
18
845 238 201 422 915 721 281 18 919 405 925 510 234 10 342 305 318 402 348 613 566 77 202 189 642 692 336 424 231 155 749 892 663 364 395 210 207 359 253 237 354 141 926 59 287 112 923 618 27 231 441 589 729 810 804 521 343 236 350 477 45 202 345 594 817 326 451 198 772 629 16 149 
22
254 900 90 942 544 180 650 663 930 461 442 12 123 708 864 318 880 681 104 371 407 659 824 698 874 336 475 710 858 583 49 857 199 526 951 917 239 722 439 382 262 925 129 346 857 494 78 801 749 122 572 944 371 821 295 999 275 445 899 33 763 948 155 443 65 699 763 291 956 692 616 693 188 98 870 278 243 170 595 183 365 197 66 719 641 933 956 409 
18
719 61 95 882 620 60 168 826 207 972 876 765 44 635 841 114 983 390 770 37 710 540 675 193 218 568 119 536 426 896 643 692 10 117 457 305 703 955 826 376 151 589 6 221 207 137 382 83 876 450 377 228 18 196 771 852 979 301 977 335 286 29 124 669 714 134 369 758 193 475 467 361 
23
121 529 422 166 829 860 411 591 393 30 431 591 23 800 593 353 52 528 983 462 457 948 119 894 832 520 302 474 321 925 329 541 695 11 834 153 286 540 934 616 208 781 551 397 156 539 298 803 401 961 600 76 386 122 101 446 361 999 120 703 503 144 524 554 781 859 858 654 848 962 871 452 837 161 762 770 828 531 815 708 344 871 95 759 726 213 145 298 166 116 100 548 
3
951 345 856 318 920 628 726 470 46 15 516 543 
18
218 583 531 596 398 375 750 703 867 774 163 902 857 347 946 209 163 446 573 21 560 853 631 488 697 449 760 204 47 231 57 811 389 435 453 18 312 514 337 993 86 61 64 602 949 402 466 42 400 93 14 192 553 571 26 706 519 931 863 814 488 890 469 184 375 656 70 359 478 826 307 957 
18
932 418 458 765 258 441 922 201 25 285 153 74 758 716 124 524 442 187 399 223 422 359 518 777 364 696 278 70 27 37 164 640 135 387 371 931 374 544 109 333 472 636 713 770 533 940 753 605 459 580 630 263 557 393 816 468 898 891 564 197 746 560 754 360 785 938 865 705 356 969 391 783 
21
933 47 149 614 939 654 99 383 759 760 724 662 732 670 524 830 240 233 572 75 676 903 430 24 523 327 945 254 757 297 958 575 197 257 386 600 556 786 531 939 147 449 228 29 315 446 122 868 54 988 951 412 143 162 395 29 920 143 5 650 520 890 828 308 541 482 388 839 603 777 181 594 884 132 423 824 724 746 86 185 637 848 200 203 
11
371 839 313 407 248 379 740 261 575 49 224 190 560 151 223 561 924 215 411 438 581 617 314 429 876 79 602 261 11 502 17 239 519 381 229 722 374 555 805 385 520 207 244 68 
23
975 53 898 914 93 540 377 175 362 129 993 705 484 121 805 890 247 261 928 610 639 569 460 600 303 989 625 636 260 204 81 729 261 36 726 231 525 962 331 931 756 36 622 601 231 452 725 161 670 587 407 43 215 809 356 170 171 446 390 559 756 661 360 62 789 251 281 655 817 323 271 312 365 351 858 700 945 23 679 311 33 885 260 273 734 322 671 605 259 535 60 359 
21
710 87 933 426 662 353 942 893 357 65 169 758 892 87 83 619 960 510 257 712 71 529 57 820 780 229 822 921 81 414 660 87 862 713 132 991 212 626 798 606 290 443 703 559 282 61 790 591 296 77 59 6 32 355 820 611 243 732 237 546 556 402 485 220 833 241 409 44 476 429 43 471 144 825 708 338 69 843 258 67 53 990 809 894 
19
236 331 3 212 884 178 785 908 761 20 366 68 33 625 486 993 617 143 544 251 100 757 275 22 674 98 406 774 9 286 276 670 964 100 720 840 446 348 424 313 875 686 852 130 955 979 627 43 918 983 576 567 876 2 14 206 735 630 262 51 605 331 713 719 661 188 45 775 461 803 324 440 931 350 777 944 
31
548 633 412 861 638 267 907 338 457 836 774 928 992 35 186 549 712 596 388 514 787 423 865 216 389 759 701 737 686 423 456 689 151 31 972 833 389 808 380 807 977 460 167 83 520 605 661 758 582 68 112 872 470 771 79 146 428 96 282 501 668 953 492 65 491 308 895 532 3 35 719 122 252 191 444 486 987 942 397 231 926 174 242 88 576 589 483 435 511 463 959 767 66 296 875 269 508 672 890 878 348 61 412 753 332 331 943 460 948 879 159 945 914 590 180 681 802 881 708 132 784 855 847 689 
24
914 637 699 247 544 76 915 57 175 413 916 212 181 130 445 629 495 559 874 421 601 547 916 704 4 773 947 203 42 525 465 817 333 795 427 796 235 944 511 103 455 213 558 748 328 3 934 394 732 522 545 517 229 760 458 471 159 848 82 550 275 276 368 693 310 905 354 92 337 421 269 639 265 988 561 855 290 617 752 246 473 508 316 132 762 336 261 889 750 297 712 818 582 366 835 938 
11
346 321 53 966 595 874 168 132 416 642 709 871 120 243 135 761 350 806 203 432 148 26 723 689 903 335 820 409 502 539 462 962 993 999 413 145 551 564 992 667 558 481 975 985 
31
348 675 107 924 779 561 324 810 363 857 861 29 656 140 137 750 279 145 301 623 389 498 773 312 663 114 406 926 300 430 733 380 801 754 224 660 184 264 549 681 503 545 548 232 935 803 293 957 462 299 633 333 12 152 837 626 956 226 238 547 741 204 616 115 414 420 562 362 404 793 418 241 338 260 690 176 816 746 867 487 968 287 814 617 589 920 253 62 995 487 236 56 542 989 498 163 341 12 693 614 794 816 65 426 845 755 92 94 662 699 78 378 565 209 145 802 391 373 181 615 373 686 7 858 
31
592 389 364 773 522 641 325 65 97 128 256 595 96 113 583 130 79 319 952 418 113 691 398 682 276 966 893 256 401 354 871 765 817 12 910 645 20 917 918 109 526 894 772 122 278 922 233 346 255 111 869 262 396 545 185 387 999 430 773 434 177 122 699 441 771 820 485 24 376 343 870 262 481 602 603 862 953 949 457 538 467 193 806 609 764 456 963 908 337 415 449 697 489 302 675 950 308 404 877 746 367 865 595 455 726 825 600 212 22 861 771 778 826 441 342 145 346 566 943 508 358 30 457 201 
29
176 102 225 733 669 650 792 999 965 157 597 605 724 630 866 48 702 564 501 149 454 736 139 975 498 517 728 525 77 986 686 636 944 197 23 712 590 826 735 108 286 409 766 954 814 818 588 35 7 901 998 225 958 394 843 307 963 259 915 117 466 864 787 951 579 449 166 824 556 567 831 892 47 169 698 759 142 490 149 304 851 471 855 385 897 196 871 532 709 858 269 716 495 548 445 777 913 252 570 320 760 725 764 573 636 853 807 872 930 552 320 926 290 565 7 291 
12
122 153 711 285 357 745 907 171 196 536 308 863 661 337 29 663 664 240 22 850 195 218 977 695 190 712 663 400 903 961 694 866 19 280 79 661 986 898 661 934 987 131 626 556 359 5 249 581 
23
346 641 41 909 558 106 161 678 589 562 715 541 616 623 59 675 920 997 632 746 832 584 798 937 447 322 490 402 452 154 160 348 95 995 185 141 478 467 134 84 657 549 575 205 238 789 74 378 122 221 314 181 547 319 957 22 672 38 473 824 764 996 320 10 105 964 496 986 788 160 205 391 451 887 845 881 721 580 313 863 219 660 993 462 206 100 174 295 837 317 34 154 
25
812 111 491 6 346 843 488 937 151 489 635 421 948 980 912 925 147 749 470 243 616 511 20 912 763 945 642 859 557 498 385 698 822 48 835 275 949 666 272 145 498 332 248 972 529 837 949 367 687 49 624 484 250 237 152 386 973 204 68 611 498 58 617 816 750 324 530 452 751 754 349 817 266 634 510 92 829 842 647 242 776 23 724 564 377 759 527 510 973 243 860 61 896 988 978 434 195 26 980 622 
29
341 713 277 569 801 938 891 209 722 973 256 866 747 15 976 605 302 499 479 772 341 454 717 73 483 684 683 748 985 281 250 400 523 551 64 612 305 121 117 699 28 83 447 556 557 564 520 61 282 823 520 462 459 245 735 617 526 822 405 993 700 1 570 788 129 901 970 526 199 794 699 535 850 997 913 638 974 113 588 410 472 205 732 86 224 19 294 312 254 436 873 489 160 432 335 958 304 575 606 216 93 170 281 485 440 924 700 729 135 809 699 155 242 655 217 504 
2
279 35 371 370 840 539 18 645 
29
514 332 353 399 441 896 622 93 743 21 360 996 231 441 6 600 699 405 287 442 275 897 208 639 35 163 435 95 861 373 434 751 204 204 4 201 218 808 17 644 914 613 427 845 353 772 852 931 699 973 936 197 988 905 788 630 231 992 456 869 18 921 482 633 827 324 215 396 879 55 870 999 248 915 620 101 901 798 455 979 884 532 326 623 858 234 800 403 425 448 120 839 387 733 727 867 646 689 238 40 862 78 908 111 936 29 750 758 258 519 426 682 234 128 450 889 
9
70 33 391 86 15 785 78 555 973 969 93 26 418 353 462 210 968 598 859 433 19 35 275 149 378 339 382 159 472 885 286 459 542 410 189 79 
2
873 144 106 355 599 49 228 286 
32
22 444 390 228 153 541 252 473 998 407 109 125 604 919 873 450 449 178 174 854 207 493 951 8 583 488 242 144 144 83 848 482 287 283 703 900 48 758 652 846 86 975 364 650 961 458 380 613 34 508 365 559 822 809 738 990 355 548 73 780 668 966 473 881 499 155 943 786 893 910 167 528 615 865 599 5 403 69 306 52 474 655 221 599 958 286 285 592 371 726 928 230 770 10 975 970 523 923 234 545 955 489 935 377 852 98 638 530 997 42 669 998 358 897 670 134 301 29 141 142 691 783 488 677 152 466 524 328 
8
502 378 528 964 891 303 223 438 526 911 695 264 415 859 11 967 367 618 128 760 123 406 259 503 770 546 468 126 927 483 945 210 
24
184 762 507 489 380 39 905 149 918 975 645 246 297 646 44 984 219 979 701 396 906 459 743 569 999 561 332 147 241 616 174 6 977 126 763 257 263 451 960 621 130 837 392 77 642 146 37 645 73 602 540 748 971 785 772 109 235 343 141 16 594 585 811 25 155 423 89 390 861 591 527 562 649 340 925 917 428 383 713 276 951 132 820 767 778 76 400 771 704 711 414 700 226 87 554 454 
14
214 744 253 863 155 113 510 303 868 661 769 991 553 345 438 514 618 84 566 43 701 854 681 93 470 303 831 995 709 896 424 243 854 244 692 190 932 712 808 565 926 32 483 113 54 672 112 767 702 469 223 401 13 783 390 4 
29
837 178 706 866 885 617 649 839 17 947 889 88 506 139 830 952 75 451 587 573 984 643 633 741 776 60 189 773 488 575 458 516 260 546 916 109 917 126 990 57 986 588 413 249 805 568 495 844 57 934 630 554 428 658 885 702 672 938 294 199 62 403 392 995 137 195 678 638 556 905 151 176 830 8 363 236 561 598 650 457 203 350 56 96 19 666 237 686 883 145 508 842 66 825 815 711 559 688 33 405 88 127 380 601 71 489 59 303 726 10 110 445 508 126 30 103 
13
190 693 237 365 469 131 424 85 747 387 964 704 492 522 348 304 931 887 853 854 515 91 952 587 593 697 804 375 861 894 713 396 542 825 334 208 313 868 200 382 863 788 908 250 937 670 980 902 219 12 754 111 
19
555 458 665 627 561 651 822 595 317 162 425 952 158 539 648 861 413 156 202 194 867 899 498 425 775 254 963 458 90 305 337 963 412 137 425 355 542 504 655 570 172 935 180 322 495 142 734 692 160 206 239 983 667 313 584 351 568 344 343 550 964 400 768 370 897 125 606 404 373 999 229 260 524 30 718 728 
23
460 509 360 834 800 951 176 257 687 386 292 997 251 31 406 120 652 474 382 221 76 825 78 422 403 903 604 455 785 252 367 42 603 604 104 103 338 795 515 106 184 309 84 754 241 178 266 973 178 992 354 502 430 562 705 249 64 249 781 823 719 529 807 653 72 831 330 496 682 562 610 105 928 749 327 619 715 390 222 16 294 947 44 885 880 411 121 306 838 973 778 265 
10
578 776 6 619 792 58 483 279 609 193 352 5 310 699 576 323 795 775 858 520 712 175 900 157 821 902 270 912 684 901 221 47 734 692 89 367 305 733 683 42 
32
765 288 869 905 187 41 543 763 714 624 565 53 626 24 768 685 902 63 734 55 830 586 257 909 738 611 383 613 978 861 787 79 249 287 277 137 36 759 601 916 223 529 756 837 923 195 849 996 707 25 37 243 505 429 718 718 55 791 819 782 65 377 454 878 179 645 468 86 943 731 612 114 943 103 668 378 710 8 19 761 685 429 740 761 978 196 614 374 756 866 452 825 582 511 511 93 357 119 351 990 687 504 711 898 697 1 344 528 143 242 926 428 193 734 681 113 325 500 236 634 947 828 166 949 440 588 229 550 
9
470 958 78 282 194 854 19 2 818 549 694 171 447 272 830 174 320 321 769 605 703 53 829 725 742 863 868 700 734 944 695 862 647 966 966 925 
17
220 6 494 951 454 171 890 190 577 513 498 521 844 306 859 877 380 833 420 340 568 90 766 187 554 573 405 404 71 922 936 11 906 945 189 344 407 830 854 497 274 777 106 391 793 673 50 436 307 562 942 349 552 869 690 640 504 420 433 791 440 65 348 224 62 900 207 536 
20
819 506 229 514 842 632 289 685 416 3 530 542 61 19 885 57 711 648 668 992 504 418 511 700 225 667 949 921 437 243 170 101 424 289 968 297 162 551 252 158 653 124 22 175 109 455 955 268 888 610 18 456 982 553 385 6 749 968 668 744 398 134 258 267 864 787 112 628 718 702 601 782 327 254 489 596 445 961 467 660 
11
104 765 366 944 873 667 380 850 448 241 493 636 505 451 395 385 452 342 475 463 366 408 188 987 239 780 672 997 214 628 902 619 870 5 816 938 501 189 452 695 78 888 723 534 
3
157 235 94 349 164 210 511 182 121 178 35 997 
12
365 14 157 402 813 990 791 876 180 142 488 730 772 292 61 492 111 815 166 320 557 240 797 361 330 280 342 218 517 123 426 329 81 59 463 128 982 840 574 360 135 172 782 788 11 713 60 232 
5
450 238 490 396 746 685 148 620 93 389 857 667 807 602 498 676 373 248 75 318 
26
260 296 355 826 688 744 684 25 60 137 346 558 544 626 934 511 985 812 77 663 205 218 5 631 35 170 588 561 653 404 811 305 361 791 736 74 707 207 499 140 785 554 911 450 523 548 511 17 561 658 207 312 164 637 839 546 621 355 686 631 308 281 54 891 176 785 65 45 499 784 129 745 505 875 542 573 857 588 140 925 886 570 668 789 939 254 235 808 508 450 544 735 835 841 488 832 962 78 928 455 499 790 713 156 
1
134 14 188 709 
34
878 3 944 93 247 584 544 150 809 784 972 597 584 904 641 115 360 886 9 896 275 280 934 15 871 342 683 872 57 721 253 340 306 885 78 487 771 31 321 758 368 355 702 442 32 505 967 212 654 229 879 465 740 321 152 731 422 814 265 735 166 934 210 117 720 840 191 999 394 653 56 408 584 433 258 267 805 67 702 158 25 607 324 693 444 473 872 95 547 420 923 27 909 372 27 471 712 924 119 25 735 618 969 892 541 317 631 484 856 118 164 8 989 770 152 388 763 669 650 640 199 815 633 693 692 547 810 525 862 336 33 359 37 708 352 572 
24
716 491 85 811 680 538 93 809 501 226 515 517 15 845 78 352 393 892 661 43 684 489 918 778 252 366 510 278 838 18 602 605 645 193 891 855 793 81 62 872 190 601 807 844 287 241 838 379 717 683 236 280 157 874 870 922 226 642 777 37 840 466 129 972 602 62 1 600 868 684 924 998 556 242 798 266 179 834 811 583 527 437 477 376 12 498 192 62 125 978 387 192 833 864 798 983 
30
412 274 511 268 969 945 854 226 375 279 599 722 303 589 61 845 757 868 4 903 475 46 27 312 599 70 849 130 100 253 614 599 590 158 716 921 626 941 827 582 223 714 236 960 712 810 416 906 631 586 778 512 583 551 368 662 644 780 847 209 656 568 705 42 562 691 125 644 671 976 608 544 973 737 256 97 170 414 249 544 14 31 863 950 812 880 563 233 858 142 479 449 529 126 787 705 550 178 531 618 40 844 345 380 378 801 774 909 754 636 688 393 437 142 256 310 164 944 186 950 
6
971 596 601 812 403 567 560 757 970 477 999 95 587 520 990 536 314 917 707 677 247 523 510 422 
30
92 598 548 867 319 973 563 648 925 950 789 786 696 849 306 462 705 445 427 842 53 734 314 982 452 66 496 346 626 189 870 299 56 39 740 340 80 996 541 70 958 261 608 803 587 559 777 49 348 36 701 60 729 431 124 522 101 285 417 386 86 930 918 760 316 275 244 131 985 263 565 253 492 793 47 430 502 76 584 60 853 368 813 22 370 363 542 70 504 212 750 721 204 996 340 295 996 383 869 142 832 413 56 256 705 35 399 752 473 995 972 771 309 846 771 196 133 629 783 483 
33
826 962 273 171 136 209 797 422 277 359 790 612 133 172 703 339 624 398 311 264 562 651 827 220 672 672 139 328 840 103 981 872 772 988 707 703 667 350 885 199 933 877 803 410 497 594 23 838 381 486 530 195 410 775 369 716 377 180 377 521 698 779 993 724 478 884 356 859 562 91 659 981 630 946 541 679 332 456 876 147 622 503 897 46 507 871 444 34 131 404 671 555 680 655 779 321 14 24 344 118 998 773 659 489 74 99 356 517 188 809 613 828 608 184 187 216 637 446 70 430 55 707 631 633 330 401 365 908 764 510 443 280 
6
538 188 938 762 929 915 303 285 437 60 249 731 881 692 334 393 768 893 889 301 153 520 33 240 
18
614 608 178 97 47 701 716 381 234 893 189 390 308 519 184 140 824 787 730 325 448 393 415 391 547 806 530 472 984 539 369 245 576 790 394 254 430 907 345 877 824 537 423 594 292 640 619 681 83 663 979 721 953 400 848 307 45 209 873 264 763 756 445 615 429 767 382 347 544 669 869 756 
29
530 38 125 900 248 392 401 902 484 802 39 765 177 863 19 540 23 954 125 473 89 99 727 891 292 477 387 518 839 615 635 714 430 677 116 803 561 887 701 129 446 819 838 115 14 846 675 473 557 430 791 811 507 647 393 735 802 205 904 415 487 54 879 669 176 766 433 494 898 367 436 159 326 632 475 19 575 544 21 6 900 517 707 818 642 845 303 375 221 340 137 973 402 71 322 936 855 260 798 189 234 28 967 511 70 880 860 513 157 131 943 694 504 172 383 813 
29
866 343 715 747 168 138 28 59 471 133 611 923 319 989 448 408 103 367 163 798 179 869 760 903 544 878 557 70 223 104 438 156 504 357 817 127 976 451 823 833 3 451 641 948 820 623 45 712 410 409 22 34 875 27 550 226 300 951 34 818 772 811 30 589 531 968 934 359 884 493 438 751 516 482 135 846 902 340 414 765 49 780 937 789 594 200 991 947 773 370 128 469 134 80 111 230 718 975 877 205 71 745 233 469 543 677 595 219 273 892 834 712 672 18 315 797 
4
698 562 838 226 915 288 283 441 417 355 620 865 52 32 763 459 
32
482 675 343 144 684 299 887 331 577 381 124 584 207 393 44 102 168 456 939 190 889 196 915 130 775 506 980 444 557 309 818 946 600 470 401 255 488 736 42 171 371 446 780 419 538 443 269 784 865 156 24 216 962 512 614 481 460 58 20 404 995 579 574 971 440 942 544 658 359 507 157 699 411 218 33 853 381 146 92 864 547 783 566 965 113 24 327 852 591 300 759 152 307 709 9 515 728 291 939 271 545 113 629 109 8 179 704 955 781 465 317 544 13 805 148 784 856 266 332 396 532 941 545 279 263 59 806 841 
36
435 698 669 53 444 661 467 85 646 607 294 65 374 679 952 888 804 701 713 243 22 110 268 378 200 63 368 740 445 641 652 233 921 482 82 654 855 509 359 50 583 913 693 550 439 410 580 369 746 673 620 918 499 175 614 688 847 294 995 78 376 866 37 133 93 502 161 34 905 150 419 472 162 297 350 657 472 11 47 653 733 399 681 53 741 666 650 830 16 10 892 570 944 653 438 95 119 627 771 153 326 197 587 334 43 906 361 624 237 160 635 960 666 695 339 258 755 673 398 741 65 841 262 528 640 91 832 987 858 6 37 863 169 976 364 906 847 584 475 458 995 402 776 779 
23
468 814 248 971 117 447 464 31 930 197 364 446 822 43 53 293 686 120 202 640 395 122 842 791 322 125 881 145 737 53 187 710 668 553 207 659 202 704 412 124 875 953 788 478 568 714 810 109 777 274 358 735 467 169 223 159 406 791 74 674 381 41 382 240 762 58 28 904 922 435 835 48 367 901 665 352 238 253 361 677 747 837 617 859 482 919 932 269 159 287 93 765 
11
403 706 874 667 240 512 695 654 514 319 829 558 43 726 903 794 736 469 863 802 649 600 217 268 25 413 163 17 943 666 106 530 747 33 578 36 377 426 417 944 554 261 642 173 
12
695 712 163 404 17 494 280 228 826 382 742 821 638 573 83 557 530 240 938 235 405 831 614 137 781 712 1 33 986 366 244 563 605 560 463 371 506 370 20 559 778 623 324 193 436 724 356 900 
35
767 856 620 670 434 47 849 716 780 72 933 140 783 128 869 806 222 747 310 48 964 173 59 159 769 240 865 210 467 482 142 695 863 607 699 825 920 395 789 220 596 767 111 728 752 28 451 526 622 537 987 811 372 636 328 19 281 640 492 435 168 613 726 34 921 659 116 697 620 890 981 848 575 763 597 462 883 191 419 193 956 148 390 867 276 297 79 446 49 291 47 241 210 784 762 465 380 15 445 7 101 711 907 612 545 573 320 915 854 934 931 666 237 19 47 907 669 584 610 616 256 793 416 40 621 992 44 274 298 841 420 325 522 997 284 972 845 802 346 286 
13
592 250 567 634 68 608 925 62 690 283 503 94 70 432 825 553 220 228 801 154 708 243 524 756 519 272 726 168 259 693 480 329 270 14 201 513 315 310 943 46 887 213 210 281 237 412 304 745 929 929 212 336 
29
280 616 44 684 279 474 887 402 331 702 740 184 112 835 279 845 771 135 171 132 171 569 451 17 412 356 655 370 299 585 220 363 160 45 442 224 317 144 492 758 599 972 255 159 238 547 161 753 27 843 805 261 945 148 194 180 514 672 711 561 853 462 282 244 729 369 412 275 944 640 392 967 768 439 632 437 232 873 107 47 779 735 568 205 398 790 794 350 928 186 272 902 36 673 773 210 785 699 858 52 973 232 250 172 432 136 420 859 328 845 828 695 73 681 703 932 
20
144 538 532 801 680 863 462 145 887 907 271 134 901 335 262 45 478 305 910 785 743 801 900 491 420 947 536 938 251 444 886 1 37 52 723 260 618 440 336 816 132 101 626 909 973 834 630 635 80 605 99 283 97 756 990 595 305 331 644 488 726 673 443 924 916 49 407 144 709 361 806 316 653 925 166 521 598 817 253 10 
24
236 244 594 81 784 795 149 121 267 496 10 51 281 715 759 661 63 596 956 875 14 301 379 732 861 60 808 717 498 82 71 12 563 38 934 581 524 699 462 946 458 368 463 909 946 725 398 937 725 406 762 517 988 161 459 212 966 639 813 298 448 630 208 354 174 527 546 104 813 244 779 517 634 536 497 683 219 378 517 734 436 370 99 271 710 989 91 763 468 189 866 39 611 226 209 956 
