21
1
949 458 537 982 
1
194 886 352 960 
1
94 820 486 450 
1
303 751 320 906 
1
724 31 754 995 
1
144 849 616 473 
1
798 650 949 260 
2
515 645 626 337 829 788 949 436 
2
864 147 112 858 231 396 634 438 
1
215 485 90 671 
2
712 930 630 55 568 376 289 236 
2
318 570 117 412 777 454 232 566 
2
383 804 101 711 733 20 716 612 
2
282 551 853 552 980 752 537 69 
2
91 163 251 341 865 983 306 115 
3
524 168 452 984 81 712 685 173 844 263 779 522 
4
408 510 930 637 413 207 644 922 738 280 84 200 679 933 624 660 
2
562 301 868 198 663 302 232 924 
4
577 325 596 895 794 195 536 853 763 933 514 893 275 789 938 345 
2
399 46 490 567 510 604 552 621 
5
750 905 220 217 118 152 319 163 780 691 193 525 922 88 339 987 718 519 884 733 
