214
1
715 749 864 199 
1
430 699 849 457 
1
775 720 378 613 
1
599 780 284 416 
1
582 438 537 197 
1
862 610 195 899 
1
337 996 1 708 
2
641 974 454 722 101 742 370 274 
2
974 838 769 839 62 792 181 315 
2
851 631 394 176 67 332 270 6 
2
953 283 711 616 985 529 491 936 
1
86 329 507 303 
3
70 515 123 154 249 66 945 102 225 279 384 423 
3
167 938 170 949 622 782 502 517 359 562 38 130 
3
718 167 59 523 644 836 449 51 502 372 364 426 
2
572 705 679 82 797 859 846 811 
3
332 716 383 353 394 688 86 630 417 623 619 763 
4
388 867 896 56 81 479 907 331 997 79 960 485 992 672 955 467 
4
607 896 316 994 983 443 649 967 398 442 791 282 912 32 343 25 
1
76 924 401 727 
4
359 24 824 633 277 229 542 666 656 834 777 762 880 878 707 703 
1
197 329 724 867 
3
482 183 184 477 910 387 81 423 57 640 951 953 
3
562 39 577 514 228 221 550 786 949 112 301 343 
5
721 802 626 240 974 625 329 774 900 314 26 703 240 815 647 628 985 772 708 269 
1
90 788 32 537 
3
43 360 46 917 45 152 668 5 26 282 124 839 
6
963 345 284 834 880 882 83 885 48 258 259 781 17 339 327 959 377 361 915 826 40 800 51 541 
1
712 704 504 188 
4
449 890 435 502 173 637 636 923 199 112 999 714 988 525 487 635 
2
488 454 50 451 688 177 530 302 
7
583 496 737 474 287 641 287 125 699 461 408 517 136 500 963 481 730 536 323 303 976 905 317 244 556 324 307 425 
7
778 764 876 726 528 15 927 541 414 558 38 554 808 285 22 987 265 146 655 47 458 457 462 36 180 794 78 533 
4
716 167 244 600 989 879 405 227 684 855 643 95 578 141 31 186 
2
302 244 913 562 487 251 110 740 
7
135 227 537 384 117 269 374 288 171 449 890 485 213 243 160 101 353 13 560 213 352 822 627 436 313 47 687 480 
7
459 157 70 163 162 469 484 376 605 410 992 994 196 796 607 637 356 653 742 749 556 945 637 281 21 864 954 667 
4
569 531 156 734 383 825 676 647 860 348 996 202 808 186 527 496 
6
26 949 155 603 913 530 992 432 84 954 962 647 325 55 39 526 403 417 516 27 356 226 320 64 
5
284 82 485 421 919 470 972 493 603 400 506 751 828 675 381 505 346 701 488 224 
8
772 664 86 950 930 537 818 846 653 465 893 432 382 292 5 533 585 53 597 661 993 925 941 890 907 334 147 459 628 721 989 383 
6
454 982 989 200 896 602 262 313 634 695 877 856 265 920 311 412 615 231 871 360 429 327 625 604 
5
72 492 336 358 56 562 723 801 549 741 930 417 147 240 980 134 824 498 44 518 
1
150 183 835 359 
5
575 876 674 68 173 347 850 6 173 516 806 114 985 615 672 576 552 290 733 577 
10
498 972 421 576 441 997 604 506 777 449 983 690 194 306 954 27 658 237 441 515 261 50 973 885 176 253 728 496 692 280 88 410 926 429 463 947 354 102 186 501 
2
522 197 234 371 511 828 678 777 
9
552 700 393 682 63 371 173 609 966 949 347 853 420 629 404 671 350 161 385 345 744 861 639 500 68 294 163 758 807 865 711 532 466 535 872 178 
7
890 553 732 722 153 813 953 920 585 947 14 343 837 225 934 593 619 969 380 417 264 876 358 258 703 189 30 266 
4
351 137 295 331 303 999 102 84 768 406 187 575 496 133 264 746 
7
384 492 58 404 901 911 794 842 75 848 91 284 425 355 772 938 362 312 389 344 185 811 78 486 595 641 946 258 
1
483 794 5 897 
10
631 994 517 218 83 933 95 477 353 61 276 940 753 975 653 350 323 447 980 605 862 806 536 609 574 83 897 921 161 685 501 291 397 78 501 447 231 915 911 279 
6
663 959 92 90 661 485 215 404 249 298 444 455 447 605 317 505 962 625 433 64 323 828 910 475 
9
502 347 448 929 372 220 258 221 740 296 594 357 547 123 352 505 195 581 643 258 908 404 792 742 778 21 796 665 587 789 390 660 815 13 416 936 
5
463 655 747 372 22 884 576 316 8 997 634 124 426 387 462 337 970 320 971 290 
7
778 193 990 231 483 136 759 95 40 217 604 539 628 60 586 703 163 510 108 894 114 967 582 303 56 148 872 741 
2
854 34 337 658 979 563 429 297 
12
765 12 32 412 190 402 882 974 395 254 376 194 935 697 730 335 645 555 234 303 33 432 202 981 278 110 864 187 927 649 765 367 602 833 830 621 354 574 441 549 215 663 870 939 739 73 223 891 
7
950 89 242 377 64 589 127 232 41 267 917 829 338 196 289 390 425 9 421 117 539 306 756 881 560 372 842 857 
11
217 756 975 16 830 937 635 975 558 137 590 215 482 196 845 373 239 417 607 477 495 745 319 496 858 817 42 764 946 759 818 941 600 962 356 603 485 52 538 920 666 26 537 170 
2
531 265 296 512 508 913 252 819 
13
42 409 778 954 682 955 267 815 2 167 692 965 74 553 384 573 477 883 250 748 36 588 866 637 324 784 336 395 208 185 79 3 122 270 831 721 201 624 644 412 514 373 658 699 585 832 502 64 87 91 326 644 
3
889 722 365 674 871 483 429 510 529 470 395 300 
3
208 400 286 273 800 994 818 756 806 482 35 228 
1
17 830 35 671 
7
765 382 176 648 969 169 266 280 827 648 435 693 112 744 86 780 626 212 54 932 614 431 151 425 13 936 384 197 
5
34 174 926 745 897 335 62 507 424 730 32 943 807 460 369 654 420 516 39 163 
8
299 799 467 682 598 562 882 152 497 791 533 364 312 602 880 583 102 777 793 830 642 404 384 106 216 666 675 233 248 618 547 317 
11
480 986 836 497 810 796 883 251 774 329 397 959 939 203 832 548 206 234 888 455 437 348 361 298 557 849 19 480 968 117 562 618 637 801 460 162 74 329 722 10 876 506 500 500 
15
666 762 259 495 419 989 601 540 460 176 967 226 110 52 426 389 779 93 3 661 79 872 687 637 96 129 526 998 538 327 442 314 634 775 82 14 974 840 825 597 496 404 460 608 666 28 113 798 750 241 146 916 206 429 345 573 140 535 877 343 
8
502 824 710 877 498 479 29 773 916 711 565 938 476 764 926 605 217 846 440 63 692 349 594 22 346 179 167 907 807 502 792 712 
9
412 492 334 228 505 850 981 458 397 547 662 568 584 111 968 10 69 220 546 825 489 113 615 609 267 136 199 805 419 38 235 919 321 982 260 454 
12
698 21 55 601 231 261 130 572 258 654 182 491 427 917 184 232 862 606 179 617 465 591 668 566 233 975 226 65 888 271 778 980 857 587 486 940 11 199 318 740 278 107 26 263 592 281 410 636 
8
395 943 301 890 120 862 870 706 945 672 30 744 469 497 845 168 497 295 998 225 509 357 702 614 697 844 129 689 828 11 847 40 
13
145 285 573 488 119 973 906 448 519 727 760 88 994 812 298 643 358 913 971 960 756 2 799 406 361 389 890 318 717 311 422 785 428 260 948 843 9 543 29 32 635 608 23 46 375 798 621 314 38 851 362 574 
4
774 116 573 216 225 108 772 421 644 811 195 917 741 353 64 950 
8
874 535 43 214 699 514 322 557 47 198 278 944 145 598 809 820 429 590 459 720 881 434 147 582 7 772 674 664 124 485 714 377 
1
436 475 187 728 
14
725 505 239 860 178 849 814 456 262 160 599 700 381 24 489 906 866 647 197 669 509 428 797 989 812 53 451 618 450 779 348 100 485 852 388 644 740 19 754 39 712 556 93 427 322 795 217 50 214 237 583 390 307 692 137 147 
10
536 991 65 906 301 710 797 856 305 178 284 223 387 732 740 407 967 927 60 118 451 929 681 849 242 667 182 614 342 323 266 72 398 536 623 179 25 626 21 105 
3
445 990 611 553 428 6 541 452 390 483 325 856 
15
844 514 319 781 186 69 97 13 903 726 294 629 833 235 349 842 343 703 750 543 531 766 444 582 329 739 306 845 23 808 247 635 342 780 94 644 698 968 987 935 485 634 807 195 764 647 466 314 713 348 377 393 623 694 253 472 37 264 117 606 
1
56 384 912 803 
15
64 671 804 360 952 741 299 370 522 515 995 486 210 837 872 174 513 282 77 872 505 89 523 465 95 793 393 216 842 831 79 345 154 45 888 127 443 386 637 290 908 437 187 187 527 739 915 173 66 983 739 863 553 117 37 365 958 43 259 932 
5
842 66 471 594 698 736 311 941 337 136 957 577 906 685 684 160 152 711 610 933 
15
750 832 896 222 315 236 14 140 92 169 308 488 120 496 109 528 387 644 907 267 41 278 927 375 130 870 339 812 284 834 595 658 265 387 410 513 489 997 638 319 260 297 541 524 749 434 380 924 891 182 730 482 242 568 12 158 392 765 378 941 
15
673 330 601 68 461 953 223 369 418 504 290 894 695 782 306 848 461 254 804 12 32 418 222 247 434 98 767 330 49 428 435 844 43 589 612 634 682 187 629 339 181 263 237 213 824 686 543 619 157 403 444 671 635 560 845 913 686 617 696 189 
8
910 388 476 766 46 214 602 266 274 908 522 874 92 908 59 88 605 374 575 994 777 856 620 304 124 236 93 112 4 928 996 934 
6
592 19 513 673 834 782 564 255 834 492 337 542 243 345 922 513 627 426 104 292 780 976 39 505 
10
923 645 604 146 921 730 289 350 150 158 987 94 172 855 314 316 311 353 634 47 282 455 98 661 501 153 120 205 42 906 602 983 571 88 912 579 715 263 288 694 
6
869 816 70 201 949 95 248 932 549 240 152 903 141 807 755 318 692 59 943 219 372 874 881 948 
13
253 479 274 490 267 874 738 427 242 443 856 869 709 171 404 145 806 124 768 897 638 972 518 169 216 68 65 159 770 682 530 190 345 104 922 949 18 130 126 928 196 468 527 840 518 255 822 175 714 849 916 627 
9
873 966 10 179 79 864 513 600 895 55 472 182 60 797 463 447 947 748 772 127 147 113 697 416 413 924 587 44 953 316 586 727 9 624 186 28 
9
740 629 173 17 861 528 57 589 783 201 837 492 431 982 202 770 914 640 868 76 426 480 831 673 394 338 304 856 226 641 510 370 279 931 342 545 
20
978 206 691 575 327 466 817 82 481 192 738 942 779 790 329 331 231 358 750 409 703 606 129 422 293 172 982 364 695 561 995 383 426 617 441 305 897 865 560 986 667 759 613 909 686 564 190 103 532 161 794 17 988 328 700 766 830 576 359 956 902 275 122 292 699 62 10 904 591 231 207 181 907 653 887 775 851 528 639 845 
6
934 639 813 351 722 315 107 866 820 747 143 571 253 73 686 768 523 635 44 681 52 127 924 863 
19
634 564 29 921 711 469 763 88 28 381 77 212 102 402 543 112 529 963 316 576 552 4 773 669 632 410 216 985 259 711 595 199 435 73 927 351 323 722 310 273 606 374 879 932 263 465 471 448 776 950 100 746 462 442 806 195 678 328 313 55 364 667 883 592 560 561 138 889 822 526 470 178 814 417 364 77 
9
878 418 872 819 956 9 432 55 700 935 420 849 800 636 356 56 106 320 637 191 515 9 465 683 698 189 389 993 954 736 626 167 817 664 751 492 
12
183 846 594 334 747 481 950 445 267 205 658 355 314 827 493 692 342 984 268 159 433 227 199 931 462 533 522 110 508 217 643 436 380 244 488 391 633 387 718 911 122 211 690 260 230 294 501 244 
11
238 453 170 482 869 941 990 846 300 690 590 927 429 352 68 454 582 350 449 691 522 193 352 506 516 677 667 330 646 1 646 653 484 163 956 206 85 48 216 755 428 787 960 187 
13
359 375 127 927 386 600 345 713 799 251 988 80 460 216 534 752 83 50 524 172 972 695 954 397 619 568 963 628 791 603 845 482 218 699 705 987 586 149 486 523 982 878 576 84 531 88 566 400 843 129 88 807 
16
614 499 76 201 111 376 558 739 38 368 86 395 934 755 166 879 329 41 709 783 457 962 179 847 365 33 151 111 914 800 186 554 118 834 931 52 752 165 238 242 234 953 124 468 810 915 399 566 746 954 110 286 533 760 416 719 493 891 432 696 93 24 652 868 
11
523 318 805 897 148 956 932 417 105 249 713 804 631 273 654 413 341 328 461 452 138 512 803 858 415 162 125 900 44 84 899 570 397 471 926 709 685 73 845 912 901 148 377 513 
22
912 783 190 319 782 643 263 382 449 626 309 466 368 218 566 641 262 251 765 919 551 317 592 736 271 318 529 142 376 358 291 778 30 756 300 977 931 257 747 208 460 806 413 622 661 928 88 708 12 747 155 704 273 277 856 27 73 30 560 710 32 552 378 639 274 937 811 372 497 846 769 504 594 856 106 944 777 104 721 264 515 170 786 29 50 398 317 258 
10
488 345 312 766 332 285 324 942 550 174 778 716 844 378 572 398 603 299 418 928 13 481 262 202 366 612 845 924 438 443 451 268 129 162 483 981 600 544 352 952 
20
867 456 559 687 892 208 759 710 656 450 642 20 763 526 869 181 768 11 463 418 269 214 243 600 758 218 865 782 351 688 844 597 277 298 201 435 499 413 69 139 653 517 525 780 363 928 364 880 898 534 241 893 724 243 417 784 839 980 11 67 675 61 758 493 754 176 234 134 20 391 895 905 296 935 709 185 492 453 40 934 
20
140 890 204 61 325 509 889 368 589 627 865 667 110 862 911 99 118 805 136 663 875 525 723 193 746 64 854 176 866 286 930 926 537 390 369 6 235 192 83 909 705 104 48 393 746 695 680 126 374 111 210 958 433 460 206 978 764 994 854 759 800 106 797 764 126 59 569 78 681 700 346 725 358 285 637 592 981 719 563 254 
12
588 656 939 826 378 537 582 652 309 266 290 218 691 620 898 511 472 123 961 331 763 269 447 172 352 496 944 177 207 20 972 408 65 198 243 544 969 623 657 444 403 185 275 370 29 152 344 280 
8
517 390 946 193 772 102 661 968 797 795 350 677 693 166 962 102 305 831 314 584 167 479 103 817 121 469 665 637 580 383 919 946 
18
888 279 526 75 34 722 219 236 864 638 195 980 616 270 416 767 977 649 715 205 637 481 419 684 906 630 560 552 905 132 523 720 307 55 616 348 117 462 809 588 334 50 396 762 431 841 133 334 659 647 695 481 761 765 707 222 480 113 648 396 760 47 168 578 92 545 162 146 273 117 355 910 
1
308 874 976 699 
5
990 165 340 135 224 934 127 543 379 488 368 18 585 150 980 30 201 154 498 525 
9
497 446 572 940 184 885 584 416 316 807 8 995 201 494 868 395 732 516 602 665 366 568 30 818 438 499 202 343 683 747 482 136 8 384 863 729 
18
50 634 500 574 937 702 977 425 38 375 319 747 612 717 431 377 361 804 890 125 450 607 801 240 721 450 755 222 863 236 731 367 362 109 843 527 693 227 36 471 295 861 359 470 344 942 98 241 581 629 742 994 42 423 212 730 459 215 863 66 758 440 243 53 150 638 857 7 43 450 673 828 
13
168 871 883 143 980 23 155 33 966 674 172 509 997 190 491 722 387 21 985 611 157 662 216 603 854 458 108 689 504 679 905 825 463 546 694 949 738 72 787 867 408 549 304 573 836 146 210 415 464 865 990 694 
5
461 380 107 122 65 102 756 280 330 457 386 427 321 601 444 652 198 904 781 546 
20
148 398 747 970 518 150 347 599 298 627 730 997 892 869 706 737 70 712 685 230 883 75 130 902 186 457 783 757 993 495 977 151 977 935 806 201 700 471 701 902 593 819 36 595 3 572 356 609 100 74 139 78 472 860 291 18 267 802 415 664 873 969 604 774 918 794 828 735 583 26 328 819 889 773 918 949 448 549 399 379 
21
644 654 56 754 22 818 476 863 818 11 3 512 976 800 986 974 3 930 900 35 648 433 872 666 815 882 748 833 842 32 95 980 351 114 175 875 135 701 335 887 906 628 612 844 903 947 651 947 768 618 417 662 924 553 899 775 718 616 157 964 459 963 942 826 86 862 260 934 168 583 514 632 843 416 875 155 54 845 646 886 460 379 853 212 
19
532 734 472 514 888 959 702 613 384 453 931 393 261 437 853 150 649 876 846 353 58 893 827 828 431 115 5 817 801 718 57 654 987 419 261 493 632 253 535 45 297 390 219 709 750 393 553 875 447 512 65 231 766 902 890 810 971 376 51 595 865 345 880 186 427 4 308 825 936 830 196 254 609 419 343 320 
20
169 70 437 728 786 660 416 743 901 163 523 640 258 725 677 484 277 998 265 806 122 138 325 345 490 569 833 865 874 468 920 132 541 536 421 904 193 436 512 873 765 495 574 107 968 592 495 302 961 451 770 138 936 974 918 932 453 384 764 463 48 469 820 864 665 816 248 222 5 395 260 712 740 541 865 696 987 938 240 587 
5
344 784 657 721 43 267 855 765 977 606 252 51 80 105 127 18 155 721 656 732 
21
896 478 987 434 584 711 926 314 614 786 235 49 937 823 876 725 131 185 30 562 937 34 761 447 595 1 75 415 59 68 261 764 903 549 628 375 867 703 244 446 762 31 144 760 991 292 682 701 698 626 654 641 511 315 244 607 865 803 299 247 450 854 173 852 72 831 76 278 69 888 213 521 571 238 365 953 3 978 837 799 545 124 450 374 
25
783 675 959 80 651 233 177 639 399 153 817 997 121 559 48 214 521 60 37 126 503 778 101 365 885 928 265 830 808 58 695 861 484 6 579 26 281 65 164 901 766 689 165 778 263 951 189 247 373 871 554 899 638 966 338 873 530 366 43 383 626 270 178 418 616 175 930 332 911 322 145 132 442 706 331 421 846 651 773 444 191 713 703 462 303 465 691 129 862 350 518 170 126 852 877 861 176 300 876 331 
17
829 341 436 703 517 620 726 436 590 837 435 248 204 438 14 35 838 500 739 813 135 894 116 453 201 620 102 818 729 245 814 397 783 391 602 681 321 63 597 231 906 850 142 329 545 713 138 865 376 145 894 565 788 306 60 11 521 930 809 124 630 153 103 199 676 538 18 448 
22
689 366 997 850 877 834 9 878 104 677 978 417 302 556 811 971 837 531 477 577 288 668 499 340 824 164 521 99 889 107 767 912 88 888 835 261 405 966 857 200 515 7 945 997 949 134 120 971 127 662 624 692 937 675 713 8 457 733 166 900 663 733 738 682 168 45 792 493 303 837 9 923 983 74 772 99 65 975 509 840 821 324 689 174 490 592 668 614 
17
650 590 844 245 70 569 445 340 733 71 10 823 365 347 476 897 96 59 991 776 550 799 150 847 925 140 855 640 551 870 573 399 116 167 491 4 713 831 237 571 586 546 979 277 321 450 446 327 846 469 351 179 301 594 166 395 139 809 45 659 358 123 361 883 299 235 105 432 
20
918 887 738 905 358 604 648 727 862 512 4 167 359 810 587 210 639 996 952 812 307 511 371 544 862 735 647 223 916 666 235 258 269 727 642 495 673 239 627 89 370 52 317 248 395 453 165 706 643 969 104 821 968 782 957 97 913 557 900 475 81 23 830 449 615 891 921 137 840 848 60 817 408 399 377 720 702 97 118 105 
23
138 933 551 429 429 663 229 96 182 777 538 978 549 996 89 804 806 617 854 76 823 836 230 216 183 81 172 18 189 40 83 555 692 465 504 458 445 730 512 541 289 613 517 46 673 768 226 827 137 314 105 770 485 914 161 432 961 733 753 864 760 494 922 16 473 852 822 459 443 969 105 413 602 427 763 855 737 150 692 293 615 551 293 4 780 512 116 877 253 565 886 656 
20
624 402 285 192 543 591 457 753 153 378 296 140 740 43 387 512 856 592 989 171 258 330 886 830 333 331 84 776 915 990 303 180 311 23 49 379 743 48 958 538 289 867 195 274 114 810 546 182 448 465 593 774 81 743 363 599 54 521 867 429 916 162 251 338 384 738 710 728 900 109 998 9 765 680 622 258 437 564 56 211 
17
167 337 72 297 118 899 211 978 135 420 962 950 529 447 273 597 872 300 576 861 142 218 362 131 19 280 222 606 462 898 196 300 756 714 780 265 521 346 595 872 991 608 326 957 454 173 3 354 564 779 503 755 991 666 623 400 331 398 522 628 399 425 176 126 787 559 104 203 
14
58 110 518 45 776 303 411 198 534 466 249 203 282 741 213 472 766 484 293 419 823 897 500 268 646 775 490 250 269 815 53 2 526 608 625 874 213 200 116 292 221 448 911 364 946 126 452 759 622 92 944 291 287 918 318 843 
17
341 597 935 510 611 476 678 444 914 24 514 935 29 430 697 621 923 528 748 638 410 398 998 350 90 801 377 932 592 798 612 706 510 864 802 494 489 115 62 219 479 774 242 45 943 288 673 45 491 374 509 78 636 227 393 420 881 242 408 1 952 986 906 48 477 589 575 241 
18
425 482 284 18 596 682 703 58 714 940 471 245 904 77 324 464 880 41 51 635 68 114 963 565 697 140 438 874 148 770 686 836 631 901 165 971 412 830 226 704 397 906 191 831 957 895 978 209 739 776 631 92 889 651 423 662 751 68 772 268 803 846 741 791 868 76 218 73 706 476 155 439 
15
417 298 427 592 156 874 315 682 44 132 65 688 513 838 453 231 765 17 468 49 932 150 985 709 550 301 746 802 929 981 771 904 695 238 201 427 794 891 122 926 491 773 954 939 578 280 860 830 790 14 108 919 955 717 375 204 903 551 64 985 
12
68 530 49 821 67 728 153 528 282 167 859 61 501 508 348 135 344 55 127 389 108 642 947 424 246 449 322 604 357 85 870 73 999 137 343 551 865 677 563 11 32 881 499 425 261 982 78 129 
15
310 297 146 415 183 140 340 499 333 980 753 386 120 193 877 462 246 919 504 203 78 90 488 884 686 220 883 539 127 347 326 156 593 130 248 301 550 141 246 302 334 257 492 682 903 721 40 98 478 171 241 59 125 932 396 721 408 123 376 949 
9
767 977 27 403 156 48 71 33 662 924 743 409 678 584 993 219 227 135 962 860 54 875 120 815 391 272 395 545 639 663 617 159 926 99 156 17 
11
746 450 960 730 542 301 733 145 787 83 575 342 118 672 573 664 802 713 630 271 79 730 5 919 403 719 191 396 657 729 521 487 265 565 798 465 104 220 942 339 311 422 543 642 
21
509 336 69 417 760 981 187 930 970 16 647 615 66 895 284 388 113 731 173 44 84 441 931 494 488 383 267 156 754 883 109 405 850 432 389 320 896 586 370 780 181 590 561 496 344 937 512 841 696 206 225 982 953 635 971 832 808 43 171 140 349 863 679 436 791 662 461 432 397 730 304 570 659 1 286 181 541 478 106 155 225 336 724 212 
27
622 132 865 75 551 763 46 7 95 187 656 131 364 750 3 739 760 440 287 334 243 177 927 189 674 447 960 320 59 440 445 415 182 237 289 426 567 229 721 791 587 581 989 606 840 46 12 986 768 714 862 884 118 63 797 470 634 66 15 436 741 132 18 58 248 584 378 899 798 844 613 208 805 593 843 288 140 89 985 941 353 498 213 672 169 37 827 66 227 245 410 842 916 219 57 482 965 698 518 188 455 169 538 282 169 467 891 933 
28
851 968 105 394 858 325 794 526 686 949 328 884 166 980 846 487 959 606 359 776 39 218 106 783 304 892 151 628 948 898 579 528 984 347 316 975 739 429 634 725 68 525 905 134 647 817 414 675 172 766 220 556 180 48 493 831 601 318 737 967 986 504 628 904 362 315 487 350 690 82 384 888 69 356 798 993 505 650 366 409 316 843 904 245 71 124 142 629 655 245 917 139 658 192 370 281 655 513 923 196 587 310 188 160 927 29 931 248 425 459 559 922 
13
355 8 920 743 539 818 977 148 914 510 203 47 129 764 77 154 578 849 757 551 944 85 103 260 123 231 296 561 694 510 999 410 900 789 873 579 275 155 821 228 173 651 120 347 710 713 28 735 209 540 57 28 
7
200 17 613 192 726 7 547 230 286 316 948 134 803 917 499 499 888 190 845 522 986 906 932 365 457 429 376 236 
2
289 174 678 638 832 583 176 845 
5
311 62 659 735 668 263 55 793 564 978 343 768 611 587 903 549 443 543 168 187 
23
341 354 878 868 100 648 965 815 912 862 307 614 748 925 509 752 394 782 866 848 842 51 613 869 659 43 540 749 438 182 196 766 559 133 195 208 818 937 879 724 426 759 406 943 996 430 549 769 453 528 209 997 19 903 869 515 583 227 570 415 43 445 150 825 192 532 264 777 920 498 502 511 868 92 644 697 104 696 337 714 640 553 300 300 206 148 578 58 558 604 832 127 
12
912 727 745 58 361 599 177 415 994 545 470 396 866 433 910 725 455 214 2 906 350 983 344 955 876 956 47 79 102 444 812 364 200 453 976 935 535 328 262 296 786 307 624 353 850 934 235 503 
25
486 283 50 582 349 552 139 514 331 200 510 673 361 380 270 875 135 341 396 781 985 169 530 250 223 465 637 174 181 846 35 385 523 655 545 428 662 123 424 228 634 773 969 796 449 485 49 428 565 716 432 596 875 40 639 167 949 224 99 791 482 512 640 469 837 465 717 841 247 71 499 664 748 481 785 197 320 184 882 747 115 573 60 15 62 395 493 657 301 74 520 766 342 547 653 337 607 503 584 898 
9
979 995 152 395 366 428 183 366 221 201 607 162 825 468 990 36 684 603 864 801 575 780 346 268 468 657 98 723 289 372 661 49 256 190 516 341 
18
827 584 455 544 414 516 793 9 176 933 277 472 112 302 212 496 999 916 275 660 13 622 680 553 198 605 896 154 326 226 194 5 617 34 483 846 74 493 911 204 732 481 994 480 209 627 720 617 253 605 6 321 592 406 920 520 410 285 389 153 350 981 599 554 558 805 86 62 679 68 251 24 
3
349 424 82 997 315 743 853 919 270 687 628 726 
18
678 517 284 701 969 329 985 809 709 644 764 835 910 642 540 146 41 349 642 87 607 448 524 255 308 345 886 733 358 868 68 783 843 23 214 49 386 959 160 165 458 47 169 940 875 847 605 667 201 121 828 934 530 633 484 706 809 633 282 892 4 720 967 649 938 434 249 878 643 49 924 372 
15
461 89 546 490 931 630 396 358 162 203 791 558 652 600 191 889 31 143 154 6 399 758 171 920 394 20 510 878 623 450 860 324 514 569 885 182 462 741 697 674 28 742 460 289 476 369 732 425 676 136 217 251 565 797 241 863 617 294 189 171 
26
36 748 327 221 917 772 459 516 441 129 538 820 208 539 437 653 434 640 963 309 949 941 569 826 846 167 331 597 382 279 488 818 436 787 704 143 457 97 293 125 63 46 323 784 711 868 298 492 282 978 340 778 768 393 118 115 395 742 955 248 262 645 55 227 494 891 987 58 904 918 843 664 917 751 983 561 798 609 2 495 199 999 871 384 602 637 935 371 537 586 598 404 259 510 668 45 305 412 925 629 650 257 33 713 
11
462 436 107 82 959 922 280 494 505 883 146 946 158 124 555 787 168 933 370 373 43 315 619 652 524 522 973 145 787 11 777 236 462 481 260 254 854 195 990 378 117 774 981 927 
21
866 190 456 32 370 127 254 893 468 986 200 176 23 570 550 774 549 95 546 62 870 121 815 280 252 71 499 441 140 427 498 411 784 856 601 921 662 201 314 561 649 195 984 840 273 303 477 644 167 85 922 23 275 301 175 260 811 231 584 668 504 546 805 642 494 381 606 613 628 46 265 574 939 14 441 407 292 401 882 396 431 584 41 33 
8
246 627 871 980 824 777 783 938 593 171 746 839 184 24 123 12 459 595 820 602 421 880 81 971 34 797 69 864 307 757 180 194 
10
40 722 580 34 523 789 966 876 117 122 679 303 86 628 788 262 359 906 856 902 712 980 771 442 677 129 225 238 555 193 157 47 193 189 710 235 129 569 434 807 
22
710 468 423 271 921 793 241 626 716 522 774 263 250 781 661 955 832 398 173 850 190 230 940 102 665 436 230 805 18 715 706 139 155 370 322 847 969 947 64 376 859 415 870 891 247 383 807 354 155 590 770 84 887 312 259 462 57 910 359 190 649 464 307 838 305 622 87 551 286 359 867 378 9 251 584 895 12 701 707 401 184 387 821 3 590 44 72 452 
1
906 514 693 917 
26
263 797 154 906 45 136 327 941 466 640 610 77 334 582 4 497 764 266 110 94 871 819 871 972 144 678 849 954 538 61 586 363 655 400 435 227 632 610 311 546 308 335 75 851 187 588 936 466 481 862 158 915 301 851 416 939 27 664 288 56 700 572 665 878 49 425 626 457 158 304 420 463 252 698 24 492 267 306 44 324 814 876 706 499 150 330 700 542 832 371 424 323 10 777 315 141 415 49 6 4 600 634 89 633 
18
103 787 231 350 468 715 397 318 757 215 282 256 637 245 183 152 108 544 92 414 452 291 950 348 722 445 136 97 860 970 672 335 491 487 437 227 582 982 809 704 613 648 860 879 288 813 258 144 785 254 366 603 586 573 696 650 490 920 811 997 572 563 477 211 969 849 300 810 16 666 650 942 
8
953 166 937 303 448 274 27 897 759 982 261 126 508 562 209 820 981 668 87 190 516 212 506 530 823 320 33 679 592 686 371 791 
4
705 264 735 885 739 969 948 810 260 544 856 517 819 611 546 946 
23
852 195 13 730 504 763 548 290 76 308 265 217 286 466 621 558 314 137 278 684 804 743 731 871 447 103 979 889 193 792 526 460 825 243 903 277 881 881 365 657 572 551 419 378 649 956 280 865 396 164 29 648 736 589 373 449 343 493 350 404 526 117 430 705 904 138 614 902 377 461 412 828 286 676 114 263 80 118 582 1 328 291 960 119 920 731 939 187 281 755 353 776 
7
79 928 828 52 700 360 898 956 120 135 149 795 822 594 871 965 856 825 61 11 78 91 791 571 609 633 385 262 
23
566 930 447 379 933 362 371 379 906 323 152 762 661 1 45 808 668 473 786 479 244 435 97 166 456 4 870 449 548 506 871 343 169 799 161 536 514 521 387 704 557 554 263 135 217 268 249 274 92 119 599 102 507 88 278 426 471 423 987 910 575 284 430 186 536 541 569 831 576 394 851 94 25 138 72 610 404 655 951 504 810 392 977 204 644 158 845 997 798 598 536 452 
20
765 287 459 447 501 137 603 476 585 850 739 298 248 291 495 826 387 22 362 1 676 99 334 870 626 264 101 300 590 788 782 989 183 619 410 929 609 955 643 112 364 198 56 130 391 149 319 400 65 154 147 494 231 414 175 804 358 630 645 889 36 219 32 813 957 486 696 240 248 529 596 556 352 770 805 871 231 33 88 945 
34
699 44 92 280 674 750 501 698 919 224 469 604 517 941 565 191 68 863 704 85 90 653 575 212 820 413 376 431 984 37 843 249 487 113 74 673 844 856 41 754 454 60 441 52 255 608 852 956 963 37 919 745 56 298 813 875 82 974 277 141 814 565 817 627 541 272 579 611 640 215 895 128 492 36 366 716 881 856 357 201 686 344 105 369 888 922 714 292 622 9 967 314 194 563 261 83 343 894 798 294 885 458 16 654 13 550 574 454 364 734 618 275 116 697 552 188 824 988 522 173 398 462 347 413 520 366 822 156 199 287 227 655 726 875 837 938 
17
681 483 113 621 995 693 6 395 172 548 629 347 653 493 644 438 806 610 659 293 328 475 493 643 283 351 818 726 100 416 519 631 13 696 243 730 180 399 512 39 489 954 381 946 691 68 995 863 762 242 578 159 133 628 365 111 803 235 56 468 906 929 659 402 321 309 702 506 
8
629 329 216 585 329 673 471 566 264 570 824 669 351 94 499 185 694 989 288 969 304 37 266 340 237 327 455 567 858 904 459 929 
8
687 83 629 44 429 754 613 523 807 631 252 630 801 527 172 206 556 574 854 711 203 315 931 918 969 448 971 212 472 702 489 674 
21
687 605 579 209 503 428 717 934 625 595 745 645 690 879 771 599 392 825 863 176 987 849 397 993 598 918 949 463 926 572 745 637 9 539 81 544 570 625 241 763 92 243 543 889 529 476 550 539 462 610 666 584 514 472 423 98 305 876 961 934 633 229 444 616 974 95 997 475 540 783 699 554 111 160 680 274 415 479 862 81 2 719 353 504 
1
104 305 568 480 
29
634 665 119 709 82 568 771 802 741 297 716 790 720 336 804 820 634 472 690 483 400 467 629 682 649 472 786 979 577 671 956 2 870 885 956 784 722 707 648 660 468 34 76 560 802 933 538 883 398 879 717 407 716 31 748 453 124 853 25 851 871 907 531 126 662 296 618 852 8 371 904 610 10 660 919 206 259 230 294 445 666 11 75 511 69 533 344 474 331 277 374 273 681 23 210 875 129 541 243 262 87 77 605 853 575 241 379 992 260 849 77 727 566 341 785 882 
14
288 437 891 802 582 788 325 379 312 709 688 842 639 912 343 305 922 332 26 298 425 65 273 937 98 523 635 616 23 642 631 78 866 809 275 655 113 867 61 981 97 14 25 175 132 854 121 615 60 914 681 68 953 58 346 16 
10
100 621 211 82 952 881 173 105 977 11 579 918 117 789 979 77 240 645 762 563 375 600 519 254 221 593 533 731 401 701 422 966 724 556 854 854 861 816 756 107 
16
991 584 509 44 955 994 250 922 95 304 101 266 964 325 239 126 864 975 797 845 508 190 757 369 808 204 258 283 295 119 58 137 121 852 128 450 374 104 237 15 824 706 183 128 479 600 984 492 300 118 173 526 650 114 459 375 160 198 280 95 969 338 770 879 
7
217 382 700 969 984 632 619 796 851 782 642 991 660 146 164 146 680 493 106 180 784 936 35 882 202 630 552 426 
20
51 246 838 593 514 114 388 933 22 963 968 498 413 312 837 763 799 811 92 483 56 657 934 399 707 228 65 956 991 916 120 422 300 106 971 33 147 881 626 279 929 200 244 416 193 655 112 673 74 291 933 429 852 918 414 26 436 88 999 971 376 141 65 57 701 76 104 335 347 243 339 903 485 721 113 773 730 784 251 53 
21
776 384 933 125 829 633 55 116 173 739 512 649 327 32 818 250 820 939 838 75 622 426 458 268 553 667 319 684 463 329 830 922 775 806 227 319 303 388 786 383 752 72 762 949 166 359 712 423 624 790 9 252 399 110 294 928 535 641 332 708 433 162 32 708 816 313 890 723 430 971 231 671 398 936 783 533 532 299 851 857 771 946 146 202 
6
185 224 413 419 503 945 729 489 81 764 124 333 432 809 270 887 753 893 317 714 863 401 36 518 
36
618 399 392 578 234 762 411 113 135 563 187 482 272 869 636 281 796 663 10 825 457 786 369 697 885 7 973 938 955 674 183 933 327 238 163 438 767 185 399 167 101 473 383 660 668 874 702 762 351 554 152 631 12 901 854 279 676 139 974 336 83 756 121 509 794 99 482 527 317 34 881 117 6 448 147 578 939 914 223 435 955 142 209 209 29 60 747 442 229 445 400 876 258 902 535 779 948 631 645 913 186 552 28 841 678 658 164 94 244 29 675 407 516 824 847 774 405 133 526 443 211 562 82 195 168 144 406 370 62 411 273 132 496 463 506 951 67 451 775 550 306 552 899 486 
13
6 593 174 656 92 699 966 394 805 496 572 51 675 232 423 101 978 302 602 354 354 274 181 541 469 859 208 141 615 764 537 16 608 309 264 320 230 628 722 898 793 242 21 220 922 775 158 976 801 517 351 874 
4
335 531 747 955 955 363 734 928 611 842 939 882 567 687 593 949 
27
503 793 204 526 651 628 66 872 338 522 113 762 70 173 601 848 306 819 883 808 251 493 795 976 846 492 522 826 449 433 251 918 573 236 737 490 81 644 227 502 543 864 828 749 447 859 863 726 370 152 396 229 898 220 982 477 95 51 369 416 293 232 907 774 188 494 105 214 684 577 848 780 466 880 754 567 325 753 12 242 72 9 809 532 357 162 477 22 776 8 774 837 873 966 66 386 65 746 966 358 277 646 542 48 34 929 672 768 
19
844 281 413 333 730 252 431 51 992 597 609 469 317 102 385 845 308 116 61 825 545 541 344 719 72 497 365 27 270 791 89 920 351 983 707 237 96 302 929 81 841 422 761 464 381 208 270 864 388 176 43 701 87 707 809 898 806 177 53 228 602 990 407 151 449 142 599 782 66 433 17 234 934 486 525 382 
6
926 755 729 535 708 470 819 729 568 443 920 115 254 218 694 654 368 87 355 689 201 958 283 221 
8
752 495 117 968 427 777 219 58 484 135 733 458 928 689 721 234 191 185 474 832 445 926 860 346 864 588 582 163 342 116 593 919 
36
277 887 877 34 229 875 181 773 266 953 762 635 370 298 642 61 205 730 682 126 767 578 455 56 703 179 128 635 832 382 122 106 596 628 800 574 82 409 821 884 555 119 434 277 360 37 179 417 889 876 535 737 716 208 880 298 260 499 477 707 480 877 996 63 456 849 914 789 220 484 601 580 273 884 607 345 213 414 116 233 769 99 295 903 951 440 105 56 364 807 463 615 119 864 680 817 114 589 116 205 43 893 714 200 19 711 929 849 703 74 272 858 529 548 933 491 64 565 883 829 716 800 837 734 86 358 286 713 817 164 452 468 342 935 207 904 997 62 680 46 826 888 623 393 
23
757 993 65 471 220 342 266 960 217 557 98 574 133 858 791 978 978 444 522 681 510 765 505 657 378 630 220 777 35 629 569 715 160 56 978 59 471 115 622 392 200 800 122 362 343 302 716 933 703 91 989 461 499 185 772 157 718 184 163 770 184 114 550 298 165 726 791 569 466 142 233 31 790 745 312 404 386 523 175 159 593 718 294 43 173 533 559 995 795 418 129 70 
18
186 309 640 517 698 505 572 893 895 665 241 454 648 746 698 761 21 930 414 184 128 47 633 328 192 699 608 32 635 566 530 672 409 261 267 919 726 138 407 718 595 743 778 384 728 742 786 907 665 28 632 691 439 33 276 161 462 529 623 531 77 727 944 544 479 610 270 982 990 285 454 611 
25
685 571 272 250 916 327 569 86 298 394 430 286 245 273 258 326 858 160 862 907 485 817 378 154 776 287 516 454 810 787 917 138 277 234 710 462 882 166 694 725 501 263 80 590 495 479 647 957 778 473 883 906 962 141 661 878 83 713 895 583 772 989 498 700 911 888 379 522 610 916 448 572 967 507 807 518 894 911 190 751 541 333 609 779 407 43 517 142 726 378 387 51 950 306 205 597 428 58 597 771 
37
594 146 364 596 786 260 208 834 876 707 944 515 285 209 684 353 997 107 74 577 877 983 643 118 806 598 712 242 113 114 134 652 446 318 825 575 437 51 457 249 303 925 649 760 416 855 489 212 862 470 975 104 785 556 571 771 283 591 500 716 656 403 798 609 122 417 635 882 329 412 337 691 945 976 76 562 385 138 394 990 735 428 397 536 583 741 739 481 643 528 662 687 651 123 362 569 72 536 337 742 867 497 569 946 322 61 531 576 242 262 197 112 407 255 366 295 355 991 399 183 615 938 641 769 389 738 405 365 521 548 923 81 388 28 471 303 327 453 841 579 900 187 785 321 130 21 139 215 
23
998 466 527 906 755 23 705 183 612 799 55 497 771 569 859 360 745 53 209 278 40 964 472 561 370 819 561 304 134 149 2 419 453 95 603 175 443 443 104 687 990 48 890 424 642 672 21 168 630 15 766 802 591 382 825 319 298 772 178 591 220 510 110 839 582 601 534 119 16 22 391 183 765 558 343 429 27 996 947 499 636 56 529 565 618 449 535 369 714 812 822 448 
33
247 852 707 610 650 731 567 451 191 742 634 282 57 126 647 548 638 438 329 996 826 865 897 600 715 690 357 15 980 352 982 579 402 342 564 428 68 238 227 624 838 424 211 138 510 178 913 671 855 675 388 816 395 630 578 630 407 853 360 790 985 729 693 736 410 68 873 859 921 600 689 860 466 524 348 956 234 813 737 361 980 59 766 802 405 481 28 754 500 225 996 499 32 442 985 580 808 765 156 416 460 916 479 273 605 452 358 986 530 497 975 423 548 662 650 836 999 28 112 269 793 852 315 853 403 374 740 831 980 526 810 801 
21
319 545 391 349 706 482 164 152 500 131 518 413 36 354 540 436 441 144 750 162 241 253 486 306 477 650 834 597 748 940 247 736 521 351 518 673 147 224 873 877 343 117 616 512 226 900 418 293 247 283 834 759 715 283 642 226 506 318 391 344 105 281 804 657 220 636 263 37 650 867 379 861 907 195 921 776 24 526 455 309 455 577 489 575 
20
678 708 867 143 449 683 250 805 252 20 858 881 932 413 929 94 314 168 736 369 367 176 143 298 408 517 316 479 765 886 568 42 288 102 69 128 851 999 278 927 438 932 847 51 32 377 997 84 219 883 818 60 873 283 963 303 801 234 638 468 537 240 477 932 130 132 223 798 373 311 478 390 40 963 179 615 966 296 251 449 
40
627 160 459 592 877 935 483 498 154 706 961 402 326 654 184 744 722 959 389 117 827 102 899 599 287 926 838 186 348 663 907 462 321 363 310 119 822 983 795 31 96 435 849 587 105 489 636 692 143 313 83 775 202 943 294 992 422 168 678 468 773 954 520 960 128 650 474 906 22 419 466 85 434 176 300 960 13 355 1 39 66 131 57 943 490 186 581 87 106 386 421 841 983 826 855 40 999 637 307 543 402 820 454 799 236 334 723 896 90 646 357 908 534 931 886 60 543 785 248 114 156 997 149 241 866 936 102 80 931 429 333 515 324 232 232 74 711 972 993 797 238 775 160 962 598 404 561 893 5 635 969 898 860 284 493 296 5 755 365 799 
20
648 650 160 431 775 78 943 777 717 656 432 525 247 281 758 404 26 437 343 884 783 175 749 697 372 311 80 810 457 154 285 763 460 579 778 382 85 786 576 185 952 560 77 818 383 728 686 85 446 65 412 638 493 226 539 370 437 201 372 407 639 493 715 746 204 368 892 380 153 158 980 136 243 742 945 665 415 147 362 872 
36
832 602 971 898 548 798 588 208 381 885 699 948 468 574 432 682 132 478 18 895 583 370 731 152 112 330 299 914 907 440 984 401 40 805 356 82 423 898 618 403 126 259 194 905 833 850 31 312 78 736 397 403 402 25 645 580 121 692 40 259 854 945 260 934 883 336 458 333 78 633 532 131 423 743 82 389 262 829 768 802 361 524 504 621 101 313 848 611 596 358 539 795 877 279 968 802 387 90 905 644 963 90 30 77 282 434 146 309 241 964 633 280 450 613 825 864 459 389 712 309 494 889 553 577 669 378 263 282 659 954 43 83 977 7 511 64 142 13 698 947 207 389 597 949 
21
507 869 812 675 126 520 222 163 935 182 68 795 755 267 9 502 671 13 184 652 170 327 216 976 333 250 72 407 748 967 950 484 141 658 939 970 738 850 783 124 99 394 269 559 673 285 167 960 860 897 369 578 900 192 33 621 771 322 23 624 250 538 209 240 628 439 308 853 61 964 138 170 442 454 193 639 468 771 691 421 267 854 219 967 
5
311 433 918 261 703 482 801 489 387 592 885 96 834 806 878 699 117 920 645 56 
2
321 594 488 567 705 986 397 901 
1
167 931 311 284 
2
438 211 577 900 300 516 537 61 
37
364 979 773 322 672 546 377 205 890 347 91 525 207 762 792 985 226 807 159 564 620 774 267 874 378 914 968 50 73 424 486 720 905 25 941 540 402 175 449 29 145 288 974 642 860 762 329 458 929 989 422 836 282 202 552 450 857 745 304 906 376 206 945 882 78 490 327 185 62 794 70 585 487 244 721 272 670 186 160 851 193 573 334 833 760 830 942 893 765 454 223 178 413 389 922 371 931 807 268 852 871 773 715 803 398 619 815 647 454 974 134 242 127 702 999 221 453 340 772 976 84 85 380 461 400 212 157 911 381 873 868 216 855 572 402 482 437 68 241 369 79 558 383 293 678 809 172 632 
42
984 59 334 525 421 616 570 163 793 673 475 124 200 683 60 291 992 631 535 97 806 111 933 657 153 428 381 276 908 397 566 908 162 950 946 932 477 96 527 723 892 758 87 738 177 41 251 895 70 248 877 410 843 10 631 481 331 352 214 246 433 953 53 932 947 250 857 426 227 76 108 656 720 175 715 118 392 929 826 941 284 809 447 810 206 689 649 463 740 791 123 577 901 702 2 783 961 575 574 145 525 487 917 700 897 805 308 244 190 80 40 399 898 142 993 423 278 21 196 353 421 904 966 646 796 160 711 839 444 511 479 952 16 677 978 124 141 271 787 980 557 65 823 970 70 560 87 449 259 112 960 66 262 220 998 801 296 331 534 351 211 121 558 82 995 426 825 882 
25
774 221 579 822 839 459 354 839 402 830 660 861 17 963 299 644 645 77 192 711 175 576 129 370 567 259 163 995 963 501 617 264 105 219 246 968 118 443 990 849 42 535 997 705 637 566 441 145 231 920 715 156 554 131 238 146 183 980 793 919 722 764 106 690 540 186 823 43 919 186 403 301 875 782 146 935 109 82 423 380 328 556 901 570 218 966 394 544 902 812 99 519 832 531 992 139 856 89 678 608 
9
149 181 64 31 763 883 943 715 787 832 20 611 173 581 48 987 336 24 974 489 442 966 612 414 697 943 768 965 12 951 761 720 831 381 714 571 
3
680 849 294 305 533 904 107 411 549 694 538 659 
27
495 179 965 804 783 797 926 979 268 259 31 841 222 976 242 376 512 14 912 64 63 90 444 59 363 562 127 451 709 96 314 596 430 447 113 373 692 913 863 631 333 251 39 573 411 716 771 517 829 431 12 768 370 152 482 935 505 221 228 893 509 443 822 929 846 835 225 795 677 29 301 655 194 367 10 814 777 78 440 227 219 418 781 341 507 433 387 861 682 227 92 584 236 895 420 580 866 20 954 859 921 960 209 523 976 53 292 245 
13
50 370 818 172 967 434 97 602 755 379 854 616 898 625 893 943 815 688 721 63 302 736 506 657 760 829 323 918 854 615 1 9 135 803 178 228 358 402 345 455 889 753 278 341 180 350 165 950 587 909 671 95 
