225
1
48 605 716 124 
1
155 766 602 455 
1
96 222 493 11 
1
948 986 527 470 
2
907 654 969 689 935 725 368 120 
1
320 49 529 412 
2
169 216 587 196 854 981 371 137 
2
883 788 536 585 313 332 116 497 
2
386 524 663 67 528 444 408 941 
2
618 436 375 179 370 889 814 873 
2
709 417 735 715 673 389 935 184 
2
596 941 589 554 652 63 922 294 
3
502 480 98 818 447 276 599 812 745 583 990 726 
3
971 252 608 883 295 14 273 575 975 306 839 110 
2
177 856 388 986 104 607 309 468 
4
448 408 260 573 424 791 248 189 986 838 627 516 748 626 133 332 
4
804 839 47 372 797 814 85 66 610 857 660 540 872 64 666 538 
2
45 205 524 414 582 810 806 410 
1
262 723 491 378 
1
354 966 733 892 
1
937 227 36 192 
5
85 189 177 93 887 475 40 43 64 626 289 609 210 496 951 788 58 566 123 113 
5
330 93 808 824 159 913 368 101 446 306 756 95 520 70 598 248 667 527 747 485 
4
572 992 701 202 667 526 566 742 327 5 350 610 241 754 432 758 
3
310 16 760 306 194 834 260 651 494 194 438 308 
2
571 616 14 228 379 239 943 531 
1
266 272 149 713 
1
573 85 302 40 
6
899 837 828 126 175 321 501 333 498 177 21 923 39 294 911 419 821 573 118 467 618 120 436 300 
3
718 786 889 757 894 719 212 891 157 978 375 137 
3
652 265 579 35 350 93 73 424 508 118 458 343 
3
296 334 384 638 106 293 483 957 592 923 526 41 
6
455 936 410 182 990 285 591 723 595 627 102 103 190 275 777 319 638 405 173 900 485 595 904 596 
6
674 363 70 413 831 414 599 339 719 687 695 746 219 199 727 611 497 568 605 967 753 160 676 895 
3
92 338 825 91 530 824 372 215 91 854 484 285 
1
595 435 723 350 
6
372 161 728 581 607 78 917 298 52 337 182 958 881 859 409 81 159 182 822 326 201 406 803 77 
3
438 582 119 228 197 916 632 430 981 584 975 522 
4
677 142 181 793 255 387 339 64 756 261 733 874 691 902 779 674 
9
77 215 835 10 558 541 755 318 457 996 587 320 993 110 654 715 472 356 691 874 367 596 178 475 147 862 485 841 744 396 678 97 835 140 381 111 
4
116 589 712 223 434 208 569 157 532 597 566 281 834 126 74 667 
2
190 583 917 672 254 467 809 896 
4
196 34 820 770 319 611 39 829 360 479 400 12 855 802 902 606 
3
989 758 316 117 425 673 504 232 286 421 210 348 
5
930 998 128 124 350 563 401 688 324 307 419 737 26 461 226 939 357 633 288 618 
6
211 913 286 672 890 157 619 709 694 12 843 427 476 980 614 253 5 311 486 437 605 834 640 919 
8
195 683 606 845 453 409 250 186 666 196 975 191 926 777 894 350 329 444 40 906 544 538 530 712 26 362 304 979 934 970 730 992 
2
889 842 604 242 721 242 72 641 
3
763 748 390 75 359 737 181 884 465 395 490 142 
11
130 314 590 6 323 369 798 872 389 178 134 552 143 350 843 252 948 607 90 905 563 232 315 533 341 1 460 963 382 784 613 45 655 351 348 965 789 81 136 389 549 327 445 938 
11
537 932 548 657 333 243 164 736 797 709 606 694 226 619 696 508 418 424 350 473 785 146 151 755 812 486 850 5 572 630 446 368 170 912 266 183 993 760 693 516 737 297 852 276 
2
958 799 252 659 61 541 361 148 
5
453 233 558 247 527 162 176 736 58 551 486 664 24 449 983 950 986 671 964 949 
10
407 201 634 376 976 604 929 896 100 281 255 719 993 305 928 379 866 614 54 198 847 597 152 812 124 359 382 567 527 538 501 351 870 416 924 590 688 697 204 858 
3
508 737 78 825 363 251 329 724 802 94 171 56 
1
559 518 12 477 
12
430 914 693 311 50 921 946 332 873 525 654 75 321 930 795 370 222 41 406 448 655 572 369 644 244 12 292 184 211 610 519 777 483 775 156 640 97 600 541 472 558 362 505 805 602 922 369 230 
6
225 997 29 976 546 956 641 65 319 859 583 800 913 768 582 14 418 637 78 84 643 49 420 72 
3
662 187 428 700 370 390 334 79 684 109 717 675 
5
150 153 924 381 522 72 860 905 426 728 609 11 444 428 73 576 770 115 369 607 
10
80 158 146 563 791 724 563 3 503 436 294 948 104 883 506 422 690 882 597 451 233 503 753 974 277 647 947 581 489 598 244 54 412 746 907 772 572 677 286 260 
7
748 897 494 720 320 150 201 518 93 262 889 379 100 257 866 721 581 403 826 547 329 273 215 695 270 977 183 146 
13
713 165 331 379 895 352 393 580 346 471 164 124 577 419 999 680 305 409 559 670 811 898 758 558 371 965 892 236 946 172 649 141 746 641 299 821 626 891 140 702 393 382 170 551 713 813 899 364 411 410 557 159 
7
255 955 783 188 838 763 586 507 639 729 215 4 848 783 869 12 860 812 751 719 505 140 947 936 711 787 658 635 
14
180 803 887 575 592 512 669 828 726 525 730 486 35 994 585 460 881 129 445 568 201 682 997 384 47 424 129 692 954 197 460 523 392 106 90 931 275 675 35 209 165 179 996 178 511 670 368 337 958 752 980 953 588 896 226 794 
10
314 363 818 440 38 67 908 183 715 835 733 997 311 783 994 424 288 179 568 582 20 833 970 952 791 804 436 270 20 767 110 669 249 379 581 69 767 897 663 272 
4
442 249 609 346 203 393 608 37 139 19 668 905 550 437 79 497 
3
478 469 305 326 823 177 31 694 155 26 351 523 
6
172 3 326 612 648 67 819 713 241 480 767 350 488 85 670 189 850 973 101 955 834 765 404 98 
1
437 694 679 124 
3
824 47 405 58 823 373 124 2 701 875 238 504 
11
629 250 644 5 698 904 899 842 118 929 857 817 882 308 667 620 3 998 946 927 811 486 322 691 63 341 509 104 511 345 431 256 984 665 704 799 786 367 827 112 281 826 570 608 
4
680 500 521 887 772 760 473 912 944 831 655 188 970 525 112 16 
4
792 772 420 930 790 266 429 111 663 562 878 559 535 255 941 520 
4
108 332 760 408 816 811 750 162 600 149 572 69 865 654 388 382 
10
137 292 106 391 174 540 592 252 209 7 782 647 209 448 578 317 863 852 175 197 997 91 212 389 17 80 299 640 980 841 801 343 349 330 737 392 326 156 849 293 
5
687 97 38 620 402 28 310 455 535 409 255 426 525 328 853 713 318 670 407 7 
14
541 64 346 380 992 930 540 60 287 388 438 766 576 801 683 326 847 188 671 874 359 581 39 989 82 186 346 607 266 132 919 706 247 106 652 125 983 996 781 318 931 844 369 413 412 854 430 226 279 66 464 844 919 486 974 576 
4
599 782 270 630 291 635 844 423 447 815 1 846 355 588 822 729 
1
163 998 225 61 
9
350 912 828 880 400 476 560 29 989 536 810 414 718 843 622 714 786 708 951 821 561 241 784 673 368 423 208 223 966 855 920 504 515 243 641 904 
10
176 833 194 108 976 284 29 534 397 343 157 184 600 282 918 547 287 226 587 408 459 174 828 303 215 618 281 425 908 630 295 315 238 629 775 561 226 225 488 240 
10
390 592 496 908 129 617 211 804 762 393 79 842 735 474 163 750 769 56 869 73 514 225 70 521 605 701 343 444 153 463 198 529 354 279 466 356 727 378 1 359 
5
995 769 544 45 243 284 120 41 25 925 786 986 467 409 40 644 410 760 789 501 
8
775 647 992 381 571 828 53 827 158 309 517 99 600 518 401 87 177 709 459 582 976 233 531 806 32 354 953 788 122 666 863 932 
14
758 601 735 667 743 706 377 10 280 563 190 575 885 147 37 270 278 579 957 740 471 571 427 260 121 330 477 954 13 425 22 790 945 407 610 633 844 920 719 974 425 707 752 431 873 236 632 620 911 151 403 39 473 950 798 132 
7
509 966 499 141 223 960 796 967 723 474 83 506 501 614 457 986 790 37 727 533 48 117 707 331 864 37 722 289 
13
61 323 520 466 802 839 733 377 940 937 246 999 751 286 228 88 667 710 425 537 34 277 191 7 413 888 947 117 727 349 481 412 999 516 722 174 319 656 119 359 283 655 198 66 9 874 664 128 526 190 831 155 
9
981 552 239 307 101 705 490 837 397 990 255 871 819 703 899 151 759 803 200 693 714 144 764 272 550 900 170 762 677 822 614 127 789 266 727 489 
6
925 91 814 74 121 468 184 140 289 410 502 640 275 896 534 788 351 788 234 31 711 665 194 825 
5
755 223 881 715 982 142 473 489 720 290 491 794 57 792 299 500 911 513 465 228 
10
651 417 169 911 403 904 200 727 935 131 549 746 768 388 158 577 541 176 405 694 936 170 87 489 926 400 755 413 993 319 645 872 93 618 837 427 26 2 767 964 
9
711 569 660 881 534 816 670 637 856 249 162 588 363 716 964 6 940 303 78 427 837 926 914 907 451 138 62 466 852 50 653 859 698 75 992 952 
1
578 662 389 639 
4
73 502 883 92 688 64 599 331 460 897 41 533 921 903 522 844 
11
12 953 578 633 785 855 140 626 987 524 935 367 405 825 584 834 176 811 795 21 823 54 374 826 258 484 454 204 481 282 754 421 936 736 607 627 417 356 35 349 851 152 517 2 
7
941 88 63 93 327 613 168 356 781 372 84 82 16 610 687 541 53 184 614 616 587 77 406 253 639 882 837 961 
17
528 170 346 31 531 422 517 163 510 676 490 356 324 397 903 58 543 420 133 221 222 562 434 52 60 308 488 868 899 948 374 283 906 937 460 445 413 711 922 915 237 76 853 468 40 787 36 655 943 971 421 28 15 362 919 197 925 777 953 624 183 748 99 394 48 52 428 152 
6
255 883 715 566 123 240 29 964 890 771 64 504 423 319 629 15 259 951 517 733 830 354 451 438 
11
834 802 42 929 332 293 981 853 224 668 889 16 362 901 16 983 501 697 985 935 698 274 879 814 21 579 465 580 585 426 677 885 68 160 903 455 139 820 229 910 105 564 746 373 
8
114 912 511 600 487 84 380 524 968 451 923 158 452 700 730 900 751 673 527 20 766 126 25 513 258 273 645 371 939 354 626 853 
21
817 979 358 244 680 535 655 874 184 449 993 10 694 158 664 406 793 314 998 63 390 884 401 719 721 959 400 358 101 966 145 467 382 879 778 718 634 855 616 87 420 389 966 336 31 685 698 486 4 949 680 263 564 535 719 26 370 469 801 808 156 547 886 393 950 412 941 98 68 523 755 602 705 669 253 695 779 422 546 190 776 794 205 13 
19
911 181 495 265 302 632 320 773 139 313 724 946 202 853 839 897 154 182 864 895 486 912 543 727 919 587 631 233 647 648 845 960 855 110 754 174 15 892 31 194 747 522 998 543 491 780 35 562 163 293 749 695 675 574 871 684 814 96 366 521 120 709 20 329 291 541 698 555 441 379 248 835 277 843 520 149 
16
330 674 632 403 25 38 517 27 970 563 183 505 598 278 884 741 19 999 341 903 873 745 618 141 59 281 951 841 957 418 947 958 265 477 407 445 804 611 448 426 546 969 35 58 364 255 986 684 184 872 908 312 424 389 819 900 460 444 267 714 624 377 1 685 
17
206 852 78 26 151 344 633 348 928 142 735 363 579 140 97 989 823 425 17 487 785 15 735 922 823 606 997 531 382 688 759 244 173 479 486 597 907 898 511 384 76 94 569 762 860 385 376 745 560 547 905 879 708 365 902 132 281 232 494 902 725 223 577 487 859 534 282 860 
21
278 405 119 487 744 155 949 617 961 61 565 341 927 340 43 519 207 141 661 694 52 368 544 374 719 75 12 332 357 556 39 249 581 167 820 679 636 571 645 623 985 475 560 183 879 433 809 652 669 714 34 85 473 123 789 811 116 173 350 629 894 835 135 33 105 834 826 173 614 837 548 443 10 116 881 601 527 588 546 926 653 832 923 90 
11
147 133 837 413 367 332 557 586 443 795 4 953 197 194 719 946 251 369 781 986 655 998 54 857 482 850 651 795 303 311 789 879 596 516 482 486 889 918 48 13 218 219 252 96 
10
284 954 522 113 802 372 527 700 68 460 589 697 803 591 979 61 844 658 154 651 715 656 414 501 90 558 726 862 179 537 122 721 802 825 335 836 523 6 128 967 
17
834 830 115 114 470 967 581 995 189 797 626 275 231 4 433 745 1 962 940 668 475 88 911 939 657 188 12 873 761 766 154 962 820 832 709 369 343 250 691 507 553 983 495 4 194 284 263 243 127 370 902 161 438 702 478 662 317 473 60 774 141 494 389 684 834 391 130 114 
6
284 114 296 325 436 775 58 852 727 751 294 792 645 919 287 778 87 719 545 864 508 722 693 981 
2
472 885 190 267 750 269 509 192 
23
933 399 676 796 43 830 632 692 137 144 27 897 629 142 447 767 542 563 140 888 912 294 503 689 536 843 989 642 268 744 869 190 555 465 441 733 136 741 47 163 626 746 818 544 88 8 606 38 881 124 579 934 174 390 223 229 225 297 729 567 937 865 237 965 678 75 460 767 26 512 495 603 927 958 11 698 849 344 120 342 9 53 641 194 473 327 548 286 816 340 847 278 
12
498 532 290 667 502 494 237 892 863 80 727 761 844 712 229 33 472 737 229 30 503 170 815 139 890 529 279 91 252 104 720 12 883 882 883 935 851 885 963 221 18 580 307 601 461 842 909 746 
12
446 328 365 305 693 119 826 608 576 961 725 832 209 280 599 32 636 204 475 868 799 327 990 334 865 280 724 626 38 472 843 677 520 836 889 403 983 229 776 957 125 799 906 509 612 593 999 983 
15
321 153 502 111 92 973 735 510 343 564 522 506 147 715 228 728 838 443 519 179 321 273 52 550 57 987 812 652 432 966 319 531 2 615 732 226 10 14 719 683 687 42 334 443 139 334 698 367 585 730 923 994 361 718 916 635 259 162 632 604 
17
825 593 432 433 219 526 657 777 112 383 270 134 356 173 350 46 182 66 805 312 262 697 986 791 552 667 119 210 370 943 259 954 6 490 114 66 50 309 208 999 144 102 430 613 637 748 149 962 580 867 438 299 755 296 661 880 225 292 605 267 504 399 94 385 91 697 665 669 
13
240 470 276 430 55 23 206 476 604 788 659 637 42 603 5 117 663 926 876 503 27 109 567 181 661 33 373 98 740 587 922 723 230 256 189 938 523 779 650 412 352 500 940 16 704 774 581 525 730 286 823 266 
17
261 336 53 226 785 466 850 62 806 689 742 70 30 180 143 761 362 294 217 385 299 577 596 97 829 564 923 438 119 853 828 72 654 120 902 671 739 94 58 45 339 839 950 700 472 331 171 86 521 765 523 962 852 75 515 625 482 39 30 93 360 878 803 123 401 387 384 718 
10
194 83 489 522 581 987 821 568 125 29 392 370 2 65 902 216 865 678 617 348 107 433 620 402 305 494 346 964 410 176 372 887 721 77 858 649 604 468 73 148 
2
356 60 816 177 267 423 202 969 
22
795 346 257 294 411 321 8 898 852 174 214 721 649 581 235 225 324 254 758 298 402 257 328 336 169 268 15 475 436 897 650 954 592 452 476 489 701 1 51 920 505 646 363 631 409 299 737 634 756 50 144 706 504 646 20 843 524 855 233 956 930 483 996 58 373 668 146 278 933 256 258 996 399 231 34 164 573 778 399 588 696 120 65 564 146 810 155 553 
4
865 649 135 207 477 799 524 694 972 259 6 2 733 414 863 286 
23
933 278 452 958 456 647 866 479 3 618 416 569 455 250 618 514 675 691 844 437 267 258 779 408 907 236 4 528 229 805 505 872 804 691 888 311 990 232 489 961 132 294 964 421 858 987 306 772 210 839 575 614 425 6 89 404 700 106 368 323 946 410 867 91 76 83 760 711 186 68 128 62 139 466 94 241 527 209 660 570 426 20 790 416 170 466 605 317 780 701 105 855 
1
427 438 721 756 
23
952 329 513 614 135 961 264 534 321 833 974 658 249 446 273 448 412 583 650 370 368 353 515 883 311 637 973 443 606 197 476 531 323 343 432 813 282 451 78 654 315 446 211 63 19 627 28 361 639 312 487 446 43 469 336 917 615 907 931 666 646 560 448 293 753 678 77 910 955 877 434 555 116 347 484 320 896 747 295 737 340 45 422 481 714 971 605 532 132 529 452 634 
26
222 703 862 206 523 147 762 26 363 798 472 476 192 80 530 983 576 666 914 188 696 563 919 151 292 196 420 49 136 57 209 660 60 740 341 582 621 409 962 711 823 899 988 94 894 642 480 260 406 620 577 961 93 244 585 163 755 286 561 928 272 694 697 240 555 418 189 750 391 617 347 31 546 150 397 175 175 480 565 369 141 636 5 145 763 231 872 343 992 185 84 153 546 5 880 234 46 252 153 289 870 733 452 929 
17
881 360 210 520 334 157 997 449 744 701 634 135 457 578 792 415 65 938 3 139 573 39 461 106 327 91 954 898 587 66 438 737 376 267 966 735 355 547 420 458 151 639 688 213 806 747 281 403 501 30 871 642 875 885 643 662 701 519 93 382 395 171 671 353 477 16 216 479 
5
222 938 695 644 550 958 43 805 429 925 872 814 767 440 477 785 844 714 467 222 
1
703 85 771 581 
24
97 589 159 737 496 663 811 900 954 814 812 245 86 134 218 672 833 99 977 887 334 956 733 376 388 511 992 393 700 374 958 596 457 791 193 479 512 428 925 981 31 309 436 151 725 449 229 304 593 28 878 166 946 483 22 933 793 882 967 693 25 225 396 212 165 997 407 44 660 453 108 369 245 238 992 406 923 583 839 212 896 446 792 640 817 536 230 385 336 868 754 417 840 5 893 933 
21
582 413 246 941 546 304 584 150 199 112 503 696 531 96 398 280 897 50 596 753 643 764 468 120 408 855 648 95 955 987 935 700 514 809 513 479 22 585 95 756 609 519 843 487 829 738 577 794 18 689 32 591 854 697 437 78 709 705 899 249 773 829 35 244 764 858 464 266 794 350 63 946 840 156 514 368 215 745 579 964 446 303 864 865 
20
138 20 918 458 330 566 269 539 596 652 692 373 767 641 678 382 470 66 400 676 754 434 307 936 240 778 144 802 507 327 896 564 849 589 278 334 683 632 574 904 526 854 357 549 37 10 363 490 787 962 436 438 500 526 797 392 232 272 231 61 692 127 958 102 926 359 56 507 478 704 819 423 966 420 23 728 591 836 874 177 
21
905 850 663 973 929 9 438 178 836 868 246 714 801 560 71 722 341 888 845 969 673 943 935 541 810 417 423 249 893 513 79 875 57 457 310 312 302 95 121 173 341 599 840 305 607 180 901 359 984 606 747 74 880 459 694 718 770 942 209 27 193 371 843 735 951 367 201 34 170 69 772 210 128 577 863 770 671 998 879 392 693 930 555 168 
19
481 385 722 677 121 650 851 959 506 968 981 614 37 518 153 700 217 132 172 518 947 683 950 893 298 460 122 567 135 933 361 701 83 582 727 830 165 204 627 90 744 494 563 66 757 607 187 598 147 81 68 356 962 275 803 225 436 909 404 933 785 852 753 138 864 290 725 609 574 869 504 74 566 793 628 704 
22
836 754 276 860 769 767 665 658 593 15 548 664 450 591 78 133 166 781 242 26 214 507 524 505 61 289 676 743 228 367 672 175 624 207 361 2 123 491 643 242 823 989 487 455 164 890 93 816 539 219 572 8 165 482 191 348 360 646 338 459 902 786 332 7 760 551 408 720 456 916 999 296 879 729 54 102 881 592 923 417 968 771 973 607 4 680 972 79 
22
888 315 191 438 596 429 232 69 970 937 2 400 316 875 181 799 233 542 836 171 476 502 950 308 84 176 547 978 957 725 639 377 874 503 462 473 810 100 894 994 108 513 959 818 382 912 132 416 102 815 71 292 382 521 311 25 686 372 356 567 942 925 398 236 842 653 373 160 47 791 818 218 683 384 895 450 511 484 515 399 154 356 715 257 138 988 355 510 
19
504 406 239 518 590 454 329 201 124 911 915 1 271 447 146 35 757 904 727 472 695 126 698 929 341 5 827 896 324 49 643 13 264 983 81 549 965 558 394 684 225 273 847 910 235 443 909 243 695 688 723 914 978 468 176 287 590 460 736 443 356 969 32 457 287 394 59 231 507 434 296 759 994 54 310 869 
3
42 45 787 231 617 415 461 279 506 472 385 305 
14
213 181 320 368 82 640 765 966 586 287 763 572 892 249 470 329 487 644 812 438 482 10 153 575 987 507 70 762 311 170 156 859 317 905 517 566 120 796 657 798 843 340 815 416 584 246 249 240 919 353 382 951 933 650 668 729 
17
634 439 511 903 813 419 183 532 580 59 53 677 38 108 679 825 62 93 65 721 239 8 989 919 212 585 545 354 218 403 529 398 269 279 82 501 852 908 395 407 373 264 27 886 424 475 735 700 494 122 96 930 10 719 187 663 167 276 45 286 443 495 882 762 742 314 757 497 
18
176 570 922 120 872 986 62 55 604 233 158 25 347 614 24 959 697 825 782 286 297 489 674 77 980 941 165 186 771 652 29 621 311 827 74 786 470 98 346 781 869 870 999 160 566 933 650 551 362 998 30 968 466 998 242 619 475 589 885 356 860 408 632 210 65 547 368 871 23 641 588 587 
2
86 462 79 836 184 506 196 30 
26
100 387 589 138 353 328 796 738 795 256 878 397 891 875 323 223 661 419 338 69 664 822 292 597 506 171 650 247 205 214 934 653 108 513 394 968 501 75 984 529 982 718 780 797 184 232 963 713 497 651 58 266 29 947 948 934 255 571 262 916 529 471 221 65 976 46 514 895 692 188 849 209 768 953 591 526 428 737 862 559 589 794 842 985 74 24 831 996 815 633 958 899 570 942 118 227 230 886 501 665 984 657 952 950 
22
662 864 762 104 490 644 720 177 41 685 533 997 806 795 707 231 200 382 59 341 40 710 411 937 547 280 805 152 138 269 182 389 856 187 290 103 955 848 409 118 894 711 367 481 262 380 365 322 780 330 729 47 736 608 309 548 48 407 624 317 418 527 69 340 988 660 263 382 736 849 24 623 784 352 679 350 612 856 222 483 380 428 822 343 948 864 539 699 
13
224 412 611 894 239 466 706 121 946 772 881 639 584 12 668 119 780 754 971 238 965 544 310 390 250 738 547 516 25 560 391 457 308 610 424 40 747 478 464 210 755 34 750 653 39 245 536 780 493 475 539 391 
27
296 602 918 225 669 115 542 469 862 370 618 115 658 340 485 575 976 538 520 754 705 720 680 995 756 897 757 53 878 779 176 779 684 632 694 10 836 863 421 695 277 133 658 86 882 440 698 178 205 348 236 329 681 815 13 659 235 531 346 196 216 188 279 174 786 697 991 30 246 345 739 618 3 955 200 466 135 997 295 410 324 371 334 3 417 616 587 907 376 496 838 316 691 497 845 462 922 886 922 995 969 155 871 562 993 126 501 419 
16
639 13 347 467 215 207 597 374 170 369 28 862 897 502 952 881 670 677 82 360 591 68 170 649 488 916 191 20 557 332 899 728 80 255 181 389 968 10 652 356 473 159 762 47 700 269 228 324 853 579 729 320 201 151 244 375 708 640 572 543 527 644 121 69 
23
988 540 285 650 450 898 58 842 122 34 925 319 345 522 423 39 708 324 950 803 393 278 71 527 781 73 382 994 369 240 649 281 766 703 455 990 767 489 153 552 525 467 94 621 711 248 583 169 620 566 169 20 601 408 571 742 999 185 956 744 302 476 919 954 658 925 605 845 246 686 785 205 336 640 508 277 328 195 907 175 82 396 5 144 543 820 579 631 781 997 774 295 
12
850 467 11 478 304 626 558 7 169 894 85 19 900 974 14 965 525 827 336 179 173 294 349 655 697 429 54 55 876 719 373 777 910 597 871 180 80 634 648 794 945 154 868 174 667 799 482 176 
28
816 951 640 639 961 711 389 500 17 96 646 524 704 722 439 242 733 869 522 835 338 366 773 872 992 635 27 560 345 216 476 860 495 315 79 782 517 544 469 781 301 601 102 73 149 596 140 579 227 834 146 836 822 824 828 384 476 134 480 101 418 620 334 391 607 253 381 44 638 576 620 462 388 350 927 375 928 767 744 407 672 627 347 329 877 376 242 672 385 778 151 49 296 743 890 687 531 381 242 955 520 328 723 759 209 996 16 167 222 413 183 562 
5
926 615 216 890 109 672 323 925 593 562 137 266 314 707 331 919 925 388 738 326 
28
322 94 624 900 930 975 750 958 542 474 556 37 893 157 339 260 617 329 932 414 198 277 782 191 677 785 523 891 855 421 317 280 448 94 141 344 683 767 298 608 418 577 45 747 343 207 162 943 660 900 499 76 708 568 899 541 780 408 899 411 546 302 260 71 173 798 709 740 431 896 115 597 694 889 548 624 852 383 43 328 844 471 386 200 989 290 706 169 502 735 56 450 526 434 391 738 581 18 40 335 626 47 359 809 365 305 365 137 898 797 929 470 
18
517 700 263 675 711 783 131 970 405 653 797 212 587 491 439 55 436 638 694 610 966 929 222 812 147 521 152 335 92 856 519 447 113 841 13 19 984 429 149 79 537 873 34 890 423 84 88 17 667 853 290 453 6 931 242 819 884 667 229 151 425 62 9 164 566 850 278 50 854 633 818 283 
4
80 757 319 773 751 430 210 573 780 247 443 228 757 788 328 712 
15
912 846 498 996 201 18 534 370 453 719 155 708 525 857 140 443 191 226 450 646 386 562 603 257 440 574 45 554 695 22 240 562 809 999 33 687 4 289 331 227 307 632 55 953 732 7 837 871 490 624 785 573 853 715 34 280 320 981 711 827 
17
141 212 721 681 654 443 913 162 618 161 251 950 622 663 998 433 412 75 895 278 461 309 142 912 269 481 511 144 651 933 597 433 111 231 834 324 973 223 750 141 792 715 155 105 301 850 680 61 167 627 695 476 530 436 746 468 233 41 444 862 462 112 225 555 915 51 419 108 
31
39 151 823 557 86 377 447 103 111 809 228 184 151 849 227 35 80 735 959 756 443 455 505 225 996 277 147 816 536 318 306 621 458 151 587 684 280 71 586 983 666 798 320 431 705 400 371 652 864 964 799 862 122 523 640 590 737 347 740 392 460 126 917 698 123 344 516 750 368 809 836 687 670 617 885 253 159 258 417 783 822 862 464 359 398 404 39 800 146 16 32 694 499 133 265 159 403 984 767 332 517 877 729 358 948 777 824 304 711 713 765 41 432 210 345 152 340 602 140 850 961 815 15 570 
3
853 312 753 480 529 398 734 321 349 8 926 128 
22
176 700 118 902 995 848 581 273 986 83 383 794 339 776 166 964 607 884 840 283 970 174 701 34 796 135 609 496 550 562 705 786 641 255 490 660 788 113 575 820 151 958 762 664 140 219 331 56 539 521 464 712 276 311 185 559 859 991 312 138 949 876 225 486 128 201 961 151 34 56 86 360 723 135 532 845 123 419 811 106 234 745 617 166 49 902 857 596 
28
910 968 989 179 315 150 771 23 356 83 165 512 62 1 659 258 33 705 765 899 19 350 124 954 128 305 215 496 736 211 679 70 456 429 716 705 288 642 990 912 282 377 956 645 312 229 785 751 75 456 997 125 886 802 717 247 795 500 114 255 501 157 542 39 392 315 473 647 791 138 44 68 274 899 670 346 789 931 773 488 463 945 847 347 569 223 127 34 782 883 156 271 636 740 682 338 687 767 228 468 180 239 181 655 782 538 356 356 130 550 98 39 
22
424 692 344 847 986 643 879 526 989 59 275 855 42 488 120 671 557 106 315 821 798 516 814 381 643 486 805 928 552 920 440 36 512 500 914 159 397 226 598 686 897 690 281 554 556 123 268 605 488 983 312 337 103 785 155 484 417 951 226 349 237 171 188 784 272 195 209 666 320 957 580 824 554 604 83 738 183 195 641 10 665 12 612 38 859 283 516 175 
28
423 425 894 718 384 814 191 338 728 513 718 873 246 504 582 190 505 203 315 672 971 892 597 560 654 181 842 661 788 158 821 122 765 368 920 763 336 105 590 13 878 664 483 663 623 572 219 682 74 891 266 470 54 576 876 494 775 616 683 913 579 235 702 198 984 760 3 563 145 626 180 267 285 900 881 323 245 201 616 229 863 407 48 56 394 197 346 382 863 17 659 483 288 407 256 275 829 734 641 711 303 415 587 238 393 764 768 979 658 169 588 421 
3
722 258 456 997 38 739 155 911 76 480 818 200 
13
832 968 420 173 717 198 906 734 673 295 894 724 48 634 522 222 903 830 193 983 161 292 414 248 418 924 950 403 355 880 272 332 429 567 922 582 985 229 583 602 130 794 531 655 225 816 110 704 546 46 840 973 
5
314 402 893 143 640 950 960 245 394 334 599 937 786 124 710 331 694 361 208 659 
3
263 202 621 36 32 87 618 89 179 745 30 642 
14
549 132 871 487 890 76 779 168 550 425 678 386 276 254 328 369 517 566 320 361 430 288 287 771 156 694 37 562 226 378 163 258 766 327 655 103 472 501 42 432 818 481 572 67 67 65 82 159 503 783 500 787 399 616 680 364 
34
818 92 487 763 241 114 179 920 255 502 650 93 485 276 554 72 74 815 832 86 56 756 688 946 81 323 117 933 118 226 395 400 869 142 345 18 750 19 460 448 769 469 938 513 206 465 47 126 832 177 597 816 597 983 25 815 10 695 987 912 205 211 85 745 846 895 254 112 698 896 496 405 521 623 275 68 608 219 649 442 820 111 563 344 497 45 230 786 943 822 683 571 508 659 58 734 394 581 33 558 460 282 49 880 396 188 24 593 62 691 118 31 419 677 227 846 584 612 304 5 586 158 503 348 109 35 64 551 747 114 901 771 443 783 879 925 
17
877 985 634 237 394 658 926 100 418 232 379 817 411 511 785 232 429 61 899 727 999 719 326 166 84 551 392 461 501 3 397 802 611 157 984 938 191 761 342 251 937 771 508 51 193 47 976 29 803 693 449 37 680 255 463 312 461 897 592 338 10 725 927 487 32 876 825 322 
14
73 249 844 825 773 871 763 904 993 654 443 299 293 974 896 845 780 726 254 70 173 625 479 801 477 940 869 459 42 112 938 141 819 501 986 871 517 123 654 746 117 310 139 112 315 163 869 959 365 246 453 286 779 586 491 287 
22
255 349 418 888 797 445 101 781 100 722 653 384 626 520 168 391 473 908 161 251 967 855 474 510 923 660 313 965 7 574 851 110 935 460 507 108 213 231 420 118 284 149 235 14 143 856 344 257 118 157 862 500 860 989 151 633 440 352 400 83 892 492 197 149 74 105 349 961 498 175 410 533 824 934 21 66 947 70 207 568 511 565 901 409 705 587 350 222 
13
194 814 138 322 211 299 737 151 923 412 245 492 380 60 457 476 300 939 562 419 946 8 145 617 265 174 229 516 143 231 317 663 89 871 276 268 263 667 73 57 272 960 885 191 291 955 315 666 931 330 690 275 
10
582 659 481 91 386 875 502 472 282 384 449 705 138 507 763 556 233 470 58 820 196 414 540 293 349 432 394 758 934 631 143 347 571 838 138 164 445 709 705 300 
17
903 37 701 289 492 751 667 779 504 411 778 935 353 334 186 290 536 775 898 624 934 130 415 974 363 833 701 265 511 797 58 845 184 322 566 655 159 547 639 127 506 695 467 254 296 554 843 47 636 854 15 236 107 579 546 988 319 12 495 212 409 896 549 289 511 533 455 905 
3
258 12 932 541 546 338 577 914 254 989 137 405 
24
87 793 20 67 840 677 16 443 912 401 693 205 624 776 609 613 541 832 955 646 919 109 858 662 261 139 591 532 449 197 204 911 847 42 756 72 187 712 543 825 884 594 432 479 509 669 393 865 156 779 980 348 399 853 533 344 539 559 945 877 385 685 634 722 439 137 948 624 791 614 976 276 249 170 306 242 45 532 439 390 95 48 669 474 748 467 737 704 559 7 653 31 454 803 283 458 
22
123 909 933 222 781 217 180 84 616 873 992 692 596 283 1 953 463 718 457 338 666 203 750 503 15 664 460 789 482 334 395 284 378 27 496 727 62 854 265 635 99 66 873 245 56 905 754 823 174 946 734 917 29 999 679 247 113 318 266 32 376 177 572 633 44 344 840 498 608 638 209 973 39 144 168 383 608 556 449 483 10 347 250 467 165 329 479 764 
1
881 712 180 210 
2
587 279 725 518 154 21 950 687 
17
429 549 251 288 159 948 699 880 808 521 3 48 436 235 691 310 723 202 161 826 330 920 944 25 270 477 839 651 579 48 390 945 321 790 459 678 531 279 741 990 128 610 915 328 610 556 594 899 621 610 681 979 182 349 423 643 883 910 363 545 745 419 148 267 947 635 469 935 
19
808 717 59 18 320 878 900 544 597 945 655 664 915 803 548 877 151 935 326 351 124 85 477 986 195 492 929 352 439 68 104 620 105 142 951 846 850 618 577 524 810 162 371 752 821 796 23 169 153 6 746 465 38 693 69 525 270 4 807 266 809 665 854 741 407 127 547 317 697 770 104 891 929 686 945 41 
35
396 287 255 831 938 687 287 491 312 665 125 833 654 706 581 383 211 753 863 253 908 206 297 12 978 473 295 167 867 599 919 365 571 612 32 535 766 787 760 192 968 538 175 966 408 233 960 654 625 332 96 423 195 53 814 410 619 421 430 409 556 435 208 910 113 703 859 1 349 343 966 612 920 626 224 514 134 764 6 917 15 322 370 933 439 54 136 48 384 698 690 381 86 542 696 749 874 82 389 338 248 184 251 107 432 981 541 122 582 840 989 964 384 882 744 200 571 357 863 251 891 84 126 319 201 674 361 781 866 358 761 417 278 191 588 855 53 93 240 563 
11
16 127 55 560 54 113 770 649 419 692 948 777 101 270 211 849 460 351 410 400 665 977 994 485 838 950 375 579 962 688 467 711 732 650 576 40 184 514 994 944 450 843 543 966 
13
665 917 80 759 829 248 837 224 417 975 114 652 39 579 625 256 685 304 759 576 531 623 561 163 514 641 627 117 13 254 466 577 416 321 600 821 393 48 627 898 227 679 458 999 31 18 310 597 544 159 417 693 
6
783 77 251 66 359 687 685 478 478 501 830 191 69 94 607 977 753 958 544 583 147 164 141 855 
2
287 460 561 833 210 384 357 762 
35
109 247 489 966 224 194 504 421 176 735 466 930 694 151 622 512 634 254 730 542 590 890 215 437 118 553 415 992 812 479 946 507 527 508 191 172 823 541 761 477 626 145 900 199 113 347 546 733 326 805 55 118 866 588 789 14 190 908 549 67 527 118 829 592 474 871 104 46 533 481 291 337 888 334 539 86 991 865 523 285 430 705 773 109 516 330 256 581 646 318 605 587 482 269 493 921 34 733 673 963 268 483 634 10 268 859 558 288 753 124 577 334 285 996 400 473 452 376 16 664 222 736 911 350 699 492 657 701 257 208 148 116 79 35 865 602 257 907 818 695 
34
847 979 159 769 928 925 513 595 405 964 718 682 594 42 77 878 655 257 153 288 369 70 243 687 773 759 194 960 975 536 305 922 57 393 271 926 548 883 577 147 291 277 573 968 125 417 40 693 615 444 54 59 477 374 869 898 681 975 645 324 676 158 499 602 92 125 515 563 868 827 284 414 793 660 743 560 419 292 967 690 65 477 59 25 47 574 383 550 980 31 29 762 920 936 431 289 457 570 611 956 546 200 979 412 544 875 989 483 423 396 595 18 226 525 5 805 188 821 482 12 676 809 85 958 380 281 945 11 246 518 749 410 395 109 974 755 
5
479 14 660 879 348 18 771 320 923 329 245 742 724 730 183 963 55 234 620 76 
34
270 101 151 617 722 946 682 483 492 869 755 782 573 725 247 973 312 607 176 945 649 658 769 38 508 447 751 410 44 691 247 704 63 491 383 247 889 92 703 133 724 963 990 145 304 540 92 879 630 664 86 589 27 734 775 278 665 135 915 577 383 493 124 947 336 718 331 168 396 261 636 80 872 681 189 467 46 685 629 301 317 694 589 554 919 372 213 254 577 485 497 670 402 703 120 808 728 878 400 596 258 786 145 536 319 977 416 49 687 621 913 913 904 666 289 38 559 498 122 820 827 725 677 788 93 603 407 632 468 869 916 720 329 979 47 604 
16
22 938 265 867 137 426 226 433 711 186 473 676 858 449 650 656 210 186 261 227 613 782 301 530 707 979 231 437 479 267 976 437 393 110 323 122 673 436 806 548 437 521 568 635 388 40 993 219 397 997 946 32 89 343 116 43 511 586 245 360 952 47 222 995 
7
42 609 745 58 500 270 290 33 429 929 880 493 991 920 507 240 349 897 162 590 917 682 528 65 530 702 891 376 
1
843 665 337 81 
14
963 262 404 260 176 397 657 867 656 576 697 935 33 226 978 262 53 305 244 409 192 650 964 218 492 723 463 335 111 93 920 482 330 237 468 583 436 159 34 529 636 336 866 512 290 41 178 11 435 637 783 721 195 156 484 478 
35
219 765 56 305 192 635 501 917 115 636 961 417 451 512 897 530 878 1 395 17 588 565 918 392 812 723 224 248 964 546 328 237 353 481 260 28 426 35 869 125 68 509 89 644 160 320 702 147 783 22 970 81 306 243 2 687 439 353 890 973 648 494 767 795 661 290 197 810 222 559 787 970 763 887 950 204 61 381 320 138 102 184 347 526 627 831 947 108 634 857 984 368 56 262 319 14 470 96 904 120 377 802 701 545 201 793 762 497 384 972 138 577 790 549 203 37 717 406 419 806 733 980 16 300 633 743 181 165 936 263 226 398 692 191 5 970 38 671 833 559 
20
417 532 662 544 725 831 726 166 736 66 861 224 462 547 989 545 206 695 116 341 129 188 919 978 462 578 872 948 309 372 697 515 809 146 709 985 182 649 475 762 66 622 904 566 502 386 870 860 995 897 300 780 28 620 705 486 969 970 320 591 223 154 529 893 845 35 360 612 25 588 804 211 276 45 965 870 654 445 215 675 
12
644 134 648 300 889 590 46 216 979 267 292 945 688 966 10 357 174 84 109 926 889 796 180 767 798 369 781 285 629 146 981 970 943 536 95 660 616 505 312 933 412 534 684 924 840 780 204 372 
19
680 992 73 678 806 331 233 137 74 842 227 978 786 777 402 745 562 862 113 670 503 8 259 484 937 539 994 578 821 582 608 518 546 870 749 734 244 353 943 466 356 270 238 733 462 168 109 570 503 74 724 70 587 366 906 881 1 933 975 243 527 44 239 294 714 919 596 965 183 667 693 282 994 470 519 516 
16
5 429 80 489 830 816 354 309 634 280 28 152 608 723 358 840 836 580 170 740 927 168 594 75 501 432 511 914 662 398 892 607 361 99 481 20 669 86 984 225 994 968 682 215 893 929 451 799 211 80 94 441 268 111 726 737 75 608 430 895 422 608 411 405 
22
645 124 711 717 871 117 992 57 728 94 139 36 359 83 61 477 906 267 687 871 989 311 70 330 435 628 588 864 49 903 498 861 550 502 987 970 975 910 652 12 215 324 647 968 69 707 293 346 99 416 756 772 456 769 145 511 683 429 860 640 690 382 992 518 186 990 167 291 542 136 447 506 521 703 414 830 582 482 304 442 294 123 510 404 444 897 700 441 
9
894 622 644 338 535 842 178 990 638 211 742 207 735 842 856 507 954 354 284 955 612 441 108 953 290 781 349 399 221 565 392 886 701 610 908 861 
13
681 907 737 784 578 35 533 114 663 146 360 189 165 96 870 653 336 503 173 558 637 873 909 10 233 742 151 570 358 997 472 249 937 977 860 243 350 358 619 87 741 967 957 108 434 902 582 385 186 554 846 57 
14
230 402 176 875 107 977 593 201 39 35 698 30 605 898 783 158 656 253 88 94 710 486 814 581 582 227 792 773 851 311 496 107 938 338 177 287 288 466 262 598 288 129 376 618 266 737 105 707 853 927 682 771 851 42 654 713 
16
127 280 463 298 809 66 345 595 286 864 380 358 575 907 959 370 678 317 520 593 21 817 959 669 482 697 634 349 617 573 475 772 911 947 845 962 692 288 988 678 879 301 204 477 401 368 21 166 160 638 6 927 373 267 815 6 600 408 747 608 895 676 391 122 
27
950 834 461 731 513 242 793 568 150 538 626 46 141 780 328 679 712 4 782 821 168 95 564 933 958 93 914 778 591 701 836 724 475 825 968 799 127 312 950 281 636 573 280 958 131 350 203 822 188 348 149 401 884 953 148 609 192 454 81 266 591 925 415 409 378 982 363 837 587 682 212 891 696 606 335 540 381 457 339 24 19 268 552 583 990 795 533 754 216 968 485 759 442 425 514 729 723 624 618 806 278 572 866 852 949 371 995 58 
3
983 430 864 223 710 642 555 441 670 598 337 909 
31
103 234 488 433 685 293 664 568 183 800 529 282 434 409 308 654 857 648 400 612 721 105 430 846 401 354 783 856 609 808 547 603 313 30 703 126 245 804 232 794 202 871 590 478 822 938 957 217 652 998 281 766 647 791 14 333 913 844 548 510 51 28 874 364 28 232 184 341 224 62 177 506 361 410 452 767 492 18 423 572 990 338 420 636 343 738 813 679 315 839 633 619 535 458 838 790 159 898 498 799 716 527 466 740 667 114 889 268 563 469 662 117 830 826 562 700 225 872 538 18 516 240 550 675 
3
421 27 819 69 650 133 153 85 990 599 472 794 
37
685 859 478 173 734 282 35 245 949 550 1 566 519 922 633 176 210 949 281 916 280 327 847 917 562 981 932 877 668 11 183 205 855 747 701 356 531 554 642 653 353 286 953 765 951 258 902 746 993 39 616 612 167 901 619 915 367 189 590 310 467 224 610 727 782 717 665 51 517 549 709 875 370 316 109 382 25 249 362 619 514 397 217 761 80 945 978 438 196 939 175 306 325 937 187 37 705 448 532 991 140 78 553 172 568 48 345 766 758 566 359 460 994 314 546 888 910 691 247 389 33 539 388 446 29 640 795 62 334 292 717 922 810 618 987 179 226 54 35 512 271 225 402 242 393 501 502 883 
39
759 112 368 108 195 163 41 849 389 937 437 572 838 164 133 774 39 661 388 236 578 322 799 252 402 360 779 35 719 480 510 769 189 534 147 402 650 611 138 695 507 367 79 73 249 925 163 533 57 241 179 566 5 212 672 83 558 958 917 815 256 505 375 822 665 265 491 722 659 710 801 24 984 297 729 664 545 295 692 564 219 612 828 155 323 2 847 315 427 677 557 197 189 840 68 883 918 180 713 590 130 639 986 874 866 708 976 890 326 610 667 889 628 693 811 471 929 727 33 205 285 388 582 316 808 480 229 250 434 903 393 209 199 601 480 406 179 858 157 178 362 69 279 567 51 30 995 836 226 548 897 504 983 455 165 778 
5
703 80 210 45 955 65 652 257 35 731 763 219 232 377 702 351 773 36 661 236 
13
606 113 125 21 144 274 245 67 117 874 144 665 445 800 469 992 214 314 187 984 30 210 46 695 958 47 779 24 582 264 464 800 325 197 866 993 666 842 11 376 151 813 968 625 564 740 574 367 410 633 756 264 
17
214 713 964 395 977 526 778 179 837 91 718 164 850 434 123 336 650 566 481 484 967 11 729 720 56 674 521 388 347 176 395 155 97 897 835 487 813 678 726 984 581 370 738 859 500 662 74 25 140 433 242 112 221 256 523 291 313 629 425 537 523 488 153 402 742 176 905 956 
39
427 479 873 786 173 258 278 483 411 190 626 441 379 191 439 660 261 466 519 715 471 641 586 807 598 604 562 420 849 51 47 96 384 792 158 477 532 113 845 799 670 869 895 103 742 142 10 310 45 346 398 209 466 727 210 808 655 294 785 156 110 704 98 486 889 975 231 370 937 28 298 359 537 839 921 706 91 392 332 385 765 301 260 621 493 395 73 599 489 415 634 999 366 578 89 608 996 2 165 972 572 875 741 679 521 478 98 900 477 876 208 249 297 742 129 220 428 103 642 652 950 78 689 694 414 71 546 578 203 32 359 227 31 664 910 286 307 973 433 907 691 385 435 224 991 564 254 686 203 9 951 323 108 281 471 924 
18
950 822 992 320 10 574 176 824 692 985 482 645 868 685 660 477 997 368 953 636 294 341 998 159 15 457 419 459 803 316 954 29 870 215 580 92 216 328 67 331 187 605 275 713 97 7 648 204 794 508 914 700 347 228 808 577 346 598 705 178 478 962 336 553 218 510 892 909 874 845 228 15 
31
5 718 397 278 690 868 80 877 140 230 971 354 235 687 695 456 938 437 932 100 27 149 582 57 781 244 590 237 92 509 579 745 59 701 587 428 519 792 600 477 860 70 743 541 747 62 358 226 315 134 621 396 254 492 565 980 78 399 766 609 118 240 88 833 992 101 791 822 909 192 324 562 718 328 464 611 127 827 576 458 279 611 805 871 148 99 586 254 478 958 356 119 164 767 525 790 331 953 529 948 43 8 441 561 989 680 459 836 821 258 260 513 461 15 661 780 486 25 952 784 937 363 277 39 
33
667 456 134 720 636 783 914 491 290 391 657 575 38 254 996 217 226 272 102 637 677 546 573 509 292 994 481 872 526 4 659 599 607 699 939 723 758 90 14 4 567 5 487 480 134 781 495 201 931 253 982 765 80 521 185 614 648 133 67 26 266 530 768 97 84 775 973 819 640 441 273 785 303 604 574 456 97 733 476 455 326 542 594 123 419 652 388 123 749 577 554 328 177 94 491 751 801 680 186 176 438 641 497 894 13 974 850 927 844 413 335 602 402 928 454 871 721 278 921 851 100 911 502 879 562 688 538 108 67 789 71 600 
29
119 73 56 603 155 548 109 577 56 762 807 666 890 533 585 425 687 928 255 112 903 203 482 57 868 777 180 785 677 634 779 727 493 659 30 990 766 692 98 615 472 143 298 231 95 588 527 952 792 772 424 289 491 953 406 66 334 28 780 239 759 73 438 918 521 888 706 853 475 866 758 732 55 875 386 905 621 363 132 402 771 603 46 646 364 227 682 305 165 670 466 891 391 316 780 67 854 560 114 609 10 470 73 679 978 79 997 698 660 903 276 445 548 264 863 348 
14
472 83 769 589 313 599 503 364 790 622 403 570 641 298 179 916 176 450 773 644 259 179 761 611 403 612 707 870 620 908 826 743 464 404 933 63 818 103 36 603 619 542 456 533 714 725 85 305 630 755 864 419 848 918 65 586 
33
49 559 630 443 798 725 781 798 777 346 820 149 637 998 293 905 99 58 588 508 905 534 159 344 230 177 280 71 822 836 205 456 629 666 782 286 192 108 379 519 108 785 841 858 403 856 973 102 997 425 437 742 711 227 962 769 932 263 462 374 600 383 316 562 141 792 964 366 581 704 271 890 315 324 1 161 399 452 723 837 362 109 916 975 74 687 929 791 210 15 527 739 742 264 247 90 99 689 11 110 329 900 845 878 581 237 847 325 363 883 794 351 280 504 86 526 112 674 898 822 136 264 658 451 744 777 303 913 775 389 853 449 
20
306 492 859 347 992 230 657 406 185 518 538 587 216 994 117 487 705 156 113 797 960 19 766 58 804 737 502 142 523 568 386 513 634 277 777 724 853 194 103 525 697 398 277 676 343 851 937 693 862 748 669 677 787 467 316 991 122 208 652 241 142 846 501 224 476 895 328 173 270 683 631 907 81 734 523 792 500 596 496 23 
33
503 686 937 224 319 996 990 201 243 34 351 451 203 695 455 582 3 991 216 898 321 704 465 640 283 87 949 525 624 147 810 558 305 936 764 271 361 884 8 199 21 826 859 943 940 891 725 855 240 35 930 446 131 359 184 652 852 562 660 669 9 71 33 696 510 630 364 600 934 674 204 375 419 237 410 88 559 217 867 534 148 752 189 545 23 490 313 461 455 300 836 492 222 900 330 532 216 445 616 976 721 926 115 930 430 764 362 220 770 810 595 328 902 744 799 408 783 766 73 792 747 941 444 125 419 66 400 117 707 873 149 782 
35
82 484 260 993 863 487 239 318 715 952 844 845 107 137 535 75 941 206 667 862 291 568 882 767 240 578 902 8 919 890 281 367 685 352 741 436 112 121 54 706 119 197 103 630 705 173 252 870 816 566 151 5 410 891 906 118 961 197 485 474 547 674 714 82 130 119 713 843 371 302 644 794 902 545 995 561 256 833 814 364 378 603 53 495 784 314 182 512 724 761 979 319 358 166 277 331 761 705 783 328 667 366 635 799 252 8 251 302 179 131 698 54 735 325 867 810 66 802 452 693 523 856 896 399 910 647 736 84 619 860 557 919 784 511 631 580 68 93 32 530 
13
338 962 728 530 593 508 319 793 93 636 694 105 396 626 705 652 606 85 122 603 836 247 66 883 823 826 66 435 588 785 835 798 517 280 761 621 690 890 383 29 277 918 989 321 405 367 239 416 335 773 809 368 
7
326 597 477 98 33 557 274 962 648 426 231 499 919 584 616 543 479 977 363 680 411 413 271 708 532 738 879 374 
