235
1
457 427 279 532 
1
580 295 925 724 
1
347 491 46 404 
1
355 641 439 641 
2
457 419 461 28 15 864 454 877 
2
95 269 704 453 531 433 277 239 
2
351 523 798 34 155 156 110 728 
1
434 48 428 307 
2
924 546 605 791 51 248 910 726 
2
180 55 433 799 211 671 735 503 
2
295 585 615 530 923 918 493 932 
1
998 898 16 635 
3
239 32 993 677 345 191 281 369 208 472 154 654 
3
399 164 472 389 42 133 665 236 499 565 641 299 
3
113 563 112 833 517 536 258 841 961 807 600 812 
1
395 998 512 683 
2
49 527 889 28 825 308 453 948 
1
74 383 368 257 
2
116 978 340 180 28 885 616 505 
4
380 661 45 114 885 11 899 790 769 935 446 26 142 314 956 422 
4
850 396 694 662 990 966 51 677 790 454 471 85 71 412 412 217 
2
580 820 83 904 200 635 280 836 
1
742 487 823 841 
1
473 823 612 32 
2
944 595 243 878 611 255 724 353 
6
177 43 563 856 719 42 829 833 724 713 280 552 532 248 180 629 553 840 842 176 649 947 630 517 
2
924 423 227 849 331 317 725 150 
3
254 142 501 679 38 536 211 335 420 116 494 268 
2
235 677 606 700 255 352 383 935 
6
335 21 897 260 489 901 394 383 392 332 114 144 718 789 243 293 262 441 788 803 490 466 778 233 
5
80 602 224 102 965 638 644 103 891 429 148 533 327 149 99 101 385 362 16 567 
5
663 226 721 138 28 339 475 162 262 807 255 826 754 906 840 925 686 896 475 872 
2
318 705 434 834 328 117 801 383 
6
862 805 219 596 494 939 89 551 570 982 949 468 590 310 535 593 502 985 909 181 991 437 738 671 
8
509 280 831 637 823 952 279 826 437 972 822 54 101 503 269 422 394 312 37 338 747 214 715 45 943 756 555 684 197 339 60 195 
5
525 26 795 812 54 46 264 832 43 516 453 301 391 416 431 824 530 560 679 17 
6
439 209 586 496 379 79 787 842 204 100 484 736 296 350 987 376 532 150 508 455 876 91 252 299 
5
686 735 269 503 785 32 23 342 977 673 89 185 213 628 543 647 807 894 171 397 
6
458 137 777 803 590 328 601 842 55 808 85 461 157 319 655 239 694 647 261 238 79 658 829 465 
4
994 673 636 728 220 226 163 366 902 469 34 649 330 299 193 44 
3
757 826 781 582 455 40 123 851 207 588 413 34 
1
816 490 61 135 
6
366 565 210 966 40 262 19 828 210 250 209 338 109 348 924 724 237 677 836 857 579 454 793 421 
6
66 868 730 628 894 271 804 631 2 149 63 202 479 73 308 943 636 513 106 725 965 254 401 136 
4
774 664 741 820 335 245 117 529 650 953 95 84 119 820 366 668 
4
778 617 711 924 940 885 891 616 514 545 693 84 577 684 951 577 
8
916 574 261 576 240 599 308 706 570 149 943 985 445 201 269 830 283 633 764 853 66 718 946 551 304 586 438 142 472 874 537 947 
9
231 524 417 963 448 873 190 481 948 356 890 25 686 613 315 235 307 596 304 668 209 962 377 629 881 897 948 650 99 52 568 218 972 169 994 791 
9
353 349 79 153 600 299 888 597 821 163 370 104 269 203 651 312 749 73 39 998 866 699 861 698 52 703 629 63 462 874 474 196 404 368 591 63 
8
983 509 509 203 22 158 743 232 214 346 183 727 940 922 502 962 523 300 561 560 746 452 489 50 526 649 850 294 456 218 743 892 
7
426 343 565 773 942 269 562 123 647 808 949 742 419 607 89 702 739 564 24 132 320 300 288 480 331 765 471 169 
7
902 455 421 736 187 630 199 68 226 133 736 808 139 760 309 424 500 53 828 304 797 560 106 588 810 864 394 758 
5
863 275 707 176 104 229 193 826 437 305 112 612 830 356 589 342 71 747 470 984 
3
778 729 808 52 500 244 303 829 990 731 539 648 
5
655 805 666 224 991 164 385 948 997 930 443 301 380 362 430 95 241 495 902 779 
4
138 203 674 438 603 440 475 724 514 763 338 583 330 225 357 224 
10
105 996 871 217 747 126 589 163 871 45 981 382 274 938 496 757 900 999 378 739 317 811 816 266 811 922 561 36 614 13 146 800 925 277 838 425 654 38 949 357 
9
843 679 697 375 949 834 223 695 40 974 196 934 177 776 677 603 899 144 111 527 259 611 875 780 731 488 81 523 979 841 79 240 63 98 26 228 
10
657 475 774 444 633 223 269 66 93 661 437 118 996 539 373 453 955 847 426 315 834 758 430 536 728 916 667 898 164 563 489 988 134 799 722 791 703 889 626 73 
13
226 553 772 351 899 674 176 207 150 107 570 964 810 554 410 428 472 98 298 656 196 409 197 774 137 105 713 159 213 872 771 626 35 350 91 763 556 32 150 707 574 307 353 120 67 882 789 670 562 894 978 32 
1
34 791 552 947 
9
158 481 379 103 328 687 952 804 643 693 179 974 236 914 901 425 694 114 235 35 664 865 993 904 675 892 257 898 88 832 50 394 143 447 313 478 
2
399 213 350 565 470 974 832 555 
4
625 38 823 466 651 936 950 237 722 220 395 179 245 931 541 75 
7
489 591 978 775 97 729 466 167 106 322 263 610 793 767 429 102 880 798 522 830 257 668 993 605 545 497 976 952 
9
735 65 663 754 59 475 497 542 316 68 397 222 851 161 58 211 126 916 624 851 129 408 244 867 608 27 463 458 712 20 814 17 288 303 289 352 
2
563 655 632 313 427 200 404 310 
5
985 897 229 601 470 922 737 825 697 638 732 838 921 588 66 931 324 995 895 188 
11
699 587 850 971 508 446 569 815 15 242 234 160 158 551 73 964 102 293 187 431 787 97 883 211 775 473 217 970 75 50 886 128 730 611 898 785 729 181 211 973 409 401 62 718 
11
811 821 158 316 421 81 701 29 534 305 94 177 811 508 363 219 829 424 416 714 600 796 60 829 436 621 105 149 400 59 919 121 323 610 117 766 400 494 866 537 436 136 860 382 
1
741 204 918 598 
9
721 124 498 983 573 407 720 550 525 199 643 833 821 531 420 892 459 608 627 583 617 456 893 140 826 90 851 440 339 670 706 110 476 501 209 588 
1
73 134 313 398 
7
679 327 869 600 467 22 714 636 543 409 2 97 232 797 430 900 332 530 853 790 725 835 172 906 468 99 192 273 
12
439 669 292 347 977 372 885 40 836 400 559 596 213 612 514 727 764 330 328 546 62 159 605 111 71 921 899 881 408 703 846 513 1 90 1 378 829 94 370 829 250 668 687 817 560 746 268 719 
13
459 458 836 15 969 649 14 420 362 664 497 634 749 57 510 969 744 851 863 688 634 384 499 650 483 800 589 24 114 631 43 120 130 223 960 252 475 238 467 336 107 644 73 803 1 445 903 527 613 936 639 240 
12
890 430 399 95 549 310 970 515 22 420 323 229 51 127 486 173 279 915 751 13 99 633 203 731 330 909 498 181 638 55 179 317 478 377 966 126 969 275 489 590 689 707 740 940 467 234 580 987 
14
150 474 464 347 511 324 275 355 337 754 728 424 357 366 765 175 805 158 495 597 306 112 430 292 553 194 137 465 104 848 839 660 241 263 424 72 40 55 190 410 724 820 95 855 552 178 372 1 372 875 872 733 716 965 993 987 
4
930 502 188 38 194 1 83 265 582 231 961 668 374 15 417 195 
13
596 455 604 31 89 901 17 713 443 14 600 850 650 748 290 724 184 905 703 58 780 453 132 903 151 663 17 773 170 659 87 779 955 363 678 640 198 358 841 280 803 566 816 869 45 832 629 727 772 145 532 789 
6
453 560 125 878 584 983 82 973 926 573 460 685 711 995 538 600 631 872 274 63 726 713 309 154 
1
896 180 954 385 
13
999 82 290 818 659 891 250 881 318 236 152 177 6 545 316 412 855 146 496 507 833 34 227 957 439 351 738 155 35 198 103 248 780 145 748 717 172 190 180 386 49 510 568 236 760 496 271 290 35 255 788 332 
7
351 848 786 412 11 761 501 164 48 131 806 889 701 111 185 908 258 120 253 923 379 796 285 55 893 140 126 2 
11
107 955 86 765 560 533 822 66 690 272 737 590 227 527 222 896 283 109 82 911 618 952 183 46 11 325 569 704 870 258 70 591 494 599 319 294 972 57 598 376 125 625 947 996 
13
265 227 19 995 422 928 562 902 803 676 380 827 261 865 207 229 217 7 172 389 848 52 438 124 228 638 738 882 131 143 52 110 177 197 721 168 885 777 820 738 601 888 959 75 955 569 116 551 404 543 705 155 
13
802 543 101 712 750 98 43 3 530 310 727 923 251 58 208 60 93 991 595 507 980 840 626 12 231 125 937 14 880 613 450 808 382 267 833 840 447 323 453 965 560 644 503 776 429 464 796 476 320 487 568 415 
15
644 254 332 381 695 112 575 889 952 167 335 729 445 562 994 342 634 243 587 319 491 585 164 318 396 366 645 938 890 264 242 590 293 464 862 149 58 368 634 708 756 856 366 513 303 777 264 38 344 337 609 542 278 590 35 369 930 435 124 916 
15
482 979 422 980 848 886 742 770 886 551 790 235 895 787 643 179 64 530 146 69 117 773 30 425 106 803 951 445 904 709 744 295 998 544 536 949 199 203 895 301 517 261 964 350 643 608 447 256 556 814 66 85 622 609 68 13 113 966 785 249 
6
767 618 268 456 867 234 795 774 256 565 324 728 319 98 34 547 469 266 624 362 863 970 51 783 
7
976 47 861 515 878 735 604 949 508 379 738 763 581 872 527 483 524 957 706 461 63 781 553 469 203 399 51 840 
14
26 140 586 496 533 662 881 769 40 686 313 987 431 356 425 881 609 757 433 149 216 506 580 449 116 176 756 738 905 624 52 936 417 847 844 925 976 937 122 604 260 411 226 91 512 856 369 314 651 57 901 370 478 819 202 790 
8
286 71 844 809 914 726 174 275 970 50 159 293 800 938 495 292 845 146 235 845 546 951 646 843 703 867 905 751 221 964 827 916 
17
221 817 551 380 641 948 632 803 893 283 222 353 21 991 380 480 101 714 723 238 224 584 99 533 552 562 972 843 19 436 367 643 992 531 668 445 891 626 682 791 598 688 331 340 316 223 842 843 257 503 144 587 824 513 806 648 721 513 934 897 391 101 400 980 777 656 231 366 
16
643 354 390 477 701 820 817 683 322 242 784 939 671 821 994 131 578 601 828 595 575 327 56 918 532 542 129 737 592 181 408 878 924 332 994 125 648 1 727 297 477 451 928 549 816 843 881 357 671 253 455 481 953 378 954 180 339 144 459 680 539 223 709 148 
1
179 752 989 982 
9
419 153 185 937 730 908 283 476 708 550 230 90 51 687 739 876 600 37 982 685 895 1 859 466 777 98 899 504 270 517 92 791 123 174 678 416 
20
351 656 339 277 840 926 539 248 647 563 328 760 617 676 739 785 61 12 238 484 866 600 418 16 663 327 968 310 816 215 690 548 480 222 504 75 338 781 451 907 768 966 430 127 342 438 2 772 235 459 208 343 845 465 885 536 112 167 962 341 1 569 952 90 595 262 660 769 342 976 325 205 81 684 14 255 38 311 737 673 
12
433 31 403 713 809 581 65 757 795 18 708 605 336 823 720 984 833 327 365 871 201 802 4 173 442 675 502 521 917 512 46 635 107 552 960 994 625 73 941 209 914 203 97 230 899 759 195 723 
1
342 608 244 991 
14
116 119 918 618 453 212 764 372 874 803 18 639 865 120 440 10 837 210 997 122 924 558 555 447 368 813 754 124 152 229 164 118 825 915 26 532 488 224 459 334 147 900 688 562 447 117 832 256 167 627 453 486 496 592 439 189 
18
153 627 597 114 723 301 886 580 59 636 234 732 743 797 348 555 88 45 419 753 644 32 637 33 915 220 725 508 442 309 923 948 774 904 724 688 147 482 237 259 630 962 589 466 797 542 168 15 23 59 645 482 376 683 726 824 83 144 425 703 472 931 701 544 504 630 372 983 851 148 542 244 
15
441 481 927 317 215 862 453 204 11 671 662 845 523 923 297 67 26 437 968 641 340 61 428 765 87 836 314 425 539 10 343 900 391 621 875 190 49 210 596 632 914 220 762 223 479 123 363 595 384 340 887 655 123 462 424 65 265 232 463 363 
17
808 611 773 788 251 39 587 859 236 905 723 912 320 520 656 105 640 609 624 471 538 313 735 204 370 312 146 547 413 564 798 612 536 618 836 988 253 905 765 953 562 791 316 973 901 306 14 657 199 721 75 700 784 529 498 501 27 547 762 171 152 720 14 630 222 339 577 741 
3
336 162 901 101 783 821 167 347 521 124 358 59 
20
197 425 693 283 548 241 838 717 577 382 934 818 143 489 743 366 421 681 670 602 211 968 102 36 322 662 518 41 57 200 399 365 613 337 96 968 276 864 953 42 829 970 932 542 951 138 540 212 111 631 184 249 207 978 782 696 154 591 495 763 513 168 36 178 659 558 140 811 446 875 536 930 312 95 596 747 658 518 805 641 
10
832 310 165 334 181 659 891 287 28 519 766 2 8 356 920 258 95 543 807 995 982 491 882 678 704 299 625 90 448 963 928 468 309 874 404 300 515 64 773 26 
22
3 165 154 576 296 327 192 188 674 557 258 765 591 887 348 976 352 800 49 33 305 506 459 925 582 24 632 734 429 956 61 924 758 878 351 118 992 751 719 301 145 949 178 598 664 214 779 840 302 909 798 601 728 138 915 373 500 33 876 313 506 951 762 989 259 58 266 248 305 243 556 259 826 666 275 456 658 979 771 721 913 705 506 615 901 825 22 736 
17
649 245 96 261 627 471 829 621 411 854 191 713 361 558 185 248 676 980 505 52 587 431 657 766 907 10 21 712 608 917 275 550 591 856 108 305 31 823 290 450 760 392 465 695 528 866 965 925 334 58 954 783 315 156 315 369 803 704 951 753 987 677 815 890 913 508 617 810 
15
901 252 196 385 858 983 227 773 636 927 949 679 419 161 982 994 79 515 995 265 145 164 80 22 588 169 52 77 221 218 332 916 761 466 50 269 155 362 769 327 426 536 623 889 880 469 599 917 191 261 648 953 951 713 148 855 813 712 77 531 
21
24 86 894 970 432 330 917 653 190 599 214 217 640 579 334 756 168 673 121 92 849 175 457 883 342 117 358 120 87 421 233 237 420 595 856 292 413 833 3 412 153 564 360 511 474 550 877 97 380 842 775 88 23 602 339 646 948 697 922 954 654 157 859 397 869 535 250 116 315 394 563 914 464 519 14 903 698 840 392 649 460 981 918 445 
7
406 283 549 82 209 485 542 246 34 456 320 488 887 346 55 897 768 471 867 233 385 87 667 430 29 392 993 855 
13
627 249 678 692 580 364 860 558 593 627 689 10 785 146 382 452 677 102 283 81 519 154 815 506 108 960 805 976 315 529 94 396 181 76 938 719 937 356 452 949 725 758 972 801 935 646 952 709 754 880 264 195 
23
581 495 784 278 953 981 198 147 809 427 26 99 783 445 982 974 793 559 662 420 14 553 467 896 707 250 654 906 614 68 182 284 611 432 908 689 752 150 329 875 118 500 117 678 567 422 182 908 306 274 221 755 977 43 350 781 127 978 197 566 543 663 808 615 966 704 526 35 236 59 422 259 492 212 248 487 158 475 892 956 19 369 723 410 750 91 733 715 943 692 166 747 
23
870 288 855 605 156 149 246 332 516 686 729 360 333 422 416 47 37 819 767 2 663 656 552 437 934 25 361 684 88 206 575 147 424 422 722 799 67 557 440 166 946 561 977 369 862 713 383 70 661 773 715 551 866 729 184 874 41 185 73 328 521 382 316 520 693 193 747 976 522 152 503 512 168 180 140 390 13 295 70 518 927 620 922 630 349 394 827 738 844 508 851 272 
11
973 417 63 448 396 26 624 770 595 825 711 810 735 399 483 182 908 540 983 217 700 52 391 866 291 275 171 986 407 646 298 581 305 76 345 487 761 478 759 769 749 66 204 239 
14
430 109 369 589 983 879 567 988 881 724 992 336 955 684 700 898 920 993 278 299 526 683 480 581 316 652 462 516 422 121 94 540 544 483 723 535 124 551 663 222 804 356 398 937 983 33 953 906 695 500 249 835 602 382 259 651 
3
831 848 704 537 467 990 246 3 306 496 965 604 
17
829 68 234 503 685 70 817 498 251 92 780 147 993 819 89 465 854 416 19 528 870 541 863 820 683 955 732 183 375 548 306 206 436 671 808 916 855 396 318 409 307 106 550 270 776 943 511 314 953 564 249 264 477 827 922 232 779 370 396 740 302 75 627 713 849 297 63 279 
1
969 123 948 813 
9
850 760 680 454 267 274 431 345 18 688 48 718 649 716 620 922 85 206 198 942 411 972 955 573 880 920 801 76 630 434 637 939 708 716 536 248 
16
405 755 588 926 82 291 878 176 861 580 817 997 812 784 754 713 359 88 39 950 450 383 259 423 806 803 918 499 675 348 343 654 664 409 302 642 226 214 278 350 712 510 230 586 313 911 87 323 51 187 436 825 327 914 399 725 164 242 142 885 799 569 110 365 
10
265 873 861 808 186 973 95 815 571 565 137 718 923 136 953 314 282 586 392 192 264 221 268 50 40 511 460 220 318 205 672 956 309 172 711 309 145 203 437 744 
6
369 702 763 572 63 848 277 514 298 611 662 931 693 954 801 457 817 455 660 844 522 293 376 552 
9
381 983 965 537 459 54 852 578 718 286 199 263 454 446 549 256 758 329 194 792 471 740 638 864 642 305 129 364 753 525 960 562 487 733 276 159 
10
381 41 519 741 417 77 828 449 799 731 225 400 142 264 216 649 942 40 31 759 86 242 126 266 614 243 829 669 152 856 749 488 417 982 207 193 867 832 481 876 
14
74 681 605 754 582 67 603 137 923 635 124 303 939 626 923 246 529 424 520 963 340 582 119 383 573 498 652 471 962 192 62 639 719 267 800 63 238 478 110 721 964 24 893 473 290 864 229 546 741 682 315 964 454 285 376 799 
26
81 22 551 958 491 461 549 137 124 474 215 235 99 46 612 748 538 133 59 418 216 973 688 149 601 491 507 829 748 518 317 713 847 505 724 523 89 426 559 484 924 715 389 135 717 522 648 727 640 243 72 884 154 329 312 607 228 538 114 555 986 357 189 889 726 670 601 354 191 543 742 955 364 440 546 442 541 100 366 783 494 799 161 187 386 686 658 63 956 155 574 533 196 842 307 904 133 786 517 26 612 133 606 475 
5
169 405 846 529 717 804 861 793 101 893 817 350 337 2 729 25 967 92 50 306 
14
532 561 727 237 838 746 845 978 647 82 676 198 728 247 556 69 120 60 961 490 414 998 562 311 805 875 90 39 742 530 697 305 213 139 385 721 595 131 681 511 845 269 956 708 1 189 51 257 494 538 748 675 683 779 143 280 
13
536 551 451 674 772 991 58 408 74 272 525 2 499 53 146 673 873 444 318 764 556 854 521 196 709 61 837 362 247 759 947 159 656 213 491 751 87 574 870 36 891 299 625 471 933 763 769 93 734 849 77 509 
27
12 90 663 295 913 786 607 962 614 194 365 614 780 131 572 184 795 524 428 912 341 520 648 865 846 40 552 808 27 346 552 171 364 567 879 308 742 142 351 356 887 478 844 619 615 499 577 396 263 676 502 81 175 612 278 822 205 514 583 732 7 956 455 282 568 682 441 323 792 955 742 432 134 679 338 273 109 728 428 326 330 789 21 673 445 627 7 440 391 675 716 607 178 633 999 690 895 412 965 550 19 253 868 272 524 104 173 467 
22
674 441 993 782 400 7 179 90 688 645 769 148 574 935 462 380 76 145 795 389 921 751 386 803 364 72 410 911 582 319 364 904 951 98 647 589 299 393 627 882 156 57 801 498 689 595 721 599 650 741 51 842 133 226 630 694 61 549 458 652 8 382 149 72 346 864 457 76 105 586 121 408 509 730 792 711 234 727 397 987 275 398 991 464 558 263 493 413 
20
202 226 298 839 743 853 145 503 257 265 276 948 616 27 476 941 360 133 6 532 347 15 636 201 468 883 851 66 790 190 90 329 763 655 859 685 186 108 403 196 892 969 433 971 438 299 947 468 580 626 531 978 715 495 227 357 728 661 388 373 24 191 257 341 25 866 911 935 620 512 612 403 217 772 10 914 917 351 754 466 
10
589 2 912 187 275 508 593 283 941 797 183 435 211 537 72 709 119 403 227 997 843 274 724 548 40 798 592 930 859 995 186 465 323 262 711 673 978 595 228 586 
26
527 2 515 990 358 128 395 564 494 870 699 639 407 764 206 606 183 504 31 426 943 122 988 807 632 50 856 516 649 436 619 418 737 454 534 288 797 610 440 679 807 49 959 464 398 499 973 611 774 422 214 624 912 348 473 475 737 928 435 693 791 587 993 219 60 915 742 568 177 652 534 716 464 43 3 322 206 533 224 21 593 338 544 828 790 198 292 848 347 93 274 708 816 937 884 847 188 949 678 25 968 29 537 59 
15
706 687 530 786 856 939 631 804 517 986 803 366 833 878 695 245 771 153 886 447 439 487 185 90 529 267 658 248 712 217 891 267 640 416 976 346 969 804 251 429 860 649 800 747 95 342 99 896 935 781 214 149 70 483 500 844 100 976 413 129 
20
359 742 631 404 281 39 835 697 653 288 253 462 582 395 231 877 517 205 569 681 405 685 609 854 299 646 346 979 392 651 197 871 886 299 383 660 215 980 793 185 69 199 520 92 997 126 170 763 558 341 541 321 171 926 748 469 865 798 279 118 630 972 793 919 180 800 903 137 93 367 62 402 472 242 824 186 363 296 416 555 
9
148 300 534 454 191 120 320 850 811 95 925 505 602 619 169 725 625 26 399 642 707 99 103 637 469 167 748 693 806 737 949 158 167 865 248 582 
12
660 942 244 23 543 955 992 370 493 132 452 952 349 114 776 460 540 679 552 613 533 324 697 259 533 229 990 16 323 797 330 587 805 736 779 954 573 282 64 905 190 24 626 966 591 856 606 711 
4
830 24 945 3 459 177 93 341 99 318 635 607 721 293 956 976 
20
570 52 636 662 143 658 720 650 495 762 344 51 358 866 375 992 825 302 959 7 367 15 9 770 942 43 533 567 334 866 559 886 174 609 737 134 711 365 665 528 895 49 942 661 66 150 237 785 667 381 462 689 103 667 229 999 777 548 565 924 791 834 64 78 571 667 986 573 72 421 585 385 603 111 512 715 655 97 813 243 
1
501 801 563 520 
5
507 239 192 473 135 970 713 686 636 989 889 405 216 874 936 389 401 108 995 933 
3
288 132 364 969 214 877 673 273 685 913 688 523 
25
356 441 758 461 804 6 124 278 718 878 153 901 711 506 731 821 944 756 143 672 377 108 986 243 649 809 13 415 990 645 835 754 100 67 631 732 296 467 547 588 441 688 960 334 443 800 579 997 823 188 57 549 561 55 156 476 388 447 854 810 49 683 671 263 757 266 445 919 38 667 940 59 130 19 52 605 876 315 300 829 437 492 165 974 150 542 799 352 198 863 617 390 780 239 939 428 104 390 467 333 
17
829 23 595 421 238 144 486 293 752 370 47 117 650 898 928 392 4 878 876 800 410 614 71 390 971 158 897 562 475 473 908 986 428 913 14 738 18 557 226 217 764 198 857 127 137 858 63 875 719 42 648 613 346 212 865 639 143 686 949 833 638 687 521 381 686 136 55 276 
1
580 991 492 879 
29
5 794 59 918 913 453 153 64 697 280 728 678 940 179 788 241 951 998 943 395 115 841 791 455 162 928 510 79 915 745 190 623 725 697 670 331 355 16 161 420 941 148 339 768 564 411 905 724 860 6 482 224 261 674 3 821 151 276 224 281 682 923 312 131 637 717 917 541 954 818 832 129 21 74 486 210 319 242 754 271 141 982 740 273 94 492 25 724 654 230 138 17 89 24 260 899 317 674 251 989 231 440 4 667 290 549 343 375 108 319 16 540 234 630 551 996 
12
2 823 921 591 430 844 772 177 722 176 269 78 89 921 637 409 350 934 27 571 998 410 406 566 489 660 388 502 421 204 183 686 176 118 406 477 961 199 814 550 756 265 416 556 981 109 683 365 
17
573 27 535 14 311 147 676 327 59 35 135 138 250 728 715 651 8 889 886 274 77 93 130 532 135 633 879 466 165 231 268 496 233 973 916 340 153 676 412 228 736 556 473 181 332 670 409 251 284 588 414 289 521 203 774 640 865 44 301 696 125 602 622 593 63 499 502 953 
29
58 471 940 94 733 538 551 272 899 778 133 661 51 134 958 242 555 809 376 197 522 182 332 411 405 250 645 30 255 733 574 355 190 373 441 479 580 796 164 375 409 721 879 556 995 239 315 168 695 678 822 577 188 695 471 23 31 122 158 54 224 94 994 749 105 536 659 911 475 345 476 277 84 73 966 345 465 471 805 751 675 254 169 746 818 567 435 908 288 591 32 35 79 962 265 486 265 918 942 658 741 527 862 156 661 735 566 593 638 199 292 295 141 988 357 368 
7
590 416 804 472 963 586 369 976 488 673 494 232 478 213 246 272 239 209 595 733 870 372 770 726 64 185 556 644 
29
451 743 802 238 56 972 706 416 113 804 580 376 61 355 376 650 581 365 186 322 189 196 301 808 284 436 7 396 263 213 127 482 417 597 919 341 977 76 105 499 539 183 498 127 352 132 723 470 352 675 978 57 800 379 603 603 693 16 968 472 754 32 938 66 650 132 714 234 425 250 623 669 202 428 260 344 982 228 445 12 922 881 163 64 862 112 910 381 478 13 288 529 164 249 834 201 125 831 27 131 365 401 106 850 27 958 483 429 105 268 216 852 55 780 37 477 
1
547 539 879 662 
11
154 466 167 649 711 368 879 312 534 73 686 726 873 260 550 548 719 20 151 691 795 12 385 380 676 218 989 720 937 941 71 947 696 438 317 545 529 187 543 966 55 185 267 748 
21
426 538 703 215 910 923 804 327 252 818 872 423 364 952 654 659 904 625 877 475 491 31 603 144 111 786 926 925 262 497 654 254 75 63 22 108 275 518 549 213 251 199 170 901 615 115 237 149 117 136 846 980 252 74 663 218 486 943 438 374 87 728 737 300 557 682 827 627 486 663 254 371 180 159 254 87 403 806 233 519 844 535 210 6 
12
164 238 541 455 964 64 740 650 332 896 385 464 688 105 773 739 622 510 184 58 575 611 107 679 412 13 709 757 945 455 384 932 487 593 731 562 505 888 234 215 422 485 304 558 824 780 650 305 
4
719 223 99 691 519 701 905 222 342 122 224 757 883 211 423 901 
17
119 785 174 46 168 401 849 341 968 793 575 561 521 813 59 558 835 585 934 886 869 668 949 485 552 893 853 662 309 649 174 498 622 319 25 475 147 415 277 836 187 778 491 920 604 872 460 57 880 360 990 870 64 853 184 619 844 348 252 762 635 30 561 529 761 868 220 622 
7
616 11 673 609 839 964 367 856 106 677 457 504 105 408 52 403 257 322 189 840 552 902 298 700 270 685 391 672 
31
795 55 405 8 220 58 520 718 991 701 148 679 726 40 799 256 970 737 650 932 263 238 783 348 985 227 508 512 978 176 850 91 391 846 450 153 569 769 451 387 950 345 122 371 415 395 685 908 663 87 835 40 134 326 649 507 377 220 126 813 726 378 789 322 62 996 751 792 877 358 894 526 961 959 814 469 268 656 547 103 675 165 232 563 510 264 713 46 924 848 942 753 758 850 495 6 860 895 536 198 202 741 711 308 485 518 178 621 184 411 969 277 444 229 911 519 393 576 143 402 50 342 967 951 
20
757 616 888 641 395 748 546 701 996 932 49 884 257 285 201 206 295 314 146 875 824 622 479 1 28 536 894 647 133 76 782 32 523 996 606 358 452 32 106 347 306 182 54 192 853 673 866 932 851 282 984 290 830 530 470 775 771 252 42 532 871 610 913 911 666 210 219 602 779 233 406 518 602 369 611 749 506 68 584 885 
24
593 368 353 725 373 57 645 990 805 210 914 184 693 850 618 412 581 472 47 174 786 219 90 747 282 261 80 595 295 666 152 491 925 737 184 486 60 8 998 631 281 214 20 187 341 116 13 213 240 378 966 37 177 588 385 188 571 556 735 22 390 977 688 682 667 162 363 885 956 528 947 916 333 189 524 642 593 803 104 732 941 465 834 375 858 185 259 155 66 357 175 401 226 195 805 36 
34
400 89 593 297 408 590 338 834 72 216 151 252 578 324 386 811 964 450 716 246 847 561 527 415 802 588 778 308 749 188 696 868 644 723 232 384 644 48 876 987 920 808 839 184 490 477 903 759 135 344 35 666 321 161 854 141 286 46 667 459 921 254 178 381 921 698 112 946 190 890 420 241 325 797 289 959 248 113 751 926 976 756 300 108 295 291 408 405 327 388 727 460 717 89 662 815 927 728 197 734 100 21 481 916 651 783 326 437 977 619 439 584 530 603 447 432 209 300 195 480 423 381 616 328 829 467 3 655 332 613 897 670 631 308 514 456 
31
361 847 416 171 307 982 980 368 491 96 924 985 157 42 607 327 317 993 88 680 225 703 8 925 764 469 603 132 797 943 186 274 347 366 213 399 406 583 301 133 419 1 418 73 415 785 373 823 602 851 868 496 682 358 836 685 876 446 501 51 960 654 392 905 577 96 503 999 246 466 673 683 296 497 128 645 68 485 753 889 313 209 445 695 174 268 331 167 59 466 391 212 617 609 688 511 710 452 637 295 75 644 414 468 221 61 533 629 281 76 303 60 873 334 194 503 809 136 651 805 692 632 169 797 
28
572 717 998 873 896 337 427 922 67 231 825 480 511 946 289 690 220 371 468 188 760 946 986 622 935 916 502 754 100 54 608 53 726 177 146 796 948 161 657 78 625 264 846 856 317 117 456 297 741 544 179 597 850 214 753 821 521 900 360 900 814 650 672 441 23 423 422 889 124 459 994 846 105 1 990 163 327 102 482 459 842 660 133 522 175 519 673 201 388 34 111 299 188 990 105 66 372 932 166 103 369 830 661 603 995 668 456 102 17 533 492 294 
14
728 349 185 920 145 300 612 181 564 248 558 66 229 32 823 467 257 305 744 771 784 424 361 376 806 647 428 310 906 904 317 901 949 51 425 271 869 76 859 163 128 137 62 817 850 858 718 779 679 314 434 487 375 64 493 493 
7
244 301 902 332 810 443 392 812 415 998 694 578 524 917 879 760 250 692 355 681 959 252 316 128 893 279 191 883 
20
706 945 955 889 848 170 675 201 539 522 195 244 440 293 161 238 389 960 56 877 120 826 537 382 405 59 196 716 368 973 604 555 422 866 239 3 976 670 685 785 989 909 58 648 497 783 673 533 612 640 150 715 498 466 110 26 290 6 796 253 48 556 573 711 405 950 875 464 628 26 328 779 736 632 454 143 191 603 961 935 
12
837 672 189 326 940 671 631 747 334 746 580 676 389 203 251 725 633 198 197 962 225 606 738 299 791 670 553 352 639 687 94 927 629 208 560 253 237 735 758 959 425 54 203 709 840 817 192 864 
9
220 791 265 381 777 540 671 479 695 63 574 514 641 903 742 875 218 359 299 462 455 614 822 367 885 497 825 764 533 7 485 110 323 104 749 122 
1
768 233 930 431 
25
22 789 614 451 692 657 656 450 626 103 306 956 624 979 891 219 178 248 502 556 262 928 827 685 837 331 565 660 656 655 606 485 352 17 249 136 580 30 874 421 514 328 706 999 543 496 147 369 698 291 599 609 511 930 631 860 215 115 234 473 206 95 174 165 838 657 33 912 308 586 659 541 560 320 122 775 312 641 732 643 615 401 852 237 905 685 512 136 294 967 274 832 990 61 804 437 474 493 795 536 
3
581 305 9 979 598 186 792 243 634 364 613 555 
9
240 611 495 854 177 889 89 526 543 773 607 561 498 586 573 814 317 757 56 272 839 231 839 648 885 775 115 715 384 759 206 74 987 721 516 654 
20
157 706 262 41 410 235 936 538 560 256 502 287 804 917 943 861 262 373 900 833 651 203 956 320 808 598 632 321 950 883 693 164 385 345 448 915 508 750 354 852 315 526 852 574 696 247 139 631 470 309 113 540 649 370 273 7 915 508 646 882 15 232 951 521 963 745 191 69 98 673 962 409 55 543 394 869 213 895 30 458 
1
76 650 89 565 
28
930 42 31 344 705 83 907 836 660 888 388 103 656 131 329 209 538 211 66 115 881 442 811 6 11 125 301 570 23 691 847 650 512 703 534 903 869 830 178 408 272 838 256 408 859 474 570 135 667 212 540 697 719 396 295 779 638 525 550 967 148 6 472 666 719 728 317 101 149 338 899 523 349 37 432 255 172 239 853 125 730 311 504 9 800 502 570 519 811 946 682 212 586 395 371 86 188 75 269 64 870 710 526 469 721 873 330 126 155 394 442 246 
16
210 480 645 766 282 373 962 563 333 247 737 756 804 651 246 794 451 473 537 978 865 917 978 85 833 885 88 793 946 115 228 656 737 955 32 91 742 909 709 603 812 149 15 809 513 629 806 162 580 676 36 819 186 299 620 598 498 919 885 80 556 967 190 800 
34
838 997 316 384 315 625 94 998 978 323 817 184 915 378 250 278 922 173 292 988 117 619 978 453 113 25 93 157 365 790 825 29 99 908 487 973 302 376 811 12 627 54 131 574 520 229 776 979 50 489 708 93 541 347 846 887 319 179 835 868 605 192 602 414 588 999 326 966 846 923 8 889 15 847 205 815 795 979 99 115 723 911 122 892 578 824 41 749 480 509 716 2 407 90 573 674 359 732 985 325 780 435 703 39 696 806 650 332 836 665 817 421 343 122 539 628 370 894 998 750 171 662 812 562 536 195 814 949 827 144 382 329 686 775 576 336 
34
94 255 263 282 443 977 36 547 811 336 776 916 708 965 857 265 636 914 218 792 921 662 713 427 758 54 585 647 896 717 888 382 871 515 135 262 92 642 367 198 633 837 738 6 977 153 808 36 819 876 324 232 484 207 626 712 982 39 360 19 104 999 707 505 274 128 561 40 450 361 673 226 346 249 928 150 330 476 840 616 726 836 384 656 56 543 196 652 245 515 153 245 725 831 610 547 974 313 131 709 571 533 4 609 139 275 477 651 405 549 74 446 796 232 780 580 865 33 772 20 10 85 867 599 806 886 156 222 988 945 746 442 243 206 127 830 
34
255 868 881 738 144 825 530 385 267 385 778 199 385 342 799 136 502 398 281 209 125 55 341 185 666 872 485 434 590 784 820 607 413 965 448 234 726 112 626 139 914 87 276 728 700 463 636 637 804 841 817 27 2 454 626 231 165 510 987 570 700 539 638 324 299 998 408 476 368 258 594 770 561 29 819 324 309 859 818 321 4 763 132 711 820 534 693 711 988 466 387 227 779 148 867 757 416 580 928 686 928 487 971 978 319 911 548 637 897 296 268 813 126 767 776 784 426 402 323 100 301 630 850 765 822 933 395 415 641 556 480 647 985 622 288 177 
35
54 997 904 554 855 865 166 63 364 832 113 866 612 131 378 677 158 6 920 866 993 852 679 855 930 744 737 892 431 887 348 980 454 452 366 419 900 22 600 614 81 408 422 726 191 794 440 258 992 59 619 176 429 840 943 253 469 854 413 194 800 422 225 321 856 845 605 642 39 508 719 795 735 693 382 332 403 469 837 394 524 417 288 165 420 497 172 107 730 542 674 192 295 467 795 820 672 62 409 410 550 436 381 390 807 846 721 61 279 120 404 547 55 866 169 638 299 217 292 371 20 928 941 744 166 180 603 850 206 835 945 649 805 630 687 191 603 441 726 961 
2
987 253 322 687 657 921 815 126 
33
521 514 536 549 839 516 386 495 33 355 743 166 120 282 823 518 372 409 439 192 865 963 339 412 380 261 3 76 431 241 157 468 868 918 449 584 562 110 875 874 345 729 20 926 929 63 971 693 671 749 700 759 102 661 12 602 786 260 404 336 773 189 599 152 471 100 330 263 323 373 391 629 310 134 859 670 884 483 69 977 900 706 326 940 204 626 571 595 132 533 413 730 98 212 298 447 424 233 433 275 415 485 589 538 359 798 505 49 780 186 848 50 583 424 23 471 394 5 376 839 53 179 785 591 136 38 166 634 403 276 300 600 
12
607 812 404 988 183 493 693 324 218 197 663 142 740 277 250 420 349 369 478 320 634 965 586 836 689 783 73 602 526 567 572 184 483 65 633 955 785 350 560 537 686 905 546 992 209 81 623 322 
24
334 798 649 118 245 687 646 217 101 701 946 399 845 218 209 187 992 636 869 455 715 302 663 767 757 750 445 465 233 620 952 304 587 214 908 770 145 385 168 309 2 989 992 891 590 670 445 187 676 747 23 472 860 85 310 943 935 955 71 978 639 425 347 730 454 193 617 128 26 990 180 704 463 880 923 170 645 418 563 922 775 237 770 710 228 374 255 699 471 499 317 158 672 639 486 218 
5
669 474 981 41 537 354 883 888 740 474 805 915 233 908 163 262 102 363 781 156 
17
953 212 761 894 745 288 514 580 146 465 872 949 202 151 585 675 496 792 711 248 666 606 415 1 243 91 617 680 84 358 744 306 307 128 582 938 806 895 701 522 68 134 617 331 506 338 647 371 413 371 581 944 167 448 713 948 911 293 494 33 743 182 598 241 246 66 213 336 
25
958 108 34 117 231 620 718 670 957 830 71 586 585 489 444 406 740 395 648 87 483 508 319 744 453 762 878 687 434 926 670 710 439 720 196 958 929 131 406 975 773 81 490 182 207 318 641 321 879 1 873 887 246 332 762 824 47 265 248 855 755 888 724 938 665 547 806 585 812 908 838 862 501 589 237 918 723 362 985 379 308 625 315 410 99 803 548 615 578 694 100 665 937 117 41 728 539 380 915 810 
25
960 61 25 902 237 359 444 65 824 549 213 456 763 807 642 1 811 681 446 349 404 181 637 387 282 69 306 877 75 448 311 566 948 773 704 261 403 175 38 932 436 338 577 498 396 579 19 822 927 482 175 862 732 380 859 198 730 473 120 881 570 929 606 981 249 814 723 527 333 801 801 369 709 721 339 794 953 116 570 579 945 985 851 790 386 527 613 863 810 441 150 366 944 871 750 245 186 942 541 703 
1
45 444 425 146 
17
358 496 380 570 270 406 293 121 912 239 584 465 931 882 237 103 722 697 20 150 94 747 726 26 324 317 320 415 308 540 110 387 558 907 268 551 199 465 6 818 102 511 321 289 336 824 779 97 687 632 4 419 502 790 42 936 729 853 923 712 435 445 815 39 35 297 709 505 
35
338 422 258 556 986 152 795 79 241 121 186 855 874 240 78 132 522 271 785 391 547 7 954 262 59 68 663 646 248 984 864 588 350 642 858 144 257 802 754 30 868 167 305 395 251 304 396 967 876 287 436 164 692 54 610 288 531 815 626 370 259 264 981 633 409 855 194 567 203 717 675 194 680 510 496 612 901 284 990 310 949 643 639 200 911 594 124 622 24 126 870 319 426 9 431 478 293 542 81 473 41 697 160 782 414 118 526 101 8 728 442 172 995 530 668 135 860 287 854 125 798 741 320 756 632 449 347 705 581 517 484 58 587 984 555 59 909 678 689 783 
7
251 204 675 635 531 89 279 385 929 297 21 843 365 990 362 924 753 600 670 808 772 717 904 229 221 81 705 26 
28
76 414 323 278 524 269 871 96 910 390 114 989 275 274 629 353 286 421 469 396 99 206 926 796 959 270 644 430 327 59 199 926 175 724 129 932 576 503 392 34 484 312 278 360 327 76 780 466 763 125 93 118 31 744 264 54 418 308 33 989 988 369 297 820 618 778 209 142 690 645 300 155 113 354 892 778 23 657 65 650 884 751 54 46 736 596 856 393 354 825 739 110 927 42 863 379 241 311 303 163 988 495 222 509 851 777 767 591 532 322 10 267 
1
788 624 412 985 
17
200 747 650 566 771 773 965 108 172 438 234 988 563 873 25 816 704 107 367 116 118 421 563 17 206 230 208 227 379 619 71 149 1 132 656 542 601 539 120 206 158 665 316 881 675 443 777 1 817 518 93 652 12 558 73 18 841 327 625 569 106 349 355 97 333 401 990 54 
31
6 51 559 271 539 881 533 391 759 753 469 216 661 631 745 873 855 618 311 631 136 790 91 944 214 112 58 698 659 545 491 601 908 376 939 903 689 840 836 931 408 525 148 872 630 441 252 483 50 484 58 751 6 813 554 586 804 246 528 137 114 678 608 445 683 927 4 651 307 953 703 518 56 266 859 710 598 343 123 326 236 723 549 519 657 164 782 23 385 196 208 175 934 979 71 699 529 689 238 440 922 980 68 404 964 757 462 302 311 886 725 192 774 37 983 286 829 955 660 183 761 248 354 751 
18
710 206 291 611 380 419 425 703 864 880 182 296 139 346 848 667 560 610 949 460 851 885 491 838 518 295 768 47 635 77 508 871 827 569 959 342 137 916 957 223 104 327 553 420 126 815 622 451 663 77 877 450 961 834 750 967 998 670 935 726 549 284 874 615 364 145 793 263 556 313 408 755 
13
48 10 572 790 176 510 326 810 74 472 766 221 573 622 677 335 862 717 528 441 767 66 113 2 41 750 365 448 932 771 559 296 992 857 148 803 289 406 664 43 229 531 360 421 297 564 862 450 433 107 280 801 
23
829 999 337 709 630 860 787 594 631 50 609 611 422 461 163 962 289 725 447 812 634 171 588 274 882 820 434 461 139 407 126 278 278 820 193 961 993 570 744 461 49 457 271 252 993 272 463 196 95 260 621 753 633 268 786 655 769 501 144 294 38 404 647 124 706 306 955 840 424 411 284 284 47 301 888 398 855 660 76 682 422 904 226 868 929 162 305 894 942 731 339 896 
37
899 121 198 561 568 127 363 820 206 707 112 389 77 91 427 705 635 379 432 328 39 214 292 686 368 175 160 524 544 395 850 504 353 994 867 744 766 974 950 878 757 680 980 63 472 133 9 746 573 568 601 239 411 711 979 535 824 523 369 965 284 79 979 208 257 133 678 311 258 507 62 612 317 503 795 134 108 407 536 669 794 698 696 870 881 295 406 447 856 876 457 654 801 842 452 107 979 230 736 759 779 970 428 548 784 819 490 285 834 185 146 172 867 330 867 948 17 68 229 176 546 640 871 493 960 788 907 67 952 239 944 82 65 194 310 88 467 509 840 546 519 487 150 977 705 170 99 309 
30
167 831 171 437 871 738 883 469 325 358 498 797 619 758 24 289 108 783 183 954 119 230 573 396 92 794 96 676 466 26 830 439 156 197 377 437 612 256 745 632 18 701 885 138 265 682 858 571 922 785 824 917 437 402 736 405 2 21 814 220 152 287 400 864 650 221 738 88 371 445 612 463 972 649 750 308 779 83 903 223 465 6 245 840 755 952 731 680 777 368 824 876 202 182 767 801 693 900 670 454 702 368 175 455 390 891 699 254 11 591 767 815 355 714 457 353 103 473 887 227 
38
121 448 412 218 826 319 512 288 282 635 277 775 732 982 160 723 459 366 390 469 380 292 261 287 908 684 986 286 238 647 972 812 626 629 90 302 94 146 338 161 355 511 529 499 218 659 546 520 629 255 679 777 484 550 857 396 810 511 945 891 157 757 242 991 726 895 617 740 438 94 315 771 479 973 115 935 916 765 622 578 878 572 232 820 690 85 405 980 218 839 977 191 556 942 133 672 596 908 655 170 262 310 462 193 909 109 353 495 916 508 547 989 91 124 296 959 387 673 859 148 321 683 9 742 513 568 256 553 892 402 589 225 535 254 432 134 202 673 329 211 949 743 441 392 751 438 244 263 851 629 871 832 
22
144 203 807 749 174 429 920 604 313 686 945 63 406 635 293 637 889 723 449 39 345 168 964 325 499 266 772 672 534 830 250 521 668 83 394 754 560 512 830 17 785 732 46 430 536 591 10 174 828 869 148 587 391 432 687 138 156 568 817 562 297 139 394 270 506 169 421 716 983 967 692 945 126 177 939 189 941 131 272 807 83 392 286 744 349 310 283 582 
9
310 124 578 230 832 404 697 685 762 990 452 693 187 967 846 353 657 879 714 310 767 586 323 746 748 926 902 631 893 995 111 485 540 484 366 668 
25
77 996 65 935 630 2 607 941 114 250 942 671 608 859 170 790 957 480 570 577 777 979 661 240 644 435 19 442 2 331 218 104 307 742 754 311 265 179 521 531 574 943 62 395 253 202 564 41 551 366 728 643 531 214 240 713 675 926 782 971 81 445 652 938 75 403 472 791 154 163 738 680 717 796 367 496 152 622 752 41 274 305 160 474 914 81 426 577 671 621 409 918 159 614 970 255 598 972 406 541 
6
860 329 764 627 930 658 697 997 154 269 938 910 272 641 194 351 708 925 70 986 717 394 926 250 
8
274 400 334 680 90 212 347 635 349 484 278 396 234 754 980 367 928 518 664 618 633 935 202 392 606 404 155 585 107 393 466 343 
39
43 439 935 581 285 570 145 998 659 362 800 363 64 67 895 566 913 382 40 530 506 997 494 51 184 595 616 213 645 889 535 502 927 473 538 939 278 584 805 36 603 950 581 62 250 164 679 687 132 240 970 317 764 624 149 63 687 197 552 865 899 441 944 80 842 623 962 807 658 899 418 585 408 438 717 221 690 110 34 67 171 163 528 546 777 596 778 387 969 498 14 700 101 559 968 303 520 849 13 425 465 672 353 670 542 298 615 474 668 197 13 389 59 318 38 969 22 248 802 917 688 286 664 434 531 71 462 281 520 292 435 552 866 744 460 204 136 326 578 916 548 24 748 239 649 277 96 485 134 61 333 282 92 1 528 164 
5
286 585 864 667 596 791 365 24 205 809 357 990 383 215 930 80 437 646 424 856 
4
417 794 240 399 187 39 230 34 628 964 77 46 726 508 266 332 
11
957 804 415 147 915 465 835 17 87 238 36 648 32 919 743 75 203 708 758 290 251 772 482 960 778 12 981 663 230 503 949 281 715 267 815 792 366 875 232 63 843 80 355 93 
33
725 117 15 18 802 736 805 871 396 586 674 688 538 207 684 950 391 163 240 838 646 873 169 155 223 413 995 516 446 471 976 818 431 565 497 448 864 686 268 752 190 211 998 941 958 92 753 480 954 496 672 886 273 815 946 620 595 579 248 130 546 159 141 288 379 495 672 507 653 340 541 907 163 650 514 135 1 335 64 317 707 185 217 813 488 923 153 29 163 31 397 617 980 8 16 435 171 673 193 838 594 597 623 973 222 982 761 676 306 419 800 618 610 808 994 37 843 513 7 763 642 43 351 815 100 584 116 303 289 510 471 699 
38
171 18 753 562 534 14 848 352 121 325 359 430 191 28 21 552 420 11 34 742 172 30 564 522 650 763 730 87 728 533 43 440 425 230 650 341 780 179 627 39 628 518 29 328 199 473 994 79 156 373 224 855 285 847 14 782 534 396 397 777 552 67 68 769 119 36 665 891 813 342 834 448 363 616 823 851 981 328 89 116 595 929 172 634 353 110 595 950 898 130 579 118 399 790 266 239 649 871 774 812 309 175 662 488 788 387 457 965 492 960 927 897 440 665 257 174 532 397 612 693 472 601 155 217 319 970 990 713 810 639 968 875 408 864 918 135 395 554 928 447 778 608 865 684 319 327 822 470 75 660 567 218 
9
94 865 812 552 385 751 629 104 673 375 745 506 212 84 246 385 89 800 20 217 513 560 442 755 276 885 612 155 616 502 467 516 438 447 289 651 
24
65 64 582 817 683 956 867 741 174 790 76 184 47 30 528 739 735 346 127 29 11 283 283 689 482 2 718 660 488 778 41 565 470 532 347 505 894 177 795 111 647 913 933 120 954 631 736 229 446 584 354 913 623 653 780 551 223 639 516 176 438 73 755 568 377 415 477 462 160 353 415 452 48 8 441 615 342 783 407 913 768 313 985 736 319 101 69 385 665 236 564 867 799 355 990 37 
30
2 242 235 551 32 83 443 733 183 959 790 690 133 370 823 733 518 463 386 628 455 843 973 523 390 197 156 717 628 36 217 842 442 507 698 654 409 649 472 699 448 709 16 550 322 750 385 1 127 193 384 398 527 737 972 545 600 1 203 433 271 658 666 389 543 106 563 62 502 524 135 682 777 231 529 496 830 643 458 366 939 765 78 167 942 452 448 3 816 193 929 798 878 644 957 368 806 940 341 529 42 89 311 352 772 202 991 435 155 646 198 509 963 691 280 50 265 555 403 797 
39
649 215 227 954 694 589 470 94 574 779 707 957 907 21 618 642 24 939 156 398 838 897 976 353 818 765 496 78 19 303 476 219 374 273 97 35 531 581 664 678 74 480 957 563 202 519 691 203 916 461 130 126 152 150 926 802 991 341 620 780 756 824 794 123 825 383 542 357 650 736 820 733 544 140 429 765 41 538 833 69 534 475 381 690 989 769 400 954 722 707 724 291 423 733 943 362 878 72 797 797 402 678 972 67 573 133 377 701 788 786 785 846 112 62 132 342 163 690 101 628 455 961 369 256 233 989 887 531 360 683 730 263 484 141 457 17 643 545 638 365 966 981 389 669 624 869 25 835 88 816 950 123 51 325 772 28 
15
175 428 360 952 915 641 280 234 375 47 471 478 39 551 591 149 427 757 290 41 816 719 248 919 989 392 445 520 121 494 415 107 108 488 284 276 81 27 709 561 154 217 854 736 436 529 189 582 794 445 189 912 786 34 233 617 1 372 983 383 
36
27 199 951 543 519 378 375 164 679 616 812 916 52 48 379 235 54 332 68 534 397 94 848 471 496 550 605 746 281 217 255 460 170 248 840 113 583 596 741 355 975 283 452 6 629 838 75 140 631 942 398 959 933 976 405 509 843 673 205 526 637 153 403 775 865 245 587 764 305 147 63 267 315 102 804 714 839 118 31 260 153 948 823 996 375 127 457 382 587 379 277 291 885 170 557 412 707 292 426 43 132 181 866 258 466 725 983 594 85 293 19 491 50 367 665 454 823 982 544 706 350 592 296 200 292 139 367 337 279 938 693 480 342 962 27 60 206 646 762 566 638 624 128 128 
8
911 870 255 802 517 209 635 603 545 761 893 584 164 991 312 345 948 26 592 275 793 630 435 835 143 872 949 46 432 964 781 53 
35
563 991 852 745 873 218 381 778 721 907 745 207 525 967 249 756 124 302 272 923 779 367 852 416 196 540 13 720 627 227 16 614 392 318 860 391 674 217 883 893 36 376 405 725 374 895 694 216 292 238 171 186 952 305 822 595 977 614 929 10 33 240 20 573 470 874 261 837 295 749 349 929 832 535 473 243 137 734 976 423 189 939 355 365 879 549 181 914 387 424 304 190 331 413 521 29 967 405 446 867 329 246 240 312 667 376 226 878 449 995 125 218 521 369 532 183 962 900 704 736 340 554 752 669 987 608 271 689 429 885 174 381 1 988 716 225 332 761 719 388 
3
63 897 786 359 650 554 155 167 89 359 628 943 
7
585 134 20 564 936 938 5 118 483 47 419 975 606 622 623 541 131 392 430 811 612 37 639 472 217 493 501 444 
36
60 734 20 483 236 988 668 174 819 594 866 239 899 137 176 78 333 421 946 519 119 597 232 142 896 75 779 429 759 607 71 246 323 682 620 123 450 850 550 586 678 796 487 477 28 10 17 182 74 806 96 339 216 200 197 350 15 878 778 465 467 347 116 108 215 870 406 715 557 656 395 633 58 612 761 962 357 746 403 668 448 798 510 743 824 972 128 238 814 260 109 153 10 367 884 837 551 972 354 181 540 61 943 213 667 191 843 630 475 363 182 576 656 985 266 816 123 950 740 775 873 926 285 74 880 7 471 433 154 919 466 564 857 546 453 614 674 919 322 629 724 622 292 758 
6
44 387 180 995 29 336 508 780 795 501 588 543 598 796 59 742 168 857 205 903 569 419 563 260 
26
964 800 869 186 816 221 755 928 318 621 611 377 913 231 582 757 786 712 149 560 565 843 867 350 13 877 72 23 14 398 258 434 727 70 407 729 336 875 240 60 743 3 995 57 328 69 653 905 652 906 280 984 893 615 196 89 182 440 603 94 197 150 412 785 670 375 715 568 544 90 781 962 925 174 729 95 367 380 384 757 425 594 471 618 326 54 74 823 604 316 559 140 94 532 702 295 846 68 642 52 986 813 135 600 
29
350 884 802 292 748 358 617 715 161 272 693 552 4 385 842 932 965 741 62 28 895 446 574 141 2 578 430 215 880 146 220 610 852 971 867 898 767 919 980 9 651 118 900 246 576 238 745 401 53 772 930 790 111 739 929 846 112 144 766 419 515 300 767 322 855 103 982 912 163 215 506 800 579 928 861 585 176 766 649 142 970 237 361 692 409 65 508 507 708 722 470 460 319 551 269 530 380 44 916 543 791 350 224 982 63 502 801 288 574 229 958 252 80 87 900 302 
38
524 256 239 629 784 862 242 650 199 51 691 567 149 304 883 523 801 896 225 845 429 963 53 505 481 810 879 188 521 436 151 336 701 115 481 187 333 529 542 149 760 912 840 598 587 4 796 784 953 710 340 870 728 565 207 367 989 443 375 334 553 558 211 230 61 384 183 562 267 567 398 282 263 249 451 728 60 56 241 930 345 8 393 974 727 301 78 446 995 149 10 497 417 610 335 709 47 111 431 278 430 913 553 480 520 940 960 105 860 101 343 801 81 772 725 694 145 481 88 60 143 809 438 843 179 24 161 24 497 945 1 287 927 870 811 36 968 187 711 969 574 11 611 437 737 333 360 666 153 65 228 309 
10
905 658 67 678 169 42 61 348 77 395 605 114 261 298 529 586 224 855 570 966 406 512 475 805 749 349 633 552 241 859 970 495 556 185 63 14 797 965 667 603 
19
733 23 626 590 360 893 155 869 321 934 450 607 218 536 984 948 782 325 144 386 633 55 53 816 301 312 409 452 355 229 747 704 892 974 962 376 771 473 895 879 9 122 253 999 933 955 383 27 601 210 508 187 183 404 902 366 927 589 130 770 650 305 421 72 430 774 40 1 815 920 993 213 938 370 99 745 
26
851 89 793 83 325 533 337 369 959 228 719 268 213 364 919 147 185 78 614 82 292 830 604 503 741 782 346 135 66 200 330 938 44 512 478 790 364 809 54 748 435 417 873 447 937 266 812 273 225 842 613 482 134 439 79 805 991 95 42 811 199 183 949 948 56 486 496 952 188 209 787 471 685 119 314 521 245 797 32 229 485 476 308 688 335 528 195 769 864 26 303 980 350 83 348 167 983 103 915 93 709 160 49 160 
