245
1
115 633 189 816 
1
57 277 137 11 
1
179 361 462 912 
1
91 466 989 930 
1
875 282 467 802 
1
283 502 449 934 
1
479 74 233 464 
1
731 831 142 55 
1
873 789 15 890 
1
812 647 474 569 
1
872 111 105 597 
1
73 776 158 977 
1
258 434 299 125 
3
694 153 885 536 539 986 992 497 453 866 424 622 
1
540 72 238 711 
1
811 522 98 757 
3
254 100 617 622 425 87 109 574 243 541 658 533 
3
857 584 365 170 787 993 465 542 842 286 126 729 
3
184 231 613 655 837 951 466 951 974 233 954 611 
2
823 621 89 159 436 790 581 254 
1
228 285 727 607 
3
741 297 883 286 913 531 381 374 908 16 951 706 
1
343 798 453 875 
5
989 427 663 13 313 485 835 681 72 490 949 589 482 622 835 575 992 754 68 677 
5
817 184 479 447 795 143 291 763 8 609 682 626 127 220 564 599 92 942 930 469 
2
684 863 751 352 96 393 461 598 
5
116 715 775 883 291 919 872 835 991 693 703 47 649 180 578 604 552 528 458 501 
4
118 202 65 680 953 324 311 343 701 466 613 820 465 500 351 56 
2
566 572 226 665 547 41 678 586 
5
996 982 816 162 666 574 873 798 336 164 746 612 808 835 308 281 834 546 492 678 
4
516 941 496 678 380 359 516 719 565 751 466 502 760 355 128 158 
2
73 137 625 261 619 476 834 985 
3
29 257 8 803 347 706 562 244 135 898 214 883 
4
598 559 218 124 536 493 552 381 847 382 920 183 276 90 350 726 
2
899 474 937 733 128 942 236 519 
8
765 581 116 470 909 29 789 835 848 918 324 820 929 19 680 170 348 461 93 556 699 858 358 462 726 103 209 283 193 981 630 162 
5
334 338 917 6 585 888 390 662 477 351 728 877 375 933 972 497 585 100 781 553 
4
718 641 239 90 918 564 989 592 749 541 399 316 380 343 822 937 
8
156 453 106 94 518 959 360 131 673 271 930 608 390 797 672 950 332 706 654 491 255 435 537 931 517 429 679 300 836 264 293 637 
4
441 946 928 411 896 107 806 390 389 582 983 38 914 608 318 764 
6
112 765 829 717 740 645 55 143 347 469 375 575 242 239 697 824 88 410 61 994 59 308 325 711 
8
960 801 966 592 377 166 207 576 632 997 531 485 347 147 368 851 601 535 686 648 837 805 463 758 671 765 143 403 289 141 190 270 
6
506 153 67 245 610 410 83 188 247 202 202 868 2 40 201 476 972 250 997 629 988 558 572 287 
4
744 996 149 591 1 309 899 999 230 670 474 928 822 459 962 509 
7
73 582 861 874 836 506 336 394 788 209 437 135 44 306 519 151 537 811 894 976 71 77 112 26 165 972 443 370 
10
855 379 217 93 801 810 920 183 220 948 90 146 316 826 616 815 497 535 851 516 379 347 928 666 644 663 538 336 661 562 637 729 870 35 661 716 374 855 74 416 
3
674 718 248 623 468 737 598 495 188 926 738 180 
7
555 89 382 777 801 139 387 969 410 56 410 820 955 610 682 139 502 650 600 409 520 84 27 417 206 607 564 188 
10
718 40 156 660 946 604 955 284 920 551 210 243 196 244 753 614 693 895 934 963 187 544 747 430 704 586 915 296 710 864 792 797 626 538 500 594 430 13 835 815 
11
574 166 352 367 822 12 266 108 332 276 660 799 808 898 81 827 968 709 182 796 86 323 335 170 797 278 609 921 481 39 70 511 769 434 456 711 589 799 401 852 505 919 459 85 
7
872 583 47 255 320 512 306 327 587 765 539 932 83 773 168 488 781 154 574 684 917 242 275 314 218 596 273 794 
1
147 879 999 890 
6
517 593 17 83 145 770 641 147 140 66 365 839 124 832 716 405 593 389 561 127 328 83 395 710 
4
17 800 416 688 759 648 289 665 76 33 461 604 112 289 912 747 
11
695 339 654 65 140 445 470 449 11 472 496 241 589 340 148 807 236 852 829 335 10 722 578 72 782 481 306 269 6 667 290 876 623 459 203 151 827 270 854 141 18 655 971 841 
4
659 513 709 850 393 859 824 256 738 928 815 680 454 997 988 636 
5
683 23 540 408 461 103 14 501 955 340 261 900 234 458 698 277 689 365 172 713 
12
297 430 496 54 694 548 928 652 770 999 552 463 118 251 876 3 690 290 298 556 360 869 811 656 575 693 825 150 991 53 491 956 387 171 256 473 299 913 387 321 592 123 173 528 61 894 783 607 
4
574 359 468 759 277 687 891 550 695 796 631 919 704 397 288 661 
5
679 971 85 168 860 867 52 553 195 920 424 929 971 946 511 385 589 874 424 727 
1
332 909 332 944 
8
303 177 993 224 838 61 636 137 562 190 154 102 880 496 222 572 348 285 790 22 784 549 679 86 438 688 278 838 917 446 754 751 
2
582 260 21 473 816 137 632 571 
2
59 645 453 154 780 487 467 323 
9
879 624 809 339 379 159 434 341 210 24 209 191 935 608 193 882 930 822 207 710 274 26 81 196 567 25 181 927 360 243 8 611 159 796 537 880 
12
278 338 717 506 87 462 967 844 729 827 116 135 914 685 40 794 851 369 93 156 337 711 462 116 140 442 295 479 445 678 578 433 417 34 745 342 2 675 589 754 222 679 930 380 844 805 790 177 
9
329 949 961 732 691 532 383 561 219 898 66 972 277 42 693 624 323 70 432 69 727 230 824 286 299 780 687 615 332 72 25 574 312 405 123 226 
4
208 757 4 717 843 748 337 634 481 673 513 858 789 109 404 82 
11
788 256 532 725 422 12 387 534 534 692 443 122 194 191 285 364 733 693 511 377 688 327 143 228 689 657 427 468 245 266 673 18 786 102 277 392 533 737 857 972 66 146 230 316 
14
666 907 321 878 19 556 638 80 173 513 109 795 133 474 907 575 725 237 63 31 185 958 494 194 563 844 259 765 514 622 34 830 686 450 954 70 643 138 86 221 122 954 749 983 362 147 370 272 887 470 777 360 424 582 40 803 
10
376 94 428 172 526 930 31 147 563 829 567 244 142 118 15 919 919 744 759 9 947 556 404 529 189 422 129 416 374 308 310 568 895 472 916 111 972 384 922 923 
15
97 655 623 151 580 893 838 644 656 887 622 512 430 545 583 856 808 201 983 258 155 434 587 751 731 101 362 25 626 868 314 466 552 251 426 760 258 613 155 230 63 934 242 701 604 194 434 579 718 495 537 82 118 125 945 197 584 703 908 603 
1
258 277 508 362 
9
981 289 253 991 804 998 181 578 940 949 785 363 176 979 52 146 750 195 486 361 67 523 799 258 763 229 982 969 946 792 48 422 471 534 283 714 
1
344 171 632 861 
12
639 130 808 361 182 398 219 994 663 509 723 971 110 7 29 251 876 51 698 991 867 259 758 381 1 118 582 359 132 287 738 327 170 394 329 690 588 374 720 71 950 569 167 970 64 746 153 829 
16
306 696 272 276 941 548 660 252 81 75 516 689 755 10 339 288 499 945 58 427 742 597 127 456 420 386 849 302 663 429 740 713 857 549 737 238 851 331 412 761 567 796 920 134 243 235 672 151 533 380 723 1 844 10 497 348 894 160 884 584 199 266 715 634 
10
176 669 570 349 747 76 329 191 869 144 972 838 574 934 904 903 727 948 810 198 214 924 489 473 824 902 68 47 773 553 6 155 767 112 814 318 401 595 359 851 
3
595 963 413 234 624 178 997 256 447 269 842 620 
3
364 353 469 892 254 711 253 802 937 609 537 882 
3
875 164 648 315 542 237 85 707 153 122 8 890 
15
160 92 161 655 173 781 47 461 946 225 646 973 310 521 428 478 816 177 6 232 779 768 880 616 314 926 550 582 300 672 139 496 795 411 724 259 367 842 966 906 713 434 782 655 560 713 769 780 424 827 290 281 309 956 795 153 233 668 193 131 
6
397 442 942 478 986 220 710 307 604 400 63 222 456 177 725 267 532 500 465 852 416 797 309 736 
15
575 731 441 759 364 418 91 181 941 460 34 812 737 769 625 964 62 674 387 933 280 886 185 631 257 769 691 942 476 504 259 832 993 961 234 668 924 809 923 365 780 182 453 871 415 294 532 276 575 915 542 176 95 249 86 597 716 871 563 315 
17
604 104 780 721 989 433 551 622 976 247 837 927 754 979 934 745 882 306 951 325 244 12 83 662 562 531 170 104 919 166 332 63 657 83 334 56 703 964 464 157 121 854 672 355 947 516 353 947 97 384 386 56 242 562 343 425 622 602 652 631 954 793 82 810 837 99 417 38 
10
124 310 264 592 325 774 535 690 962 94 812 874 195 102 157 151 318 307 67 614 891 598 149 933 364 215 139 357 550 796 639 368 341 520 166 311 76 753 555 672 
15
152 55 725 632 849 662 317 927 885 280 705 102 974 397 807 955 289 759 861 399 245 65 688 605 634 139 681 901 521 777 799 614 321 454 640 745 620 761 709 924 130 552 907 742 560 372 549 638 256 726 659 687 127 470 28 345 946 313 568 334 
17
713 309 445 444 825 761 304 207 708 373 740 82 86 700 833 66 140 25 769 51 148 994 582 29 269 854 582 259 557 767 975 125 158 718 985 882 40 124 928 914 501 178 212 410 648 161 853 368 734 914 123 443 324 344 415 550 204 216 235 593 218 364 899 480 438 178 232 915 
14
428 211 877 682 119 376 619 593 656 648 803 132 177 452 657 571 510 173 468 626 464 170 658 155 114 741 261 958 327 600 156 876 629 955 853 889 947 626 912 789 616 916 279 494 503 421 649 497 128 611 116 94 960 138 624 420 
19
46 63 245 166 563 474 233 231 388 74 193 331 125 192 686 376 803 209 765 45 203 940 138 953 671 303 388 289 89 687 315 377 346 376 887 106 146 832 955 498 603 495 159 340 827 589 293 18 218 121 510 212 504 679 998 461 79 928 442 587 472 52 583 830 909 912 99 234 469 562 875 160 383 134 685 897 
6
456 339 808 219 86 321 196 550 95 216 863 415 61 320 965 252 630 952 18 58 409 215 36 685 
1
696 571 4 219 
18
765 104 138 827 373 897 929 508 94 173 594 553 382 666 378 879 362 961 322 244 301 122 844 654 964 870 916 234 526 717 818 436 333 474 192 811 704 989 722 551 171 927 969 780 332 927 570 752 633 512 450 856 429 554 42 513 94 173 70 328 71 198 811 227 316 865 233 255 256 864 468 765 
18
592 879 167 605 112 391 605 232 17 205 502 913 619 920 198 772 255 484 312 794 806 146 972 548 899 900 207 969 483 751 280 506 134 808 715 722 583 151 49 214 889 284 127 382 238 965 948 891 309 810 839 802 445 238 653 610 634 479 694 334 647 617 807 794 539 282 366 19 543 156 688 81 
9
491 90 327 702 107 12 198 194 351 651 19 845 338 948 706 233 288 480 582 4 405 272 424 712 231 794 187 574 932 837 399 448 83 132 987 747 
15
607 65 251 194 261 341 825 85 35 43 219 678 885 975 259 296 908 404 513 452 837 638 727 878 682 16 89 464 133 512 960 568 314 180 968 600 612 132 623 170 330 984 904 840 681 230 31 565 107 731 595 873 763 983 801 6 630 992 174 215 
8
602 315 710 249 577 457 822 637 193 390 747 907 918 828 469 295 831 420 56 139 914 348 386 153 385 271 196 823 974 258 48 163 
7
753 462 576 60 449 299 32 67 498 307 286 914 394 41 528 481 425 206 490 565 901 484 14 292 183 990 642 318 
15
655 815 12 837 328 942 93 329 803 960 336 9 469 686 823 75 430 883 871 653 156 50 536 691 667 615 444 150 937 913 7 469 716 433 372 932 947 630 202 672 589 406 218 347 947 423 781 590 622 194 155 325 47 732 19 232 435 825 720 583 
8
664 589 291 986 788 507 117 195 824 165 190 569 943 417 293 591 109 808 775 999 680 881 509 326 996 336 538 879 666 641 306 391 
5
89 621 984 854 718 630 406 435 318 51 150 13 192 376 963 186 959 183 67 28 
5
601 212 439 888 270 762 780 263 789 609 379 849 776 550 509 413 745 396 877 405 
19
842 947 925 971 185 474 847 656 429 626 21 887 361 158 910 845 236 992 728 794 702 639 298 604 124 929 179 399 417 489 496 216 942 87 168 943 18 39 104 622 352 286 962 98 526 336 450 460 441 905 939 710 400 657 327 849 924 596 447 751 697 376 706 629 58 285 537 672 881 981 433 81 877 687 440 598 
1
244 14 96 259 
20
402 18 229 319 560 541 342 550 663 991 399 343 787 454 185 873 899 341 53 219 89 47 452 690 914 106 839 777 994 596 505 238 344 310 583 733 755 57 794 587 872 151 273 657 883 3 183 47 797 321 390 753 649 375 229 938 470 739 406 42 75 536 577 531 679 473 350 686 888 419 25 351 786 283 83 113 46 831 569 80 
13
173 325 46 172 269 362 350 408 469 852 716 214 928 858 585 421 680 301 760 552 256 745 59 674 722 973 78 660 922 773 219 716 319 334 409 322 734 979 109 904 501 710 586 599 662 847 34 61 236 833 80 444 
9
363 367 266 918 631 383 388 867 156 951 975 631 739 46 904 541 478 477 587 504 866 752 480 156 346 397 674 479 508 983 305 803 577 491 498 242 
12
475 961 32 920 28 796 164 365 361 268 522 602 796 200 157 917 45 144 399 995 378 79 478 364 8 951 367 653 568 446 571 672 459 413 802 633 39 755 472 470 557 163 964 52 952 522 897 507 
1
872 625 67 882 
8
662 86 929 101 143 69 557 450 633 496 9 144 227 50 127 843 122 18 647 732 317 968 264 751 811 203 585 196 213 779 171 165 
8
989 299 920 93 57 582 334 763 32 685 794 723 416 6 526 184 558 370 387 591 512 876 83 915 807 729 419 370 563 592 854 765 
6
363 558 440 825 476 726 390 398 509 391 72 490 252 711 532 255 216 221 200 549 168 134 24 161 
12
133 365 953 320 17 139 875 773 197 523 382 243 732 620 599 609 739 421 135 762 519 198 837 716 960 667 732 577 916 825 348 649 373 958 317 745 138 430 753 474 472 249 32 761 772 974 156 418 
18
597 827 636 43 35 18 774 563 847 846 916 892 415 435 732 189 28 20 373 930 520 840 470 163 228 561 494 728 108 87 714 669 467 175 395 392 521 41 478 467 126 688 49 396 274 14 732 820 292 74 642 207 614 43 510 540 306 888 489 548 333 749 825 511 448 355 998 470 79 175 941 359 
22
208 446 611 275 141 950 813 449 856 87 448 43 139 951 73 727 890 922 557 599 963 414 179 591 217 909 354 739 320 462 743 890 125 485 410 445 660 446 3 693 111 355 954 337 762 499 42 914 205 400 438 202 169 585 351 689 381 779 907 189 789 193 379 591 367 129 550 316 79 524 25 844 725 91 305 884 919 477 419 902 457 82 21 279 622 188 328 101 
22
850 435 375 812 658 371 616 404 372 998 662 987 833 924 393 968 253 494 742 912 139 694 799 413 48 82 83 628 749 727 833 163 523 778 92 844 711 299 573 7 339 785 47 842 400 701 77 70 194 661 502 830 597 286 765 90 143 412 231 376 673 358 970 907 284 630 211 612 13 111 907 929 134 934 59 363 833 148 280 8 573 611 255 609 876 400 567 585 
10
984 41 909 563 871 71 112 987 817 436 280 173 641 755 650 551 664 72 126 277 369 144 934 689 27 983 621 681 369 184 341 137 706 854 191 49 759 509 316 767 
13
615 265 816 928 366 997 110 626 815 663 564 975 261 422 84 66 356 940 560 832 849 25 451 659 205 356 477 693 952 38 88 380 35 122 178 117 697 170 199 138 548 252 120 960 243 687 691 161 978 693 931 950 
15
273 622 173 639 545 458 709 186 401 77 498 804 753 859 521 139 893 48 511 217 762 993 126 468 656 41 779 298 919 86 80 867 152 355 145 203 125 806 641 28 714 113 852 952 820 394 709 13 428 923 37 424 683 813 421 702 280 489 668 309 
15
442 492 221 303 248 470 724 391 520 824 811 172 496 898 400 408 50 385 688 471 494 519 190 406 901 467 211 345 633 677 753 345 459 202 432 989 954 94 340 913 45 931 885 737 764 645 681 264 715 13 149 64 597 397 614 475 252 977 892 67 
23
488 505 655 185 306 563 230 35 725 252 71 143 365 855 674 253 773 686 960 514 92 463 458 421 27 898 257 663 71 320 268 76 835 396 389 158 182 312 751 324 19 139 148 555 403 90 160 630 571 867 346 349 622 74 949 262 81 512 210 181 574 544 244 238 110 216 167 121 79 576 543 703 58 730 400 124 576 822 319 994 484 782 441 912 283 876 831 564 118 230 961 562 
18
925 384 443 832 181 164 896 824 473 153 124 305 33 477 16 264 652 530 376 951 698 936 134 8 520 542 676 366 880 91 341 61 634 397 654 608 311 902 534 948 917 246 222 101 324 662 89 193 308 492 647 153 317 234 630 25 779 954 456 31 301 394 775 711 659 231 824 36 614 969 138 996 
4
89 37 22 272 151 598 260 133 670 422 409 647 541 668 878 983 
2
905 186 861 556 897 159 372 389 
14
822 3 650 561 718 272 88 659 878 703 250 319 634 312 557 80 258 212 757 487 627 669 607 600 462 552 315 102 871 623 831 964 525 969 727 784 54 867 452 463 541 828 414 2 133 951 121 633 514 312 804 369 757 940 525 22 
9
685 688 713 781 305 36 804 617 402 445 145 97 308 922 624 176 606 283 835 903 83 740 68 936 223 217 66 508 696 18 817 39 922 792 854 971 
14
661 726 494 902 669 335 93 796 3 503 311 394 700 807 726 754 558 367 998 158 542 552 370 928 422 525 1 879 369 349 352 560 137 857 127 46 381 157 186 813 379 39 373 902 467 218 664 257 415 320 721 66 314 147 730 453 
20
73 795 440 461 508 671 657 751 380 650 809 23 763 289 973 221 380 886 887 375 376 620 114 979 623 946 156 54 863 879 119 180 117 535 190 862 118 117 3 224 704 104 223 253 641 962 541 207 965 323 308 470 931 162 906 335 574 63 984 667 337 567 440 998 693 466 134 206 350 876 253 192 440 437 31 895 539 171 402 490 
5
168 182 392 16 696 457 861 127 437 24 620 134 236 517 864 634 284 139 677 721 
15
113 719 457 924 764 92 106 148 272 20 993 9 474 332 499 472 731 265 800 813 758 803 548 755 522 692 23 789 185 687 660 674 802 13 604 153 547 534 358 330 270 822 447 272 7 453 962 287 602 416 191 737 670 357 993 65 319 586 480 755 
15
380 435 853 419 392 146 622 127 599 264 16 21 572 984 26 239 32 309 428 65 947 948 175 630 40 928 813 595 592 699 130 279 123 530 410 860 16 47 62 784 290 805 85 60 696 478 646 511 583 777 939 208 303 506 735 236 544 939 669 894 
18
576 769 725 716 507 997 630 699 638 526 424 119 390 578 423 733 167 563 767 30 28 784 640 819 288 786 837 113 961 75 699 840 621 379 873 89 853 406 196 876 365 823 70 793 751 227 106 737 560 814 236 940 165 46 783 260 296 457 984 277 457 983 996 498 323 765 949 303 47 428 730 415 
18
380 258 668 664 961 862 798 793 342 945 731 190 60 908 213 268 647 282 287 577 211 173 841 25 349 548 159 288 557 922 749 856 290 67 137 256 581 34 535 889 40 928 294 316 375 920 270 389 273 3 705 531 984 444 548 324 232 50 204 675 222 398 627 305 129 359 711 584 930 632 943 410 
18
218 309 375 312 914 847 216 894 587 960 605 806 564 356 615 549 300 396 174 945 429 687 118 382 957 878 484 586 129 110 324 110 558 600 189 144 679 661 114 342 700 390 613 935 424 453 656 340 528 809 605 673 15 992 125 764 656 8 23 581 208 708 549 278 787 88 913 822 971 641 928 354 
6
567 272 374 895 961 917 926 253 966 673 997 17 338 506 368 765 691 820 75 43 817 971 779 946 
14
373 386 852 642 155 335 725 451 712 653 569 516 150 803 651 415 144 699 991 109 445 866 691 327 235 149 201 946 52 397 198 362 46 720 213 665 1 846 57 484 277 299 517 946 249 405 379 569 920 193 854 546 290 667 388 819 
27
967 46 426 302 801 960 420 59 771 701 459 395 807 184 771 747 783 3 901 991 488 368 368 802 46 121 325 869 80 636 497 812 697 894 805 747 768 279 283 696 589 246 165 28 655 407 186 777 598 950 590 633 633 622 192 441 760 948 770 99 112 158 174 131 329 2 191 683 332 548 688 713 943 215 919 706 318 539 802 324 269 756 189 429 686 588 932 614 965 260 2 255 171 353 451 449 728 255 193 480 162 682 228 660 230 972 451 918 
26
197 615 558 741 968 983 808 91 508 892 936 714 856 689 125 219 438 354 219 474 737 584 173 885 774 580 100 210 440 717 286 662 856 483 116 880 171 717 885 147 826 70 276 942 871 163 842 716 607 583 150 823 460 409 81 813 232 197 980 880 822 965 490 85 129 474 705 383 469 222 839 278 15 925 409 738 573 968 782 346 970 290 392 557 465 993 243 85 213 936 241 399 553 745 842 323 185 44 96 39 97 142 626 528 
17
60 29 318 111 976 818 648 108 120 742 263 319 389 531 494 765 992 339 354 657 797 94 963 149 68 160 925 893 803 406 412 248 754 503 742 808 283 108 364 812 466 695 865 670 489 181 698 972 874 718 907 992 931 824 426 501 796 556 307 613 401 714 510 874 84 265 342 147 
28
319 429 988 825 338 976 648 812 375 388 461 982 425 73 837 465 377 277 121 376 437 953 663 333 166 613 584 27 351 871 52 29 624 614 822 839 714 979 10 703 955 59 562 274 928 904 166 492 230 816 353 414 824 755 37 228 771 227 920 844 200 320 356 110 81 961 197 828 525 516 12 425 576 362 160 542 840 535 460 974 516 919 278 351 208 859 403 15 360 929 655 404 331 948 148 759 823 53 702 624 81 305 402 317 316 340 304 725 953 686 996 90 
18
455 997 133 901 622 20 993 820 949 662 736 677 275 767 956 851 367 335 60 928 112 954 960 211 366 533 427 495 475 703 992 212 323 481 627 368 965 379 421 417 21 655 559 281 405 12 725 966 498 531 195 948 945 241 543 699 190 372 47 476 225 421 579 128 594 765 104 856 94 996 30 553 
2
346 175 570 469 194 150 762 619 
1
317 962 551 4 
22
961 199 483 886 204 551 559 377 242 215 513 692 385 912 839 338 372 76 62 276 858 872 810 563 201 651 474 95 747 162 420 939 4 864 614 982 202 750 16 1 86 407 465 54 584 842 179 614 341 271 926 904 919 300 399 653 322 882 592 857 721 54 693 333 352 158 210 647 4 189 550 853 495 236 155 276 368 158 887 382 555 863 875 333 814 954 320 340 
30
283 149 541 545 63 986 43 646 789 927 448 154 307 979 988 667 893 212 718 403 847 558 416 652 961 256 856 867 502 21 340 565 48 140 646 599 239 55 443 257 490 632 461 599 472 115 341 384 195 789 100 815 478 563 70 566 144 34 612 787 108 99 936 305 426 551 331 749 106 353 61 443 880 649 810 586 952 485 515 116 832 739 435 338 905 745 222 386 508 840 94 644 996 105 295 843 364 350 184 996 720 722 209 120 52 487 303 693 332 10 705 324 309 108 714 414 371 203 689 594 
24
451 822 952 151 916 359 615 244 624 408 519 278 493 552 793 190 928 527 933 930 165 136 826 871 556 311 332 815 141 567 540 85 918 585 699 173 688 931 384 156 321 972 504 754 613 28 584 97 159 804 416 444 546 975 603 748 824 410 153 489 925 886 128 575 421 315 718 560 630 814 16 541 7 155 43 463 561 131 15 223 695 813 84 221 659 74 514 586 547 925 661 404 467 548 242 489 
25
617 898 461 680 660 693 276 749 578 446 468 203 501 336 706 985 89 161 946 814 459 143 24 439 736 348 669 919 708 457 6 303 925 82 565 592 984 626 922 901 977 54 80 736 758 665 810 457 624 42 878 395 662 797 224 810 958 132 419 565 548 549 440 239 365 49 653 799 6 526 643 194 866 798 886 230 358 294 782 313 877 479 545 136 673 817 466 158 876 225 976 45 390 465 788 672 479 938 134 181 
7
870 868 60 236 621 624 470 655 916 578 66 522 365 95 970 181 212 497 44 102 762 269 671 284 410 615 240 759 
6
978 59 107 546 40 366 223 590 702 362 769 525 314 919 251 41 995 716 283 165 589 199 552 435 
14
340 536 680 101 654 994 735 750 20 541 907 81 973 281 504 649 746 975 110 596 772 637 938 454 757 731 712 717 384 103 265 259 362 382 95 445 989 963 202 482 745 414 896 688 914 78 194 495 605 944 141 313 753 265 452 808 
27
844 691 195 674 324 227 914 949 983 840 615 811 468 562 701 92 464 129 949 771 782 726 659 201 419 929 418 988 582 488 65 913 449 848 441 709 340 416 128 730 58 867 686 489 58 986 746 686 861 552 705 581 337 781 355 914 361 668 789 288 742 195 705 416 933 288 426 697 33 184 488 114 80 778 561 176 248 28 821 160 864 797 813 218 776 938 249 543 964 493 194 348 330 892 897 261 30 929 151 725 105 749 498 423 633 945 117 514 
25
10 431 500 808 204 392 74 154 589 844 775 984 513 657 154 522 762 985 877 656 431 407 830 682 576 870 281 535 721 158 300 690 449 150 71 846 633 601 256 598 797 706 794 868 655 322 122 128 721 424 98 627 498 928 860 364 836 833 517 735 810 631 177 825 140 617 488 153 139 810 87 992 197 350 587 373 323 794 215 864 633 195 89 576 906 884 62 414 16 129 821 407 149 609 378 830 307 768 42 919 
27
101 423 458 854 137 858 274 588 262 729 297 516 280 733 116 185 171 871 965 205 30 910 470 739 791 153 508 352 852 679 312 355 575 845 566 231 541 532 588 574 144 221 152 488 613 848 748 617 711 817 28 998 148 253 767 670 268 595 479 564 774 129 654 966 127 44 60 314 23 306 197 151 815 574 615 182 753 488 441 26 649 148 417 180 733 767 235 843 544 394 530 283 819 128 330 376 960 244 538 895 689 36 99 464 443 312 987 29 
22
967 749 484 93 486 504 8 464 493 790 309 195 584 970 491 265 366 742 409 887 767 476 75 842 562 737 760 549 797 534 537 149 525 869 659 84 507 211 592 388 53 45 56 412 616 650 315 262 111 759 9 440 622 982 624 273 78 736 259 901 66 332 265 21 900 476 757 873 771 481 767 762 144 284 26 215 752 789 970 459 809 168 512 378 167 490 140 129 
32
878 854 20 424 820 11 589 949 412 242 185 512 398 389 782 247 914 147 831 605 605 354 616 39 420 306 385 288 677 762 225 606 990 632 730 728 967 733 69 918 659 191 819 914 896 481 509 650 551 119 368 75 559 254 858 78 256 574 119 868 831 951 488 917 622 233 270 474 899 89 612 122 610 761 71 354 928 638 515 924 556 526 510 35 777 550 461 778 628 130 917 938 424 111 905 478 159 294 924 291 414 721 285 110 198 605 913 347 780 884 125 667 715 556 798 315 521 391 630 626 790 326 232 772 640 100 225 13 
25
760 643 615 315 739 512 292 70 128 29 373 546 910 434 692 448 881 580 315 301 749 549 128 431 487 254 278 404 41 149 475 65 993 563 830 447 471 248 805 629 585 259 461 674 17 551 917 268 547 341 315 998 595 735 873 794 508 814 280 307 980 719 584 287 563 210 626 879 182 21 54 675 912 504 25 319 659 80 641 170 752 594 135 661 610 866 671 599 688 693 868 919 166 382 597 18 476 6 571 999 
31
851 273 315 114 262 997 835 444 686 305 356 632 125 299 10 599 478 402 498 844 164 140 546 660 688 618 442 829 766 330 366 148 713 816 966 648 868 760 116 86 659 596 311 267 617 45 116 272 82 473 608 25 439 927 208 254 741 812 125 86 117 27 139 333 131 113 304 14 862 224 882 186 615 345 38 148 654 112 621 448 906 282 843 433 279 377 440 585 876 797 377 45 656 558 41 597 950 98 912 691 421 420 73 113 925 251 548 432 8 400 7 609 64 861 294 267 641 557 309 580 884 835 652 19 
23
62 79 305 869 771 656 224 638 514 782 816 55 169 930 124 841 260 565 144 178 888 752 480 799 817 823 694 820 163 896 431 39 939 168 354 888 276 321 729 977 149 643 280 573 866 719 929 517 842 470 972 438 378 205 654 161 853 273 303 682 577 789 530 172 748 407 614 54 722 753 2 877 401 822 908 703 873 486 684 899 286 917 740 572 687 282 709 983 631 117 57 354 
30
324 482 384 804 527 37 646 518 923 569 132 945 735 880 226 988 518 994 180 915 632 73 324 754 646 687 115 239 561 510 471 100 761 356 226 647 793 513 983 768 591 985 885 495 583 722 58 358 530 720 199 705 800 591 857 929 664 503 172 56 324 504 375 841 911 320 42 85 528 256 35 797 96 199 389 567 52 729 103 237 939 156 343 943 584 948 134 684 220 566 693 399 23 570 412 640 707 928 253 698 329 332 176 219 907 661 209 335 654 376 303 319 60 344 814 938 958 500 978 418 
25
701 23 757 845 246 312 92 422 65 281 62 49 46 43 515 262 883 808 119 918 121 562 975 940 601 206 329 483 895 381 150 679 78 557 741 350 439 994 497 417 752 431 439 737 786 409 231 275 355 861 914 832 965 261 633 626 863 987 401 496 752 697 246 189 286 531 965 273 265 908 703 588 346 851 141 292 701 659 377 399 225 850 888 682 600 734 546 209 523 495 35 403 157 381 492 474 820 456 436 305 
25
443 461 287 73 578 776 141 667 758 899 34 170 884 264 881 729 755 832 709 385 612 316 959 763 843 336 852 101 813 464 404 217 913 597 504 669 197 335 549 692 721 200 358 91 100 422 616 666 8 804 100 857 29 648 146 360 264 648 454 721 835 300 180 274 474 128 134 928 60 28 39 457 559 94 112 344 997 959 881 753 585 202 595 517 336 2 86 667 48 69 501 808 29 883 558 407 860 795 161 614 
3
592 971 948 695 429 504 521 243 980 20 121 430 
28
584 829 586 354 26 26 609 307 705 562 673 800 426 25 380 645 836 7 249 131 842 164 14 500 631 554 746 691 249 236 87 336 862 941 403 33 125 839 614 46 252 935 502 780 30 342 540 780 565 67 594 637 751 753 603 163 571 370 980 654 435 937 300 621 5 686 340 204 587 24 848 816 592 288 88 504 985 699 559 607 113 636 910 38 440 406 609 648 446 521 131 430 511 791 349 304 40 743 721 776 604 369 898 227 371 816 861 206 701 149 649 724 
10
834 974 559 320 507 273 642 60 554 302 486 229 105 207 530 29 39 923 403 780 242 424 670 336 355 158 756 673 708 330 974 193 871 81 587 421 282 500 299 157 
18
751 698 245 54 917 161 19 865 599 648 465 59 342 408 167 818 197 599 912 457 104 468 92 65 418 163 730 333 950 361 590 994 935 560 230 395 287 981 937 674 564 501 532 549 166 345 15 400 268 903 439 778 397 79 722 140 229 740 637 473 380 402 390 604 350 167 117 581 743 282 807 748 
27
970 658 668 408 167 644 74 622 980 197 411 596 386 241 387 166 503 252 892 692 598 725 889 960 837 858 827 839 727 272 578 313 233 28 384 535 111 493 712 607 929 194 371 15 274 358 185 126 860 414 221 837 228 15 622 151 239 781 914 909 290 27 413 669 94 325 101 580 671 917 468 607 130 119 845 49 678 257 802 808 310 725 692 920 91 510 977 890 802 833 561 790 506 265 483 941 666 673 215 617 148 113 503 165 780 262 184 349 
34
685 287 391 904 940 71 927 972 471 252 263 652 273 218 791 301 42 330 290 821 386 191 145 930 800 635 127 831 217 36 202 1 925 246 584 993 478 969 620 575 891 552 497 634 196 72 579 920 93 44 983 536 595 750 101 748 362 5 140 197 527 610 848 197 501 537 278 535 231 56 525 127 911 564 554 716 680 551 337 767 782 816 14 5 315 740 605 947 225 943 312 919 457 969 453 723 899 782 477 235 829 245 832 199 356 813 981 89 982 718 748 756 275 319 253 484 707 76 679 40 860 731 724 728 192 859 566 586 365 762 439 725 971 513 785 64 
16
416 189 309 18 696 584 978 214 658 936 268 290 692 197 789 671 455 466 844 531 572 562 109 288 27 222 980 798 191 865 772 800 221 286 32 469 596 207 943 617 959 760 946 970 395 597 748 289 672 577 212 309 117 510 642 804 800 445 162 176 430 819 459 860 
30
562 502 290 17 668 531 657 988 477 174 902 648 990 80 670 834 128 186 615 500 526 893 592 341 983 728 783 971 585 753 548 104 552 636 179 156 145 742 209 411 291 289 614 183 194 986 310 6 299 125 833 864 771 421 545 424 510 683 271 809 225 566 541 729 62 263 78 667 193 609 968 693 365 548 654 443 126 922 788 272 930 310 877 577 884 105 31 860 370 586 555 518 859 203 207 544 513 610 99 221 647 23 609 952 595 943 510 584 226 579 624 663 4 470 333 380 203 670 915 505 
22
539 6 294 215 241 629 307 860 60 624 469 101 920 920 207 260 70 386 64 532 90 216 321 582 992 70 990 427 475 811 710 58 969 416 892 329 98 790 874 433 383 570 561 580 652 165 530 614 575 932 722 827 721 163 689 103 745 556 812 612 484 804 94 316 725 16 88 960 644 140 664 263 647 874 749 681 273 755 851 344 764 226 273 359 366 377 705 732 
25
903 884 153 155 494 473 906 416 522 560 788 93 823 979 746 464 477 455 453 585 515 733 40 485 797 260 192 848 389 184 829 459 620 401 383 359 964 350 552 438 23 616 226 490 944 285 612 31 236 924 101 908 47 143 875 859 283 158 110 153 936 328 455 327 265 575 769 602 640 934 418 613 611 795 874 390 169 919 128 452 290 589 932 44 625 737 316 497 745 586 663 712 530 612 181 781 107 273 701 257 
34
403 874 865 760 344 512 83 366 362 565 39 958 572 131 454 572 784 612 928 818 760 666 758 307 916 456 281 997 622 417 108 185 345 65 343 978 20 829 29 124 702 725 341 43 206 338 867 75 994 376 558 164 492 690 217 288 410 733 975 33 876 988 131 571 536 7 633 176 451 760 71 426 533 750 189 772 133 356 736 761 483 645 82 173 411 520 805 807 451 940 541 773 781 776 602 983 101 290 156 613 328 312 612 456 506 940 789 419 433 664 704 180 541 723 285 680 582 171 583 314 236 787 916 211 199 953 411 144 887 719 41 700 624 286 48 869 
13
582 749 161 984 8 545 996 167 165 555 254 411 170 184 807 818 176 332 341 104 541 69 269 906 540 778 680 94 761 429 826 158 580 114 106 250 418 958 696 41 925 663 311 996 240 908 427 520 12 458 434 163 
19
449 587 335 937 688 556 63 677 473 208 789 653 291 425 13 5 708 841 328 623 468 481 973 181 795 619 461 441 321 741 644 861 765 920 497 921 396 118 168 96 775 13 680 985 151 620 674 405 49 938 767 990 836 795 452 527 643 463 465 601 210 896 761 133 113 521 438 789 964 375 349 724 3 677 689 238 
30
48 360 291 771 166 637 431 41 263 304 598 707 395 67 565 163 641 732 491 377 608 696 310 332 677 490 957 144 795 402 1 918 112 348 458 941 902 913 833 873 978 599 476 871 206 160 981 302 447 522 365 363 194 8 196 67 457 266 456 956 765 839 519 531 60 739 515 207 522 764 388 324 862 677 880 4 167 666 988 223 850 687 959 821 580 285 19 171 916 5 137 481 761 848 762 347 212 352 514 235 53 527 560 54 625 940 391 212 377 798 344 201 580 188 538 184 592 793 908 421 
34
803 93 701 360 373 982 710 175 588 536 951 455 2 585 903 729 90 595 788 330 229 537 539 262 819 107 197 689 25 15 308 112 412 763 891 683 167 83 568 392 539 778 537 317 878 690 746 343 58 577 312 452 454 966 957 675 849 69 574 614 567 629 341 394 87 943 37 128 682 993 908 460 102 569 668 933 152 847 771 634 706 196 842 709 547 553 406 418 356 415 217 301 568 920 139 364 310 322 351 272 561 4 473 447 892 908 497 502 429 469 500 932 171 826 773 741 453 113 29 797 540 129 761 764 811 385 872 346 908 418 225 89 111 565 168 17 
31
498 164 780 535 419 727 936 599 29 986 12 487 91 913 237 582 757 544 782 173 506 288 76 657 548 739 53 864 719 527 427 316 569 558 978 335 372 53 490 609 526 702 348 199 696 221 736 923 360 90 89 341 152 368 278 541 298 641 641 863 353 282 211 700 429 465 869 153 773 998 269 16 648 854 412 558 214 163 926 236 903 371 314 981 849 106 641 307 543 836 965 688 80 119 368 17 305 380 560 614 907 376 622 267 256 270 777 769 974 238 819 222 759 341 175 841 355 514 229 524 455 53 842 5 
3
994 99 896 69 990 226 367 44 358 543 911 593 
30
439 502 341 157 994 749 782 751 496 969 11 128 632 752 661 61 608 37 918 459 547 579 801 889 332 163 375 283 478 34 300 550 523 823 919 91 825 445 849 558 547 204 423 849 214 973 351 435 78 336 939 831 264 723 55 794 575 489 628 421 864 288 670 324 215 523 435 161 582 96 424 598 414 46 786 64 199 849 23 40 254 704 191 401 163 968 990 162 900 53 456 12 492 898 435 92 361 15 614 894 7 363 673 437 388 690 853 938 772 722 785 500 234 665 241 416 6 619 910 969 
34
55 621 236 403 983 475 687 514 949 382 863 547 410 183 730 469 466 880 881 505 346 974 910 140 385 925 869 908 972 188 710 215 862 819 95 300 574 750 377 292 918 339 844 62 725 752 886 762 30 448 280 924 996 455 9 32 369 799 298 46 601 89 942 221 71 783 961 489 792 203 839 983 639 851 953 966 940 346 152 822 200 447 190 171 279 517 720 973 682 662 303 670 551 668 743 555 196 781 370 359 744 656 336 471 708 346 242 989 347 275 771 164 933 717 51 568 438 875 715 866 301 107 884 996 915 175 108 877 439 52 103 512 998 879 732 927 
24
114 308 159 929 309 762 353 531 404 506 416 754 706 645 31 102 433 865 639 83 49 191 529 778 639 590 362 179 571 799 906 138 840 126 545 883 993 328 582 55 191 511 451 198 392 798 665 749 775 948 861 527 250 445 131 996 422 884 875 630 716 716 833 110 773 968 640 524 864 692 303 753 907 245 184 936 963 920 461 278 808 591 881 811 329 11 673 422 898 398 919 333 660 877 86 92 
35
547 799 196 700 534 107 88 183 181 97 512 662 803 744 685 465 233 9 154 578 227 525 656 344 697 768 119 791 824 733 112 213 807 492 116 860 457 689 157 795 626 72 486 533 561 211 477 233 973 823 349 410 566 636 769 469 619 841 477 312 998 594 151 181 560 437 579 974 750 25 442 423 450 677 926 679 757 205 544 448 408 544 521 984 990 183 521 368 27 997 617 322 82 823 524 700 646 548 793 11 69 618 843 59 582 202 864 236 819 252 708 965 341 994 220 527 908 548 412 108 792 721 299 462 174 238 694 181 468 764 580 841 296 789 397 446 694 688 779 663 
22
760 543 850 292 951 616 27 713 342 821 512 974 143 641 906 911 715 426 766 793 985 790 867 566 738 826 927 662 143 613 70 440 330 844 421 517 768 455 320 864 156 437 346 673 798 595 51 519 352 346 280 24 464 428 422 157 905 968 921 292 767 379 172 128 707 675 240 418 724 695 974 899 769 30 750 533 545 640 312 10 493 461 991 365 455 703 795 402 
1
165 264 804 672 
5
496 16 788 202 788 486 778 178 575 226 747 448 804 336 553 896 370 429 847 200 
10
194 560 343 334 728 344 971 961 661 901 595 412 636 666 368 630 937 141 187 607 271 363 608 559 807 608 207 863 693 267 736 413 185 254 277 340 538 817 930 452 
9
261 338 590 54 521 958 166 891 168 986 34 269 698 872 865 406 733 861 604 911 750 51 423 103 50 737 313 944 255 414 417 510 361 596 702 497 
32
669 604 330 81 650 271 597 287 777 575 492 868 686 470 893 107 313 990 791 249 593 193 677 635 650 934 610 358 321 469 288 58 384 662 441 316 895 978 775 940 344 443 248 903 251 119 448 779 951 924 493 510 257 525 275 180 701 412 41 294 842 497 250 784 768 882 43 869 931 27 16 436 314 420 297 190 882 340 353 6 312 944 735 772 147 370 314 292 424 787 230 811 52 932 597 384 704 898 944 608 481 563 640 254 612 563 884 520 747 697 122 7 591 231 283 195 283 279 954 831 360 630 13 59 391 75 130 547 
33
966 442 723 133 543 228 798 915 496 442 435 737 974 26 289 803 907 589 314 395 29 880 787 219 617 748 118 831 705 67 289 116 56 576 462 729 781 762 641 618 478 900 353 291 126 954 417 795 238 696 174 924 211 245 637 137 656 101 579 874 352 899 499 690 237 796 293 277 42 826 608 857 491 883 826 582 529 816 898 137 539 709 774 872 476 201 272 769 331 373 588 839 821 445 497 669 496 852 84 498 934 512 222 348 747 762 303 250 986 7 234 389 328 928 608 373 29 353 324 29 453 551 882 169 234 242 565 420 879 893 241 327 
9
392 169 637 222 984 439 841 508 215 334 833 841 365 417 175 239 31 855 843 696 338 579 273 703 727 959 417 140 14 805 856 547 928 288 781 980 
12
659 375 999 798 89 29 902 756 790 456 563 431 833 788 169 496 987 627 619 166 247 177 130 629 741 300 958 910 837 637 45 877 222 498 460 397 462 246 172 589 196 64 507 510 611 598 806 706 
15
786 492 219 669 670 548 691 430 992 772 758 427 72 962 478 976 715 966 69 150 236 731 281 638 519 67 102 667 600 960 297 942 465 736 87 582 470 335 330 18 352 589 793 218 518 329 133 56 3 276 604 200 355 366 204 810 681 853 397 43 
19
132 769 603 277 602 137 629 799 858 516 260 197 347 781 999 780 353 137 339 136 91 87 517 544 822 266 75 406 192 883 337 200 536 598 747 572 52 874 971 160 929 615 252 758 503 313 232 852 666 73 20 234 547 649 628 953 795 606 118 696 714 267 859 525 462 38 905 816 364 487 337 900 507 552 603 639 
8
135 764 673 315 469 982 440 982 554 717 677 759 353 734 1 395 641 444 570 634 660 489 963 381 270 715 846 781 195 254 848 823 
33
46 207 977 304 718 208 97 766 551 509 769 480 846 605 678 769 519 809 627 42 774 30 231 925 137 680 95 964 986 936 447 226 374 411 780 192 518 161 186 144 115 396 599 196 967 638 354 844 166 25 685 865 609 878 556 203 126 300 625 843 396 859 266 106 60 157 320 366 421 407 544 914 88 349 699 976 770 281 63 939 652 95 509 895 904 921 508 408 576 445 478 774 546 282 736 66 23 328 509 630 708 613 21 926 143 364 369 438 348 780 695 642 402 867 639 9 716 46 793 450 939 117 303 321 712 935 228 183 195 424 69 157 
39
526 394 706 239 298 870 489 173 975 907 804 29 776 475 648 910 921 673 35 35 514 820 583 930 584 738 747 417 180 817 584 447 369 149 167 829 246 439 233 352 105 728 952 191 984 693 209 945 573 37 402 226 171 885 36 976 608 718 571 277 60 252 409 112 499 438 118 265 848 811 881 375 601 260 582 694 722 432 477 158 59 632 800 804 31 982 657 60 671 913 366 219 992 592 230 569 551 810 585 920 417 552 334 897 953 850 443 971 970 799 665 194 521 555 498 84 177 808 422 569 146 123 730 663 834 690 47 358 296 577 396 170 491 679 874 891 485 566 438 769 365 506 797 362 352 302 174 274 402 439 477 386 906 977 683 641 
13
973 181 40 569 326 952 45 947 17 637 760 924 662 220 255 359 496 423 759 662 510 404 820 469 344 165 743 150 843 766 863 357 135 80 881 330 136 902 192 839 794 429 781 257 563 339 205 989 720 669 386 451 
39
358 361 51 998 293 353 560 238 877 836 624 494 996 161 585 897 393 908 497 167 843 636 701 307 293 331 508 499 922 519 370 583 264 692 791 165 696 341 412 995 129 479 759 151 483 500 855 232 423 933 877 490 47 556 166 323 318 812 974 761 68 472 128 216 535 725 797 804 491 79 668 440 692 18 616 264 183 290 98 21 897 2 672 110 56 686 351 306 115 447 112 649 54 388 291 563 564 245 638 912 569 963 680 956 50 122 645 954 351 844 91 870 692 337 672 193 936 858 978 119 116 117 145 940 275 789 887 100 723 550 298 679 783 288 906 693 791 938 495 178 259 795 458 735 486 949 897 709 215 450 751 929 251 478 635 1 
3
504 555 250 159 940 248 147 987 286 588 355 401 
20
257 355 119 978 604 916 752 68 447 261 200 414 583 122 558 990 384 612 606 37 705 102 873 119 198 39 539 885 822 162 600 221 442 53 704 301 485 190 193 788 788 619 818 529 435 522 165 743 501 413 362 879 898 658 526 374 906 964 3 879 185 165 374 839 694 646 133 169 951 798 321 984 73 177 803 792 767 976 285 732 
36
529 667 16 582 239 44 113 146 333 181 379 505 994 533 191 805 823 579 770 208 193 536 842 669 924 285 65 312 810 188 381 373 283 849 686 218 937 904 568 538 316 848 523 431 258 382 741 305 664 817 736 952 395 508 147 637 610 698 712 625 167 883 625 819 845 824 680 523 591 314 883 405 646 695 475 284 552 6 965 820 990 887 142 500 412 8 863 657 966 140 47 191 25 917 455 893 458 586 936 750 856 988 174 7 506 656 579 191 359 556 476 762 615 61 314 512 326 250 229 722 552 931 827 993 932 103 324 842 378 828 480 708 912 829 114 591 25 453 207 585 769 445 225 483 
15
630 910 477 42 794 829 310 271 463 528 228 543 592 57 5 32 72 806 794 746 750 3 96 527 110 29 128 662 426 21 443 196 101 182 432 836 107 277 880 303 20 406 819 418 284 327 94 707 695 336 998 776 3 216 768 639 855 121 223 612 
7
365 860 784 102 126 707 577 584 620 608 436 291 257 804 119 648 494 128 710 131 891 33 225 303 314 180 912 929 
17
78 246 156 937 536 844 613 69 212 664 315 99 915 290 341 595 965 694 180 69 333 591 450 448 902 875 439 957 789 458 674 387 910 273 161 857 104 410 532 165 141 529 843 252 201 992 898 209 86 296 519 954 311 696 155 231 733 867 272 651 434 634 869 915 797 627 749 543 
41
792 223 746 448 668 848 300 483 95 652 305 731 535 544 696 637 566 382 588 964 564 677 726 933 1 865 75 515 42 48 297 363 269 742 479 53 352 446 98 331 551 939 108 212 688 158 30 719 215 172 368 388 659 388 642 737 208 922 160 404 806 564 102 147 198 520 16 23 998 251 886 232 609 455 558 70 561 365 605 395 453 168 955 739 201 436 380 7 17 119 320 830 748 491 956 867 804 500 390 691 109 996 57 110 271 134 556 426 353 615 565 126 88 948 783 414 275 552 757 731 189 765 663 249 630 241 740 48 246 88 510 276 137 10 980 186 296 878 905 932 364 348 889 212 652 301 703 107 952 704 625 987 983 68 916 831 766 79 642 246 353 315 190 655 
20
766 127 739 510 409 124 310 449 897 234 737 564 736 785 135 933 3 688 56 796 693 503 776 900 302 841 321 226 660 87 905 165 908 210 343 408 144 977 6 371 872 66 657 515 796 718 360 246 749 432 498 943 178 687 114 854 559 811 809 739 275 610 951 542 402 666 945 96 52 139 603 460 949 47 968 154 403 441 791 644 
15
701 403 52 120 274 319 201 716 373 608 322 368 769 933 680 729 125 878 288 61 507 957 813 601 905 291 918 871 313 880 352 685 843 909 559 851 565 549 329 894 399 375 564 934 158 539 731 204 665 863 591 284 929 75 743 569 285 727 388 463 
8
14 853 881 54 939 146 152 33 437 871 817 726 651 855 714 378 554 356 322 369 734 516 256 921 872 47 739 170 40 595 11 509 
22
887 329 691 195 149 568 458 170 72 694 236 837 628 606 235 422 475 85 562 419 728 598 341 977 980 605 525 513 242 653 294 748 102 784 598 404 353 148 796 190 958 973 34 369 940 946 160 284 924 82 514 987 994 544 247 25 605 48 633 831 976 146 47 689 696 740 22 533 743 29 655 928 980 756 986 374 487 125 205 465 198 395 842 257 885 279 139 809 
4
906 517 918 585 719 932 381 322 640 158 456 966 270 966 402 534 
26
287 120 199 203 1 526 766 272 63 985 762 963 710 890 944 414 118 834 623 203 831 810 250 158 960 785 7 405 943 125 408 884 292 575 885 482 49 852 182 954 486 752 914 363 777 847 920 843 260 417 853 441 515 608 449 39 897 148 81 130 971 57 111 854 717 148 335 896 896 45 612 631 857 966 668 694 218 537 909 124 700 467 610 16 496 367 48 66 451 361 710 650 217 481 657 54 694 518 832 803 682 459 808 12 
5
679 341 41 398 137 464 40 795 983 505 540 457 110 431 802 346 573 884 208 752 
30
325 789 34 922 906 450 811 623 612 618 888 435 213 636 177 765 277 774 357 437 657 624 126 475 978 233 216 463 601 211 581 921 1 217 317 444 562 249 670 251 120 493 817 494 440 932 503 702 331 86 20 17 180 490 39 764 634 705 122 524 667 179 495 162 416 95 61 627 182 656 35 74 56 867 944 615 761 592 440 240 394 483 70 801 153 56 305 63 342 683 370 112 826 335 818 637 581 161 56 471 705 395 754 174 240 240 838 900 785 535 598 625 733 879 576 113 363 993 71 104 
23
614 627 299 537 239 197 327 989 616 860 595 249 15 871 500 659 434 949 438 743 36 665 967 95 726 114 155 817 926 130 435 668 955 834 432 864 465 172 991 901 562 887 310 189 700 620 683 187 108 959 953 353 669 21 201 950 327 592 102 235 551 166 704 867 863 617 480 169 745 939 320 226 845 602 247 486 770 293 77 517 768 286 855 514 238 293 734 831 229 570 811 482 
43
680 273 671 99 580 882 366 211 495 540 397 969 373 902 157 420 638 518 315 379 283 271 738 33 595 70 229 524 434 869 590 999 533 766 860 58 15 744 426 421 851 887 379 305 504 177 8 694 412 775 941 670 493 240 812 87 606 656 499 324 654 145 145 709 32 291 836 81 8 486 407 656 998 220 425 66 485 438 803 262 201 242 730 707 387 563 650 980 202 686 621 220 450 958 492 31 688 406 533 503 212 948 826 829 720 724 27 673 442 232 589 387 534 41 544 278 312 526 475 149 768 388 429 234 457 234 273 175 842 824 295 469 666 291 486 413 435 761 418 443 238 579 474 316 287 773 785 528 811 598 797 787 340 350 16 796 296 792 645 53 432 814 404 875 585 157 658 666 442 716 955 258 
39
9 238 279 799 994 653 589 564 483 755 152 398 785 975 162 387 839 875 380 953 55 39 210 109 855 810 468 415 949 929 755 543 92 29 621 246 934 22 92 820 958 819 840 217 41 24 736 215 150 295 772 865 269 639 121 968 247 180 293 510 278 951 467 405 661 231 355 985 315 120 338 762 124 178 936 300 119 811 132 612 20 741 374 299 874 408 897 653 151 121 243 746 23 479 656 933 385 3 474 797 595 478 272 589 134 79 7 821 252 551 65 216 940 518 22 814 470 803 658 72 914 802 984 667 507 791 85 831 323 836 384 597 933 97 432 348 682 284 854 832 369 461 363 384 740 250 14 254 591 422 825 865 288 419 643 720 
6
464 399 340 509 789 42 864 593 748 947 412 564 476 870 779 145 780 863 498 425 285 888 774 478 
16
291 86 159 746 685 631 855 475 779 995 279 541 660 59 58 960 605 384 64 86 673 384 970 912 216 344 843 877 709 954 89 480 763 996 970 230 328 857 427 550 823 871 285 575 51 27 468 90 419 878 838 69 253 826 588 280 530 916 704 476 576 872 326 308 
11
538 317 798 132 600 100 962 944 927 651 223 266 656 798 509 575 189 70 485 694 71 789 773 935 147 483 333 740 243 900 715 369 64 818 389 961 612 799 193 217 534 169 915 407 
27
834 983 273 88 965 291 983 511 636 690 934 856 384 435 7 933 280 577 380 851 126 53 254 211 409 354 925 867 225 304 812 756 859 127 245 412 962 103 995 299 714 736 968 717 434 654 912 738 733 864 13 747 228 807 558 183 260 923 227 384 462 108 342 592 218 967 238 997 236 236 743 34 746 445 986 134 224 380 882 700 776 828 527 653 682 80 872 584 853 188 286 261 952 121 72 476 915 848 817 99 777 977 832 831 405 776 22 138 
29
883 712 864 685 172 820 938 192 295 229 259 391 917 540 186 435 433 581 288 885 660 911 316 470 882 397 719 674 295 453 161 695 730 109 55 621 690 328 194 473 580 56 286 944 619 938 667 904 665 245 602 801 138 635 547 109 5 461 501 199 706 300 919 989 414 72 378 682 298 700 111 413 252 776 781 285 499 373 232 773 395 832 516 126 884 863 444 629 801 17 589 74 907 80 836 755 208 769 480 22 69 752 265 21 197 173 497 962 585 383 668 28 869 689 463 133 
30
375 309 810 136 636 241 93 514 129 108 474 224 631 601 607 489 123 923 101 907 663 169 970 114 626 721 672 767 742 341 217 278 975 412 380 608 44 46 435 1 380 52 240 639 518 86 815 525 865 571 426 710 371 752 956 231 446 67 460 66 959 209 850 256 421 300 924 660 618 435 577 67 189 288 16 463 830 492 989 190 252 510 578 940 801 286 250 980 725 477 395 467 949 509 969 876 301 538 571 82 677 268 742 658 64 930 985 698 903 353 499 501 390 360 357 653 518 781 281 118 
4
118 913 5 95 795 463 452 342 964 503 682 947 436 937 668 938 
13
894 593 859 882 2 214 174 224 58 960 694 828 409 921 533 21 168 204 294 907 428 613 329 180 79 450 777 441 596 426 966 518 693 306 662 70 433 820 610 109 881 257 229 54 936 63 598 871 907 557 441 575 
15
186 954 979 177 688 607 639 329 14 686 528 677 984 50 71 431 64 41 195 171 398 560 153 626 407 465 933 996 404 400 208 428 35 278 315 350 632 150 583 165 956 710 131 226 531 138 351 682 899 405 727 103 312 320 29 574 360 649 821 211 
46
238 608 198 419 63 784 285 643 564 334 550 349 994 11 882 316 338 89 96 984 481 514 845 815 157 806 900 282 589 781 605 132 440 87 78 870 237 22 738 210 602 849 531 226 525 607 306 919 590 438 109 498 942 989 628 506 568 826 436 898 45 656 864 839 986 348 706 91 737 138 59 705 232 46 657 142 375 40 155 190 197 957 135 814 470 835 984 666 586 311 929 243 162 837 49 339 777 775 555 805 270 773 363 413 392 949 393 538 837 504 723 94 881 251 266 656 633 792 507 204 376 661 316 209 133 825 552 186 479 241 107 204 865 926 82 181 111 750 383 711 686 59 752 564 955 97 561 305 227 778 225 41 369 407 640 344 727 676 973 420 253 426 925 641 160 564 770 351 675 655 769 421 672 801 550 803 700 217 145 297 403 336 341 902 
12
411 546 791 735 99 210 985 982 439 3 824 37 612 397 548 411 773 578 339 119 795 174 126 914 858 812 526 304 914 80 641 259 965 74 367 50 429 374 820 919 427 675 727 210 712 808 860 528 
1
703 83 369 515 
23
147 130 457 257 420 118 125 316 401 790 99 373 3 189 284 137 192 612 820 320 902 812 721 580 488 957 21 331 851 406 449 987 857 168 839 468 695 910 780 823 165 723 310 211 724 218 547 927 454 278 80 692 82 393 315 68 311 114 145 180 856 172 453 378 13 845 989 147 253 143 482 640 951 273 863 286 108 877 877 340 778 565 406 29 759 970 599 834 193 38 18 94 
5
906 198 471 121 987 989 478 813 666 772 794 705 77 892 164 510 723 722 593 985 
7
827 493 646 38 540 737 141 873 554 328 925 650 746 65 801 609 518 301 391 938 201 571 950 656 638 433 278 6 
24
558 21 737 333 170 878 967 1 898 699 201 725 81 997 306 466 558 323 482 575 480 58 476 640 177 758 663 55 409 212 723 962 768 668 571 104 501 420 645 238 90 768 880 61 747 771 713 722 813 463 707 182 349 331 847 761 880 794 343 666 395 20 327 537 643 611 138 9 449 789 31 10 409 192 329 443 303 988 465 262 820 562 120 949 484 677 244 122 508 938 574 615 180 612 803 606 
10
716 559 618 410 303 389 424 914 930 986 611 42 515 380 628 597 86 961 684 776 247 846 405 314 892 422 935 919 866 687 774 129 615 619 533 834 832 895 797 727 
8
792 938 736 349 375 941 925 21 462 494 866 316 566 532 211 245 247 959 895 48 550 75 676 570 785 374 332 505 833 220 932 75 
39
103 276 855 107 864 726 211 586 17 278 19 178 260 292 891 689 141 497 506 555 158 774 681 609 597 671 326 392 498 607 259 152 718 208 64 458 208 708 464 798 579 884 679 628 701 314 573 976 412 586 110 377 858 825 620 632 519 534 923 601 140 422 440 679 627 692 189 228 198 434 339 906 513 175 419 216 71 80 464 464 3 177 997 343 166 804 723 496 630 190 568 586 877 241 82 274 378 229 238 451 952 329 700 655 600 695 807 645 608 971 292 508 312 559 826 813 85 743 551 822 924 892 439 984 745 410 258 502 811 949 868 368 999 985 682 539 350 45 57 935 596 229 15 677 403 536 429 297 528 109 380 929 404 494 568 903 
10
290 498 352 181 950 43 119 615 624 604 241 357 43 308 755 395 749 787 899 368 573 521 464 367 877 304 207 278 862 314 124 984 31 115 705 440 243 202 879 112 
19
108 663 45 796 144 906 693 942 48 925 404 590 160 463 43 281 612 814 732 822 427 816 519 682 427 202 188 202 372 517 367 369 613 331 438 670 194 425 596 958 193 795 869 495 603 72 88 778 283 217 730 152 615 958 8 790 319 921 981 762 574 265 963 341 173 949 731 226 103 296 14 558 903 965 370 929 
16
8 112 22 234 365 933 964 200 122 862 111 713 250 637 866 899 249 561 787 498 537 501 788 742 792 482 388 359 44 676 460 785 209 630 735 285 573 27 349 571 431 181 483 910 252 659 331 687 170 861 857 653 604 962 157 36 626 291 543 755 174 33 96 559 
37
522 507 857 300 64 906 108 556 826 973 682 389 963 417 25 351 768 532 557 27 324 714 612 73 964 52 47 495 433 39 14 658 437 111 183 281 414 726 182 463 227 961 840 580 38 216 410 724 610 473 449 913 737 821 442 560 731 585 484 560 643 186 258 918 419 724 875 737 979 438 641 526 122 195 841 258 942 13 209 68 845 168 849 991 779 331 592 707 31 550 382 529 781 187 278 834 755 514 153 45 710 367 918 678 570 92 706 92 134 958 250 781 972 116 565 581 582 92 742 700 837 203 775 835 464 410 869 492 924 824 879 144 784 786 390 875 630 640 625 375 66 61 913 564 345 812 575 211 
41
649 167 629 419 185 773 435 416 568 935 553 770 142 206 941 520 502 45 457 664 284 687 526 858 647 287 117 702 333 80 499 811 742 632 660 266 652 532 578 426 67 877 4 701 449 503 999 810 256 158 351 188 909 496 620 875 747 361 78 314 200 509 73 619 911 770 711 241 127 192 487 476 739 797 814 847 492 858 227 104 798 377 268 354 854 728 255 911 344 652 50 517 11 757 24 844 774 395 911 369 98 17 272 267 450 133 227 671 99 12 517 174 389 122 9 737 768 158 814 889 980 726 181 947 948 28 77 608 535 289 15 698 69 756 908 170 51 297 992 899 630 83 838 196 922 967 110 428 710 206 257 23 342 834 30 683 890 419 400 209 724 982 807 612 
29
369 406 939 662 311 542 235 239 489 937 441 826 59 791 632 663 389 868 880 719 887 671 949 692 964 817 359 785 684 886 354 623 200 771 510 337 730 822 691 475 772 833 222 812 936 889 846 941 781 322 908 368 485 789 46 676 439 165 701 34 449 190 778 554 522 63 186 401 168 474 343 272 746 172 198 869 329 289 417 956 700 738 552 662 354 258 673 571 168 432 254 36 492 479 191 135 4 915 983 468 676 384 923 26 299 597 707 561 650 731 800 732 111 890 789 226 
14
786 402 529 872 353 593 319 465 965 501 242 231 387 465 735 535 911 511 663 940 872 863 344 326 861 374 638 727 570 822 652 648 516 571 640 302 966 860 375 253 450 448 202 636 612 29 499 758 378 763 767 543 635 835 96 267 
46
840 670 726 855 376 479 396 61 799 182 56 684 147 324 498 827 544 856 647 537 358 805 545 827 996 950 824 145 412 748 92 181 498 36 527 613 760 828 672 756 811 903 79 701 658 243 849 748 579 925 810 724 134 310 42 561 179 656 872 997 16 716 720 713 459 627 111 216 533 849 267 678 490 69 429 864 643 56 501 330 167 601 114 8 93 111 500 675 213 220 106 498 4 410 304 245 804 318 827 530 24 339 340 241 798 595 559 620 559 138 460 346 588 497 330 256 871 780 60 734 395 185 431 284 509 200 545 99 745 60 731 184 980 519 185 795 727 909 274 779 898 70 532 931 481 533 439 440 274 992 466 989 472 310 348 457 42 192 658 682 342 526 396 804 713 949 786 63 320 106 243 377 703 9 912 330 219 712 912 217 208 218 684 569 
8
821 666 591 8 217 951 548 554 476 15 473 929 218 475 898 470 791 396 949 83 226 355 341 772 976 869 197 189 664 972 364 809 
24
839 787 806 40 385 179 240 302 896 432 313 683 466 999 911 226 726 144 40 214 462 611 274 956 719 656 232 88 468 924 526 674 150 4 367 659 195 796 434 202 842 271 387 596 110 800 920 260 325 594 617 962 976 182 771 511 638 267 254 641 766 964 136 408 684 546 143 233 645 103 878 316 691 850 289 247 915 476 624 678 941 839 99 995 64 436 727 732 714 623 120 4 987 557 812 847 
