255
1
92 295 90 182 
1
224 673 70 221 
1
471 195 182 319 
1
411 439 833 252 
2
243 740 251 571 966 280 279 248 
1
307 905 220 510 
2
203 357 229 711 531 640 731 368 
1
785 572 156 836 
1
332 212 106 153 
1
992 672 505 226 
2
143 741 817 103 373 732 933 167 
1
662 206 700 631 
3
272 854 455 81 792 747 768 232 218 499 931 410 
1
80 474 834 733 
4
415 587 390 757 976 741 405 99 977 949 575 481 378 20 373 916 
1
464 412 194 855 
3
359 930 576 210 943 231 895 992 137 18 43 377 
3
442 393 127 37 749 633 647 363 294 213 880 872 
2
911 882 319 642 663 752 616 304 
2
829 669 317 660 294 372 474 751 
5
324 978 68 894 458 898 789 410 551 82 861 852 200 738 806 587 76 163 201 948 
2
134 487 162 308 979 480 206 445 
2
456 690 792 720 425 639 678 576 
3
227 675 170 437 395 492 284 867 267 385 669 347 
3
94 114 818 538 680 424 131 820 100 183 358 375 
2
894 290 642 388 102 946 42 912 
3
922 486 855 467 452 85 694 790 771 868 173 726 
3
219 886 972 916 103 330 939 501 859 638 524 672 
4
728 381 128 406 8 336 755 476 103 381 830 718 683 980 868 776 
6
663 753 563 978 582 626 542 672 85 674 206 176 924 248 710 414 708 661 474 960 985 951 377 425 
3
669 614 127 668 972 121 35 308 219 259 115 592 
2
134 705 642 953 466 883 729 227 
1
633 438 654 301 
2
110 297 571 402 618 894 238 257 
6
158 185 177 770 109 450 900 170 289 979 855 55 725 555 727 279 848 554 103 279 381 839 950 509 
3
56 17 29 610 256 299 192 397 87 93 878 292 
1
367 895 492 242 
4
709 8 70 430 845 927 46 50 737 685 978 423 773 898 148 657 
4
796 480 628 147 233 112 817 636 518 736 164 928 449 164 516 874 
7
31 333 409 105 190 945 369 971 159 793 677 768 121 915 724 365 366 642 39 434 329 29 357 505 146 199 954 488 
9
983 299 747 258 943 229 654 328 686 36 728 831 114 256 572 825 411 495 488 666 97 658 988 60 234 481 844 71 321 868 912 404 48 332 897 453 
9
545 3 921 829 17 28 492 226 985 998 644 977 558 704 121 589 465 850 580 64 860 498 723 560 464 227 170 486 192 721 54 433 260 886 972 930 
1
113 689 258 759 
9
507 211 851 950 31 20 957 227 420 634 477 664 577 844 590 681 735 362 589 192 873 104 333 737 26 523 86 446 528 667 686 419 571 576 214 947 
9
534 35 118 638 136 700 488 898 881 480 682 496 722 379 659 491 408 787 594 711 875 861 597 60 719 525 196 881 838 919 781 742 304 747 264 760 
4
961 415 412 686 123 844 989 90 580 367 766 700 437 397 179 970 
9
151 145 6 905 158 397 621 11 750 134 721 242 389 195 430 568 90 975 663 599 734 324 220 484 325 498 59 265 731 483 506 726 821 383 103 436 
5
292 739 44 260 631 984 608 976 10 160 444 747 286 384 692 842 295 930 53 271 
7
707 187 155 22 423 600 3 929 142 160 19 972 828 757 393 653 23 161 605 235 261 860 313 97 917 837 421 145 
6
123 2 958 525 396 949 422 449 385 435 365 629 790 637 598 279 184 607 904 975 534 761 586 44 
6
642 84 386 408 858 823 684 48 382 169 864 706 1 667 471 161 836 881 106 68 647 883 19 464 
4
614 51 314 560 236 434 612 745 34 138 893 656 597 653 703 854 
2
106 535 356 817 359 336 541 976 
8
83 64 338 784 587 757 31 754 978 486 889 96 768 810 961 148 997 814 282 295 41 745 964 763 938 256 566 289 544 320 945 736 
8
92 766 301 982 621 315 346 794 297 734 297 52 827 786 319 408 537 246 600 22 38 28 761 810 686 754 513 551 225 816 953 265 
12
628 887 368 689 529 907 628 217 365 979 464 680 894 772 734 176 626 240 66 280 638 579 614 817 105 225 164 903 204 609 252 129 973 493 976 679 180 312 200 591 433 800 847 363 503 991 614 547 
6
730 922 719 612 105 709 420 949 844 427 501 995 476 193 137 183 743 236 100 540 70 879 309 474 
5
106 634 881 375 739 596 504 932 239 73 682 788 401 374 498 279 627 616 622 532 
5
429 479 526 429 587 862 242 584 625 535 771 715 39 116 157 222 655 74 375 211 
6
29 401 246 227 304 793 207 114 962 337 243 379 702 181 259 959 858 14 254 623 575 710 819 2 
4
663 73 954 184 443 109 709 682 969 292 902 681 186 143 30 249 
12
984 69 594 378 328 149 731 184 218 892 734 791 568 460 124 507 469 936 481 397 527 118 222 140 103 165 522 249 752 81 553 641 904 426 629 241 447 627 823 208 565 709 84 786 594 626 689 578 
3
879 597 374 722 677 386 441 183 237 208 630 589 
3
338 192 205 381 244 444 842 702 995 332 218 890 
6
884 806 851 611 600 899 392 799 228 664 230 677 316 407 716 941 218 812 595 879 86 465 492 908 
7
237 99 618 766 964 865 167 452 871 872 939 680 573 351 243 854 192 17 833 595 279 815 28 403 381 338 107 170 
2
661 59 404 855 924 589 402 709 
9
975 756 653 883 643 887 571 997 909 252 901 485 655 986 767 907 918 608 612 67 813 921 190 333 742 62 616 704 813 666 606 755 498 742 621 820 
14
811 208 483 79 433 153 566 600 707 908 608 374 965 669 327 573 534 575 597 778 499 694 242 963 238 923 193 428 598 23 612 27 618 301 879 139 851 625 830 501 604 677 183 603 205 834 420 514 19 861 949 883 56 481 112 511 
13
338 62 921 821 274 997 326 470 582 716 37 330 609 242 778 136 702 495 680 477 305 702 935 574 64 771 504 88 365 791 710 214 394 151 281 382 625 220 826 207 702 17 632 842 791 523 122 689 899 608 82 179 
4
313 487 624 892 966 85 988 819 246 538 631 564 428 452 696 959 
3
467 95 626 181 274 806 289 872 919 993 689 303 
4
13 360 217 202 246 330 961 446 76 564 670 701 710 98 684 135 
11
147 691 93 891 29 808 77 913 203 629 367 531 291 725 350 962 217 271 142 177 697 929 426 973 569 843 489 62 339 281 787 881 17 69 756 665 208 642 368 447 504 842 24 601 
3
678 551 353 542 371 729 12 631 672 760 204 885 
9
81 971 228 601 576 292 678 335 474 715 871 461 531 78 787 391 795 699 117 69 709 505 815 508 404 946 463 624 968 350 379 532 426 57 808 946 
13
788 323 842 277 537 845 441 151 535 936 689 845 323 210 153 612 865 152 195 837 483 987 834 89 29 769 502 367 935 22 415 273 665 561 248 717 284 705 878 41 972 785 111 211 589 957 430 80 868 103 144 100 
4
845 946 956 546 913 864 854 132 481 847 137 749 536 532 4 573 
12
221 340 321 569 626 570 66 549 757 505 745 699 831 271 380 859 957 690 172 534 407 482 930 252 598 493 251 509 925 444 145 132 985 354 698 802 917 816 149 880 437 140 950 995 821 868 416 57 
9
613 471 331 6 57 85 659 560 622 788 368 745 851 444 950 696 388 15 930 701 200 289 51 726 380 769 7 363 270 482 633 219 684 110 934 577 
9
853 464 807 921 746 238 110 309 475 645 767 812 836 402 334 129 934 314 615 870 742 90 263 219 159 501 435 240 200 760 631 995 66 886 16 597 
10
633 762 605 261 798 614 456 302 663 807 679 272 877 633 573 974 967 474 270 562 74 875 546 808 669 969 881 685 69 689 56 727 798 847 287 827 997 538 224 635 
3
73 829 42 590 212 422 433 739 545 706 805 411 
7
652 31 112 55 124 681 868 849 846 203 432 448 910 921 298 355 25 268 643 553 922 936 254 203 166 452 317 337 
10
154 964 575 820 38 988 841 937 89 472 561 57 96 522 146 442 142 5 977 260 12 787 422 374 763 44 872 132 872 518 172 721 35 996 888 92 337 568 344 872 
10
517 319 90 297 334 778 348 798 814 646 720 817 374 357 791 243 718 857 807 677 239 73 107 245 658 373 808 293 201 185 421 518 367 360 514 85 353 153 513 636 
14
31 885 372 860 735 808 308 251 118 573 979 513 493 61 137 84 673 749 685 333 7 283 172 903 15 650 434 561 201 677 289 903 972 992 357 369 367 832 734 377 560 241 916 94 110 492 197 697 805 457 983 855 28 95 703 457 
10
518 971 651 739 331 140 954 481 384 10 489 714 527 261 44 975 395 887 303 306 445 477 211 539 593 436 406 802 263 72 662 135 749 663 594 148 759 584 460 780 
7
379 552 827 962 517 203 846 805 700 406 405 172 845 716 518 18 207 176 922 555 274 862 731 663 51 897 658 981 
17
292 339 116 641 760 512 609 75 437 99 470 33 901 78 770 936 40 499 766 296 801 322 995 182 639 277 832 984 529 613 993 530 540 927 269 462 175 229 489 739 616 978 363 175 675 750 171 475 269 410 968 155 927 943 432 105 882 779 894 124 515 92 817 878 195 512 306 914 
8
258 170 81 917 605 463 347 706 786 976 169 455 372 197 304 490 775 947 219 214 522 939 978 324 931 654 481 687 565 364 210 301 
19
447 71 143 172 317 856 145 620 335 533 245 996 622 195 986 44 585 617 909 70 80 535 137 296 700 112 611 11 149 964 114 857 699 248 440 286 899 121 797 197 669 817 28 858 469 385 366 716 866 709 613 956 442 556 960 545 67 589 444 908 44 792 487 195 399 365 403 798 933 783 805 3 610 347 170 457 
1
974 528 591 547 
9
659 4 683 214 147 880 839 714 157 12 568 356 901 243 804 145 921 673 432 681 295 777 547 664 30 658 416 769 332 148 940 178 917 825 311 180 
4
677 925 962 917 652 945 662 290 62 124 646 922 155 779 529 657 
11
33 18 511 926 583 737 824 487 126 725 111 576 314 689 443 4 620 34 119 993 203 736 537 466 911 479 801 152 892 659 364 943 29 630 657 12 43 112 412 286 872 869 539 86 
4
227 418 359 83 318 944 64 96 496 531 531 137 4 101 669 317 
4
721 773 123 957 214 653 835 860 680 565 517 150 356 478 630 923 
16
294 115 740 509 399 742 48 475 6 910 748 695 749 54 685 792 456 975 332 824 173 96 887 931 850 372 248 54 868 663 651 883 607 484 749 895 287 550 108 211 398 154 602 847 908 491 685 346 959 227 536 160 135 891 514 678 791 889 918 590 112 31 412 385 
5
740 372 537 217 74 327 572 438 873 501 637 595 667 872 47 113 219 978 833 243 
1
616 317 467 509 
8
67 915 18 206 973 874 872 928 40 98 335 127 249 498 173 759 930 129 514 910 275 852 654 724 789 389 583 256 541 13 429 937 
10
812 131 949 970 667 692 513 524 651 883 564 575 752 253 865 87 397 57 91 146 820 905 374 865 146 520 975 434 196 561 693 680 871 357 293 29 262 385 246 208 
11
113 119 35 886 480 345 996 941 947 349 152 267 97 428 474 199 645 462 774 260 698 961 291 15 105 665 755 351 700 383 235 993 46 949 794 83 495 369 733 174 660 67 395 288 
5
200 842 685 745 789 378 169 407 423 890 178 770 510 457 818 769 192 986 875 398 
16
853 714 397 587 919 184 741 914 902 215 767 981 496 773 259 792 309 7 364 129 542 131 714 505 468 941 770 123 924 570 485 651 849 853 949 444 453 942 298 17 762 364 833 170 783 737 31 250 756 334 64 866 347 307 114 809 537 96 579 380 980 558 15 724 
13
36 66 145 644 292 821 146 812 533 75 76 21 710 320 736 171 762 319 799 732 582 879 716 181 137 729 629 547 512 458 736 914 890 281 383 64 614 521 749 259 325 475 686 332 44 168 291 985 811 380 703 952 
14
50 983 517 274 296 805 409 593 400 876 422 712 825 456 252 594 358 396 150 449 398 545 3 695 667 496 300 852 90 713 859 99 617 421 974 624 636 647 405 657 621 839 320 906 577 644 171 813 160 43 230 536 513 20 84 55 
7
897 140 947 328 324 172 867 118 311 558 817 726 123 403 800 185 450 605 461 47 705 6 611 668 538 653 403 604 
21
179 58 444 195 234 264 970 929 876 909 851 819 779 485 819 33 741 355 479 227 987 537 992 42 113 34 839 231 405 561 706 969 173 171 610 206 820 624 847 203 288 274 547 891 919 175 697 831 999 963 687 749 211 391 69 452 265 348 316 318 428 659 494 809 390 122 954 540 44 561 36 799 434 684 710 626 481 483 397 605 880 808 357 685 
12
684 855 510 415 787 911 312 423 920 724 239 529 884 65 620 167 43 72 877 725 370 539 163 507 138 723 688 624 110 722 944 430 295 627 874 625 496 868 635 72 167 18 716 671 483 9 788 679 
7
128 488 987 250 26 132 911 36 915 680 875 690 222 343 121 50 425 713 832 340 651 945 853 621 11 66 691 650 
22
95 528 312 566 569 106 341 584 793 340 335 209 164 313 844 890 615 172 638 988 597 588 487 644 434 988 225 96 553 755 948 907 352 380 476 297 483 171 521 95 22 963 492 900 84 312 803 414 122 721 948 285 686 549 425 883 567 903 27 759 933 800 154 540 858 686 448 89 139 139 811 327 663 988 213 202 866 224 843 280 153 457 756 484 26 541 991 423 
14
596 282 404 129 716 926 637 596 692 475 35 410 46 289 720 46 888 17 913 120 826 319 617 912 25 347 919 426 693 259 559 204 124 843 890 992 169 630 628 661 681 620 200 789 365 18 472 441 229 954 564 542 318 932 231 180 
6
50 149 405 518 954 6 391 460 602 293 985 984 658 71 481 827 24 586 715 10 889 892 682 899 
11
301 46 248 217 704 226 167 857 576 310 298 778 277 245 434 775 498 263 275 569 869 648 583 329 43 652 376 445 218 593 495 958 983 627 842 700 215 63 952 401 172 142 89 618 
15
932 600 13 381 978 391 185 453 3 595 555 668 293 592 4 41 450 617 838 906 160 398 83 776 747 272 605 766 947 534 859 496 892 56 651 682 599 939 203 324 247 859 406 527 511 866 124 151 263 243 716 434 835 941 278 969 107 422 339 338 
20
246 411 715 825 829 307 209 654 651 285 745 930 126 920 877 176 19 803 338 647 550 277 974 422 409 206 678 446 916 901 341 347 663 87 82 35 41 589 825 502 745 125 96 706 418 541 642 726 303 164 325 914 556 841 654 938 721 999 803 851 820 57 869 880 182 176 774 70 12 759 90 540 229 511 838 227 119 213 802 358 
11
888 969 825 900 683 121 94 236 969 729 598 996 105 890 237 108 133 484 136 601 869 386 914 86 787 454 722 171 544 456 624 224 252 936 421 198 634 614 198 78 956 940 356 174 
20
6 323 583 915 831 780 290 232 97 214 841 606 121 161 37 85 372 866 218 34 731 889 225 370 252 829 852 614 790 220 4 117 874 662 544 645 363 253 892 646 932 974 830 369 310 238 231 498 247 633 231 288 98 300 499 29 657 477 793 966 704 442 905 455 379 124 477 785 255 920 53 905 490 969 129 890 152 674 332 830 
1
821 655 48 574 
22
929 76 786 971 126 463 948 816 721 760 816 270 457 162 56 576 698 678 303 735 159 517 604 156 413 471 610 451 173 954 562 553 424 695 273 875 141 401 250 791 723 506 892 352 90 191 851 859 833 792 967 908 177 983 200 187 124 836 15 567 395 521 320 377 291 789 250 967 278 186 98 432 708 32 646 186 273 413 581 980 14 838 434 349 581 615 196 551 
13
921 222 591 124 103 671 34 500 616 614 57 543 528 378 643 915 44 232 633 984 303 244 691 365 309 7 523 54 950 751 33 688 968 796 344 303 1 777 698 208 852 866 491 306 219 696 9 657 234 762 750 259 
8
496 121 250 2 91 122 109 722 556 140 364 230 198 38 24 907 894 187 289 538 113 942 566 39 109 26 340 670 106 518 138 347 
26
742 478 278 15 979 591 258 191 328 290 655 399 679 135 152 469 583 113 19 687 824 736 496 907 357 534 494 862 353 968 134 288 954 910 384 791 946 152 239 693 842 846 572 127 94 713 140 472 837 840 617 442 867 226 406 121 846 670 519 693 519 551 923 842 62 558 678 646 84 80 837 707 295 831 804 351 545 689 637 439 790 405 716 718 840 179 313 519 11 286 673 880 204 925 449 545 654 269 587 711 474 142 853 895 
21
810 720 557 129 716 443 141 789 535 415 822 934 760 221 921 309 551 538 907 328 841 454 194 518 449 335 805 997 344 652 482 900 216 318 70 124 123 120 541 827 627 950 700 810 562 102 601 931 600 241 34 664 976 921 997 11 302 43 847 327 74 93 904 985 876 384 168 155 863 976 755 457 292 188 381 769 22 325 223 242 173 542 963 255 
16
343 804 90 237 555 127 561 649 194 124 609 885 911 678 233 434 914 844 421 411 62 150 32 770 614 837 836 856 545 898 32 531 298 22 697 743 294 722 616 832 502 706 132 498 620 424 589 885 515 809 554 680 380 427 12 631 742 623 797 512 15 676 916 704 
17
908 105 471 720 733 668 250 166 545 521 365 862 676 446 30 749 279 134 141 348 676 48 197 613 690 904 284 161 619 772 981 882 311 102 889 542 774 955 236 4 519 739 531 556 660 792 492 946 413 272 606 756 296 289 875 39 600 426 203 112 145 505 275 277 851 868 873 419 
16
648 384 180 151 997 92 614 982 727 911 585 913 892 904 71 668 635 29 856 951 779 266 846 259 306 321 483 927 324 815 615 262 957 811 952 932 52 923 490 737 173 1 938 766 991 692 251 281 188 564 904 885 636 324 360 358 791 696 579 324 584 544 277 211 
24
427 574 8 940 397 705 645 231 577 188 869 262 449 819 853 231 314 183 792 970 751 777 458 703 637 250 904 121 910 763 479 964 442 59 787 180 349 614 190 679 403 895 329 111 301 331 443 862 155 820 634 878 517 206 963 91 100 242 882 674 282 183 487 114 836 46 429 12 194 906 699 192 476 910 779 622 360 681 698 655 656 562 856 39 591 159 968 254 950 472 484 3 678 700 682 919 
24
387 844 441 436 921 947 776 283 477 358 969 867 714 548 610 253 804 144 939 809 748 59 952 719 635 350 347 167 870 926 453 94 795 220 252 801 721 682 27 538 500 629 386 290 716 616 693 669 577 696 299 749 41 798 427 245 735 802 301 687 299 43 30 428 466 521 272 223 45 539 241 174 578 554 45 258 785 689 503 439 640 263 851 537 849 85 809 149 334 873 25 390 4 867 305 318 
18
550 162 781 194 100 567 370 586 467 959 185 416 722 724 526 3 317 87 555 623 937 288 143 848 822 196 383 620 117 520 128 784 450 748 872 81 948 30 290 570 60 534 836 266 711 675 277 705 484 2 951 143 750 612 594 777 172 241 776 631 479 685 547 447 644 189 187 968 671 812 452 503 
12
644 31 543 336 726 528 357 907 79 84 533 806 223 38 361 570 287 272 894 473 180 809 763 888 994 70 806 391 290 333 695 948 403 715 216 419 178 988 994 718 994 910 819 771 199 122 613 38 
2
115 965 98 639 801 833 440 396 
27
945 600 75 824 484 659 851 705 144 510 474 796 772 567 281 171 256 622 739 267 711 510 196 241 175 359 348 869 356 854 499 106 8 52 720 344 696 209 719 289 734 635 319 895 272 34 649 445 758 735 30 734 421 920 837 943 780 973 242 910 283 47 601 384 888 487 995 598 280 394 437 727 946 142 359 753 126 277 364 850 980 907 638 534 551 889 427 119 845 284 321 543 499 492 294 504 88 968 959 115 65 452 766 626 563 820 997 653 
28
458 956 483 725 945 845 341 234 651 222 122 807 695 280 168 32 702 85 987 88 676 843 8 127 266 954 658 231 157 146 843 894 54 530 362 746 101 825 724 494 499 835 569 597 469 46 156 397 892 182 671 816 906 68 999 689 888 439 961 746 315 4 119 876 530 366 67 235 473 25 180 30 534 417 561 996 889 774 281 632 990 716 266 340 483 35 69 114 337 327 777 111 828 763 912 543 796 808 25 236 438 28 826 536 78 199 18 579 268 565 862 535 
15
302 541 176 480 822 229 159 860 603 243 54 806 555 695 418 609 74 652 283 690 691 69 913 422 815 303 541 402 922 488 344 27 37 552 275 116 552 226 845 304 82 420 866 52 567 965 797 910 384 385 581 237 910 446 896 481 764 71 436 685 
7
191 517 715 212 215 638 411 253 801 950 979 489 991 239 471 616 351 362 684 977 140 303 654 236 495 740 75 235 
12
203 244 711 853 875 973 98 197 493 502 971 165 532 194 514 689 704 793 321 861 931 5 817 897 919 850 325 706 68 95 875 642 753 277 715 923 404 481 686 991 397 580 274 329 636 310 5 709 
20
316 331 408 206 212 387 929 2 16 795 396 935 522 879 824 549 908 732 508 666 724 377 907 993 728 156 794 563 47 964 791 504 511 284 741 847 560 29 592 133 865 731 885 382 870 906 234 98 152 831 668 700 773 314 615 835 343 498 888 177 547 707 903 809 462 795 95 935 62 20 619 228 514 997 11 805 583 432 281 114 
17
731 737 157 560 949 85 868 522 186 599 868 347 652 849 240 642 501 867 230 31 746 856 494 463 207 164 467 394 511 468 225 349 964 903 176 450 199 867 374 184 481 372 270 985 257 949 166 259 841 120 328 903 249 448 220 49 555 864 707 45 470 237 785 148 502 900 667 542 
12
655 600 308 979 618 184 634 693 969 907 799 252 665 823 832 522 699 63 924 355 329 994 376 7 958 416 881 435 61 494 552 981 760 989 148 353 66 397 254 194 949 284 336 842 336 14 959 478 
28
151 342 26 682 494 637 13 472 648 986 133 531 257 175 137 646 671 779 384 582 462 932 129 368 962 231 449 998 501 985 240 670 170 736 876 81 504 193 291 909 306 538 290 448 987 497 400 75 369 195 17 299 404 690 74 791 139 302 340 272 102 871 868 721 342 971 972 454 879 161 192 890 255 69 143 26 212 822 719 831 741 363 990 680 14 828 602 508 984 392 737 501 958 826 868 245 394 448 488 653 290 67 267 695 309 71 145 408 910 335 366 705 
16
832 824 2 400 432 332 33 9 989 121 476 529 54 553 637 879 866 486 960 814 745 843 677 909 809 856 233 866 309 50 943 461 981 125 149 506 984 272 149 305 900 549 859 609 861 64 536 645 714 289 263 414 270 70 716 56 975 316 251 24 906 740 251 468 
20
840 441 29 624 447 680 657 740 926 686 582 727 88 800 561 132 253 899 830 453 399 360 142 628 566 518 532 409 93 983 421 138 632 93 598 508 461 111 374 878 771 474 876 525 100 714 113 294 699 493 148 982 656 383 454 841 15 877 602 749 507 546 384 490 394 159 938 340 983 654 159 397 800 953 379 358 648 285 684 724 
16
812 630 376 945 770 10 954 485 395 899 217 400 754 620 526 355 984 78 242 233 851 744 343 497 827 944 443 791 713 155 398 348 860 835 346 178 781 519 256 729 177 482 534 814 771 679 279 246 39 999 936 754 274 836 330 351 417 931 506 766 603 898 841 52 
20
127 482 3 994 50 165 571 649 408 556 956 412 471 780 144 277 112 572 37 421 508 866 161 883 717 563 536 261 459 412 261 36 93 112 300 423 314 551 87 573 938 56 524 824 791 653 330 442 475 953 159 920 48 691 801 676 763 363 766 683 816 379 630 825 18 764 298 507 943 684 356 81 227 752 15 247 988 981 131 532 
3
791 924 829 709 388 591 668 981 838 633 197 68 
13
975 184 139 407 550 708 989 573 534 333 397 664 992 513 519 636 454 487 944 968 505 664 530 293 835 79 911 306 319 800 292 914 461 781 128 664 291 976 502 598 770 166 938 197 392 746 523 921 670 204 775 1 
8
77 197 240 257 131 209 334 809 208 189 535 795 624 855 948 899 592 57 281 273 426 78 978 726 46 220 149 133 796 405 24 883 
9
379 338 355 73 440 907 693 814 583 456 292 482 182 147 552 717 442 932 424 590 133 845 892 517 999 834 840 864 588 206 330 830 744 466 758 372 
19
17 882 842 91 522 852 947 501 131 261 990 787 494 464 139 519 158 190 729 681 174 702 13 50 662 468 974 363 25 717 947 904 703 680 70 40 923 173 492 251 769 633 221 969 182 617 888 3 38 950 234 168 543 748 39 235 161 136 68 991 967 320 693 649 986 884 591 183 316 512 546 12 451 177 259 874 
12
825 754 235 974 967 920 98 540 522 897 282 430 575 916 156 138 167 487 991 541 831 378 894 251 501 190 97 298 44 341 824 492 43 636 355 365 259 996 634 734 573 25 939 230 761 245 196 241 
26
622 687 611 352 533 587 960 140 390 65 706 114 175 114 9 854 579 377 642 679 880 584 137 861 411 764 281 683 544 377 422 927 756 922 692 511 602 351 708 316 971 826 129 837 151 822 603 686 992 735 522 341 407 846 350 98 605 533 469 938 858 399 639 154 895 630 349 757 258 924 485 440 65 80 963 959 235 388 46 129 491 812 495 26 290 757 214 311 28 89 818 48 158 448 366 788 387 658 257 768 614 220 462 903 
23
212 74 793 914 380 903 841 286 501 253 381 261 426 746 393 225 225 877 21 831 301 89 831 548 95 336 763 323 318 780 989 578 245 251 779 233 808 915 48 853 782 630 241 337 313 510 131 547 906 585 70 84 192 681 177 498 871 550 387 856 228 601 5 315 645 404 903 808 576 527 157 453 979 658 726 778 369 450 598 539 543 949 581 895 753 226 312 644 787 610 981 183 
27
702 907 639 649 906 706 37 85 178 803 895 903 307 109 589 342 647 401 332 668 934 20 656 841 752 738 660 935 978 851 216 678 205 635 295 315 69 612 500 152 173 528 571 686 746 917 192 17 134 966 564 935 310 752 296 302 733 588 698 157 428 919 311 134 448 503 450 794 260 806 829 875 813 144 167 657 583 200 637 961 494 31 744 592 920 613 70 46 562 783 841 7 338 128 263 618 212 341 895 333 943 828 657 301 443 971 147 742 
23
158 995 291 228 833 224 719 726 85 337 811 271 977 835 31 402 843 932 232 541 912 53 792 603 420 785 339 782 57 205 155 673 976 958 34 708 19 312 540 379 140 859 597 464 906 814 81 471 609 184 418 881 547 21 492 514 360 738 963 294 86 46 179 66 726 874 468 253 778 344 727 464 647 811 567 209 356 388 868 889 598 997 505 724 906 80 351 201 416 141 562 655 
21
475 743 542 961 136 836 62 414 450 665 937 940 927 445 463 915 274 230 127 778 859 965 966 965 260 428 874 570 363 529 85 634 570 457 478 620 3 324 314 834 582 983 970 666 458 76 738 340 365 638 832 720 500 188 574 124 698 815 612 83 746 555 899 588 653 607 569 99 448 984 397 293 241 920 680 702 696 1 263 314 785 693 53 345 
14
901 374 554 531 761 143 94 37 402 483 381 624 807 49 413 576 634 511 457 794 621 472 498 22 785 806 658 435 278 610 739 747 141 484 121 805 754 363 677 818 120 389 784 732 511 156 119 712 848 469 714 504 206 235 348 136 
7
260 319 460 690 435 530 696 502 838 663 381 714 331 504 666 382 408 356 131 54 258 287 902 760 715 603 443 736 
16
62 594 786 985 929 116 973 400 99 961 202 150 330 296 535 923 197 726 200 252 502 435 663 184 724 860 540 743 564 667 576 515 118 722 326 492 698 106 184 710 387 593 910 720 136 651 105 948 776 894 289 293 644 977 435 831 405 121 695 3 133 979 494 691 
5
11 793 694 475 21 238 891 514 212 191 965 10 80 78 403 435 900 368 667 180 
25
850 267 316 817 294 843 727 360 852 479 673 599 501 408 215 21 247 19 100 282 902 13 654 511 483 255 435 47 842 722 643 86 383 472 961 136 578 121 59 880 604 489 450 525 37 540 807 938 128 675 983 687 288 359 181 511 540 809 380 249 454 779 245 55 594 99 724 865 769 428 171 693 423 182 369 152 474 498 948 191 379 571 610 678 581 83 856 333 234 552 425 629 534 884 850 619 855 635 419 807 
3
946 435 791 958 250 639 214 777 594 645 399 559 
31
271 406 292 220 48 836 122 735 623 673 633 342 459 584 181 736 674 732 924 84 84 5 631 135 512 805 822 582 57 91 209 569 373 702 492 565 273 416 220 556 586 569 440 615 575 594 492 448 853 523 316 189 494 121 895 211 171 139 694 349 590 842 468 754 672 917 618 438 643 808 577 927 271 733 543 426 259 526 777 571 334 359 290 162 184 34 540 525 603 974 738 40 431 940 433 746 161 410 637 773 197 434 512 366 823 967 948 496 295 716 249 880 911 479 717 122 131 984 500 607 697 586 952 359 
2
226 458 694 38 365 125 894 284 
16
797 525 842 463 71 230 125 848 957 902 904 650 282 760 908 778 386 163 94 60 714 545 584 726 785 943 657 564 235 466 683 907 231 495 787 205 416 878 359 812 997 531 633 935 632 529 173 184 188 384 564 807 556 958 378 539 240 723 74 370 577 735 526 243 
15
288 417 708 462 685 22 552 712 782 48 349 389 700 17 607 759 30 131 708 332 139 799 79 450 870 587 78 43 257 346 77 938 599 636 417 211 885 688 614 384 889 845 237 377 323 650 218 273 459 204 748 217 526 586 131 996 221 334 343 387 
1
637 205 457 247 
30
646 327 37 487 708 693 733 200 645 809 480 755 594 441 904 38 509 242 799 813 895 431 205 853 423 630 900 613 958 98 931 35 261 977 494 360 935 336 641 125 268 260 685 33 442 79 795 193 998 618 601 166 843 414 174 291 514 816 662 321 826 701 402 490 398 584 471 553 365 813 70 239 382 158 880 279 882 403 560 166 359 792 44 438 453 918 900 161 135 600 660 62 392 398 701 368 955 61 170 663 613 409 240 372 445 291 982 824 739 942 883 505 341 920 592 659 925 856 760 187 
2
885 122 430 198 983 91 88 347 
28
543 648 755 727 772 631 110 470 915 717 493 264 606 527 876 428 514 961 14 761 814 431 974 404 319 960 242 730 982 275 761 345 739 66 573 184 317 835 990 988 869 39 538 603 234 497 68 385 220 235 944 573 375 384 215 334 675 72 864 799 627 446 827 360 561 250 620 738 730 994 371 645 180 296 115 795 997 85 897 877 881 254 658 93 823 785 585 85 232 78 311 982 769 523 562 447 217 500 660 101 158 808 596 488 582 751 71 817 506 441 11 584 
11
926 286 667 17 946 388 816 165 968 466 789 315 476 99 985 357 464 248 664 925 849 392 606 920 289 993 438 774 400 144 913 226 539 363 633 169 236 913 829 135 584 420 608 80 
3
508 608 699 189 289 73 643 882 465 624 411 777 
24
185 210 241 488 899 621 487 189 450 576 115 162 508 358 573 153 399 291 173 864 915 826 432 470 128 653 426 911 318 396 11 737 799 125 125 982 155 705 51 896 321 650 493 959 950 155 514 936 834 586 242 494 821 766 666 105 505 290 591 339 4 904 394 236 465 760 968 675 805 902 68 223 313 943 981 167 889 259 287 917 433 942 273 658 515 813 713 392 757 214 330 282 581 167 512 433 
19
442 957 505 828 891 459 960 50 342 415 527 131 244 570 172 738 880 816 399 968 839 272 542 804 838 388 143 897 882 102 375 373 984 779 855 76 757 369 140 581 593 982 425 669 757 347 479 986 475 445 48 438 947 429 937 510 973 609 315 646 482 518 520 794 114 477 486 344 568 804 273 575 847 392 727 334 
35
814 711 321 179 186 110 977 193 737 218 685 915 673 139 226 150 891 832 16 745 276 407 708 714 213 294 695 737 336 224 148 414 753 300 810 721 39 827 763 827 649 40 899 962 714 991 48 661 940 129 890 909 890 806 379 747 497 674 899 73 675 270 258 990 104 8 220 977 241 49 549 572 72 880 156 162 545 24 249 494 62 726 630 186 694 187 80 335 108 460 37 504 383 627 462 965 791 541 659 46 861 413 595 79 693 117 280 294 305 605 326 60 373 317 545 27 985 806 964 885 615 316 105 571 990 454 956 791 210 89 419 35 198 938 213 604 856 125 360 527 
1
109 258 876 535 
27
157 814 712 373 99 798 665 225 785 729 177 877 876 858 689 202 450 671 721 182 361 816 292 291 534 384 892 846 706 142 889 121 544 657 957 452 65 207 31 271 996 112 13 512 203 389 807 617 473 97 175 910 908 210 376 664 564 50 463 382 906 792 818 671 319 459 670 855 804 430 196 644 932 881 984 189 28 746 325 283 416 880 499 459 160 239 338 513 185 501 862 30 492 41 484 222 963 385 637 464 922 666 936 565 405 662 940 807 
7
97 328 183 631 69 808 600 458 344 28 172 678 820 850 6 172 89 356 313 325 887 827 800 565 573 856 128 737 
12
114 645 184 479 959 875 120 221 594 148 426 681 210 972 67 81 330 789 349 634 968 8 124 338 489 207 251 580 175 458 547 514 867 636 683 961 635 755 733 308 813 59 167 538 563 60 451 962 
8
965 836 47 295 758 388 430 83 694 696 500 203 327 186 748 957 766 575 854 553 590 308 280 397 209 536 630 440 481 540 381 755 
8
435 568 421 517 354 251 633 217 59 707 369 940 324 92 87 612 295 728 257 821 948 537 327 228 964 734 395 245 294 690 154 180 
31
388 277 722 760 142 204 954 589 236 161 942 377 236 508 614 494 141 784 811 202 561 360 673 14 507 51 243 643 396 687 580 685 929 92 303 792 874 869 363 933 26 537 664 522 564 567 86 517 745 40 866 797 200 728 732 581 429 625 75 382 127 309 984 881 797 55 83 395 194 871 698 210 130 430 810 384 882 30 592 626 456 791 503 822 466 924 416 601 861 520 175 190 839 592 867 321 123 31 408 132 628 59 910 938 823 161 377 764 247 631 234 883 245 111 513 706 982 123 723 354 823 713 63 164 
17
64 519 164 738 895 556 755 340 977 682 944 898 963 191 23 356 828 946 181 993 691 130 838 684 400 792 926 395 556 583 68 573 367 25 795 925 261 254 95 715 903 981 964 849 921 704 835 930 961 347 772 215 496 459 188 870 660 141 240 313 814 493 958 140 175 242 860 778 
14
859 310 3 594 869 946 579 658 490 759 367 5 993 144 675 541 693 567 944 400 351 90 890 35 120 582 957 919 582 5 198 894 169 983 770 877 826 663 617 956 363 630 2 989 534 332 909 621 909 258 971 669 585 188 498 284 
35
445 329 423 972 485 171 142 472 759 67 894 334 778 888 201 312 369 132 783 648 640 562 802 139 91 706 575 155 895 104 209 934 792 51 192 45 881 845 889 45 222 480 476 555 402 137 559 98 56 26 367 633 111 722 407 196 303 406 705 85 812 681 341 221 528 687 838 170 344 454 679 58 588 661 704 423 769 378 341 315 329 878 579 16 41 612 877 46 835 786 936 303 328 799 699 915 835 683 228 695 582 961 31 761 6 868 452 904 65 338 807 325 733 931 74 730 112 72 601 140 222 995 739 164 861 181 848 516 223 581 376 379 28 618 60 920 875 681 501 613 
32
754 318 840 168 580 600 634 27 504 475 336 785 731 820 735 976 832 700 327 32 236 704 754 523 402 801 316 939 84 931 288 366 251 353 781 147 610 325 900 722 130 957 616 861 297 254 390 287 440 535 331 925 799 129 567 962 189 221 282 18 820 91 977 652 466 308 79 846 549 34 466 14 311 575 119 790 174 60 715 77 921 188 620 171 410 954 353 664 71 574 98 130 928 578 925 214 602 448 250 334 526 256 520 115 795 285 71 948 101 406 425 784 796 252 809 947 279 615 407 953 207 105 881 441 796 8 205 841 
24
687 488 403 230 673 316 822 493 785 278 9 320 220 881 845 643 401 835 217 873 990 902 363 332 780 730 165 446 200 807 769 940 711 404 25 86 253 820 308 680 958 431 411 24 388 339 466 891 917 989 242 159 610 682 76 493 592 895 137 169 358 279 268 206 76 15 478 190 664 214 717 426 101 287 796 208 710 123 749 866 768 383 764 312 224 773 253 736 712 745 26 651 162 53 404 529 
38
390 566 149 913 688 289 258 528 403 700 658 765 283 236 627 78 545 199 339 225 223 38 193 18 582 45 584 439 134 517 115 236 833 86 7 493 112 361 634 545 230 141 912 381 642 42 363 628 922 957 762 810 87 215 17 773 244 621 842 682 516 895 659 639 541 614 561 27 73 983 786 218 324 867 806 373 481 625 433 775 53 904 138 176 960 448 321 425 321 717 601 661 365 989 237 327 966 843 574 898 199 709 189 97 256 252 628 50 489 139 10 661 852 345 521 624 136 885 439 607 723 833 466 717 334 254 426 568 122 186 871 425 986 561 312 887 582 269 898 10 823 388 748 76 63 836 694 655 406 366 390 452 
24
232 462 358 752 456 744 224 147 797 368 937 978 444 76 610 723 508 181 122 709 100 386 20 173 105 22 247 509 659 590 531 58 824 972 999 395 493 357 958 847 880 100 69 808 37 834 510 239 179 751 720 511 351 166 711 285 978 344 370 556 492 272 571 279 902 255 202 282 798 697 594 525 172 581 75 875 361 987 656 678 76 113 74 383 457 514 891 370 841 666 910 955 431 869 886 463 
37
424 627 989 376 710 314 340 312 683 633 221 657 247 823 889 932 804 455 519 867 757 452 20 823 151 894 916 655 445 97 53 404 335 931 497 380 186 129 656 662 730 14 946 881 930 600 475 917 582 186 999 963 617 472 960 728 742 529 154 834 219 201 675 3 784 598 868 20 268 532 576 806 225 441 663 730 216 775 382 93 820 510 877 949 312 367 660 330 959 575 734 974 179 140 301 12 332 696 901 522 289 86 149 654 691 715 795 345 928 819 241 450 651 962 431 247 193 273 963 572 745 441 66 146 567 142 271 719 566 55 986 362 723 465 925 148 549 911 265 364 737 82 96 45 403 168 246 150 
7
499 332 827 654 227 809 953 225 925 838 117 946 115 477 568 229 890 680 817 841 609 888 572 263 700 869 803 288 
32
411 573 165 105 128 364 413 381 513 684 637 830 805 272 638 509 253 372 586 78 89 539 521 587 899 752 760 197 969 396 119 912 306 575 723 144 704 125 713 133 995 764 153 935 771 485 940 543 452 100 322 213 637 810 902 476 840 989 650 102 346 192 583 670 107 564 302 650 708 836 236 197 569 847 582 894 349 439 241 261 373 285 908 155 777 874 189 510 211 443 284 699 882 414 71 221 632 503 219 353 73 204 348 405 837 700 734 40 451 403 589 397 969 974 879 904 223 230 464 199 977 543 488 40 721 598 173 343 
6
468 280 56 41 515 221 976 365 173 777 756 280 373 844 632 266 35 560 774 441 134 443 601 302 
19
484 105 173 336 39 770 425 635 542 246 844 962 207 306 207 100 73 5 279 141 879 376 818 429 261 603 200 136 514 382 744 636 312 20 928 618 576 772 240 648 44 286 627 640 435 464 380 113 276 694 152 804 447 730 886 857 867 937 607 8 618 199 873 337 325 901 898 127 635 182 512 111 282 127 549 172 
35
955 220 614 740 27 116 783 453 353 20 644 687 861 348 21 8 502 450 458 188 584 27 764 925 361 62 599 586 460 849 868 433 265 421 770 745 147 974 449 376 188 607 583 51 859 432 37 87 821 930 931 819 91 979 918 638 735 262 662 868 520 375 199 286 439 433 990 669 626 472 52 946 893 587 65 342 501 299 460 359 829 85 971 810 269 456 543 845 584 648 149 993 647 374 18 225 197 975 320 115 728 907 210 790 552 259 462 413 612 108 756 366 729 786 849 176 371 984 489 995 927 203 453 980 511 26 374 77 972 841 561 336 220 343 856 811 249 106 325 144 
7
178 333 777 12 869 959 270 223 535 271 361 11 179 731 367 850 175 265 334 748 807 546 179 518 87 496 39 140 
36
864 696 251 478 412 178 93 740 997 523 381 915 770 163 992 415 394 59 867 69 449 571 33 98 583 855 238 699 34 25 940 55 39 751 266 791 31 261 679 146 736 576 974 328 842 876 696 147 451 248 364 849 574 15 116 519 125 622 308 853 475 184 295 890 841 449 206 200 531 453 678 260 608 456 184 855 193 209 299 470 329 674 885 923 938 447 572 253 416 822 708 316 575 113 202 223 899 7 500 588 897 328 228 646 598 195 78 895 928 708 222 189 209 395 912 754 552 177 75 981 22 169 35 236 530 98 68 568 717 371 385 740 931 205 630 467 183 690 898 147 758 982 792 651 
13
37 62 715 519 473 265 969 724 958 503 960 536 658 857 286 867 949 252 223 85 395 72 433 513 456 333 207 832 56 509 327 601 514 111 237 231 551 999 526 911 353 627 474 356 676 765 153 7 417 573 354 468 
4
745 134 103 296 168 843 448 418 713 156 537 651 233 512 765 879 
20
418 592 775 10 669 4 434 536 559 888 861 515 852 999 353 104 85 573 807 15 205 840 202 719 697 860 73 996 707 698 179 119 146 653 930 727 187 273 620 256 535 609 130 236 253 649 837 149 601 196 495 700 308 177 864 693 224 155 140 744 528 979 667 946 998 493 388 932 598 456 245 193 648 848 13 193 936 360 170 383 
39
195 431 990 991 789 837 916 649 894 418 313 65 625 702 786 831 224 133 872 502 463 523 363 276 318 854 652 76 607 411 209 139 382 734 844 552 251 734 203 284 837 772 223 457 662 256 580 576 34 136 703 81 517 983 442 452 317 333 833 477 282 459 703 497 707 469 62 905 143 927 573 835 868 40 340 49 552 504 804 688 495 47 383 93 8 914 479 309 28 881 136 558 432 774 421 729 912 496 740 916 851 586 217 777 641 735 670 298 338 891 227 620 754 589 738 125 616 893 404 257 205 217 822 361 574 235 842 234 373 501 590 640 832 143 442 95 788 656 517 879 920 478 65 673 247 56 354 700 159 537 132 42 189 562 967 309 
22
972 349 782 520 311 470 347 690 775 721 770 866 225 114 305 702 822 767 502 118 329 541 355 554 152 377 219 979 430 303 721 444 325 997 59 241 254 453 129 626 311 235 293 468 920 666 304 189 802 529 171 822 192 916 279 33 763 187 335 741 456 932 705 776 572 578 217 222 211 123 29 262 192 882 222 151 80 435 909 305 198 119 326 380 675 230 393 286 
28
482 714 865 252 334 730 652 537 433 596 317 39 892 745 786 475 567 191 716 71 420 509 105 905 186 911 492 400 404 321 606 473 346 754 500 115 348 431 494 874 581 357 595 417 550 356 915 86 316 80 39 497 610 739 160 393 979 532 164 576 215 158 185 792 701 190 396 511 932 88 251 889 771 761 156 613 417 617 929 849 370 660 899 846 18 765 920 698 764 468 688 664 276 574 362 926 441 657 135 759 981 55 531 443 530 903 505 82 990 356 480 485 
18
882 91 59 914 902 411 378 781 498 391 704 844 831 12 640 59 224 237 375 721 939 68 128 700 58 562 729 238 355 474 910 902 791 835 506 214 722 692 130 392 933 407 352 774 825 745 336 459 994 831 950 247 684 210 238 84 456 401 222 968 217 657 873 859 6 989 649 765 33 919 368 278 
10
549 74 868 335 934 703 814 937 15 937 311 966 336 854 847 890 515 515 810 472 58 66 595 11 251 581 945 634 31 453 374 936 273 262 83 923 26 105 778 822 
30
570 22 744 446 320 893 322 302 358 357 392 918 973 218 703 435 42 410 657 886 349 619 592 949 82 359 77 665 108 392 421 417 359 595 947 453 915 662 148 84 776 815 290 968 267 497 73 108 45 94 292 600 874 966 682 260 995 587 325 278 313 250 713 60 97 587 656 20 790 187 725 263 65 331 586 676 352 815 824 105 527 820 665 664 185 753 948 252 697 459 451 700 667 518 866 210 567 856 364 461 502 332 259 998 876 499 604 880 767 255 938 48 693 713 506 789 828 756 82 818 
26
802 670 755 949 543 478 265 956 330 900 358 689 32 965 897 285 31 673 707 680 411 432 653 559 72 997 231 447 398 233 570 282 236 45 471 840 837 509 505 934 623 453 479 520 79 371 400 713 434 458 593 227 227 46 442 683 31 717 971 746 43 409 160 614 560 991 187 595 351 842 725 139 411 450 893 286 692 960 2 457 788 321 757 663 534 153 157 150 324 73 809 781 961 318 86 251 796 130 341 601 50 502 633 594 
33
695 912 739 497 480 700 942 736 99 674 816 499 739 296 363 765 552 443 971 340 279 395 816 396 639 357 180 874 114 839 602 702 497 849 326 125 286 204 773 526 744 793 39 637 263 613 289 702 527 209 534 514 695 911 433 364 525 201 183 839 164 482 948 670 911 637 120 327 783 977 522 823 769 604 873 135 388 250 929 287 935 375 878 162 913 558 154 336 703 998 323 719 213 766 181 198 299 650 409 142 756 306 928 620 24 815 190 878 311 456 883 96 231 894 248 803 2 665 185 682 377 657 425 261 709 918 51 736 776 967 332 705 
19
842 283 52 136 782 501 65 244 731 881 868 35 613 921 655 126 930 722 796 935 420 646 607 216 526 154 647 792 758 822 110 809 976 242 832 409 876 435 712 450 392 202 604 509 125 120 485 526 493 733 219 495 684 720 910 373 46 94 827 653 918 346 752 847 568 729 267 158 510 223 619 289 443 518 521 751 
10
634 141 655 708 944 469 551 423 607 912 454 529 559 61 991 492 78 8 895 723 215 306 869 177 757 434 664 956 769 704 147 568 598 620 211 466 176 407 578 962 
31
574 950 535 977 185 789 663 37 963 422 133 785 254 684 146 236 978 172 684 258 124 967 972 908 778 394 807 563 900 805 361 563 203 13 266 500 212 730 830 670 363 191 112 186 44 583 297 978 273 377 945 661 745 894 787 146 808 718 149 302 181 976 974 926 522 941 674 810 217 656 230 69 593 971 269 548 378 614 195 801 522 332 349 437 889 48 230 809 278 138 944 403 948 869 135 113 669 38 815 176 727 746 838 666 538 709 12 382 418 195 937 718 800 371 166 664 156 972 571 221 802 893 79 752 
14
124 797 591 262 358 155 262 273 905 4 586 950 189 79 117 991 283 244 519 787 13 335 362 435 146 397 353 783 317 220 476 15 830 755 705 869 875 720 938 809 177 174 314 867 31 969 767 768 765 949 994 462 322 880 880 638 
33
825 122 796 574 61 169 140 682 138 483 232 840 228 41 892 44 38 704 129 930 235 315 80 528 319 223 442 307 47 493 344 325 631 708 847 629 400 830 127 320 986 496 600 39 600 229 929 609 439 385 648 806 603 700 758 513 179 843 205 484 811 48 708 579 234 577 449 719 485 347 219 673 768 157 588 935 738 745 46 942 423 744 604 921 373 195 793 50 339 244 669 806 605 834 420 652 329 125 38 201 123 721 56 443 729 129 18 634 966 173 429 457 822 813 607 788 896 528 814 51 751 313 947 877 685 850 295 233 957 887 857 539 
34
383 481 199 764 459 427 636 901 448 557 732 355 37 394 508 686 568 641 383 983 641 507 8 442 886 496 279 53 230 686 92 885 605 57 170 108 236 161 623 59 662 591 420 58 123 792 975 803 405 785 950 876 378 456 992 881 816 324 328 377 137 523 179 112 831 454 547 737 670 132 761 236 120 318 881 994 137 779 267 525 973 687 113 984 871 750 144 279 211 256 14 278 214 213 252 143 955 590 104 302 263 206 401 275 61 16 709 967 579 457 807 344 449 824 129 845 875 258 462 536 12 655 357 169 492 217 17 68 820 569 657 194 641 609 139 138 
13
218 836 863 642 503 820 859 562 891 134 48 236 78 529 217 692 427 359 975 698 865 219 834 299 760 292 399 679 598 795 325 349 566 303 45 395 145 766 10 365 295 684 520 119 411 717 444 827 653 955 812 10 
36
839 262 748 667 321 92 860 551 283 917 677 520 826 774 589 742 925 625 947 286 956 301 932 29 35 214 661 156 134 975 531 408 684 756 694 601 571 559 357 953 258 684 163 260 33 393 669 615 793 528 373 886 937 158 233 402 658 423 320 185 106 881 151 336 136 538 486 195 927 961 368 681 725 345 709 579 268 501 398 851 592 972 910 799 304 176 977 249 554 689 374 34 360 998 111 625 984 289 887 581 343 95 435 62 106 546 297 81 243 918 213 481 581 850 639 651 729 431 31 927 863 905 354 139 938 164 285 438 581 555 412 867 572 180 221 375 145 144 69 29 255 74 276 103 
22
739 852 139 342 987 927 994 432 727 328 393 486 494 771 87 289 595 53 681 853 91 170 554 108 7 907 143 77 138 486 85 851 506 479 438 322 629 594 700 667 904 685 569 876 382 696 546 422 854 186 904 73 173 985 749 382 628 629 752 294 905 549 402 748 344 28 213 553 835 909 187 73 796 580 31 227 111 132 182 507 624 539 139 81 450 406 724 17 
42
352 457 364 285 458 413 191 424 306 735 356 675 554 358 123 620 231 48 993 657 324 253 71 501 829 186 385 524 428 145 120 513 961 391 782 448 968 105 608 511 589 93 48 401 458 55 626 750 45 18 853 104 148 237 236 347 21 923 882 18 148 576 21 793 712 169 959 852 740 399 850 515 731 985 45 247 368 682 71 951 524 120 569 818 799 733 361 610 364 985 662 399 701 395 775 902 566 972 885 162 351 741 801 380 283 910 210 311 216 264 244 920 199 339 972 608 750 351 891 852 681 7 879 536 273 568 837 75 256 574 36 95 32 618 340 289 669 329 196 669 942 646 135 703 186 574 841 386 315 40 875 991 481 87 652 167 533 478 405 234 120 662 756 987 628 538 447 979 
5
848 148 797 26 395 609 503 45 634 171 223 997 90 985 296 79 860 290 257 685 
21
813 238 548 135 846 433 4 576 151 960 646 621 424 73 335 469 654 84 353 328 222 95 892 10 696 726 257 115 888 600 324 915 605 25 248 338 647 996 250 660 512 578 357 144 662 9 623 472 714 774 648 486 311 559 137 692 569 154 896 312 422 332 781 860 344 47 290 720 439 149 647 861 993 345 481 735 376 731 763 678 744 517 609 605 
16
880 572 937 525 408 85 789 227 647 6 394 61 72 983 368 464 882 7 742 186 429 121 783 712 854 698 967 751 917 721 231 415 174 265 189 851 374 409 829 470 110 108 431 813 505 587 357 671 774 991 152 531 951 799 539 350 719 925 667 63 69 144 744 602 
44
564 35 949 408 873 152 638 950 894 856 760 819 357 117 927 248 40 920 203 470 67 555 48 172 79 713 550 225 943 818 827 563 386 465 553 144 960 747 807 349 890 204 319 624 631 780 558 792 851 64 197 810 840 450 719 767 850 465 421 213 290 683 548 563 999 36 139 132 606 37 887 12 374 77 25 213 420 199 936 412 411 166 908 460 760 333 860 745 435 17 862 931 88 908 562 797 681 821 231 357 148 478 993 576 655 673 472 267 481 460 362 245 101 976 354 409 997 664 79 435 608 255 254 525 783 240 359 650 175 679 629 316 99 11 785 482 216 808 324 994 964 863 563 769 914 236 544 436 600 616 763 865 757 663 142 116 678 778 688 479 418 627 981 3 870 320 547 364 764 70 80 539 718 76 651 82 
34
495 913 449 727 898 60 91 875 352 207 745 346 924 396 523 417 63 772 84 945 412 454 982 669 771 986 559 127 886 186 251 450 868 768 492 231 188 600 38 952 750 939 489 892 774 989 572 50 211 902 629 194 517 695 427 739 178 765 622 990 659 906 184 454 790 343 58 558 159 584 83 659 925 987 48 391 868 70 297 126 295 330 47 102 86 593 666 574 694 863 591 892 450 323 896 539 165 466 728 326 2 839 713 68 974 702 38 389 575 74 352 907 612 133 360 69 863 134 176 81 494 945 794 625 352 520 350 551 158 59 478 442 305 94 361 388 
5
244 955 403 653 264 544 725 258 227 788 527 544 59 878 101 595 575 649 545 15 
21
667 786 183 138 663 354 35 89 765 907 820 29 247 975 719 285 339 51 15 478 89 360 441 42 525 940 623 131 601 584 850 457 899 597 495 473 190 579 271 369 54 786 858 769 11 285 733 359 529 810 101 359 263 551 136 671 759 233 376 275 112 475 27 188 85 354 725 491 223 287 840 187 608 912 385 561 469 672 377 528 605 657 281 99 
38
662 285 549 893 28 472 572 692 702 98 168 626 560 573 640 565 314 865 487 789 683 180 77 103 26 811 624 606 84 85 306 259 248 522 351 480 908 893 535 608 999 878 497 823 587 622 106 584 604 298 663 832 634 913 85 818 655 113 584 709 829 931 294 517 168 18 654 875 419 829 746 694 813 168 936 345 508 970 323 199 940 131 956 933 944 895 462 999 296 917 60 906 348 194 887 737 29 856 107 653 237 754 848 679 837 914 695 13 886 914 312 579 52 291 473 362 744 317 581 385 905 521 311 321 604 816 645 543 913 13 73 112 302 361 653 568 294 308 966 220 912 774 314 288 576 578 208 903 987 484 302 688 
7
262 538 614 201 653 315 174 900 737 950 799 666 935 72 614 545 729 424 254 577 759 486 229 592 705 516 948 855 
28
305 325 534 911 370 337 615 987 228 938 435 167 64 111 358 105 544 976 860 709 929 852 544 950 915 446 468 293 397 119 625 315 969 793 209 814 715 966 383 327 129 322 657 663 361 803 340 568 856 882 382 243 592 381 21 90 772 854 722 728 469 265 966 440 771 512 158 481 569 483 184 539 531 705 886 902 73 813 46 238 939 90 535 349 924 483 504 539 645 271 36 903 290 276 278 441 356 97 793 597 540 862 204 267 389 28 301 751 198 609 95 290 
28
782 437 628 918 50 901 559 810 787 711 407 526 216 973 888 186 233 67 309 157 981 801 898 319 960 151 432 214 79 270 694 753 125 393 359 294 312 110 693 795 608 703 960 873 908 184 841 31 809 388 473 885 587 439 887 838 352 23 949 487 455 124 421 701 875 416 992 505 849 183 186 296 738 143 642 191 458 659 760 995 7 207 239 344 308 609 648 382 755 338 241 949 730 579 899 700 979 233 978 695 815 588 38 277 987 217 492 914 59 773 367 353 
37
349 75 720 790 331 64 160 857 917 378 695 64 433 812 948 897 856 386 98 225 324 265 848 92 961 104 380 165 172 585 444 997 429 239 211 584 320 145 960 28 603 564 359 19 170 346 30 289 993 86 486 899 574 583 344 45 370 629 272 55 285 17 474 246 400 766 919 133 580 679 84 458 321 540 936 569 43 429 93 871 159 398 100 992 818 886 907 547 539 707 973 6 415 129 743 635 683 28 700 150 498 291 180 521 985 67 407 151 761 593 347 291 289 81 631 902 271 118 556 893 688 787 802 591 820 921 883 190 288 560 370 279 337 437 68 450 243 818 57 528 414 615 978 556 325 959 811 470 
35
538 747 532 737 486 810 46 979 483 392 867 728 631 862 709 94 760 859 489 671 53 312 415 911 785 950 819 192 936 313 154 944 440 476 887 449 806 722 245 470 66 28 294 829 465 465 98 420 272 542 940 969 88 733 310 632 917 262 322 581 129 828 74 662 918 844 540 150 126 472 82 321 933 601 808 202 92 241 902 616 729 746 801 649 637 874 455 654 757 894 722 73 804 370 502 572 256 455 444 448 753 240 474 123 626 732 683 744 656 769 651 453 339 865 837 14 244 486 513 702 412 555 890 597 204 873 939 894 899 486 877 819 247 495 731 906 429 614 263 424 
43
152 212 59 722 831 103 677 251 984 527 726 10 870 546 195 266 212 99 322 978 481 507 891 893 928 282 159 199 535 79 494 781 395 245 431 413 420 837 798 96 231 945 486 326 572 761 657 921 792 204 673 162 537 727 213 117 998 861 816 154 188 898 642 417 269 632 163 195 655 564 263 802 607 507 880 437 217 847 261 186 338 712 89 707 158 210 998 471 740 785 770 17 359 786 87 783 204 648 644 669 559 880 106 376 528 326 237 363 331 202 611 504 57 170 666 16 251 947 238 952 275 498 277 876 142 762 811 53 348 834 237 65 59 311 530 48 352 285 158 393 994 208 93 463 34 170 338 909 874 388 863 378 554 691 359 108 263 485 75 788 628 712 769 879 17 285 598 815 536 68 293 115 
17
495 732 182 145 794 148 114 246 287 92 195 576 566 486 196 410 381 573 299 180 743 870 713 461 49 895 838 547 359 891 222 588 238 211 840 949 176 196 145 925 757 675 615 796 233 454 790 54 193 497 791 127 131 555 996 249 373 824 673 524 932 266 751 19 866 182 927 651 
8
60 990 30 485 323 138 343 714 720 761 188 764 9 501 106 445 994 485 80 69 339 386 828 702 569 941 978 221 474 833 252 433 
28
455 306 22 438 864 471 913 964 414 951 669 961 391 443 775 418 346 7 884 890 490 617 263 363 289 153 401 856 939 570 986 93 600 886 877 511 400 508 337 206 420 93 33 264 971 811 919 277 237 757 236 468 834 163 79 846 289 829 953 152 399 434 526 461 548 605 171 993 828 699 151 788 408 862 466 264 297 298 904 310 790 892 331 520 315 618 802 841 596 117 578 525 867 690 652 176 844 665 436 241 957 660 666 176 144 890 65 401 394 93 362 615 
31
208 95 858 99 337 947 359 672 600 20 680 967 908 701 834 587 206 442 883 800 352 760 4 155 826 786 898 705 916 675 690 238 480 532 728 835 753 530 791 189 738 943 934 128 927 717 699 952 669 95 893 189 904 246 434 772 57 115 490 717 492 708 596 85 317 145 882 850 48 159 995 906 200 966 300 533 601 188 466 762 988 922 16 207 255 487 283 456 61 206 749 553 971 32 884 663 534 618 535 906 10 807 555 84 775 905 220 495 270 613 990 828 31 307 527 465 329 217 878 152 532 179 213 642 
29
799 523 949 272 496 327 657 332 843 667 986 402 354 940 265 325 425 323 739 716 135 498 310 397 381 874 34 886 458 672 460 42 341 854 836 680 869 916 919 597 419 251 635 247 630 190 618 1 401 258 82 869 376 684 989 982 331 828 664 29 383 872 356 166 838 921 418 973 651 439 583 141 301 155 498 532 544 885 357 775 156 14 437 950 250 789 456 209 238 464 725 25 428 80 526 931 621 322 578 820 224 370 770 253 155 401 687 704 826 701 615 952 895 657 735 410 
7
922 730 107 349 998 577 913 196 22 118 446 827 365 102 262 327 644 733 977 374 103 228 871 236 76 251 813 245 
29
618 43 754 209 244 57 691 846 86 61 403 366 830 991 665 739 206 373 872 973 919 643 955 49 767 364 579 200 906 252 143 703 118 697 983 96 752 300 110 183 668 12 221 26 273 865 417 96 387 964 540 383 841 635 435 181 576 916 131 915 82 542 382 259 376 575 796 623 653 760 198 174 800 516 419 799 776 442 778 706 10 489 156 413 545 122 981 167 820 276 61 69 439 488 12 737 310 103 386 34 725 286 134 196 856 287 542 238 216 331 649 877 72 429 796 461 
2
770 550 338 984 706 293 48 852 
42
78 206 119 927 97 596 335 910 732 197 827 42 992 501 996 210 764 639 815 839 985 664 901 734 887 40 541 110 76 410 308 947 937 174 4 940 284 78 68 791 967 30 199 622 462 224 588 918 739 550 912 163 575 85 398 200 397 154 867 572 346 624 696 708 378 393 53 846 213 156 340 399 650 204 248 434 949 306 540 536 288 107 457 208 974 495 668 567 807 829 875 108 924 397 803 972 174 65 902 470 501 237 748 149 454 610 647 389 767 848 804 251 808 996 181 203 858 817 297 468 930 650 451 512 810 209 309 318 945 668 191 142 846 213 546 974 753 926 809 785 745 439 796 393 207 619 875 285 576 695 199 561 968 356 279 165 690 6 905 754 658 759 23 490 397 583 508 37 
41
366 364 199 293 741 669 37 160 561 160 454 77 10 921 506 438 764 866 85 859 217 857 490 720 818 148 226 95 321 518 767 780 631 922 414 365 367 307 261 958 484 722 580 304 304 368 602 820 680 314 871 261 929 329 572 963 422 941 451 261 67 710 356 370 216 893 301 243 130 147 366 456 27 145 857 230 968 567 364 746 684 139 460 108 630 116 966 750 797 411 270 297 135 189 128 549 592 27 302 292 387 73 683 490 138 425 584 192 29 134 363 174 733 695 524 946 818 658 981 512 360 454 634 918 332 565 136 623 86 606 141 139 329 885 917 361 700 393 275 495 675 28 210 526 507 938 311 842 754 281 723 881 573 294 193 156 43 134 107 586 725 590 661 541 
9
379 1 13 447 563 699 287 454 973 612 533 818 99 969 258 246 464 731 367 108 668 600 228 875 664 27 305 6 622 542 562 155 81 973 89 258 
11
6 406 63 531 916 467 588 803 24 3 205 121 772 320 179 466 596 989 563 576 940 207 782 266 945 115 893 728 984 404 723 887 688 426 534 444 416 453 872 981 450 450 858 660 
37
857 63 63 357 488 781 975 260 900 124 373 323 643 514 451 906 372 867 284 99 511 58 442 620 465 780 461 40 311 435 54 55 79 197 376 633 906 34 261 449 253 27 536 838 544 31 620 562 211 451 149 937 63 135 748 518 491 59 974 606 489 323 838 286 766 344 908 85 164 552 936 86 341 509 192 29 925 380 339 503 30 299 303 98 972 340 350 359 161 287 702 259 835 603 676 863 632 274 470 675 499 538 409 884 326 585 740 849 253 20 283 584 647 314 706 234 465 839 88 9 746 457 45 851 481 944 701 924 164 328 9 555 542 976 492 797 897 370 364 398 896 406 912 708 95 145 502 67 
47
977 869 402 442 939 211 376 201 803 880 978 699 846 24 742 852 602 154 68 881 577 297 726 894 433 963 386 370 824 383 691 812 317 661 408 767 27 222 460 148 253 971 630 65 55 796 162 361 226 819 740 685 879 563 944 666 119 124 639 538 506 642 256 259 554 248 454 680 767 819 317 204 560 829 795 762 813 549 785 651 902 475 246 224 791 46 193 95 720 680 825 931 140 252 215 7 147 961 336 712 777 19 743 848 387 470 766 318 405 897 442 23 747 179 790 754 681 338 353 367 22 204 394 311 48 370 656 239 584 51 787 406 445 366 521 322 699 425 451 22 107 49 839 107 832 700 350 207 22 563 130 406 600 341 267 213 689 178 505 856 182 68 811 477 81 852 178 175 147 423 822 983 710 783 210 153 141 593 381 493 729 127 921 45 726 6 807 200 
50
371 479 357 242 437 647 132 474 665 380 763 137 61 569 71 19 364 51 412 656 452 623 131 445 527 980 425 694 820 700 105 218 381 420 306 602 820 721 210 678 602 728 648 332 892 322 661 967 486 632 504 717 510 802 642 140 607 116 206 47 691 761 536 33 584 412 8 989 830 977 952 129 481 731 196 247 9 490 306 564 763 603 931 95 294 765 70 704 603 542 75 486 741 759 530 720 854 374 704 759 764 328 854 915 164 53 115 130 771 547 535 403 209 34 575 863 474 785 936 575 606 176 913 646 627 205 334 442 856 889 117 581 692 798 584 469 459 514 437 928 999 657 61 196 86 773 273 934 467 271 446 228 561 296 33 281 647 431 729 292 530 856 364 235 934 768 412 23 435 803 998 709 360 916 500 117 14 700 101 203 594 190 612 925 91 702 967 259 192 185 80 916 428 72 595 72 712 782 270 159 
16
231 805 963 85 447 804 163 205 438 955 398 231 480 315 604 493 581 73 783 146 825 4 260 903 160 896 494 628 3 201 463 61 86 959 104 212 369 701 244 143 151 302 831 307 463 227 362 696 851 814 861 579 153 571 131 916 386 120 564 181 504 890 480 761 
2
474 908 302 438 482 964 662 864 
24
614 524 56 450 231 807 127 450 89 25 771 599 636 678 325 432 394 440 889 54 829 638 540 208 621 230 83 409 931 377 49 868 911 521 885 796 376 759 714 912 537 10 253 968 365 403 378 745 44 219 526 493 534 511 785 221 886 133 106 493 416 453 224 566 322 99 217 568 983 386 969 703 730 799 770 133 25 610 30 84 133 584 755 971 351 84 389 924 76 465 730 672 456 667 370 731 
29
696 579 207 181 167 740 56 980 822 252 351 105 693 577 502 82 219 721 629 531 181 233 970 267 831 647 130 923 842 357 684 992 390 908 28 186 946 854 927 892 456 47 30 650 108 289 578 128 648 500 550 880 502 539 87 538 914 451 476 21 272 52 836 78 947 170 982 207 969 886 896 976 640 480 799 117 708 705 701 681 686 819 39 575 825 649 702 407 229 831 232 514 909 899 453 814 266 936 37 788 60 62 207 409 367 60 979 577 928 691 856 709 646 401 361 500 
22
732 679 724 332 366 904 870 111 883 724 322 64 551 770 878 732 432 124 891 676 957 37 418 231 519 522 709 25 747 940 360 768 725 667 916 899 805 647 211 742 820 616 731 386 744 237 78 290 314 323 444 219 208 540 357 513 470 373 745 694 138 967 166 146 659 205 989 334 103 88 705 84 161 757 163 554 87 92 83 250 168 402 583 149 929 303 857 953 
14
268 41 30 101 314 127 371 970 162 203 15 532 722 299 287 324 783 752 713 185 512 708 955 611 824 965 420 616 68 674 556 312 448 286 438 40 58 28 208 267 475 28 749 161 928 602 170 191 502 299 369 561 865 48 810 135 
