265
1
433 47 68 583 
1
446 547 263 962 
1
708 841 529 878 
1
931 207 916 453 
2
674 294 124 519 812 640 480 695 
2
985 992 255 380 952 776 847 273 
2
946 634 963 989 106 516 78 979 
2
127 169 328 137 282 477 402 576 
1
570 807 10 644 
2
724 908 547 591 471 103 223 572 
2
247 789 774 641 500 302 515 375 
1
944 551 938 378 
2
193 680 97 403 547 269 426 318 
1
403 207 895 88 
2
486 980 393 103 378 691 179 955 
1
71 743 517 562 
4
232 465 505 22 363 809 624 236 696 831 996 47 37 246 811 342 
4
512 553 369 413 936 52 753 556 526 869 723 236 39 303 158 3 
4
163 542 566 223 292 541 970 84 910 499 963 244 736 351 917 74 
4
159 133 893 208 830 730 898 159 134 455 409 413 774 315 111 591 
5
978 262 775 671 910 31 757 262 988 401 953 439 616 823 748 583 47 919 376 851 
4
774 733 226 917 19 666 56 748 440 181 561 897 671 735 156 22 
3
723 899 179 813 479 141 594 439 869 983 311 137 
2
136 679 452 657 429 699 542 220 
2
989 562 739 581 451 446 103 407 
6
388 763 432 235 561 666 307 364 64 694 773 823 287 978 397 939 696 153 527 303 5 90 240 738 
5
447 459 213 619 786 369 794 554 927 172 208 915 574 137 647 517 859 484 967 421 
1
917 528 160 745 
2
915 152 450 748 964 134 87 209 
2
114 620 78 225 361 350 732 682 
7
155 554 63 532 474 256 562 500 367 379 547 640 511 354 766 3 141 828 552 394 737 622 743 955 721 26 354 762 
7
985 151 647 568 552 724 107 225 365 896 678 164 937 53 597 215 862 521 99 906 176 221 825 578 284 956 674 735 
6
742 326 370 49 405 534 765 700 268 453 221 64 188 976 774 910 424 553 583 469 224 201 737 702 
7
145 322 522 568 51 930 921 968 81 968 287 619 893 960 547 299 291 998 607 910 498 459 653 83 987 366 140 530 
7
535 731 592 236 885 640 131 404 888 8 348 416 570 817 75 857 677 93 610 21 680 213 28 725 51 282 255 689 
6
437 776 372 99 207 574 665 206 428 272 415 479 125 499 301 782 765 464 86 220 984 450 423 750 
5
508 925 150 666 786 759 553 242 259 732 901 462 999 85 895 308 365 135 493 830 
7
948 573 905 984 401 662 78 660 225 694 391 279 413 114 970 902 396 738 973 655 883 789 304 935 903 977 789 864 
7
490 82 867 403 673 464 565 609 410 694 401 857 229 908 216 729 240 910 316 548 947 284 7 457 462 533 277 458 
6
913 789 697 317 455 617 648 899 133 438 265 337 697 957 823 986 575 269 124 625 354 799 954 736 
9
611 830 848 201 782 623 90 778 147 37 853 553 201 523 512 895 514 696 214 795 296 342 604 392 513 183 163 57 981 805 878 202 18 147 83 399 
8
553 391 875 966 813 626 746 593 70 891 672 509 907 471 298 847 327 270 190 814 152 774 712 991 744 866 593 702 375 248 968 812 
8
956 893 633 341 682 568 691 649 570 656 800 748 983 586 209 595 77 887 254 694 442 738 818 757 101 171 115 622 711 843 753 925 
6
442 678 172 875 770 858 13 911 949 615 827 655 320 961 617 376 629 189 946 647 952 84 418 220 
4
442 923 459 153 839 795 236 258 890 940 327 887 952 584 268 307 
1
296 261 33 326 
9
421 757 765 24 946 977 947 704 691 36 863 218 869 592 98 275 835 413 459 3 339 568 185 523 111 995 179 694 906 928 420 701 620 85 387 282 
10
588 662 817 318 223 863 696 687 993 970 37 624 668 705 171 709 569 444 394 236 758 954 203 320 511 426 298 600 541 723 524 825 69 426 586 313 276 670 583 314 
8
872 364 875 190 899 936 577 749 146 62 514 154 996 138 138 19 337 276 977 437 116 69 480 107 980 393 190 31 895 178 842 812 
7
146 644 779 244 31 26 575 673 296 334 279 308 612 429 791 398 923 134 836 493 380 336 705 902 133 770 213 138 
5
554 418 623 658 675 839 730 874 251 768 301 93 824 473 783 731 944 98 342 128 
6
919 219 736 74 132 205 530 322 553 378 768 155 47 474 411 557 164 957 726 521 731 801 481 219 
11
744 866 99 51 359 180 489 600 665 338 232 595 333 957 933 111 94 527 327 107 441 724 83 612 959 481 886 326 893 689 742 790 101 520 93 506 149 203 332 338 504 362 300 406 
11
407 960 970 52 450 812 412 827 757 909 302 988 728 693 978 738 13 731 448 990 798 417 49 953 261 489 805 270 112 802 867 55 297 477 581 504 489 872 383 297 814 429 507 986 
6
583 600 604 697 704 982 298 278 482 9 632 72 524 16 695 308 915 391 771 505 608 193 524 968 
9
323 87 938 229 256 720 986 25 182 655 171 10 350 382 51 696 432 134 505 916 39 153 252 619 298 363 690 156 444 818 278 292 288 51 635 798 
1
995 517 691 689 
4
493 107 638 454 308 429 301 846 736 400 593 866 726 351 616 759 
2
499 913 866 187 829 447 869 757 
10
702 36 478 136 326 169 950 906 637 220 705 243 195 558 230 434 536 872 380 523 393 238 874 725 358 364 564 534 685 220 633 628 836 511 95 503 451 60 443 895 
5
641 208 801 87 930 185 423 767 223 298 972 640 877 195 254 901 268 608 735 401 
2
246 684 598 103 823 60 537 893 
12
363 329 518 620 785 252 618 146 162 232 570 589 343 843 948 822 245 480 60 356 262 152 748 904 450 472 316 618 147 201 239 143 487 238 63 152 246 595 788 898 293 143 70 728 791 878 517 838 
2
836 836 518 667 471 166 505 658 
2
150 707 688 66 49 837 102 499 
12
670 857 259 418 798 160 214 772 996 761 377 198 706 30 750 938 44 830 441 856 778 182 332 193 525 10 317 84 824 683 856 488 793 271 51 746 12 293 627 675 677 877 702 812 373 66 585 236 
5
656 72 397 363 648 527 587 987 136 654 827 675 699 265 279 423 122 277 182 255 
2
610 49 773 205 612 2 807 541 
7
733 604 441 380 569 203 787 454 477 863 18 307 67 326 498 971 240 751 381 970 879 884 964 746 806 371 772 760 
5
166 853 814 294 957 627 670 477 686 946 672 836 472 570 49 501 389 862 743 356 
2
632 895 441 276 599 703 472 497 
12
514 207 235 735 483 749 469 588 244 118 204 304 717 654 20 356 547 813 945 407 982 16 569 821 994 468 74 558 216 477 33 635 663 908 520 266 770 739 745 901 37 480 994 734 151 998 679 36 
6
957 429 499 349 59 610 966 780 394 617 983 727 903 77 571 676 508 785 568 730 264 83 316 152 
4
576 904 816 511 553 778 950 253 183 426 868 345 475 521 577 686 
9
837 541 737 789 560 758 739 442 686 59 466 87 258 359 803 998 987 989 729 179 592 530 946 976 47 852 433 423 188 485 502 272 919 632 235 967 
11
57 14 254 810 443 147 458 530 302 930 879 416 376 767 448 213 174 665 366 407 294 270 158 273 922 100 720 957 701 519 956 153 903 652 298 336 48 673 145 757 289 862 153 341 
14
101 504 30 303 130 456 844 616 266 73 289 102 894 823 382 382 689 835 816 220 481 706 987 341 82 788 171 719 741 554 501 864 131 450 865 716 925 788 325 871 681 216 325 327 175 5 86 589 287 661 133 146 356 747 434 87 
15
543 258 84 265 750 137 982 22 95 483 525 502 451 906 52 881 893 5 939 703 945 385 327 673 263 410 500 616 481 985 551 197 828 924 942 515 953 849 895 95 675 976 494 461 855 129 886 612 261 674 785 487 451 390 692 280 82 174 786 329 
1
954 837 446 429 
5
846 468 127 290 518 811 554 904 457 212 544 428 721 782 897 267 615 550 439 876 
10
607 811 938 691 814 757 560 391 18 865 472 778 723 932 328 783 480 673 503 463 21 934 527 816 529 574 376 795 624 786 731 39 806 811 228 148 482 114 345 80 
4
988 34 419 751 439 150 771 406 232 926 362 3 728 937 846 626 
17
946 427 255 217 927 454 674 265 655 725 772 635 886 112 740 875 650 557 684 36 788 593 704 745 195 986 112 245 232 357 629 460 872 301 154 708 692 772 299 668 60 150 96 103 996 122 660 147 767 116 123 852 632 770 652 176 89 876 768 435 114 345 28 676 98 158 293 915 
11
406 609 175 254 710 407 871 707 918 24 770 293 57 37 944 131 308 348 526 90 965 468 526 640 883 562 301 310 352 409 152 548 206 780 671 965 458 411 657 622 653 598 627 365 
16
198 513 636 549 299 754 798 502 12 590 294 74 519 552 940 42 298 434 537 627 921 151 882 841 214 929 181 738 471 28 648 817 743 447 286 71 686 926 212 695 105 330 163 311 95 279 144 861 498 96 550 919 255 299 638 957 216 784 321 737 788 810 32 267 
15
696 506 174 869 912 641 416 340 324 441 570 430 181 585 485 918 765 78 201 348 166 443 441 327 505 609 628 894 671 67 168 521 682 347 506 745 872 820 395 426 634 469 604 715 988 59 413 354 198 461 971 578 860 358 566 452 939 859 771 191 
7
531 235 978 172 397 483 958 445 941 102 236 487 491 352 520 635 331 427 122 276 396 990 44 543 802 946 520 84 
6
868 120 93 785 225 361 649 400 352 260 549 574 166 289 254 564 975 300 151 348 989 360 122 793 
16
614 723 325 760 267 883 13 47 804 906 387 925 118 590 611 740 737 409 630 541 171 370 793 928 536 568 583 930 508 273 372 603 318 172 592 77 847 671 436 564 815 428 740 663 25 471 668 330 300 755 145 521 81 765 738 831 91 210 722 331 593 24 517 207 
15
578 886 94 608 962 898 992 688 449 273 129 17 78 975 375 203 136 325 93 424 258 834 877 791 668 126 715 689 239 440 94 581 401 51 560 691 238 882 398 159 936 254 249 929 462 80 606 303 234 978 903 536 312 31 199 349 453 394 556 668 
11
402 359 153 632 797 669 431 445 544 41 394 864 756 213 181 967 461 67 386 205 972 347 786 227 907 530 77 132 505 222 179 480 436 381 468 358 397 36 208 867 323 703 172 145 
6
700 176 137 237 287 412 548 179 746 362 861 583 61 338 570 212 571 819 554 954 260 572 606 474 
5
845 292 722 549 134 979 985 846 287 501 906 965 842 967 616 915 700 809 741 956 
18
873 376 260 968 451 785 42 103 252 711 960 919 460 135 6 480 328 79 431 776 733 27 432 832 806 292 197 972 46 875 100 645 289 82 676 87 263 792 799 612 168 457 863 459 373 405 398 589 238 781 470 613 807 976 757 441 704 57 478 336 812 533 15 273 797 82 931 204 629 889 212 349 
17
315 461 836 308 556 458 364 845 652 272 876 17 682 563 124 763 876 89 288 800 640 150 459 187 31 460 125 620 717 349 568 249 560 595 652 480 869 602 413 761 486 549 729 970 755 941 56 83 698 503 322 811 542 574 127 32 513 800 930 186 732 400 324 307 552 972 127 772 
12
517 481 177 866 701 182 526 694 444 713 28 967 690 738 563 644 496 581 924 887 803 323 609 114 69 912 318 171 130 776 191 22 181 799 758 955 698 597 899 661 829 832 896 141 521 816 275 829 
11
918 593 482 889 887 140 635 679 789 401 757 961 43 950 963 268 831 260 854 913 289 353 282 355 329 921 484 13 275 444 333 950 541 502 152 399 244 704 88 648 587 254 775 720 
5
558 51 912 185 945 499 52 514 99 936 391 500 320 648 407 205 576 672 501 919 
12
154 420 714 840 739 408 825 150 476 704 643 454 260 170 888 241 88 639 210 294 359 886 27 779 236 37 724 4 197 782 381 458 363 996 36 335 685 815 394 138 639 233 344 440 281 773 615 327 
12
805 368 139 118 195 336 265 673 280 40 866 560 497 755 540 584 515 264 617 259 730 494 722 105 889 818 133 939 914 200 866 227 124 80 55 131 384 245 764 227 597 482 300 331 472 191 316 259 
9
838 591 993 8 967 133 57 889 469 106 543 215 574 96 913 229 845 454 323 647 282 34 743 218 558 456 846 812 39 601 863 292 784 441 134 248 
8
943 205 364 120 209 515 156 604 198 12 990 553 11 677 999 773 251 995 724 137 872 785 774 400 582 522 109 800 344 887 410 995 
7
915 992 282 878 780 683 147 417 635 897 200 600 603 533 633 384 82 102 130 733 894 293 462 648 431 998 960 255 
4
912 948 206 207 528 332 691 126 965 481 978 802 961 731 408 922 
11
112 225 585 467 934 383 133 141 263 191 379 316 44 870 59 463 437 415 324 866 977 734 634 208 204 922 645 453 828 617 547 858 258 70 303 688 797 793 846 324 37 641 827 429 
7
440 820 183 471 650 188 265 674 101 120 451 148 51 42 767 677 922 286 636 947 814 304 765 412 597 615 655 998 
11
85 545 100 338 900 891 260 480 930 680 177 373 947 517 33 811 420 563 573 993 294 11 136 137 195 576 416 437 956 584 688 821 491 546 324 33 928 853 913 386 975 257 906 296 
7
288 68 626 430 555 533 523 176 312 390 776 618 411 981 540 653 685 243 325 854 799 790 150 436 110 651 16 28 
13
848 837 865 447 617 973 503 598 224 734 869 997 487 169 819 327 698 314 523 822 472 731 539 809 736 908 21 850 745 665 999 435 545 280 90 564 472 823 596 240 932 499 749 523 358 655 522 992 843 84 517 751 
1
75 446 880 681 
1
121 346 345 455 
3
128 555 786 22 878 603 944 443 218 576 418 415 
11
350 320 829 107 72 911 777 437 423 621 191 235 347 622 7 558 983 769 356 256 131 272 278 858 455 187 919 604 905 809 92 915 105 943 578 545 521 466 153 544 447 208 806 373 
4
71 483 180 875 495 118 215 211 455 46 224 807 557 637 786 781 
2
583 974 794 650 798 723 7 611 
15
900 399 507 931 614 427 186 805 5 429 52 779 796 378 512 148 543 196 513 158 82 399 497 145 411 887 607 525 352 489 793 129 895 457 872 176 538 800 539 18 785 695 862 511 950 416 548 353 647 395 981 754 198 632 799 317 146 179 46 391 
10
473 328 905 256 925 10 246 226 446 273 646 873 349 216 376 549 215 779 882 379 796 343 406 788 364 740 301 823 510 842 45 249 516 518 192 972 454 534 308 626 
8
409 479 298 53 133 106 794 540 385 646 59 252 561 171 455 960 70 592 865 650 99 587 815 379 705 585 662 905 759 594 31 615 
24
367 482 981 255 960 593 414 965 792 786 954 774 6 212 897 601 408 79 535 514 320 770 609 906 772 231 763 71 862 605 867 499 553 708 262 580 186 947 388 490 172 92 959 397 929 640 565 700 134 266 844 413 225 564 664 176 294 140 778 431 199 182 843 645 346 951 291 123 912 507 349 876 263 738 189 496 719 539 56 972 11 302 683 444 996 114 195 144 702 370 313 605 451 88 479 753 
24
731 676 88 284 623 635 292 348 751 246 392 250 655 724 710 918 767 360 432 956 794 918 450 665 599 151 101 90 735 331 558 276 315 816 236 958 395 707 347 693 865 572 931 206 366 624 7 821 611 933 901 385 389 23 197 665 107 486 105 440 135 627 869 923 281 211 694 667 866 289 870 38 53 239 125 479 650 114 409 165 454 578 582 39 824 513 645 622 590 843 550 358 989 800 278 844 
3
477 91 572 881 798 13 503 150 967 809 746 323 
22
203 798 241 937 916 482 112 473 863 789 705 833 26 414 87 933 264 274 19 451 613 823 59 219 988 818 144 662 142 723 926 581 741 579 864 184 836 536 997 296 607 84 425 481 687 455 331 218 774 604 15 266 491 644 169 690 559 815 612 715 10 756 292 49 90 474 853 31 525 788 931 277 77 662 58 499 950 353 790 466 494 526 773 419 754 311 942 799 
11
9 115 485 662 184 946 449 121 763 284 411 29 159 189 446 819 614 185 647 384 135 114 705 216 655 97 500 385 621 934 339 277 374 29 889 456 783 752 843 909 154 30 264 739 
15
759 812 568 511 381 418 923 612 333 239 757 883 291 367 60 482 69 497 329 647 302 855 697 955 259 613 488 887 998 132 204 4 902 892 203 498 462 77 45 829 669 444 567 660 523 609 223 679 955 112 381 609 322 607 936 810 513 191 287 739 
5
450 783 334 340 500 191 814 359 274 323 276 927 269 985 139 245 770 977 100 873 
7
891 969 531 624 686 781 890 859 231 250 634 635 920 571 678 750 504 400 23 345 19 899 56 818 967 641 31 621 
3
669 889 613 963 288 346 280 224 758 69 471 464 
3
270 910 498 734 83 341 39 285 556 468 799 698 
16
543 140 6 652 643 869 88 36 657 821 319 73 484 483 381 733 429 797 18 772 107 676 839 732 134 601 9 606 680 838 753 21 103 271 520 174 103 954 131 574 695 375 979 354 725 584 902 450 675 528 713 758 856 75 48 112 935 752 789 621 210 480 325 18 
17
466 651 447 6 875 551 816 187 999 879 151 903 325 941 450 408 891 729 683 343 770 205 36 699 136 837 562 924 57 273 271 916 218 111 658 167 822 11 397 19 954 641 471 357 43 368 585 344 279 522 216 831 181 306 208 148 175 268 629 551 859 779 793 270 361 503 153 807 
16
25 702 49 530 378 959 872 756 989 970 247 56 915 599 248 252 151 569 569 459 291 907 770 237 269 369 180 499 12 681 351 393 813 127 631 282 415 821 326 451 244 326 838 862 556 505 661 293 124 225 942 35 372 813 453 173 691 198 576 620 659 736 809 491 
20
400 187 189 525 389 287 143 980 33 885 271 455 43 184 941 328 95 989 957 682 212 859 694 222 122 114 478 488 974 435 471 592 596 51 218 24 604 314 916 134 401 234 776 449 69 669 271 596 112 722 472 194 760 463 184 403 519 887 969 803 546 608 203 408 608 198 691 213 761 363 886 607 82 194 815 784 251 907 182 940 
21
242 725 1 661 293 487 156 792 923 879 787 71 384 328 823 826 574 947 993 672 650 483 767 130 253 814 130 443 19 326 12 598 452 127 581 315 444 101 212 647 280 137 553 30 795 815 181 981 53 170 57 456 159 575 543 967 363 848 985 383 952 971 801 573 857 924 820 859 191 4 691 548 564 800 830 57 648 411 24 67 555 100 659 635 
12
259 126 437 276 680 495 236 406 47 54 929 685 836 855 679 869 732 81 146 449 722 741 868 12 23 211 587 552 352 827 297 406 682 885 881 376 198 610 414 605 353 333 837 278 569 364 632 193 
22
178 921 786 379 189 466 588 578 63 305 839 38 276 797 318 939 7 576 133 744 284 857 765 177 946 678 45 730 352 330 391 118 178 654 15 697 124 26 494 958 712 338 497 27 170 287 499 156 93 565 683 774 989 478 632 32 264 360 87 824 93 991 590 653 909 32 603 748 647 147 178 302 664 750 684 898 941 859 4 658 162 587 392 883 885 742 543 334 
9
480 739 829 291 98 231 392 560 232 211 324 938 48 617 599 732 540 992 664 764 615 854 629 603 783 198 652 925 111 519 121 339 190 325 929 282 
26
356 561 410 589 943 894 381 725 636 2 550 559 688 973 584 490 30 443 161 463 273 505 762 833 545 189 767 175 969 725 37 707 992 675 485 858 205 572 210 107 107 748 599 592 329 97 25 196 548 16 513 119 659 354 842 71 309 668 390 647 372 728 667 509 659 373 714 387 303 677 985 480 722 944 870 27 691 382 73 706 186 86 6 769 266 833 828 723 321 288 182 422 337 59 270 158 794 833 232 303 436 621 755 152 
19
393 290 486 406 68 553 131 176 898 239 259 282 556 329 107 160 270 608 23 573 950 913 517 832 312 894 564 698 194 385 624 583 518 755 735 714 778 320 493 283 426 670 884 893 733 497 770 744 131 473 136 791 698 531 358 739 434 132 295 965 93 498 857 609 607 374 369 275 418 514 667 57 822 500 32 206 
3
951 386 687 817 413 686 286 419 456 86 307 346 
28
276 202 833 457 780 622 850 217 165 676 51 87 13 368 173 259 291 489 784 161 953 650 446 25 822 193 263 800 431 120 431 514 744 371 569 916 324 943 893 56 60 640 899 734 24 974 77 15 446 831 789 300 415 257 28 520 438 67 305 265 334 439 437 50 756 945 526 769 866 278 152 847 491 706 267 876 629 342 959 481 655 898 419 663 230 903 61 101 237 47 177 661 838 793 640 271 247 784 642 156 324 24 938 872 788 172 917 560 744 419 173 627 
23
678 277 785 218 404 587 728 634 680 757 764 484 907 290 706 912 397 64 767 819 476 110 258 977 895 443 16 619 756 467 923 683 770 224 498 674 986 34 332 988 806 990 262 207 568 575 584 989 517 45 28 848 433 41 460 574 99 760 908 368 307 16 691 267 832 46 519 725 875 458 663 252 859 925 731 869 416 619 654 373 863 100 355 341 134 821 637 32 172 984 387 533 
9
357 861 848 392 625 3 36 875 130 76 16 648 414 851 384 182 740 745 751 849 304 970 999 487 761 938 512 352 446 510 648 493 397 959 241 703 
18
258 4 898 555 710 203 932 692 417 782 464 906 238 576 567 889 508 624 494 276 402 417 72 483 228 701 730 877 481 71 214 658 86 457 515 706 993 687 493 714 681 242 383 438 245 322 58 404 364 244 569 551 88 79 666 455 403 949 640 602 735 966 671 45 600 5 90 310 200 877 979 291 
29
319 551 841 278 815 78 639 247 99 999 230 871 38 656 903 911 919 897 920 414 274 851 93 374 219 73 40 723 668 875 592 121 260 960 645 34 353 32 932 556 32 85 156 564 917 250 59 775 680 396 137 555 131 642 375 138 714 596 231 553 578 420 260 749 678 462 859 888 282 83 692 15 740 41 478 435 273 986 228 735 719 155 872 744 494 764 380 683 198 940 88 539 855 56 856 736 751 408 653 680 719 550 544 628 646 649 467 41 562 381 405 774 285 579 833 138 
30
858 884 175 473 218 642 917 473 594 692 81 588 270 983 131 696 897 774 647 668 414 549 380 852 736 340 617 393 495 769 972 31 174 887 561 499 678 481 62 946 232 702 452 812 847 69 603 784 972 547 50 620 279 865 844 483 913 80 186 23 328 156 746 193 842 220 748 20 454 65 476 957 815 677 24 781 253 278 719 199 194 389 43 796 829 392 727 832 250 817 254 283 341 160 969 873 79 746 994 861 204 559 531 318 403 221 3 434 298 256 172 211 74 582 688 154 762 533 603 236 
23
245 997 868 243 353 953 164 326 228 523 77 761 952 984 58 159 58 894 35 600 189 89 978 658 818 490 348 923 987 631 14 974 680 78 78 702 86 322 279 537 143 496 953 940 913 94 583 839 294 842 778 985 670 270 683 660 501 514 449 827 473 377 189 850 696 722 430 702 79 135 210 783 252 719 836 249 703 959 105 355 636 283 797 556 924 237 706 906 431 27 916 308 
12
251 898 409 470 706 670 682 523 437 765 351 689 332 957 468 41 472 340 564 873 279 426 900 554 344 273 387 828 617 978 821 849 282 610 579 75 716 725 148 410 967 211 198 483 92 901 351 817 
28
344 735 72 573 87 362 736 348 463 135 922 152 592 220 28 861 778 656 497 606 977 485 583 769 704 798 347 563 303 72 710 474 859 404 848 287 656 960 380 562 765 16 74 785 25 438 386 869 156 856 315 823 513 201 90 541 422 907 691 929 42 282 287 605 448 182 924 340 161 425 894 264 212 666 586 92 534 390 490 337 343 328 749 193 502 179 158 815 660 214 705 322 592 914 410 476 614 332 938 777 802 48 762 803 710 934 648 357 951 954 485 301 
1
645 82 599 810 
4
373 324 928 703 545 321 900 799 286 723 170 918 243 946 384 258 
1
587 796 41 486 
7
435 939 534 523 172 588 262 52 825 680 291 857 955 4 555 588 136 786 702 792 210 970 898 198 673 871 541 303 
15
570 186 782 511 482 412 863 998 135 367 179 289 347 585 967 325 707 788 48 22 395 640 451 309 377 462 788 412 294 456 298 690 18 836 475 130 704 972 786 417 257 77 300 615 308 197 798 227 78 981 369 539 359 730 723 400 480 736 115 208 
30
764 806 99 743 93 251 967 531 923 327 86 219 947 117 492 866 955 649 398 199 80 899 495 570 835 674 535 803 888 997 236 944 103 660 176 979 309 685 262 622 864 26 31 694 208 788 311 408 504 224 749 366 672 988 312 789 164 881 483 332 117 865 505 138 495 717 884 442 145 860 513 735 927 375 456 476 667 549 52 463 197 686 589 544 476 493 312 609 595 240 723 655 571 174 8 462 528 157 596 719 682 682 303 752 832 437 354 422 863 527 703 807 357 976 653 741 455 800 918 574 
15
455 8 669 355 105 105 131 59 833 892 857 755 671 765 43 909 106 802 426 281 980 596 814 172 227 993 358 757 12 114 756 792 900 500 391 975 629 608 909 836 54 458 808 296 542 913 768 625 157 388 868 468 904 848 996 639 590 32 614 904 
18
146 296 229 768 844 323 325 35 15 537 173 235 748 466 236 5 699 133 912 760 368 528 372 133 333 915 22 781 227 50 508 399 798 818 956 340 715 198 699 108 736 180 362 555 804 914 521 241 351 359 752 519 912 896 632 392 147 261 207 798 672 175 516 567 355 263 390 70 720 446 119 343 
23
901 261 679 793 470 797 203 886 338 374 64 311 65 144 324 92 138 760 616 211 513 927 337 805 746 857 663 426 926 230 618 435 752 175 679 831 84 129 988 906 96 763 704 979 488 137 515 214 783 643 751 654 398 466 577 983 19 468 839 940 551 988 222 950 115 435 305 496 56 196 917 282 32 955 916 480 615 40 758 95 619 986 830 492 398 899 417 750 431 253 949 167 
4
804 205 526 105 74 883 878 178 862 413 976 909 450 294 903 487 
27
551 881 880 260 773 56 543 965 689 432 594 581 494 590 450 238 513 824 766 808 774 148 672 88 685 587 723 244 739 46 537 532 711 523 421 817 882 788 124 294 750 67 545 771 862 678 699 325 943 638 170 221 694 82 335 497 45 568 16 464 888 229 660 117 704 602 102 782 313 680 584 60 451 577 547 52 595 989 663 488 201 417 381 890 749 772 96 621 896 491 103 50 638 371 165 731 353 622 639 169 449 653 119 480 426 106 992 619 
16
150 819 508 674 421 322 922 171 928 599 45 912 118 499 580 158 886 672 985 921 259 20 513 229 21 256 357 702 622 286 43 196 730 197 879 505 342 794 766 256 878 923 96 295 201 185 355 900 408 716 107 113 544 539 429 678 48 541 909 816 41 543 293 113 
10
702 277 656 793 552 282 980 390 648 478 439 450 747 986 591 837 896 164 276 263 532 267 138 293 504 404 306 726 172 188 823 75 859 621 90 319 726 590 718 677 
26
754 451 409 801 695 744 906 53 494 152 255 508 80 248 93 741 735 948 19 629 785 963 392 585 691 599 279 72 157 338 977 143 551 639 769 731 669 856 371 63 765 392 700 96 559 334 226 770 117 252 264 458 516 439 362 575 240 482 397 148 785 939 72 22 198 588 604 516 575 356 474 912 531 40 413 311 611 964 35 300 304 120 916 251 274 903 531 260 381 302 340 787 834 190 182 958 330 82 311 765 348 65 393 361 
16
108 861 671 919 577 750 747 397 148 80 191 344 950 626 776 314 688 271 829 102 977 883 954 789 533 151 20 585 913 601 966 109 75 76 357 570 534 40 95 669 915 67 97 230 711 206 218 448 521 979 378 636 567 366 202 682 484 898 760 497 426 451 683 24 
2
691 155 974 900 898 600 726 368 
9
710 699 584 375 522 498 943 276 616 870 20 587 632 209 536 300 552 42 947 722 439 165 502 618 146 527 158 64 193 571 177 437 30 246 273 713 
2
282 891 574 502 402 843 879 821 
11
880 127 869 42 60 164 137 944 642 944 433 172 770 978 381 899 786 805 157 562 204 271 426 695 341 754 852 763 103 165 678 111 633 463 772 51 85 805 813 332 737 233 168 930 
23
390 255 732 366 381 940 69 247 94 593 709 398 923 864 387 577 390 317 777 545 97 364 617 817 839 356 368 50 141 673 587 468 440 668 503 871 754 529 768 58 622 462 684 298 795 296 129 546 525 251 688 642 14 920 963 885 951 719 146 932 774 384 375 564 769 122 271 347 67 768 323 423 401 629 261 630 143 188 276 623 358 42 358 282 621 432 590 295 175 994 519 412 
8
531 765 610 58 946 382 637 910 726 573 537 399 738 128 240 358 290 66 564 858 840 16 80 526 556 360 694 547 257 141 56 946 
13
617 654 886 212 21 313 810 552 866 227 359 475 272 185 252 128 801 775 873 776 232 307 950 523 564 30 248 554 535 684 650 984 87 596 797 387 158 581 216 591 216 153 322 760 311 427 463 799 440 743 63 112 
31
311 739 875 882 510 722 417 688 964 248 881 641 238 445 905 745 902 171 191 90 422 320 446 375 260 880 954 49 977 10 552 185 136 709 62 883 513 257 814 125 739 394 132 588 681 989 397 810 439 222 804 397 329 298 266 142 410 96 261 388 827 278 160 828 467 728 991 147 222 393 691 557 561 551 797 997 576 993 754 912 585 588 899 845 227 710 708 70 60 194 823 589 613 703 741 970 666 952 246 872 194 990 937 220 459 31 190 529 68 110 880 859 667 101 316 383 20 835 637 667 701 382 41 826 
21
379 653 965 389 661 872 737 585 316 723 282 468 164 677 313 214 320 255 87 592 265 35 698 583 252 634 867 281 297 543 452 57 996 960 605 543 619 164 598 180 415 968 405 510 761 597 969 308 608 111 807 467 438 194 866 90 455 670 73 107 684 61 33 374 728 384 903 104 355 494 779 163 598 608 243 157 870 717 491 246 66 183 408 549 
4
179 541 284 266 893 324 69 586 136 114 336 423 742 843 129 370 
22
138 417 776 53 206 126 5 746 770 641 758 968 996 662 304 580 204 331 66 523 630 415 417 181 941 931 25 197 693 699 82 545 904 250 397 916 104 138 770 252 637 847 312 63 327 580 379 288 430 582 703 90 287 421 785 793 884 29 944 931 396 910 897 782 212 715 371 458 456 515 931 510 196 586 445 836 136 681 499 903 285 373 286 450 972 104 164 133 
21
599 525 186 577 79 896 183 403 614 333 16 520 977 705 118 412 147 860 81 640 714 49 849 360 857 35 898 422 691 365 831 552 402 483 594 584 597 609 972 897 372 566 311 708 408 821 62 749 695 375 66 291 674 740 944 735 549 128 74 86 411 383 59 547 483 67 828 544 254 60 272 62 541 995 847 42 864 800 140 720 693 900 375 797 
23
758 43 169 347 965 411 513 992 684 226 161 228 404 115 411 539 891 789 657 38 715 735 767 990 872 879 473 456 878 14 714 235 971 799 858 177 856 829 62 746 770 916 574 38 443 462 880 876 622 88 769 285 68 492 785 261 576 577 100 210 996 307 794 945 239 850 950 597 351 796 583 671 924 363 620 453 37 336 564 615 453 207 541 465 617 304 182 459 710 464 328 180 
32
43 281 755 34 544 243 383 794 609 421 28 523 537 536 119 634 578 158 509 83 345 731 234 31 799 447 768 737 422 354 800 818 101 39 311 53 782 93 104 462 554 431 723 746 649 120 956 771 606 903 139 264 513 156 866 901 60 6 880 243 294 592 218 561 315 855 355 352 977 881 133 920 264 962 30 728 756 228 57 982 222 258 666 64 485 319 61 355 832 158 969 309 249 245 628 269 697 199 624 834 881 963 820 51 302 704 996 953 517 467 216 742 150 975 922 585 635 227 806 986 852 855 858 934 862 326 983 336 
23
321 383 797 34 670 827 473 152 169 78 149 689 284 94 248 613 816 931 763 791 428 314 392 143 777 844 258 782 268 656 428 364 310 695 800 649 318 916 978 156 807 552 574 199 921 225 111 624 270 997 613 212 927 770 398 232 666 545 24 192 39 99 262 881 566 777 595 456 2 525 768 385 833 525 737 691 79 385 131 951 69 758 102 579 422 382 926 837 190 836 366 475 
28
34 126 722 609 619 189 826 750 998 624 955 85 178 221 520 961 205 693 199 3 916 764 277 486 81 523 427 379 401 113 508 794 201 405 451 617 93 898 501 410 294 677 45 137 65 64 197 930 428 468 53 903 125 117 520 315 910 994 859 67 344 982 379 701 224 403 376 848 664 711 544 537 142 788 925 552 561 173 332 935 271 95 168 401 18 176 881 804 601 693 427 495 432 612 793 831 893 905 321 865 852 765 834 992 554 572 924 930 48 961 411 530 
19
765 491 441 823 516 1 375 974 87 297 715 104 143 679 788 869 111 675 446 988 170 163 799 464 206 178 916 849 392 700 842 795 891 565 469 230 838 469 302 242 100 807 161 455 589 833 340 623 280 473 711 426 759 508 387 42 399 494 144 442 684 359 901 138 62 641 269 375 80 965 831 233 650 417 324 892 
4
469 74 554 668 323 287 868 714 629 59 470 69 699 196 923 289 
3
595 288 147 784 429 853 524 884 756 798 567 303 
12
708 873 710 588 635 592 628 593 47 493 853 408 565 10 983 1 190 976 655 609 499 475 404 839 337 632 26 930 169 446 943 315 703 706 879 739 688 641 754 10 203 220 461 729 777 677 185 994 
19
947 976 127 377 674 879 556 398 395 805 863 735 534 931 130 219 551 858 974 592 977 777 917 380 999 30 774 278 330 223 242 434 513 530 813 186 152 844 753 381 723 917 461 558 443 38 676 342 760 690 371 580 68 541 824 305 313 957 387 666 462 745 686 420 625 343 137 667 194 217 598 420 370 69 965 660 
1
658 165 630 340 
11
642 411 779 164 60 717 828 295 252 990 515 612 886 65 898 197 867 400 75 611 107 7 965 998 959 794 432 334 801 606 596 694 37 86 738 355 262 64 558 758 811 884 296 417 
35
844 436 450 837 235 118 916 820 408 902 51 737 644 897 823 983 770 955 682 813 902 904 985 505 847 928 200 214 349 972 198 92 207 860 749 65 661 914 506 213 112 878 215 941 559 334 406 812 775 665 100 773 981 261 145 60 518 96 836 135 868 509 418 612 293 193 148 99 955 829 403 221 374 210 971 452 897 633 195 419 965 411 162 860 229 872 4 953 936 336 268 730 247 482 222 825 382 119 473 348 795 161 444 957 839 119 304 87 627 251 277 626 252 607 557 82 299 233 783 281 707 561 417 450 81 12 840 608 900 74 651 331 434 413 50 79 418 41 624 71 
19
724 203 287 27 211 598 129 169 630 279 580 852 495 87 461 941 194 278 632 985 41 196 801 889 661 604 22 307 405 705 661 450 795 573 653 524 941 273 753 74 473 157 900 510 682 540 158 862 215 161 867 43 707 478 270 810 518 555 691 386 243 57 425 795 573 343 819 98 547 747 198 824 432 105 663 3 
3
897 666 463 698 575 571 207 322 619 69 412 299 
3
299 180 643 705 860 583 612 641 623 245 561 652 
4
534 690 32 67 259 930 695 739 377 973 527 924 155 587 334 650 
25
40 724 527 694 177 583 493 868 297 670 623 22 443 824 593 750 485 33 317 649 316 72 370 233 249 221 112 835 884 156 777 653 927 636 808 163 640 66 519 864 302 123 519 287 808 129 554 180 603 419 4 312 919 410 247 409 309 666 608 446 158 517 394 765 998 905 380 456 233 383 479 650 401 265 662 459 206 74 185 788 494 676 670 207 916 145 193 370 532 777 438 485 291 876 316 499 371 457 893 191 
37
76 743 889 640 696 511 940 266 109 961 60 270 108 41 718 712 715 625 461 431 586 217 862 996 722 995 295 958 994 920 791 805 285 528 628 505 832 533 475 137 190 33 807 325 473 863 604 579 552 597 529 34 18 217 350 204 440 977 515 314 369 778 893 552 819 466 985 450 93 391 208 906 569 857 623 562 729 74 214 618 419 780 372 555 267 75 892 648 283 29 38 43 19 7 960 404 521 48 972 278 989 967 370 302 284 661 249 492 641 448 311 631 230 541 444 545 320 554 52 559 823 874 559 152 214 36 563 931 879 967 559 685 261 275 851 41 524 576 168 135 349 654 855 674 445 876 220 164 
23
445 281 672 695 917 181 423 468 587 664 637 540 888 959 159 372 424 445 75 59 526 202 809 407 602 333 702 196 576 76 853 549 108 920 597 612 374 601 368 279 588 340 749 560 651 862 483 700 493 714 221 625 565 458 266 442 200 829 912 478 21 71 625 950 420 685 499 392 553 918 690 767 320 288 943 590 162 43 723 735 435 702 163 176 623 806 302 607 84 408 729 134 
2
741 508 549 491 46 12 644 739 
6
817 259 507 321 456 335 342 653 125 139 266 845 525 961 225 522 502 523 310 376 323 715 588 116 
1
722 259 950 192 
27
666 952 36 384 60 523 674 602 40 565 108 514 429 519 83 335 616 443 388 570 740 727 866 792 976 172 787 968 362 799 4 818 738 441 789 302 566 923 589 954 590 63 182 731 728 621 297 226 226 6 255 262 557 708 131 226 854 909 851 681 45 396 13 619 93 928 974 787 126 35 982 991 170 31 180 382 48 824 650 187 554 505 734 552 114 420 297 475 209 77 846 274 219 207 948 707 552 766 542 321 56 812 475 916 847 176 423 590 
10
881 203 493 63 707 303 128 392 222 995 620 41 711 924 270 465 726 223 378 568 357 947 393 363 778 346 505 275 326 639 404 485 691 846 606 109 415 609 607 32 
15
215 442 314 484 877 28 764 242 951 491 171 428 624 346 755 536 193 273 858 37 451 386 202 484 598 579 862 9 103 884 665 940 723 397 333 669 579 85 638 920 294 557 658 750 484 878 779 576 489 903 387 869 115 815 247 732 530 561 324 274 
15
469 248 594 605 714 284 228 408 450 177 960 522 707 302 467 968 899 715 684 863 453 465 768 824 639 560 535 129 37 290 295 878 570 603 650 495 26 434 291 26 959 396 352 57 743 314 672 800 512 416 753 40 285 942 391 293 945 287 719 97 
17
36 747 349 228 439 521 790 53 109 646 390 151 793 236 838 523 336 900 585 816 528 79 710 967 214 290 22 72 531 6 313 44 709 121 453 490 935 708 312 363 407 470 672 691 429 901 522 764 739 467 805 275 758 108 574 901 963 220 502 424 524 393 474 337 785 145 269 604 
14
777 29 568 993 361 644 218 929 334 227 211 976 788 481 135 131 383 803 339 275 949 208 16 16 116 302 501 225 572 258 892 575 397 13 619 476 812 34 467 650 484 29 822 534 862 835 337 809 349 516 275 25 761 130 155 171 
8
998 119 85 641 206 457 120 895 725 104 912 412 171 442 889 58 246 520 940 347 202 8 900 70 447 192 182 703 66 603 21 733 
12
56 267 85 215 87 98 962 425 994 392 578 918 409 320 375 289 68 593 260 262 777 129 873 83 478 527 314 934 453 163 712 362 560 836 246 53 833 386 100 795 263 655 864 23 112 472 823 167 
33
376 741 722 979 38 586 23 159 362 441 299 500 222 902 342 762 686 361 685 206 26 155 79 173 233 129 545 582 393 244 899 591 377 340 257 312 756 744 322 343 343 625 123 562 756 874 311 736 175 928 389 258 451 954 304 182 633 731 590 265 469 490 524 442 364 483 462 683 327 453 323 164 754 51 758 933 564 963 146 941 296 63 383 471 88 494 824 78 818 552 732 594 552 46 691 1 456 999 322 658 911 785 520 356 224 799 581 451 442 178 184 349 775 152 364 23 617 48 227 192 658 809 268 418 909 430 377 914 959 373 591 572 
2
507 775 958 394 261 3 713 135 
36
498 257 489 675 66 355 810 540 606 707 886 522 709 859 126 287 719 722 232 970 632 253 528 964 37 624 515 454 912 24 774 456 927 787 494 7 514 885 472 724 985 177 608 382 33 194 187 208 446 830 715 711 397 561 561 784 4 194 588 330 994 130 250 924 197 737 519 821 377 964 739 46 116 910 389 16 509 807 348 482 570 129 861 704 843 666 408 503 314 147 945 631 944 482 991 934 197 539 813 54 375 826 686 361 497 649 6 603 686 206 29 467 356 980 319 676 522 131 128 850 568 33 501 724 971 452 176 826 220 106 999 944 591 987 17 368 455 702 167 778 131 912 360 783 
29
146 414 911 522 666 136 74 483 297 886 479 585 437 6 908 627 608 875 640 579 658 795 819 263 438 148 819 348 920 786 33 307 116 933 555 361 950 534 407 554 273 293 905 59 9 240 265 626 90 375 100 916 152 765 340 919 523 562 670 712 783 613 34 803 719 887 805 533 228 367 799 307 179 886 105 485 155 74 420 89 529 452 482 581 753 662 45 452 679 407 310 193 605 279 225 320 709 647 730 51 373 967 318 306 277 681 320 626 745 516 606 38 634 332 398 332 
10
526 300 826 545 741 336 337 209 682 938 684 711 332 933 858 161 180 940 122 475 246 733 741 944 491 965 931 542 158 703 655 212 558 933 131 660 260 846 1 857 
1
882 79 542 340 
18
503 660 695 530 542 773 128 771 725 304 56 734 705 969 728 870 138 105 131 396 693 478 74 220 656 609 991 678 104 713 558 153 277 704 836 305 839 352 118 864 432 919 734 870 513 287 334 868 365 683 575 975 365 872 962 53 765 8 614 937 843 1 632 161 368 60 760 810 926 312 629 860 
16
460 790 817 520 84 651 134 67 146 81 912 524 872 538 636 559 43 146 744 147 403 130 240 678 891 743 364 63 434 193 815 984 575 244 794 996 13 358 71 862 650 172 845 837 170 196 925 136 894 460 809 778 663 546 534 719 242 85 807 636 29 690 22 43 
20
222 795 755 870 958 453 117 257 695 675 404 352 600 67 171 288 468 77 192 263 984 285 748 624 545 907 27 736 369 248 867 993 643 425 951 362 246 690 273 848 61 317 350 415 623 462 442 341 464 142 895 864 424 786 739 751 190 61 560 100 806 321 606 373 314 843 782 160 740 57 913 274 736 332 148 388 372 949 876 300 
36
522 597 141 670 441 324 255 790 471 563 27 769 570 504 526 410 271 558 9 420 689 544 844 678 378 616 926 869 664 624 752 116 153 54 536 714 539 219 939 430 582 886 373 938 993 950 676 842 64 553 58 792 105 850 950 235 896 552 414 116 652 738 641 654 374 593 954 515 852 504 231 481 576 424 679 42 955 604 992 196 252 411 786 887 451 925 636 113 648 537 735 232 753 670 576 554 149 496 295 186 978 103 693 453 625 672 295 66 149 46 759 732 917 742 678 96 402 105 660 330 929 456 614 222 299 186 277 464 142 391 886 302 280 566 629 543 247 943 326 934 713 780 82 518 
7
726 724 32 539 989 652 722 734 138 782 547 475 901 217 390 337 26 246 972 184 581 40 524 997 205 113 642 280 
27
198 875 339 523 676 976 636 400 308 578 250 675 770 507 898 801 31 794 492 489 971 947 637 169 659 76 173 710 594 568 660 202 542 989 737 119 944 527 413 282 290 974 247 264 113 915 480 532 788 276 603 482 412 352 258 586 603 425 781 31 231 3 825 360 878 554 737 372 421 305 9 175 433 756 667 236 822 372 233 982 910 320 829 124 251 2 231 479 803 217 648 576 416 715 829 467 165 445 14 683 649 854 247 759 403 470 174 49 
27
511 937 231 369 396 143 20 441 43 104 927 42 614 155 355 761 59 375 336 55 85 684 525 115 412 932 955 638 948 493 598 582 838 3 898 4 28 870 268 640 277 717 214 67 765 904 662 91 207 539 942 492 601 204 16 851 334 95 302 160 43 515 799 71 929 497 606 472 705 10 952 124 121 100 208 775 226 431 333 514 502 85 405 530 868 137 43 778 101 825 113 560 398 939 410 187 212 401 795 542 724 694 233 3 352 581 370 158 
32
986 209 615 502 115 293 75 129 929 650 163 944 767 66 377 991 244 806 122 899 974 278 221 723 721 392 765 6 21 525 650 698 843 809 879 956 78 607 544 817 6 920 4 750 400 791 439 202 572 451 899 113 195 181 917 124 43 984 705 223 585 361 902 969 369 574 783 926 566 329 833 109 544 481 997 945 476 997 135 37 109 160 532 575 762 591 754 868 694 872 15 804 166 863 254 747 932 54 394 826 602 724 502 31 799 278 719 595 67 766 893 478 643 781 833 698 177 556 884 177 546 471 700 336 23 484 597 956 
20
978 595 724 728 28 402 38 559 993 588 226 82 927 477 388 270 396 834 473 353 920 464 587 67 244 731 665 700 452 588 894 404 165 261 94 936 71 234 174 384 121 26 501 794 689 472 745 339 108 265 65 158 343 568 449 28 648 992 251 529 916 169 782 301 371 355 713 86 722 27 264 494 590 811 720 544 503 556 392 635 
6
644 681 165 153 598 415 42 814 290 912 189 887 840 625 829 138 902 551 275 729 986 81 184 181 
31
280 366 129 49 672 863 963 327 330 317 735 156 538 239 233 933 486 640 854 573 222 862 906 983 960 103 990 430 674 669 385 182 720 369 616 579 478 40 894 238 300 553 756 541 857 502 172 805 994 22 300 494 954 62 256 293 313 893 260 355 752 186 325 139 11 309 560 15 105 260 71 949 763 91 206 788 568 438 655 404 697 539 399 333 872 228 462 458 799 963 662 711 341 265 279 398 68 991 669 885 882 969 889 977 874 180 411 321 463 519 518 527 484 936 400 201 12 216 714 809 798 569 562 801 
22
678 437 136 44 134 398 939 695 850 263 226 566 204 469 197 299 300 764 744 133 500 426 794 225 29 478 886 231 977 788 421 769 896 251 707 544 544 196 999 5 280 950 372 852 757 382 860 678 441 186 291 18 140 867 466 575 177 349 750 132 499 3 616 909 911 999 832 564 207 639 570 236 747 973 802 769 348 384 984 949 51 321 21 643 167 816 598 9 
15
195 499 790 79 546 650 47 863 499 856 842 897 889 552 345 97 467 120 939 444 552 733 587 518 886 682 3 867 82 709 598 482 624 360 358 587 599 622 419 489 425 745 351 648 237 224 263 797 745 238 712 279 689 618 808 651 138 906 589 962 
23
47 461 546 922 704 276 223 191 927 378 113 270 294 26 873 469 201 741 261 360 293 254 443 482 142 150 993 49 204 624 416 212 687 695 276 318 104 199 949 976 626 8 944 11 836 803 112 937 195 503 245 404 893 314 628 272 853 508 797 954 767 299 317 440 901 755 969 61 479 85 344 857 261 564 775 341 942 794 934 734 66 606 249 795 180 515 282 87 262 159 934 614 
12
905 343 864 293 934 66 791 311 64 30 211 915 373 947 482 656 108 23 473 512 977 239 439 308 682 133 961 839 542 5 867 815 295 231 562 890 588 546 435 503 667 572 538 313 897 506 866 318 
26
568 504 961 412 869 551 826 30 857 482 914 127 724 986 328 121 912 253 768 502 955 93 30 418 632 986 310 518 543 79 655 373 280 317 214 142 430 487 124 606 113 330 450 207 38 740 937 171 323 126 624 392 533 568 795 271 402 678 675 28 761 347 330 754 424 618 711 56 414 924 77 287 705 657 418 436 254 295 364 380 295 620 132 628 367 468 710 999 202 744 970 373 172 278 134 123 963 427 821 862 451 40 4 644 
24
763 658 954 787 386 184 448 467 417 751 779 440 243 884 702 969 136 721 160 467 899 837 189 175 24 212 368 715 417 327 517 163 290 485 257 415 390 400 610 519 653 514 824 322 273 325 816 734 295 315 412 703 89 832 139 674 984 131 556 351 935 622 122 518 933 329 805 165 824 702 137 913 89 624 671 684 683 154 410 375 473 482 395 61 361 71 947 745 374 286 396 371 529 107 442 826 
18
595 842 994 846 571 378 158 634 893 714 95 421 767 400 831 153 88 499 103 858 723 743 520 290 643 429 182 153 305 565 973 264 965 390 752 15 952 411 859 447 641 926 298 564 350 86 180 678 356 668 496 142 722 845 157 752 244 632 496 730 488 99 164 215 90 133 254 412 798 597 420 215 
19
8 631 692 135 439 177 776 851 716 892 251 546 315 904 663 881 488 229 144 269 10 723 181 884 240 775 197 881 212 183 707 774 712 841 368 536 778 355 255 753 487 213 444 604 585 891 212 304 734 406 363 723 756 392 742 639 742 611 135 702 440 566 533 558 125 290 926 438 672 866 324 250 260 148 619 125 
17
931 193 58 536 603 887 60 944 744 699 612 58 497 913 630 64 399 948 499 54 604 97 934 125 968 48 10 604 855 270 163 782 461 19 264 967 473 604 400 773 247 498 889 31 220 233 899 64 228 197 912 702 754 769 656 821 605 95 857 258 194 970 129 799 857 553 907 507 
11
455 728 691 27 822 30 397 468 856 204 720 948 445 219 471 770 275 957 730 947 424 311 764 962 918 263 123 635 847 791 142 407 338 876 645 625 459 86 987 776 130 69 38 35 
43
79 415 664 934 477 31 868 349 136 336 62 259 340 705 20 688 580 431 444 651 2 870 715 515 545 60 444 974 995 257 883 680 677 666 202 604 437 491 78 38 252 22 587 176 309 509 777 523 609 624 274 850 165 85 253 50 662 875 492 350 22 62 432 735 301 846 582 435 359 270 140 777 919 647 295 909 259 88 536 744 109 787 761 68 380 813 217 689 194 218 953 545 116 727 509 654 396 75 2 454 344 771 978 379 584 846 334 962 849 139 420 572 943 628 826 808 361 254 585 682 173 834 951 324 726 532 311 558 782 40 79 568 841 640 124 877 363 536 406 21 311 833 151 537 2 618 961 659 189 194 959 848 30 909 72 89 182 486 516 2 862 960 858 524 959 650 481 183 215 796 44 896 
29
898 72 33 795 76 29 982 124 975 836 303 336 629 972 959 953 665 495 750 484 330 561 332 841 504 923 321 131 90 542 626 242 15 30 232 556 256 807 892 663 437 540 477 771 737 945 639 752 7 532 365 941 927 762 930 405 945 932 650 224 696 100 97 223 679 492 802 559 529 296 927 96 75 768 477 389 531 966 541 733 309 571 428 109 964 535 866 127 339 948 220 873 974 481 862 860 267 843 913 639 897 807 155 641 307 6 612 712 912 496 621 805 131 655 367 632 
28
615 971 33 181 632 727 164 702 314 278 731 474 866 810 196 598 119 513 171 648 440 978 687 511 672 123 916 448 153 554 655 839 967 312 95 766 663 501 806 115 1 849 986 904 353 521 768 231 219 516 551 527 929 475 78 663 474 880 463 931 118 828 851 68 558 198 752 334 110 400 585 247 680 992 300 485 766 35 219 993 187 802 437 548 33 953 214 182 426 186 497 744 661 385 350 78 861 949 97 188 386 471 960 713 61 124 807 721 641 332 778 818 
34
825 338 755 906 626 50 165 583 793 975 915 571 949 117 641 782 381 852 830 799 80 195 104 676 197 411 760 121 694 178 952 699 962 305 393 413 83 677 617 117 880 871 221 864 366 204 298 281 627 692 628 83 859 531 619 303 135 885 14 260 633 415 174 738 236 747 255 43 6 405 622 57 303 386 439 165 195 502 111 339 364 153 515 707 616 923 441 423 730 316 475 445 249 736 69 110 399 648 871 19 803 182 103 611 408 572 664 638 675 413 783 424 873 141 76 714 38 137 213 345 229 14 844 66 349 331 581 999 191 924 400 287 319 960 916 492 
8
204 774 157 757 823 571 886 643 417 328 654 787 656 12 275 637 221 963 340 681 888 698 905 446 201 329 367 410 602 922 477 905 
26
164 283 394 243 114 364 588 816 537 313 732 26 526 304 404 688 618 953 735 928 347 1 5 661 8 184 500 992 885 942 392 793 336 653 969 145 980 370 122 691 448 298 895 890 221 966 167 732 296 46 917 658 437 798 894 894 357 63 271 92 537 596 599 200 347 490 798 232 518 410 98 864 231 271 223 643 822 225 88 823 627 985 885 924 508 889 591 285 316 537 578 225 82 641 325 822 695 530 206 190 656 811 664 833 
36
140 616 27 350 500 736 551 939 911 831 626 751 465 797 541 809 440 316 350 238 984 883 729 213 543 860 326 764 904 215 112 725 657 281 992 600 565 694 295 281 588 756 177 903 667 910 535 616 384 424 997 698 511 728 794 707 573 55 375 864 515 63 304 161 823 813 620 543 925 271 940 266 942 82 452 604 722 949 129 701 152 225 679 142 965 513 531 622 86 1 59 21 539 278 798 276 369 541 635 624 533 991 229 576 961 460 485 860 489 847 698 892 412 883 682 548 516 663 798 966 380 685 216 226 928 310 392 723 548 958 461 583 973 253 872 124 512 638 86 158 339 60 77 855 
4
114 856 175 520 121 996 440 328 136 869 840 434 935 241 152 913 
16
68 931 72 162 374 151 107 486 731 514 725 206 802 911 806 622 282 121 682 21 990 585 677 33 29 549 236 326 78 880 387 719 550 396 650 462 604 833 306 776 972 756 733 456 201 108 742 281 945 23 848 449 224 261 363 390 778 846 213 433 199 513 931 852 
48
385 572 704 52 276 581 715 295 225 91 755 99 991 60 267 599 956 124 925 673 807 891 543 602 791 207 552 660 526 966 470 983 763 945 732 873 876 165 440 458 764 895 434 756 397 23 248 822 44 440 657 49 786 67 261 26 232 696 390 499 464 776 678 115 357 61 224 465 566 408 670 505 9 397 601 238 328 877 396 653 126 203 243 67 2 437 71 302 994 49 312 590 738 755 982 408 345 581 737 380 877 58 915 193 957 53 689 322 445 82 881 334 3 832 613 78 751 122 402 769 653 828 882 254 269 368 781 823 280 137 886 742 454 230 591 622 99 303 336 283 682 718 811 109 364 52 461 312 898 984 835 373 172 515 924 935 781 480 698 639 531 405 427 819 7 663 395 655 317 514 919 617 700 580 239 265 716 247 590 300 377 989 279 350 978 433 934 717 189 625 491 926 
15
951 2 289 482 561 931 230 541 860 49 539 235 256 570 813 349 259 522 852 101 87 432 618 410 418 946 537 875 173 534 60 222 376 702 437 282 740 634 972 286 420 277 11 733 991 898 292 746 474 635 160 676 613 337 48 631 438 755 33 716 
15
647 928 831 272 960 489 104 691 895 170 671 737 472 331 602 611 663 520 159 601 561 965 339 769 198 71 86 745 813 603 986 636 92 158 355 172 214 313 692 92 951 998 5 920 1 47 617 701 69 418 461 224 349 821 156 148 916 407 520 41 
31
797 108 627 332 478 946 929 308 802 889 432 184 976 51 461 472 998 21 719 545 302 153 772 752 293 222 69 523 784 124 655 528 897 514 568 989 458 178 492 247 282 685 274 594 428 174 237 332 599 681 764 279 609 642 397 546 564 824 290 491 327 244 283 821 942 259 151 520 877 890 93 690 964 810 423 163 136 389 920 361 507 923 269 613 566 964 55 534 287 899 12 687 474 498 27 868 306 812 64 614 192 489 460 632 623 726 529 161 170 209 390 21 118 767 965 104 758 318 482 46 33 278 406 956 
21
62 527 692 30 730 705 569 41 235 753 64 827 350 457 927 639 982 514 339 756 910 172 309 721 560 439 696 984 565 814 627 528 801 222 436 99 846 773 963 294 324 146 169 179 648 442 821 420 418 475 30 465 948 624 797 374 560 214 994 326 640 75 266 115 668 913 570 955 744 275 770 610 437 909 513 143 455 809 282 323 368 842 337 225 
4
745 244 744 965 12 634 394 607 549 215 23 19 544 244 298 668 
41
938 509 1 817 42 289 856 357 113 769 89 924 269 784 160 71 375 389 687 72 714 726 782 662 652 200 965 331 998 271 608 968 863 128 610 842 20 656 200 609 923 147 338 719 629 678 192 143 760 764 518 859 1 194 482 189 221 307 549 697 729 658 433 485 953 768 474 960 304 153 399 243 41 186 372 538 769 416 32 177 144 706 716 687 582 487 952 170 107 972 839 128 404 137 463 531 107 341 10 994 667 267 610 718 958 949 164 741 459 947 222 115 130 982 22 94 142 640 284 961 549 143 356 930 468 562 418 600 482 79 335 766 855 337 199 172 400 785 116 749 868 621 145 784 322 639 48 300 103 527 875 680 754 308 858 551 432 43 910 143 100 460 761 579 
41
598 936 201 537 374 755 560 936 395 281 681 861 731 1 978 752 216 265 25 404 291 366 548 409 112 446 366 275 394 178 373 655 454 62 544 951 476 554 602 70 899 402 237 690 443 346 918 359 116 168 312 785 664 299 535 536 348 689 405 498 795 419 497 635 328 235 599 706 928 221 506 819 389 939 752 764 423 430 904 244 983 182 705 755 516 278 841 346 431 198 445 347 6 667 413 946 841 925 191 78 388 858 177 471 747 666 732 564 154 164 477 381 199 964 876 232 679 569 973 515 128 53 247 561 63 835 603 283 88 375 950 575 471 480 126 550 934 993 128 756 224 441 78 895 549 406 271 496 128 927 850 14 800 36 242 575 195 63 393 328 806 103 760 245 
10
768 29 839 386 114 474 959 442 220 324 457 952 766 418 586 3 481 122 566 382 423 58 564 243 569 143 611 712 296 865 52 776 646 267 957 322 990 315 306 185 
51
365 417 768 314 529 178 402 562 631 566 158 947 144 486 228 731 643 293 558 682 962 681 945 333 982 18 857 933 267 807 614 550 801 189 99 652 561 202 961 946 498 748 726 848 465 862 839 23 188 879 892 187 213 254 875 379 284 28 533 894 890 682 891 862 577 16 31 21 784 267 569 878 364 439 540 805 508 925 196 469 5 176 415 241 756 950 600 672 900 642 215 845 724 945 614 504 82 909 60 127 658 222 801 879 252 668 947 125 909 252 436 992 169 878 932 447 75 109 260 580 136 950 64 644 710 384 67 350 763 856 819 758 596 925 39 683 817 551 743 571 448 997 228 791 967 484 397 341 610 61 973 340 760 890 849 850 222 351 732 210 638 62 753 236 810 659 802 739 798 875 645 308 741 555 426 819 34 200 239 577 533 760 7 263 162 556 157 278 746 621 603 574 543 436 861 801 680 411 391 43 535 111 847 258 
44
672 794 809 515 920 33 875 788 444 514 29 270 336 415 56 38 843 121 237 222 225 766 918 385 433 8 513 758 741 807 241 422 351 19 933 361 391 411 780 757 178 531 555 974 63 389 880 612 299 280 126 213 121 205 458 923 712 452 893 99 495 288 344 325 269 112 575 769 77 22 422 782 927 213 641 50 331 693 159 982 654 390 765 325 671 616 59 446 997 183 843 266 734 176 888 856 973 889 78 293 105 338 616 590 962 321 585 894 841 252 355 280 705 28 725 73 73 891 671 438 416 970 854 224 924 644 981 685 251 907 822 269 703 3 355 509 975 732 652 875 70 552 205 696 487 983 856 155 384 886 372 60 462 193 433 699 472 901 798 149 835 671 818 526 372 423 368 680 845 140 27 161 569 540 40 826 
45
502 476 130 344 722 747 294 166 751 336 461 148 685 734 206 554 39 480 527 921 785 466 182 478 618 953 681 982 578 127 560 973 405 370 638 948 366 19 786 299 348 590 427 651 565 692 607 435 3 805 672 503 674 502 731 823 923 833 751 467 321 355 226 329 664 842 845 499 468 723 201 876 632 475 81 909 849 219 409 748 211 958 604 47 442 924 873 366 954 258 136 948 485 773 43 405 826 571 819 680 945 258 577 485 286 348 954 365 415 42 97 566 836 171 622 660 812 925 794 406 639 241 881 305 900 115 349 285 679 936 521 630 439 500 855 484 971 6 725 213 712 167 923 345 484 621 595 804 94 842 999 771 430 495 601 960 997 228 280 540 58 474 651 751 318 346 801 826 850 670 143 369 848 563 283 531 870 839 586 14 
26
388 166 16 762 991 21 583 865 845 280 943 667 812 156 3 436 70 125 931 569 626 357 629 785 489 135 250 975 801 939 772 973 952 952 426 415 545 687 710 405 994 23 703 473 858 97 109 992 220 703 250 902 987 216 289 932 812 600 652 461 533 409 562 889 314 78 442 812 858 910 983 532 902 271 244 352 654 795 690 233 409 838 950 523 417 357 201 936 681 210 170 477 37 520 907 886 496 490 129 486 128 100 759 456 
42
222 63 244 224 867 577 720 872 83 667 99 462 980 884 69 426 92 168 175 175 877 890 499 985 159 899 633 579 697 320 288 792 927 616 751 974 324 896 433 864 18 705 801 729 343 790 529 46 104 363 649 943 84 243 211 989 440 426 870 73 661 921 355 699 573 68 672 251 265 262 911 54 610 833 365 313 518 339 247 869 31 91 653 599 918 52 36 417 778 572 854 97 244 577 924 23 763 976 360 445 557 437 868 513 91 932 935 630 73 255 508 720 466 898 708 357 848 454 17 155 211 81 8 514 517 60 57 357 938 59 225 279 388 611 726 202 934 921 35 973 242 86 916 844 112 700 429 957 568 527 810 635 928 280 796 990 874 72 722 15 980 787 239 283 694 516 440 984 
25
792 787 19 875 881 671 714 577 729 62 847 545 564 140 512 195 475 855 193 594 518 41 306 108 749 656 504 54 98 172 429 949 668 194 963 511 694 497 393 150 336 193 791 318 737 455 228 332 540 917 939 28 563 263 671 63 455 701 296 268 818 952 529 456 800 179 855 614 13 944 922 530 990 920 911 15 116 398 413 28 775 88 707 125 106 593 108 144 193 346 473 772 367 181 42 137 594 298 349 948 
4
423 154 287 169 124 507 295 490 791 698 517 983 536 503 540 314 
40
520 327 60 294 629 952 116 622 620 967 280 472 5 605 381 932 36 72 791 776 704 430 417 890 647 156 622 687 467 968 184 393 952 361 954 41 149 732 54 458 220 710 249 70 18 425 782 828 807 930 702 650 192 135 323 101 351 615 109 983 410 975 263 871 106 495 390 883 194 81 531 492 450 146 172 425 718 414 669 125 660 374 609 420 595 244 627 362 672 668 428 693 506 339 856 447 203 591 211 823 71 227 431 11 354 616 482 202 249 6 441 568 522 278 939 627 869 12 802 370 655 484 148 874 359 983 983 629 353 312 955 976 312 972 616 956 742 822 51 469 488 410 62 408 651 945 920 360 286 790 417 940 976 598 243 331 559 427 320 492 
29
572 185 44 515 68 896 513 737 967 279 257 208 233 161 817 547 918 42 379 648 421 534 809 913 493 535 699 508 526 950 274 187 28 603 374 2 426 802 443 379 819 229 586 302 55 922 608 73 551 887 144 968 669 698 976 140 929 517 443 634 777 147 404 581 372 484 94 560 262 79 735 487 263 373 820 839 229 108 758 677 724 87 436 270 698 39 864 565 476 384 994 449 464 514 278 266 847 109 756 783 212 505 52 244 846 593 492 65 2 619 352 488 51 872 410 265 
41
663 339 36 896 301 803 666 242 754 776 103 148 733 511 682 759 99 843 155 436 314 917 672 705 804 800 963 129 823 477 64 866 262 230 581 665 639 299 928 284 447 818 413 147 866 579 473 205 283 814 271 241 991 558 418 333 83 32 556 424 149 375 937 249 664 20 728 578 534 688 233 662 366 793 579 538 151 261 740 814 426 670 951 276 206 160 491 719 59 536 489 472 469 211 345 160 722 799 666 887 711 716 779 137 222 374 838 239 304 582 696 218 316 500 254 647 133 824 264 141 643 53 905 33 295 728 741 738 382 625 644 173 934 348 632 994 589 487 892 382 680 366 686 285 836 76 61 701 350 333 181 390 205 571 595 946 945 702 201 334 904 968 866 896 
45
129 947 628 595 904 934 409 913 978 220 1 507 421 45 69 381 889 385 695 555 452 292 142 536 787 817 680 108 685 879 93 224 796 50 26 762 276 469 441 288 144 513 305 133 884 939 653 48 719 349 593 621 398 127 177 239 999 634 425 603 483 86 32 640 593 105 449 488 740 109 785 90 84 229 783 640 977 223 566 736 244 166 638 634 359 165 889 766 472 92 111 283 178 993 654 937 793 411 418 902 516 910 306 287 559 103 944 176 885 663 538 137 50 753 889 288 887 491 792 666 301 554 873 138 836 460 464 184 961 438 379 82 373 76 141 241 672 180 398 564 695 333 455 129 700 685 893 154 933 742 297 132 973 164 479 645 583 343 775 235 486 531 65 669 39 344 25 829 788 457 811 37 371 566 864 53 536 341 29 315 
28
132 93 52 4 937 164 351 744 389 592 304 216 766 702 305 793 217 831 443 425 716 660 611 940 419 674 592 914 13 593 41 442 832 224 599 389 469 131 80 850 308 866 630 143 848 922 825 5 181 317 520 432 168 568 655 144 132 669 804 344 674 29 12 768 981 718 648 948 669 423 702 876 443 407 684 344 808 119 296 219 572 546 977 368 755 190 164 240 144 261 182 889 564 371 702 789 418 994 53 674 102 767 786 750 956 266 257 776 666 942 797 750 
36
387 686 180 868 621 498 86 5 376 821 680 283 198 172 878 153 528 283 413 680 330 610 151 129 272 412 425 449 993 857 762 142 602 750 893 549 658 140 799 333 263 753 290 507 741 722 817 875 896 257 690 158 721 131 45 540 187 600 18 936 167 462 963 265 743 263 886 871 768 276 576 482 684 163 557 172 732 350 885 121 564 998 161 683 972 378 190 345 276 373 737 355 66 847 196 965 777 749 416 71 880 720 248 902 847 338 560 922 258 257 396 586 570 894 278 819 431 106 83 576 117 323 106 390 394 341 281 635 935 928 680 523 131 670 246 139 988 593 197 483 952 197 263 553 
18
974 566 861 855 321 660 127 507 742 231 38 208 976 60 335 674 698 826 500 455 194 198 431 184 63 378 272 565 309 697 304 64 292 295 946 492 847 576 852 247 704 36 207 326 251 376 898 741 63 136 835 410 185 517 683 563 306 884 374 828 968 434 888 518 620 87 433 486 305 739 9 821 
45
153 18 182 65 941 491 683 13 512 597 991 978 941 496 384 741 654 866 293 70 81 368 700 855 608 884 75 89 869 366 537 590 241 239 464 734 774 407 70 147 298 976 164 265 802 488 438 213 306 343 82 64 546 850 972 748 806 363 69 431 311 50 484 419 872 384 695 536 669 980 901 511 456 238 674 347 78 562 332 621 184 562 658 483 443 928 743 792 582 111 370 553 943 74 132 344 397 352 145 743 514 341 761 396 415 105 543 835 262 314 689 996 398 942 629 351 926 960 546 410 347 128 65 256 81 657 93 230 116 266 89 492 23 866 375 224 156 694 565 438 994 257 83 259 232 873 445 688 100 675 232 328 267 667 475 355 920 552 820 558 795 934 639 138 865 111 383 470 592 370 127 948 634 812 516 168 10 237 999 733 
