275
1
243 368 261 950 
1
241 389 444 883 
1
717 739 753 934 
1
164 729 114 55 
1
105 953 533 917 
2
108 901 307 461 554 950 569 427 
2
306 725 295 800 337 603 651 6 
1
891 679 195 341 
2
908 348 626 670 564 858 679 500 
2
5 773 526 647 927 109 11 201 
1
581 790 467 450 
1
34 838 966 453 
1
565 844 23 175 
2
622 252 566 867 590 404 250 561 
1
567 965 275 714 
1
774 742 699 947 
1
284 513 119 12 
4
835 376 454 863 517 915 535 268 702 983 260 359 202 768 16 665 
1
742 269 422 532 
3
70 844 830 426 996 441 758 331 456 902 680 570 
1
573 31 431 400 
3
267 265 860 657 590 987 679 920 649 83 182 309 
2
861 252 493 899 11 463 527 225 
1
383 670 105 867 
6
947 14 124 492 567 511 973 879 400 436 663 63 903 445 650 147 551 812 881 209 414 766 522 27 
1
912 226 147 130 
3
466 114 742 9 841 617 771 701 402 616 424 659 
4
387 617 917 643 720 278 677 315 824 666 767 392 412 721 937 869 
4
665 73 974 326 904 239 470 560 190 982 460 702 390 668 83 330 
5
981 474 61 583 422 225 291 735 406 317 387 589 8 39 303 90 784 910 253 723 
1
563 597 490 784 
3
785 622 426 199 852 362 345 183 898 344 275 70 
2
99 916 848 869 365 504 696 740 
2
602 834 275 680 427 191 364 343 
1
492 489 569 163 
7
935 289 604 484 85 207 301 42 507 755 617 313 499 516 22 291 841 758 450 837 585 717 642 706 889 260 56 849 
6
865 262 460 754 208 167 747 572 321 299 924 804 342 954 168 483 764 345 781 946 241 418 297 117 
8
949 722 46 459 756 719 564 551 975 94 445 825 573 140 629 175 525 24 817 322 567 480 586 669 275 6 255 181 865 757 806 638 
3
503 27 787 538 887 704 828 470 396 966 104 659 
3
990 519 958 750 65 451 769 483 808 44 348 617 
8
211 123 130 153 838 95 127 645 657 150 748 201 500 956 976 742 747 890 282 71 803 62 527 213 72 499 684 836 514 373 965 590 
2
609 47 996 297 292 769 197 170 
6
634 297 590 281 350 671 25 475 307 856 740 615 356 138 686 476 588 549 570 804 153 364 354 677 
4
475 180 516 148 270 79 106 985 80 296 668 5 241 256 49 828 
10
723 786 460 2 793 379 345 129 470 355 620 535 635 823 135 583 381 523 562 489 94 998 712 260 992 852 853 647 278 597 879 333 21 688 830 238 270 139 581 318 
10
908 550 463 821 549 892 579 566 186 870 508 85 710 826 925 692 84 15 973 19 851 220 910 405 853 94 970 955 943 169 300 163 564 593 62 160 499 455 866 337 
10
342 971 605 905 165 507 827 516 115 887 894 848 684 521 723 451 236 80 890 481 184 408 945 763 73 118 193 856 657 326 605 545 142 494 992 412 19 444 270 128 
5
800 741 852 96 498 191 887 605 225 642 738 85 596 154 381 625 423 73 38 387 
7
626 91 569 218 547 290 592 847 653 229 555 979 774 362 18 75 461 6 216 830 249 361 883 752 401 313 706 53 
4
152 203 6 442 653 722 38 586 81 721 839 748 655 583 583 388 
6
778 126 782 239 588 409 174 867 34 775 451 977 734 678 21 342 14 39 384 506 29 58 912 948 
4
961 569 445 391 545 976 953 663 552 959 371 215 925 645 58 146 
7
230 364 892 27 845 282 857 503 554 753 405 558 590 17 192 171 644 493 933 623 919 59 788 652 51 647 492 847 
3
98 783 926 379 782 379 705 197 246 344 682 517 
9
885 925 300 652 512 26 327 739 903 654 90 960 475 19 410 598 130 273 706 843 895 281 376 558 833 842 491 873 6 289 967 323 774 630 456 955 
6
284 150 848 993 217 159 368 68 950 468 652 721 312 400 251 929 873 341 39 9 816 571 698 800 
6
235 118 420 799 17 173 370 400 49 309 946 20 476 134 456 867 553 243 194 462 13 635 11 860 
12
363 192 356 569 293 705 302 357 765 18 363 282 826 130 673 337 812 561 51 267 968 404 982 556 711 841 527 302 3 659 613 338 56 428 706 593 66 669 767 800 347 622 420 97 995 739 19 318 
4
715 699 155 886 791 182 273 255 501 952 531 930 992 546 500 347 
2
741 169 768 916 437 338 800 835 
12
643 328 301 880 187 488 423 261 946 744 463 284 261 439 946 891 734 943 261 864 691 362 646 266 749 244 61 295 889 718 933 996 272 814 554 386 354 585 801 457 249 366 848 708 223 181 492 912 
9
605 883 254 604 345 982 96 206 479 697 434 884 336 528 481 295 274 856 887 798 576 347 435 982 127 381 530 315 515 85 15 959 122 886 513 827 
13
281 990 262 906 977 744 105 650 820 956 336 955 779 851 451 939 557 114 28 464 702 308 724 859 771 157 265 151 350 925 474 569 571 852 275 52 773 503 422 360 793 916 908 677 546 552 171 87 846 942 702 340 
7
495 627 343 585 533 388 172 397 150 976 769 148 815 678 3 511 103 38 661 711 775 301 209 725 633 675 211 59 
3
660 895 617 298 589 337 986 878 824 972 595 340 
14
933 645 760 674 423 509 892 616 538 143 789 590 679 679 13 750 36 685 798 702 248 539 933 215 102 228 167 114 583 685 718 742 435 103 791 961 889 915 754 482 383 870 246 504 684 852 894 456 979 555 642 354 61 841 100 374 
6
433 671 472 775 10 886 307 984 553 501 944 689 737 274 293 725 137 914 295 942 42 204 357 667 
5
206 327 130 20 990 268 920 272 956 603 43 95 496 579 99 804 790 192 541 199 
10
22 950 638 814 425 576 839 12 688 969 472 502 369 954 743 607 777 228 937 626 888 875 320 779 153 221 787 306 762 567 582 104 12 565 435 38 742 873 865 693 
5
816 83 930 146 320 203 336 947 704 696 298 290 271 117 951 199 51 43 201 325 
13
466 744 152 886 292 101 327 969 633 481 806 428 384 247 302 948 356 10 324 617 407 464 618 110 63 570 741 160 598 316 385 671 926 460 421 592 304 895 945 201 25 837 11 826 278 351 43 999 566 246 760 9 
14
257 83 258 777 158 353 690 159 326 941 763 518 291 360 578 44 472 180 320 570 751 185 734 67 240 661 201 812 477 899 379 227 897 286 164 435 150 87 26 795 810 235 886 964 665 823 747 331 233 160 640 922 615 289 222 594 
12
883 326 424 497 161 421 151 774 982 242 418 87 990 88 390 43 180 649 843 832 553 870 300 757 129 837 77 461 558 401 844 148 551 337 124 696 851 372 353 626 268 290 908 984 368 632 182 40 
14
95 497 622 78 970 911 476 255 857 11 25 927 925 22 490 997 822 754 860 566 71 360 629 864 496 464 357 682 996 514 799 576 542 218 98 489 734 49 872 397 441 703 649 753 315 71 64 891 122 808 260 758 71 979 548 907 
1
634 140 153 726 
13
717 84 956 322 148 978 823 354 396 144 366 570 515 732 121 423 224 100 967 239 845 938 166 658 696 26 147 210 9 685 60 345 624 683 813 937 817 87 155 500 151 527 598 671 67 387 197 417 259 154 224 672 
6
205 59 232 194 432 447 533 409 916 284 264 753 751 755 474 939 68 21 614 556 736 338 530 267 
8
395 2 159 209 747 642 499 139 259 222 498 421 185 364 547 95 297 293 978 846 356 797 456 484 226 451 202 657 236 104 768 486 
12
578 359 413 260 226 599 938 730 792 963 628 314 939 602 690 259 706 188 40 632 42 117 352 60 833 826 53 12 938 720 350 157 275 929 274 23 534 189 413 749 704 88 870 690 42 336 594 958 
13
231 268 625 490 273 214 786 203 216 373 286 470 946 350 801 51 990 708 15 552 420 534 396 79 629 620 421 304 349 304 522 995 623 784 225 472 302 230 576 75 194 105 719 44 647 158 360 505 351 691 604 788 
11
300 854 686 649 249 491 294 872 253 747 618 180 626 281 369 97 890 204 688 124 870 561 473 740 517 631 455 894 871 13 259 178 197 544 996 195 400 918 397 850 864 299 577 770 
17
915 7 26 931 2 193 894 648 7 528 662 295 96 142 623 490 753 713 969 690 857 618 849 478 188 117 26 55 433 13 69 877 915 595 588 652 285 265 424 600 439 544 277 771 707 900 374 591 983 53 941 358 233 22 452 71 535 19 479 762 558 822 216 466 976 806 810 542 
5
227 638 650 291 806 579 946 296 615 680 966 202 128 300 915 774 300 521 289 791 
17
33 512 560 970 845 255 827 661 156 974 115 787 372 520 40 809 55 757 322 976 335 952 634 676 280 299 583 986 251 497 371 98 4 519 987 522 825 892 736 416 405 671 567 886 479 967 635 538 492 923 459 202 958 314 779 862 921 786 424 53 947 855 173 614 686 920 217 244 
11
574 756 902 386 773 62 445 471 473 831 906 85 780 815 904 692 532 903 319 709 304 927 767 777 409 726 646 413 663 853 595 715 718 493 617 269 148 935 122 160 511 459 723 451 
6
869 156 161 701 81 326 925 657 562 832 271 814 76 740 846 863 614 248 596 826 273 212 763 290 
16
931 1 413 361 898 866 154 730 636 393 611 754 377 806 607 105 470 653 409 946 998 276 845 877 232 68 533 974 782 277 571 447 897 102 863 810 270 682 610 92 442 411 730 753 610 974 653 40 79 389 600 112 338 942 223 44 522 762 474 628 128 515 376 312 
14
423 122 434 132 193 942 668 200 342 931 494 893 147 457 313 791 216 760 803 572 18 376 4 49 239 517 288 867 305 455 234 881 326 255 131 909 937 66 107 772 195 202 102 527 383 130 957 631 329 628 153 224 835 347 941 656 
16
318 388 319 134 201 458 574 321 879 300 834 284 864 472 713 938 439 174 200 760 5 375 155 405 902 641 280 717 684 842 279 309 71 846 600 187 311 209 184 14 645 691 274 205 386 764 677 482 171 586 479 762 702 506 229 742 233 360 55 127 467 856 508 183 
6
250 309 498 430 255 384 496 888 637 779 884 945 878 272 826 125 359 791 603 629 859 574 435 42 
7
374 719 335 121 465 202 684 783 380 150 503 403 470 476 872 206 436 510 769 236 759 617 743 465 368 890 23 718 
2
471 543 930 562 509 664 137 369 
8
165 964 570 165 145 900 258 203 99 576 813 538 974 764 555 620 451 642 802 89 321 199 120 19 86 579 86 317 926 419 713 496 
10
842 971 431 790 509 607 915 424 643 38 472 96 97 906 580 603 522 585 166 877 639 234 135 11 377 516 204 498 883 38 604 82 994 15 94 770 66 797 133 459 
19
126 778 145 294 537 33 478 648 180 692 898 321 313 871 626 145 579 124 838 879 678 509 857 806 711 304 330 593 174 327 896 966 666 570 899 118 442 732 118 564 114 281 260 645 268 496 386 580 254 398 947 430 663 648 701 751 794 347 586 646 372 279 140 867 289 779 260 9 940 632 535 665 206 358 111 624 
5
484 556 954 984 497 429 619 811 305 141 587 979 704 311 736 439 96 367 394 920 
5
924 242 864 407 484 541 452 563 581 366 266 251 625 368 72 248 576 106 217 942 
3
392 207 821 102 55 861 557 769 72 729 706 311 
2
263 830 730 330 928 855 525 760 
17
316 756 548 299 993 241 780 594 199 139 926 417 426 351 119 974 282 479 750 331 490 569 373 404 140 260 349 235 933 89 128 602 888 856 969 331 45 11 708 574 398 70 419 641 533 746 8 486 56 273 197 944 547 593 93 988 35 268 801 358 590 334 566 274 68 232 969 525 
14
433 368 108 173 697 173 970 448 235 918 217 589 845 550 690 267 527 71 482 224 759 956 886 584 670 169 827 489 821 831 795 37 830 34 670 542 406 696 601 653 666 132 341 456 820 911 969 466 162 551 280 168 72 360 260 898 
7
188 430 681 348 747 157 587 384 584 958 201 536 316 508 343 455 810 780 972 235 891 690 945 771 278 570 727 486 
1
266 124 639 950 
10
374 247 325 189 364 623 791 582 311 511 733 771 400 579 555 329 571 298 592 95 286 336 492 676 648 486 408 468 259 674 442 629 285 621 435 712 188 315 669 949 
6
173 829 764 590 989 153 535 726 896 161 390 935 531 826 990 186 752 267 953 752 845 736 440 961 
15
743 143 814 670 792 116 293 380 818 476 621 237 384 668 629 18 378 947 258 562 609 294 138 919 242 98 658 913 202 143 539 468 239 801 334 855 820 390 346 91 615 624 88 267 370 903 942 629 223 355 753 616 470 198 979 49 865 766 88 304 
17
622 305 692 770 471 307 152 323 162 690 332 940 386 237 893 139 78 163 601 998 286 201 99 556 532 406 746 961 572 30 229 77 623 248 831 904 293 157 677 341 419 72 60 118 17 965 253 698 348 808 56 381 124 257 129 138 635 222 586 879 273 246 797 785 838 633 948 314 
10
178 761 215 687 623 283 26 39 775 383 427 11 933 132 437 841 927 491 233 368 64 569 789 328 350 925 596 626 474 451 382 729 64 166 242 651 480 982 744 500 
22
743 686 603 803 782 467 723 493 563 377 790 907 584 953 86 31 862 659 899 927 789 978 407 485 165 135 662 17 131 954 651 629 476 543 362 790 999 553 694 648 601 971 329 149 539 320 10 823 860 322 950 46 568 899 247 431 114 36 51 929 433 190 338 744 117 385 527 383 282 485 948 318 273 94 832 904 992 245 798 424 507 236 476 684 865 235 368 253 
17
339 886 166 496 602 874 188 836 899 446 938 875 343 66 237 670 495 395 85 830 557 983 851 266 105 316 88 693 933 216 404 521 320 646 760 774 127 616 291 791 433 402 198 242 293 909 738 729 184 350 559 468 455 103 432 164 651 2 414 403 649 964 521 771 987 331 470 258 
8
713 346 882 367 471 658 73 83 984 957 214 635 604 73 540 807 219 331 56 171 437 661 572 951 747 404 905 393 666 333 419 35 
6
301 65 84 352 396 388 491 169 318 615 239 757 65 724 432 474 208 46 474 12 493 537 756 840 
21
623 130 871 242 115 179 878 563 434 456 638 903 163 294 27 787 93 953 857 643 573 374 556 631 720 791 666 878 801 599 766 886 159 91 484 996 694 999 87 613 957 443 60 333 775 205 934 194 414 713 411 3 686 579 309 798 950 371 180 371 92 101 31 117 407 53 348 444 273 498 670 278 200 440 294 539 932 273 963 306 847 434 588 859 
10
90 469 116 460 699 784 5 814 391 526 837 615 404 410 598 284 619 162 47 797 150 743 962 772 307 662 668 432 965 369 735 85 203 779 371 803 710 833 232 668 
12
915 752 181 245 834 41 797 424 610 725 591 344 619 587 113 784 951 160 875 2 251 214 163 127 842 519 958 127 761 55 869 195 487 15 383 591 837 515 943 366 938 737 281 992 648 499 429 114 
1
861 639 265 739 
15
659 507 123 188 353 682 103 84 817 297 270 803 374 817 283 950 647 303 304 311 503 818 814 576 564 894 725 991 460 537 208 371 580 230 735 962 998 295 599 682 647 743 283 112 824 807 496 481 441 977 797 110 465 458 326 80 780 290 90 293 
21
108 439 442 739 111 456 486 485 461 907 233 762 743 198 383 490 962 923 214 678 488 874 595 441 477 464 910 80 726 931 424 534 262 325 666 766 676 943 921 729 437 243 657 140 895 64 124 461 507 473 776 479 878 686 159 693 109 550 969 873 919 108 145 276 534 305 752 344 574 197 143 638 724 280 528 126 256 619 494 980 411 409 522 62 
13
160 3 726 712 446 243 899 53 856 462 128 578 962 652 160 739 778 614 175 453 567 83 84 151 845 888 987 152 96 835 524 483 7 713 614 414 967 44 973 188 650 491 277 608 713 909 335 340 141 678 92 934 
24
71 832 853 21 692 617 555 868 994 272 391 882 857 220 458 163 528 299 474 875 117 712 328 170 852 288 338 927 996 560 711 236 758 421 501 808 475 956 305 889 77 655 377 810 656 357 538 963 534 966 727 78 499 374 723 868 156 763 973 933 588 360 837 436 702 683 429 577 791 179 339 951 609 494 908 668 433 223 504 177 62 239 526 235 311 759 167 393 935 26 798 494 728 321 485 90 
8
218 496 45 259 372 851 25 163 594 809 264 532 321 986 762 362 826 727 980 846 861 928 353 663 897 784 381 685 483 339 69 590 
17
857 639 168 109 714 268 72 481 522 950 811 894 648 219 742 338 578 977 83 700 233 851 336 166 699 951 93 865 179 266 953 304 511 779 715 622 816 609 984 474 753 714 860 520 804 327 180 938 77 498 47 941 170 50 539 949 103 265 632 560 527 570 475 267 524 308 746 46 
22
712 301 800 729 221 898 999 148 813 96 206 780 948 703 352 641 528 309 965 541 261 671 831 591 904 36 359 335 794 679 840 163 736 631 44 735 875 828 649 712 916 965 93 547 915 191 337 761 482 791 209 715 213 942 383 710 884 531 233 797 928 723 1 335 771 724 45 283 78 65 224 259 778 160 990 331 759 920 722 168 354 788 657 325 989 375 629 550 
15
767 850 89 421 24 21 544 787 150 688 732 389 251 582 725 171 430 549 276 833 537 344 994 355 717 339 864 333 314 498 83 546 498 699 447 982 725 702 864 432 810 167 414 780 534 93 674 819 206 814 182 177 107 977 643 702 357 357 298 16 
14
528 22 431 120 766 583 544 209 691 764 891 681 589 402 427 701 250 543 140 162 392 432 107 691 311 817 323 349 207 706 930 161 838 619 352 346 773 74 368 434 161 526 710 251 660 494 549 976 672 297 663 287 916 660 117 481 
11
608 553 883 824 89 360 91 427 555 915 646 928 687 498 318 279 75 213 583 252 72 442 953 187 420 70 118 23 694 597 295 35 155 536 971 589 671 179 65 24 110 488 35 300 
22
735 620 441 825 183 826 786 262 863 563 978 386 176 510 602 644 126 462 50 762 925 928 420 859 939 735 782 234 459 77 850 306 820 105 458 623 674 147 24 424 999 759 216 868 463 483 942 525 782 17 258 206 39 466 223 705 357 677 179 378 481 590 968 52 890 635 241 493 70 473 705 953 857 826 456 31 9 282 70 198 560 577 383 918 553 141 557 955 
10
538 34 366 42 945 187 932 506 498 331 68 487 299 286 779 872 417 279 556 502 389 901 846 945 348 128 487 92 523 474 542 849 1 516 805 459 344 286 525 28 
3
579 133 609 141 89 94 269 327 452 178 848 309 
4
371 171 350 942 119 694 226 944 166 252 565 556 91 366 219 365 
2
518 670 95 435 126 810 690 745 
13
192 365 206 502 589 950 68 662 826 833 929 713 838 471 697 849 61 392 264 437 942 330 845 683 645 139 129 7 504 711 495 304 500 493 244 116 406 218 669 613 239 676 697 525 171 846 137 909 38 284 561 476 
24
485 199 609 97 276 623 732 138 141 181 394 638 163 56 314 218 202 738 580 892 678 732 323 872 279 72 433 440 602 622 981 141 648 473 322 418 157 799 540 867 460 221 422 459 517 561 337 501 76 592 244 272 576 402 759 913 409 578 784 522 36 914 289 38 525 726 461 59 853 658 930 20 694 896 195 76 912 580 540 353 881 208 419 566 503 901 412 326 851 970 742 419 909 500 683 981 
19
385 613 215 739 869 427 335 572 353 67 856 865 704 633 838 861 239 234 426 628 88 724 80 605 737 476 41 533 979 17 821 122 320 978 477 583 460 819 874 627 487 45 717 828 632 777 792 538 200 773 354 122 636 736 648 328 156 333 87 44 361 23 135 782 309 816 69 719 785 894 363 303 187 708 260 468 
2
955 547 913 775 940 911 674 556 
7
260 180 537 818 260 187 516 679 441 290 874 888 986 397 449 979 781 803 749 505 163 867 738 995 985 285 952 713 
6
621 759 395 712 53 979 615 582 920 240 523 82 402 75 934 197 67 454 201 814 216 693 413 547 
26
994 331 715 881 213 983 250 128 363 412 181 153 615 877 791 48 393 31 770 599 581 73 767 83 803 135 541 864 917 822 995 443 140 252 84 967 407 310 497 126 212 790 411 807 520 149 244 380 70 238 887 518 805 522 972 256 669 618 801 795 730 993 954 935 48 972 560 959 652 336 812 535 368 407 393 850 46 816 515 302 364 927 26 395 210 713 384 561 461 815 666 291 725 13 174 235 376 57 914 855 219 557 524 416 
4
488 283 997 969 896 17 810 609 201 416 252 333 943 456 405 942 
7
68 687 173 783 176 359 522 245 417 847 555 353 773 407 948 915 816 566 575 766 263 694 466 928 662 303 7 41 
10
800 731 417 973 837 787 233 974 157 983 541 124 514 833 374 713 828 242 798 238 694 779 693 455 379 230 742 30 415 130 303 857 793 967 564 82 591 664 645 948 
14
607 613 29 836 183 113 879 137 878 594 806 364 406 66 53 909 674 742 123 911 636 720 597 735 196 93 484 2 149 964 813 36 58 61 140 436 452 743 492 947 771 899 604 312 456 203 668 283 814 830 158 340 117 506 141 879 
15
834 841 342 648 662 115 249 539 973 666 578 775 174 215 234 508 781 306 107 345 266 958 1 96 900 317 874 634 904 911 395 573 745 623 779 891 488 809 937 976 234 927 327 178 287 364 389 876 907 313 164 926 535 546 938 115 997 65 435 112 
6
681 92 404 830 80 305 748 792 492 80 727 366 667 106 66 47 119 658 565 48 906 479 550 569 
10
477 951 736 758 157 747 891 381 833 741 117 608 27 554 412 144 382 52 419 446 803 536 637 761 869 717 182 391 897 606 272 346 184 235 503 200 996 698 955 785 
20
505 964 185 193 207 641 731 55 337 587 177 325 251 28 835 143 663 264 536 613 2 987 537 568 521 578 572 963 939 643 295 582 301 748 392 576 104 740 666 484 153 943 645 273 587 643 368 460 660 450 229 961 522 128 290 884 467 631 414 551 492 187 565 417 598 182 600 51 512 897 681 329 941 996 423 133 328 112 214 494 
6
587 282 295 31 105 597 212 603 206 642 800 13 315 923 503 480 399 823 441 8 160 174 956 592 
9
268 813 140 296 894 568 316 881 996 814 951 503 60 557 293 727 550 449 207 357 474 972 239 752 645 323 25 981 738 88 408 469 402 777 797 262 
30
272 232 92 178 107 458 742 726 69 167 675 115 784 239 676 196 576 198 328 705 112 25 589 714 673 971 508 268 370 120 807 742 898 326 465 559 201 430 514 182 84 753 553 620 462 832 758 712 18 950 966 609 999 559 579 866 865 613 815 962 995 507 495 586 547 695 734 622 936 208 862 762 433 989 8 501 191 293 869 532 844 480 10 820 342 734 232 53 861 962 519 734 798 478 535 139 996 818 631 923 142 854 124 495 804 979 574 530 127 600 498 930 143 988 256 448 786 140 18 68 
10
623 849 334 856 427 559 436 367 607 803 828 433 458 75 173 513 669 18 639 399 246 161 987 722 227 262 607 177 86 655 168 908 959 422 430 404 697 969 536 789 
4
346 73 192 271 953 640 13 216 211 97 420 855 201 673 211 226 
14
470 548 100 173 656 342 225 843 908 713 696 315 364 181 360 263 381 848 802 733 64 906 588 928 443 581 348 761 16 765 993 850 711 480 370 535 23 716 150 142 933 494 474 73 219 312 127 989 747 396 753 684 500 524 299 976 
4
247 741 765 897 357 17 29 688 155 496 924 362 700 205 91 338 
1
110 296 380 583 
12
431 465 984 987 587 675 696 973 151 685 337 944 489 462 957 406 958 393 481 984 595 952 923 835 710 527 107 713 375 96 975 673 983 126 614 693 170 662 940 652 435 240 404 119 486 994 296 488 
3
955 463 267 430 509 887 789 366 409 813 522 231 
23
11 493 391 206 21 786 804 862 256 304 584 832 271 543 296 232 999 800 700 970 426 176 461 283 106 720 387 765 381 303 990 721 780 589 673 753 212 564 469 602 320 443 90 835 836 208 92 324 392 789 902 704 192 953 867 272 162 130 792 244 232 468 94 609 716 781 195 692 54 867 627 230 661 772 230 848 16 88 526 971 614 592 67 686 408 159 27 43 980 773 95 2 
26
617 999 580 678 284 677 222 421 974 319 711 668 106 179 497 32 346 879 789 873 528 653 527 326 710 813 79 317 720 361 663 13 819 267 570 333 426 402 963 751 412 882 230 848 900 274 418 107 67 130 762 750 727 11 616 6 953 60 636 688 760 848 766 420 502 554 834 904 376 434 749 834 114 410 817 156 825 701 720 303 763 835 193 36 975 27 230 618 128 103 576 179 927 386 383 48 20 293 997 807 613 803 497 94 
11
66 769 421 634 42 167 105 175 162 146 630 241 38 965 179 558 645 415 765 181 684 944 730 304 937 575 929 12 834 156 753 925 392 674 46 184 467 877 886 190 511 663 645 866 
18
705 642 973 730 386 590 642 46 783 269 394 482 870 169 904 107 781 318 319 151 579 447 622 894 303 961 97 254 596 344 168 807 42 170 602 250 201 638 326 464 359 225 74 185 24 970 774 783 300 50 459 960 698 56 564 818 505 547 62 993 691 923 344 855 195 849 329 512 120 966 568 688 
4
564 660 816 657 860 915 688 220 838 251 335 484 37 562 668 797 
31
996 861 239 243 344 156 715 672 17 591 713 328 222 702 35 984 278 524 120 441 79 476 456 575 812 599 879 345 552 751 78 739 275 983 272 698 879 234 814 873 598 676 187 81 69 108 299 730 86 8 608 506 10 891 112 325 47 990 895 53 946 597 334 363 530 246 244 689 779 336 761 510 154 147 571 55 665 356 498 285 90 741 744 4 812 87 84 342 444 250 381 924 94 488 266 909 716 334 751 695 61 200 93 438 477 246 495 631 7 801 336 749 889 369 656 174 646 38 584 955 74 634 793 239 
14
781 535 320 736 582 832 195 57 957 668 44 138 437 926 700 292 782 605 158 71 698 11 511 358 755 212 854 910 456 212 109 539 967 762 48 501 842 906 160 659 436 829 851 227 105 160 72 368 631 779 73 613 443 206 158 907 
18
137 931 101 477 981 488 955 107 827 357 962 69 493 552 966 913 686 573 665 388 308 484 625 364 778 227 163 345 622 817 165 250 924 885 240 383 372 486 665 502 467 936 209 451 877 725 607 111 625 125 863 449 854 883 261 501 509 825 867 390 96 72 273 326 510 178 755 797 900 867 85 150 
7
107 160 384 728 900 113 583 252 117 958 681 681 373 532 498 751 535 599 742 988 286 231 972 671 986 160 943 595 
30
496 370 328 551 836 109 647 303 631 405 124 767 993 143 811 45 409 107 52 936 602 972 992 320 913 800 490 261 976 981 970 255 634 900 674 829 992 440 735 381 650 657 276 106 888 780 692 716 124 325 235 330 597 345 492 418 915 811 943 190 506 538 553 940 782 3 903 490 707 852 366 493 269 31 952 921 780 379 999 459 702 728 24 21 741 608 768 167 336 349 714 492 2 805 957 679 12 505 603 384 479 605 660 897 944 365 171 753 141 369 260 758 178 689 63 124 25 730 751 337 
33
891 361 128 257 941 895 551 995 642 956 996 523 44 558 430 861 204 338 449 793 359 448 935 508 979 961 732 999 826 603 227 399 105 533 332 845 228 503 552 196 462 532 538 792 423 41 331 772 514 315 446 10 167 911 941 166 91 104 914 878 271 313 528 344 267 855 885 159 437 529 101 271 909 780 436 909 656 379 211 33 980 589 321 395 551 261 726 933 505 647 253 90 136 453 137 440 516 312 536 495 632 369 681 49 289 745 925 75 627 369 570 942 339 936 140 944 242 641 220 930 369 22 508 407 120 501 138 508 873 814 178 889 
6
369 891 676 101 170 260 414 673 199 435 634 182 437 510 126 514 791 31 999 31 266 607 63 293 
6
514 415 590 919 130 682 988 21 223 795 780 477 60 247 877 9 72 861 68 831 647 511 341 714 
1
188 474 442 155 
16
167 52 742 392 532 79 971 39 497 766 439 677 244 544 753 758 872 452 272 820 753 168 588 976 834 519 966 869 801 625 102 187 445 666 269 534 739 589 47 71 39 607 558 270 15 437 431 145 27 915 525 555 565 671 551 849 302 944 740 716 335 286 633 443 
31
728 25 84 346 906 551 212 474 811 986 954 793 162 497 312 118 403 613 555 776 673 9 62 544 95 517 250 789 762 114 169 474 10 125 76 950 90 30 150 729 732 742 831 282 639 700 117 277 853 275 663 445 501 155 744 355 762 651 984 58 551 888 374 448 954 59 685 881 546 869 366 751 125 274 877 323 743 980 333 159 228 128 632 425 298 798 311 978 602 107 127 100 205 613 288 808 967 15 432 695 694 355 651 481 166 955 136 468 756 242 768 634 9 544 719 222 383 682 840 496 980 666 675 662 
32
799 927 616 110 218 309 931 60 73 936 692 496 118 761 636 528 180 237 789 721 990 911 926 32 293 50 512 770 363 584 252 488 402 364 636 601 864 655 884 824 674 170 966 235 771 185 170 336 302 340 588 951 933 394 428 318 319 870 757 845 730 260 17 76 343 541 839 540 499 397 778 889 395 88 674 465 721 227 469 414 309 764 73 459 742 433 367 325 897 494 894 91 753 404 987 977 872 354 709 549 531 287 651 572 412 794 207 134 620 989 357 897 315 690 248 787 780 914 100 626 53 515 711 553 840 819 491 353 
32
444 459 162 455 691 599 424 77 195 291 219 747 641 931 853 65 645 804 315 414 289 12 105 253 368 408 247 658 206 378 271 851 121 607 386 807 280 488 938 612 691 364 473 349 311 838 551 100 866 776 102 28 910 765 210 403 831 820 986 613 166 605 245 183 284 319 315 665 285 69 966 252 573 628 30 262 61 88 25 848 263 112 669 884 952 625 532 646 652 679 73 348 657 942 669 239 464 545 456 808 865 323 108 433 666 81 717 120 217 541 170 947 860 135 216 792 673 28 131 755 478 713 586 94 257 602 153 992 
24
826 958 369 884 777 70 284 75 646 415 199 738 879 179 450 13 765 196 303 172 865 136 891 736 437 623 404 217 190 496 40 373 120 496 228 845 495 547 338 148 956 721 881 751 705 63 822 406 178 268 543 824 818 835 633 504 337 473 535 829 160 276 703 745 893 595 651 441 379 917 447 26 191 155 936 403 782 750 938 177 308 850 600 944 782 546 817 680 538 178 785 45 759 586 542 272 
35
987 121 138 298 681 601 1 418 761 882 292 782 844 827 813 636 794 976 556 209 355 1 532 299 513 39 850 639 629 217 832 689 204 344 420 788 371 123 929 198 103 370 745 397 504 236 923 929 873 770 114 988 92 480 721 323 649 61 916 88 76 645 132 426 991 417 733 13 823 907 140 939 173 841 438 7 404 734 663 249 893 135 313 855 78 870 169 485 500 640 622 632 527 696 357 302 69 568 642 453 207 891 968 868 440 983 57 339 821 550 245 453 908 69 238 898 874 895 30 847 91 277 533 587 681 953 554 893 273 750 305 641 956 779 900 161 253 843 505 414 
29
85 448 599 997 895 791 944 469 527 614 625 305 969 613 618 271 484 696 112 632 8 544 272 519 57 192 473 907 79 973 639 492 125 950 35 411 545 169 904 225 838 76 896 481 196 829 107 17 766 122 369 528 181 774 782 51 622 149 208 82 506 396 235 382 166 178 576 931 344 231 353 42 289 623 93 617 897 198 590 640 868 160 823 980 91 161 828 124 620 516 835 980 374 201 280 219 888 235 73 326 210 523 600 653 115 478 862 517 905 174 664 774 185 136 743 42 
17
308 370 564 222 404 780 9 324 671 553 325 113 224 43 947 149 499 477 323 811 886 526 765 771 772 16 962 698 433 119 253 560 395 946 791 596 369 868 19 109 488 282 728 12 369 723 532 669 325 603 276 797 217 476 752 764 54 476 235 581 152 988 853 999 517 980 156 242 
32
929 437 639 569 218 925 949 232 793 819 232 785 756 606 813 871 473 574 102 925 783 852 837 464 991 676 17 602 534 932 945 407 957 382 740 232 452 604 201 491 974 606 637 843 69 265 474 799 947 129 299 170 875 384 880 504 568 231 843 448 42 460 544 695 223 458 307 910 179 548 43 202 446 446 708 566 706 971 141 140 243 353 556 787 842 170 18 921 806 25 276 82 883 609 32 513 317 675 968 555 786 798 995 896 967 981 232 689 714 620 601 574 190 109 388 826 403 210 161 771 768 837 207 461 239 834 75 174 
34
714 892 813 728 647 960 261 852 347 920 199 965 802 50 529 237 329 360 344 918 981 76 629 167 94 867 409 784 302 815 175 127 374 676 228 387 268 765 902 128 979 233 729 717 401 46 324 240 845 634 709 188 809 182 443 218 525 727 413 98 460 374 91 61 570 493 809 806 726 427 768 508 916 440 708 687 472 173 20 230 353 10 662 805 901 202 795 640 211 780 394 310 284 132 721 848 537 497 278 136 94 587 143 918 601 104 38 831 743 365 108 885 92 34 384 747 84 241 765 848 543 649 761 336 536 260 14 581 507 458 115 804 460 124 959 506 
12
776 630 814 901 159 140 863 166 733 49 732 204 525 445 44 414 786 661 716 64 202 322 460 537 849 624 344 944 575 538 305 231 226 414 85 575 133 186 948 88 626 980 404 277 194 647 349 22 
18
693 920 913 457 613 556 786 806 302 729 165 100 651 668 828 782 134 656 309 909 85 677 22 876 891 587 45 680 735 944 265 103 492 210 968 760 346 836 627 966 410 939 438 844 126 295 286 808 564 442 888 576 297 561 26 895 26 820 456 593 836 254 679 908 245 989 998 587 908 216 92 133 
24
710 128 244 540 876 507 603 343 420 190 286 91 658 933 616 880 178 722 834 722 917 73 121 756 810 16 302 120 119 755 846 787 822 963 395 169 442 704 737 590 999 649 614 359 271 728 779 939 635 308 249 501 110 286 29 735 553 969 837 543 288 511 64 761 788 551 379 797 241 931 163 834 530 515 342 372 681 296 841 464 687 864 455 323 64 824 770 388 27 986 353 887 746 334 391 53 
28
168 788 258 701 629 141 39 5 959 270 885 352 856 151 260 650 682 532 251 987 194 920 612 491 696 858 980 844 606 430 628 938 381 52 358 887 758 976 749 218 13 447 553 800 638 830 783 742 27 515 981 821 522 532 157 334 941 601 702 50 63 200 876 77 960 732 34 969 240 543 812 43 684 853 298 977 689 129 699 639 837 549 156 203 154 466 359 817 416 390 372 636 109 959 636 250 262 694 989 558 647 815 657 532 420 473 543 750 509 637 953 714 
6
773 497 169 362 320 764 837 375 193 548 154 829 100 233 248 138 646 99 2 43 163 992 606 577 
1
200 945 302 561 
33
287 484 829 48 717 280 685 729 621 719 172 112 500 502 878 332 565 572 384 667 153 615 632 253 498 579 99 398 360 862 731 224 444 355 794 489 25 783 891 183 83 175 341 741 857 682 539 908 861 207 802 575 913 914 730 371 268 140 737 174 737 985 789 680 886 985 949 213 742 763 146 28 375 665 603 297 257 951 577 175 832 435 500 22 657 995 727 439 645 6 168 922 724 214 519 106 346 800 677 802 335 28 486 574 663 137 408 254 456 441 718 370 912 536 470 253 423 416 951 122 634 687 277 436 565 113 234 244 597 83 578 944 
24
962 282 260 440 155 754 930 149 448 111 549 71 359 27 669 508 756 583 807 862 24 779 971 86 446 919 789 918 942 684 815 892 756 667 988 145 267 280 800 784 474 130 102 947 342 219 838 364 113 970 556 503 530 170 650 739 732 63 427 191 374 235 531 670 776 582 911 743 614 756 810 767 69 219 515 649 797 121 951 450 770 397 840 338 439 430 427 512 335 97 674 648 110 277 513 742 
8
833 84 449 457 329 489 957 457 834 788 207 496 407 374 904 456 791 5 381 378 12 491 843 934 296 737 316 946 95 977 119 994 
30
893 245 517 984 965 566 526 853 950 976 717 881 976 269 492 303 192 123 665 298 559 484 337 753 76 579 249 614 54 804 34 766 14 316 272 47 313 274 156 606 563 853 772 58 462 668 534 45 854 998 636 471 326 682 985 780 953 761 181 733 94 359 748 719 299 850 896 228 533 441 138 270 836 294 443 110 793 872 888 413 138 383 86 341 919 863 946 372 58 799 665 741 381 119 913 274 642 730 524 605 41 522 104 573 847 581 314 2 949 801 650 197 131 352 525 11 732 211 264 800 
6
189 940 397 470 904 254 637 182 942 631 479 218 856 683 725 173 747 480 810 363 802 379 637 892 
12
80 501 141 170 708 612 160 888 522 865 851 349 366 738 928 340 492 497 23 505 129 790 911 873 944 435 441 280 949 77 682 686 692 988 82 170 454 486 692 677 161 395 95 944 573 114 232 179 
1
647 957 935 56 
32
339 965 803 840 182 119 592 415 212 5 292 860 468 990 469 957 431 345 399 547 858 675 79 687 724 365 526 46 436 112 254 640 62 338 356 402 432 203 286 937 714 292 511 238 966 298 445 887 300 221 480 668 125 969 895 310 115 658 394 185 797 698 939 786 934 759 517 366 429 359 142 348 880 414 765 153 953 181 688 977 898 114 170 247 127 162 918 119 471 638 647 935 25 377 641 797 52 578 943 91 303 973 495 61 319 612 636 316 936 382 914 228 361 561 325 495 198 723 507 274 568 560 986 897 719 498 665 755 
35
676 115 529 687 61 53 858 855 429 390 121 127 901 835 720 537 900 701 967 639 617 755 306 137 374 676 343 374 30 323 827 106 562 16 978 258 991 663 360 307 449 386 22 393 248 263 495 746 649 71 453 26 433 331 852 21 637 360 116 782 509 310 710 692 456 947 936 549 666 706 637 431 384 665 650 477 3 181 491 114 489 800 227 697 117 747 621 381 30 939 432 661 348 235 158 81 401 460 402 708 68 164 57 720 547 929 926 205 611 144 345 402 782 275 649 672 336 596 770 35 520 965 22 253 136 575 224 982 508 619 857 745 438 383 710 114 926 466 475 415 
4
425 134 726 520 67 55 419 121 662 624 207 568 992 847 338 595 
35
996 53 462 694 17 215 215 193 693 641 446 454 58 120 18 894 99 5 472 636 593 1 955 595 351 242 831 299 695 18 639 543 149 909 290 620 360 264 972 852 478 333 387 80 87 869 919 980 829 4 614 121 418 486 869 108 612 616 720 33 469 138 328 800 25 671 81 162 531 887 374 361 35 752 261 159 85 549 673 773 51 83 435 64 387 96 12 307 256 860 240 975 300 378 920 11 40 373 302 146 405 1 49 490 901 359 650 451 983 470 971 129 474 358 32 639 608 40 571 937 558 432 436 619 172 32 988 971 139 426 655 778 618 261 547 681 772 105 436 973 
8
377 68 150 273 106 339 961 869 227 896 311 283 774 767 140 185 626 394 184 473 231 365 761 406 244 834 105 724 471 214 67 789 
40
446 588 971 476 414 414 344 129 258 479 656 573 519 294 181 604 716 257 126 189 751 107 388 789 991 589 480 670 74 849 462 82 326 925 599 9 539 695 904 999 298 95 149 848 304 512 376 543 818 973 521 546 382 755 213 460 409 18 228 145 187 245 64 968 914 89 100 375 245 168 822 411 265 644 672 103 596 129 770 379 81 14 989 838 520 382 895 304 175 280 695 255 255 495 44 368 759 745 234 766 776 508 329 18 98 959 363 995 874 789 459 988 801 108 14 217 928 98 652 564 856 151 248 639 891 665 27 477 415 582 37 522 289 936 242 707 75 478 573 10 584 316 92 201 239 866 90 605 111 435 208 971 88 833 31 592 879 396 571 6 
30
575 369 846 689 562 417 332 798 933 269 621 856 254 826 105 631 751 143 486 711 860 412 480 556 215 405 926 318 32 541 103 382 443 835 387 483 416 1 624 833 111 240 812 333 434 787 532 622 71 328 482 631 993 199 107 103 475 891 26 437 929 1 325 835 628 892 259 742 675 150 484 741 775 877 603 62 673 558 370 842 190 971 906 997 825 999 22 517 874 842 783 146 315 379 936 348 780 823 999 326 675 583 582 650 492 542 940 75 85 273 489 473 516 517 139 103 762 939 455 160 
12
56 969 939 707 280 54 731 235 429 614 405 965 38 620 710 875 882 977 501 258 625 830 806 106 364 130 984 667 363 176 456 97 520 215 381 32 170 89 526 238 114 900 917 841 412 673 33 487 
14
416 876 577 83 481 491 121 300 273 106 185 65 49 130 18 178 844 140 368 836 236 267 471 693 193 53 653 923 334 841 9 384 85 289 113 353 188 811 131 265 261 997 905 559 914 647 484 259 289 84 881 984 295 81 246 98 
6
549 70 894 75 141 256 826 407 806 14 899 76 599 824 459 772 648 927 731 498 191 920 240 51 
20
46 413 569 908 635 278 574 350 772 913 647 769 410 256 853 128 579 443 228 242 818 172 994 350 64 966 337 398 156 474 511 293 131 780 195 956 632 314 760 388 125 130 851 454 523 913 71 885 871 934 301 185 785 371 243 191 32 544 690 615 262 15 284 36 936 919 743 966 551 490 863 81 273 54 129 600 565 287 637 125 
37
243 674 412 910 96 533 516 47 767 741 370 665 666 835 642 404 366 154 734 384 661 756 678 702 314 82 712 925 571 821 883 408 975 613 741 170 113 331 560 506 472 204 540 344 239 742 827 313 628 176 584 103 349 913 195 39 884 108 834 738 22 850 466 61 435 527 115 271 232 740 160 161 972 559 198 713 223 142 605 432 442 189 50 132 337 784 422 389 372 167 49 117 982 245 473 867 702 998 97 823 269 879 197 668 831 41 189 300 823 310 673 930 595 148 372 551 671 787 19 477 629 205 649 949 716 390 438 354 254 52 697 818 330 971 566 277 980 49 75 16 573 755 725 327 589 790 435 304 
5
991 328 613 574 671 598 76 797 575 383 722 572 847 1 999 273 389 916 632 851 
38
684 790 970 554 204 923 638 998 559 657 886 176 570 777 54 572 601 284 465 593 540 522 397 651 767 172 833 401 230 131 435 268 98 182 337 434 963 318 594 268 578 190 717 444 650 710 902 449 954 43 310 25 862 536 227 938 792 117 731 718 498 485 682 173 410 157 625 177 524 10 219 966 921 903 967 428 953 129 749 698 659 687 316 513 79 667 673 35 408 482 251 669 100 176 396 708 276 234 273 924 454 944 336 230 903 168 758 269 730 188 443 249 185 673 404 989 160 127 547 252 578 562 165 884 870 826 175 564 975 756 314 902 623 194 513 180 304 323 270 553 933 900 484 176 734 343 492 410 929 633 875 38 
26
909 467 668 520 220 772 584 776 73 279 770 610 436 159 656 9 167 284 332 360 868 666 444 911 778 324 408 120 283 512 209 388 924 988 142 452 988 471 380 837 565 582 139 765 74 975 239 222 951 471 945 76 769 884 169 870 422 812 257 615 104 246 575 806 3 212 756 705 514 353 989 984 938 996 606 267 741 651 396 276 558 687 538 130 913 918 138 573 450 15 922 476 705 296 953 191 273 780 79 938 52 843 188 534 
28
150 677 972 281 168 48 7 584 649 190 928 960 523 740 484 394 254 894 845 171 450 547 731 522 121 119 38 768 80 876 634 863 193 255 475 839 891 462 462 965 645 783 87 926 51 434 46 294 413 278 301 276 713 290 937 487 242 619 915 453 658 274 301 421 856 351 493 707 568 925 335 279 331 598 908 251 449 674 829 717 821 909 593 322 555 225 689 548 982 283 490 213 946 548 726 5 820 649 328 735 76 442 669 271 805 946 35 780 199 651 600 605 
18
811 685 790 539 687 950 137 621 527 991 241 332 122 279 247 462 491 36 206 285 50 875 316 679 598 123 208 953 842 455 2 238 634 956 804 840 999 551 223 610 72 511 368 794 264 334 388 261 846 194 902 650 988 997 708 650 4 178 769 128 938 941 411 779 709 387 776 116 89 286 910 418 
14
883 545 51 735 394 919 866 771 269 518 26 975 429 888 565 542 786 918 534 366 388 604 861 382 57 680 923 879 404 588 598 827 129 250 670 499 357 331 736 438 301 612 226 444 456 530 186 701 937 107 319 644 902 796 869 838 
11
509 763 545 752 230 325 121 825 698 574 453 570 691 234 927 377 239 558 238 437 359 840 214 536 809 241 407 327 833 837 981 169 230 332 840 406 668 570 980 301 975 804 298 866 
35
746 898 88 270 8 956 805 610 96 587 69 604 732 391 528 708 209 251 769 34 402 935 882 336 977 462 607 336 508 361 49 555 776 853 50 651 894 795 313 550 558 346 994 752 782 321 90 287 68 511 118 313 515 680 412 525 829 94 722 468 192 466 36 743 726 492 532 728 265 299 108 605 897 889 530 329 403 501 255 77 719 734 875 520 973 946 439 475 347 744 199 336 773 230 647 311 296 855 252 733 117 260 272 123 24 411 567 997 132 575 51 739 827 94 349 95 696 173 894 842 498 248 934 218 928 781 508 660 959 47 270 614 199 797 314 116 10 879 199 303 
28
192 85 547 167 772 812 506 183 36 286 905 93 174 479 255 172 687 826 327 980 692 944 637 752 197 414 709 731 331 725 649 199 271 196 489 876 169 833 238 597 429 670 112 118 255 46 162 5 221 462 628 640 972 683 402 215 366 42 944 993 272 154 732 633 208 176 702 300 786 441 262 844 710 193 734 811 340 502 796 848 130 327 799 334 406 209 652 337 647 861 376 253 610 307 525 685 854 507 937 224 641 938 527 87 789 825 824 800 800 583 856 374 
35
204 734 588 378 779 734 128 142 681 872 971 622 400 881 75 292 54 495 878 857 552 713 964 697 805 787 250 352 580 785 577 228 45 254 495 616 638 812 431 867 869 705 317 280 637 51 581 702 168 183 470 771 182 112 615 521 217 339 620 251 293 816 211 967 81 837 995 154 981 650 985 715 272 135 475 110 213 587 69 463 437 426 909 880 586 658 890 965 157 858 246 9 363 498 153 852 804 29 826 250 249 270 556 433 11 763 497 382 409 296 823 42 246 538 558 104 330 350 753 830 367 372 664 179 219 762 907 155 800 321 969 63 453 298 352 964 69 552 556 253 
35
922 592 488 337 864 941 204 432 879 2 955 375 735 222 94 170 503 767 94 618 667 262 601 981 102 990 568 869 976 916 110 945 808 147 861 839 899 843 478 738 229 35 477 521 699 695 538 648 394 639 576 691 486 690 76 53 753 501 154 318 25 418 694 517 80 714 131 889 184 971 683 462 317 76 372 718 204 382 391 234 96 511 995 848 534 473 106 497 473 514 353 319 257 516 749 265 332 155 115 593 773 118 617 807 945 760 964 432 333 375 122 241 601 591 532 194 820 536 947 208 142 497 620 600 160 965 48 1 218 854 226 817 579 40 297 839 119 810 881 653 
32
550 581 458 596 184 794 837 258 309 154 595 987 983 883 542 377 687 938 564 64 481 775 636 434 987 112 160 855 448 36 220 219 890 77 255 618 997 226 237 384 118 669 642 915 495 46 915 760 702 920 350 147 945 878 354 817 537 427 187 648 934 206 900 636 394 518 97 750 196 12 774 26 166 262 135 499 331 338 127 307 818 75 151 417 149 674 357 529 860 163 778 262 709 226 593 196 257 928 451 691 786 645 599 477 130 72 368 740 294 137 543 861 870 970 52 398 861 311 596 280 781 979 379 739 112 145 318 648 
41
5 923 185 202 45 84 908 224 919 775 293 638 407 287 257 30 979 891 597 595 518 127 835 143 820 349 151 299 802 457 886 428 37 130 9 741 31 269 677 107 463 640 53 966 257 613 636 245 949 399 353 902 119 155 741 168 953 850 170 232 119 236 440 816 710 525 773 498 433 566 924 902 92 696 203 594 600 322 623 996 285 836 753 369 103 457 200 337 548 23 841 374 572 375 591 456 777 537 161 321 170 811 210 920 132 355 571 410 326 187 448 494 670 333 273 361 246 22 361 188 62 242 286 359 109 68 264 674 948 809 205 550 686 221 860 483 368 86 347 159 684 605 311 65 496 757 230 787 689 490 959 818 39 284 669 765 480 329 732 196 627 945 63 254 
7
633 847 442 372 828 838 42 541 243 227 373 709 889 224 361 198 505 769 834 998 836 984 987 843 407 113 246 70 
37
107 657 659 536 660 90 415 268 587 495 816 425 3 221 786 651 278 643 973 583 287 639 171 735 63 844 70 342 130 154 67 853 773 418 349 538 551 66 336 541 651 757 801 676 428 557 48 634 371 269 683 173 566 496 208 967 554 220 180 40 943 726 86 895 467 161 690 893 464 619 7 640 82 891 707 106 991 57 617 929 462 437 182 493 514 269 703 837 856 327 700 243 84 972 559 585 725 699 685 179 641 751 514 340 812 707 813 15 40 228 422 352 258 698 372 62 68 47 593 447 707 772 208 992 405 741 528 161 776 166 762 783 201 643 4 564 739 104 511 15 425 657 304 718 474 706 151 706 
4
854 175 32 744 418 975 208 310 14 720 22 30 611 836 212 898 
37
714 703 704 991 558 288 229 403 10 390 657 772 113 384 648 532 250 168 862 828 396 135 783 907 25 79 273 986 808 533 333 22 617 535 205 826 313 693 903 893 504 448 275 889 420 764 968 470 205 686 690 46 747 362 120 378 143 804 501 773 367 143 868 817 669 100 192 653 180 156 846 815 727 374 253 972 343 59 875 628 117 143 599 187 791 18 933 124 909 977 57 351 120 399 977 146 317 457 492 806 582 635 54 170 965 670 847 2 157 433 970 863 518 557 169 295 96 397 568 567 141 853 253 464 135 116 696 321 484 233 402 124 33 617 857 988 577 401 888 972 967 142 954 518 970 565 186 139 
43
50 653 829 708 246 498 442 305 637 47 693 674 994 350 661 541 399 584 694 256 377 783 392 624 316 272 769 222 792 837 503 308 885 270 819 728 267 294 937 629 495 553 889 802 47 38 605 29 644 28 644 738 98 868 859 266 166 999 922 636 482 813 226 742 136 956 472 122 686 744 987 347 478 781 271 770 733 540 49 542 477 865 695 688 584 127 657 523 805 914 603 911 469 980 838 56 87 265 261 839 567 389 528 685 563 957 292 221 486 73 383 830 93 280 231 144 971 748 813 335 801 849 660 976 188 942 759 572 878 195 747 740 183 503 693 182 565 485 934 551 27 405 529 625 799 871 837 977 600 908 696 994 229 810 130 856 135 503 666 651 340 266 625 545 499 93 541 948 501 817 497 486 
23
341 10 278 938 478 899 304 12 719 515 894 812 393 666 539 229 986 194 261 804 725 690 441 154 401 62 73 466 55 305 204 100 69 160 969 49 104 324 653 661 734 954 935 689 98 182 327 245 905 21 238 644 795 637 586 291 776 56 714 663 553 893 728 73 572 128 502 369 694 551 283 691 657 159 467 843 803 480 990 759 502 612 196 616 954 302 650 313 632 445 835 928 
5
366 984 546 644 297 374 566 211 177 759 197 529 989 658 253 987 186 995 873 968 
13
532 16 370 520 872 480 766 820 896 79 729 312 111 928 289 322 733 919 671 260 120 471 73 106 174 827 680 520 638 466 603 853 842 732 986 910 947 5 389 863 260 406 932 14 643 31 442 16 264 54 407 2 
37
900 317 853 557 452 309 275 533 677 36 941 825 361 285 420 380 761 847 335 701 126 67 793 57 466 290 644 409 694 753 121 300 601 942 257 204 749 190 621 693 794 252 377 113 377 250 871 150 104 502 83 362 705 378 181 780 8 862 310 461 967 938 521 915 621 536 696 96 666 738 477 826 709 445 148 647 826 65 143 761 985 653 80 828 661 286 378 61 655 538 458 382 781 409 545 879 706 619 823 49 822 847 948 12 314 981 119 299 883 111 603 321 66 714 896 640 869 194 94 896 43 600 759 380 905 713 417 356 336 393 636 998 867 496 163 373 257 905 344 188 72 164 472 295 618 957 778 319 
44
319 481 386 503 707 271 883 210 772 554 935 655 248 126 336 934 654 153 867 655 200 634 656 829 49 913 783 376 26 181 881 800 604 449 744 178 472 4 110 690 711 630 781 966 385 576 773 33 123 749 765 839 23 525 335 907 32 754 711 406 748 330 899 616 947 179 935 741 524 968 732 638 718 948 953 625 747 982 511 97 824 791 805 728 122 267 683 987 832 647 717 954 520 172 433 475 225 66 110 159 16 569 212 813 370 919 916 424 291 254 266 844 243 523 686 246 732 225 839 47 695 283 114 10 800 433 473 401 664 710 268 171 177 626 976 386 403 759 108 113 919 21 408 722 438 930 69 288 895 928 831 372 444 506 691 686 313 486 5 897 516 283 965 245 464 192 886 691 105 229 88 790 438 978 74 284 
16
820 933 500 602 784 791 320 872 781 486 934 804 874 894 417 979 276 4 631 263 2 623 190 430 228 204 635 489 929 374 956 215 979 425 39 750 702 965 679 436 116 785 931 525 841 439 733 50 550 344 416 616 985 316 796 899 634 147 755 39 689 478 714 396 
40
867 564 753 335 412 702 935 196 730 446 206 486 743 191 632 447 204 193 117 783 638 242 661 992 136 611 463 189 540 221 692 643 122 570 573 930 661 534 564 759 547 691 45 877 992 775 514 515 646 201 184 444 240 341 151 120 340 478 493 480 387 5 388 882 36 848 480 795 555 514 716 104 915 761 721 162 488 658 188 520 368 484 329 770 770 678 43 938 64 248 463 114 368 722 672 976 342 914 979 636 754 487 717 547 621 181 241 686 17 686 847 973 484 866 306 674 717 183 128 558 343 712 263 569 927 372 385 76 608 757 335 723 339 800 872 938 371 301 961 648 908 125 338 917 767 951 680 172 24 926 60 139 70 959 602 356 451 849 178 603 
44
600 248 476 949 439 829 134 781 948 71 252 592 167 470 341 547 70 802 256 628 18 909 810 485 610 736 436 197 512 257 895 814 96 793 766 906 918 247 870 183 2 793 503 106 272 427 816 219 883 216 792 938 380 892 198 52 827 507 870 637 695 161 536 988 567 524 889 530 226 882 131 681 765 725 76 527 386 455 971 367 879 797 603 930 250 52 668 835 638 662 832 736 951 276 676 940 10 117 114 990 902 497 623 884 681 62 726 749 183 302 310 489 959 524 890 817 117 544 813 5 606 126 21 309 690 587 531 110 579 93 38 101 542 542 244 382 329 938 8 703 487 869 119 553 586 159 888 440 451 575 800 322 390 925 822 854 983 193 116 934 148 944 873 66 708 317 240 415 440 699 820 939 568 975 583 750 
42
553 66 827 419 959 901 337 423 858 827 365 996 692 339 349 480 600 239 540 930 776 667 616 340 352 477 234 580 712 936 265 220 485 869 477 813 547 233 299 277 500 266 776 71 936 12 539 944 938 81 331 490 297 925 24 978 663 153 981 160 345 736 313 500 436 457 246 55 722 464 283 89 697 366 193 694 29 177 533 660 275 422 903 424 126 727 211 526 369 927 664 514 209 829 905 222 615 183 556 859 369 276 457 98 147 488 43 34 161 418 327 319 906 453 379 333 775 131 809 858 729 735 932 158 633 26 572 442 282 504 671 442 678 504 661 677 148 523 117 430 940 602 279 61 451 496 796 44 288 638 390 214 981 779 139 242 471 518 416 881 580 828 540 466 695 30 319 458 
21
866 480 982 996 692 823 81 388 201 74 987 244 788 452 512 189 322 671 804 769 522 912 512 88 814 55 839 463 896 363 193 429 240 622 689 868 160 503 749 756 22 102 601 35 206 933 297 743 361 900 782 199 711 305 831 61 169 492 835 618 239 950 768 455 698 462 123 991 134 962 711 56 81 3 208 604 430 62 539 556 376 224 75 759 
42
602 704 432 533 899 588 713 621 127 735 37 165 81 23 686 601 518 983 757 203 565 273 189 235 179 234 956 192 108 587 330 567 234 285 280 167 564 147 717 80 420 269 401 459 999 800 511 382 320 469 950 197 497 3 303 809 37 336 578 345 130 518 485 488 317 56 933 423 47 705 2 646 221 574 751 751 382 183 817 86 925 282 424 282 931 229 306 646 509 470 253 594 310 848 261 864 180 390 599 976 245 625 441 502 2 922 356 179 72 284 979 547 345 236 553 333 105 203 834 493 5 623 679 122 999 691 200 527 309 477 846 414 573 614 611 178 761 647 904 512 474 370 674 334 173 239 742 86 957 324 608 287 722 173 628 755 954 444 616 19 695 917 508 791 589 961 651 704 
15
323 850 557 427 812 211 730 61 487 810 126 97 112 333 506 464 216 747 827 384 758 646 292 957 704 742 355 154 270 553 37 681 169 906 40 479 352 325 529 638 9 384 396 772 214 359 492 172 37 187 857 82 496 693 400 698 785 451 314 336 
47
819 59 107 411 745 344 839 92 599 963 862 106 211 523 644 792 218 105 569 89 216 881 540 313 191 969 400 973 721 83 258 990 243 212 309 292 535 111 173 381 885 954 80 16 191 94 733 927 403 376 264 700 478 268 290 317 431 316 196 515 596 365 426 202 855 834 213 634 681 584 167 16 137 193 880 4 940 537 384 37 856 262 914 13 896 745 865 818 309 764 860 481 10 863 163 299 648 926 836 670 417 55 351 617 410 334 141 750 551 74 240 311 953 275 138 784 930 958 436 552 745 334 682 260 243 215 304 108 57 84 887 880 179 985 6 128 725 541 337 644 14 113 851 70 222 79 350 866 388 452 999 655 724 275 422 500 839 725 987 109 311 219 731 708 511 901 575 870 824 340 869 312 568 219 799 74 586 266 616 563 299 151 82 332 128 10 907 92 
34
104 577 930 144 714 906 935 813 648 611 464 738 89 475 943 949 88 898 902 448 412 43 959 601 504 38 295 502 121 475 779 141 920 736 671 345 50 636 9 447 607 455 123 675 577 904 395 752 164 211 63 42 809 600 558 229 164 101 297 430 671 17 259 184 507 848 733 715 858 712 767 316 814 297 449 77 665 307 960 812 932 704 300 354 632 224 326 851 491 444 799 233 248 881 62 994 953 701 38 992 658 457 298 649 119 261 262 966 710 901 211 200 677 743 688 372 157 820 931 11 394 75 412 27 723 830 994 724 809 748 407 907 631 755 708 236 
31
359 500 179 692 792 476 646 53 15 766 927 849 252 417 962 330 149 617 774 385 721 317 745 938 746 12 977 912 785 440 102 75 637 664 512 132 324 195 79 325 115 506 2 342 625 469 353 635 510 416 917 650 176 36 532 775 142 760 662 315 151 58 604 668 968 623 357 775 537 411 764 681 128 946 681 490 113 834 469 444 230 873 741 372 386 740 402 242 578 675 423 154 845 37 325 716 872 855 806 622 527 695 83 541 736 897 652 315 332 472 222 698 834 936 454 581 702 123 554 41 588 142 262 214 
35
286 456 653 192 882 695 96 467 432 496 760 869 822 206 68 411 634 939 400 903 676 361 793 188 20 650 273 366 986 822 293 958 889 909 197 417 745 807 163 204 843 190 990 591 894 187 517 436 317 247 517 364 9 80 893 279 278 872 560 82 596 216 283 919 922 763 137 796 815 963 403 532 356 261 615 910 380 17 268 57 823 526 1 265 163 81 431 41 24 799 342 353 493 693 193 281 816 985 203 359 286 206 393 960 920 220 855 997 682 804 158 792 613 217 302 637 142 910 766 313 132 956 316 398 440 553 233 171 113 152 849 181 698 425 212 119 964 572 520 802 
29
496 358 760 382 964 904 325 103 848 148 334 698 675 759 233 813 375 72 520 722 673 110 970 716 33 655 223 392 634 36 11 521 318 920 986 122 689 341 436 546 806 981 835 210 562 246 652 118 154 919 183 805 973 417 190 295 583 345 493 646 549 723 304 238 833 651 753 340 355 270 228 344 984 325 692 55 322 906 951 37 914 618 758 472 688 949 417 267 903 202 195 68 312 575 988 695 935 875 761 227 900 471 560 454 780 781 211 624 82 600 515 189 50 375 129 500 
4
456 287 259 799 769 134 442 494 859 628 297 429 814 950 907 804 
40
282 355 710 98 95 889 755 959 274 668 630 870 698 421 796 351 561 793 574 934 116 433 160 766 770 263 869 954 465 449 312 444 725 856 242 427 34 917 678 785 409 675 225 390 520 112 158 920 298 508 519 152 910 578 920 517 317 320 147 254 108 129 266 633 753 558 216 848 345 168 514 710 190 140 529 266 946 495 591 776 343 984 475 986 131 248 190 518 501 948 23 86 317 796 336 71 834 835 988 65 553 741 143 52 689 782 112 925 539 671 917 673 862 506 964 345 669 136 627 986 893 819 518 612 717 384 517 888 632 164 383 521 90 825 731 28 104 94 644 979 259 566 952 312 593 841 427 676 882 120 713 303 88 570 944 354 351 993 178 990 
11
829 152 165 115 183 277 473 70 632 29 343 60 11 516 875 956 926 208 633 239 79 539 240 14 935 385 661 990 138 804 71 974 568 302 340 578 188 129 693 739 644 578 64 610 
29
958 128 308 628 672 103 780 175 993 512 56 879 556 620 167 737 560 556 150 470 557 922 975 42 245 11 136 602 317 151 858 71 148 530 984 707 880 532 680 376 927 690 242 132 597 436 538 556 761 909 135 931 175 782 169 290 434 7 553 585 228 374 432 663 219 875 22 803 604 818 265 477 605 458 237 576 189 369 670 386 113 366 940 200 96 852 113 643 523 269 690 910 205 291 12 132 881 56 677 807 293 485 867 984 606 241 348 566 950 457 274 792 134 277 187 199 
37
425 305 25 701 370 289 495 274 384 317 946 173 615 590 999 732 785 566 920 543 601 797 210 189 345 197 90 678 252 757 824 106 538 54 713 199 537 640 5 976 858 916 359 132 137 351 819 949 660 451 555 413 88 776 669 590 980 773 723 601 562 349 881 655 313 182 890 927 619 162 306 117 13 669 928 557 311 672 616 556 418 339 791 856 413 728 949 962 708 567 95 579 473 32 433 254 559 972 256 896 321 960 183 313 56 642 393 262 617 777 814 273 549 817 702 28 399 82 747 270 192 784 371 504 460 258 975 457 677 921 28 245 197 610 880 467 927 325 972 986 801 691 961 215 466 860 680 147 
21
656 744 585 530 218 269 996 693 838 947 337 941 877 809 988 525 312 669 498 598 422 162 792 194 549 298 692 757 585 265 801 549 985 194 190 283 169 597 836 673 653 624 162 210 977 513 35 484 578 446 108 975 518 599 559 886 376 361 433 867 828 344 394 820 163 995 155 27 496 889 122 869 305 851 542 981 68 480 20 545 243 616 788 846 
42
588 234 631 229 23 174 165 828 101 398 587 648 601 778 338 568 402 306 380 645 297 571 125 683 966 951 874 966 609 651 9 581 271 972 95 43 902 808 719 952 471 818 888 492 947 362 551 877 785 59 618 578 490 859 610 989 305 876 198 264 999 251 688 721 794 475 426 772 285 902 123 543 736 178 525 299 118 316 312 93 824 339 543 323 820 951 738 72 166 161 429 309 633 108 484 470 695 663 72 283 37 808 779 324 780 333 319 962 630 719 724 417 980 536 306 117 101 338 864 545 831 611 50 970 584 542 177 635 648 226 900 182 640 928 496 790 38 169 958 335 357 456 175 153 621 528 361 851 713 280 291 272 168 915 51 399 225 868 210 867 849 466 673 545 421 496 921 903 
14
777 349 221 391 330 504 932 55 371 342 990 140 154 790 831 843 583 771 75 737 655 803 530 175 6 36 436 76 806 455 253 728 140 492 14 581 43 488 866 909 251 796 692 703 886 552 371 44 437 884 251 82 20 957 504 917 
31
397 198 3 673 349 684 214 740 470 163 476 938 25 572 554 156 217 388 400 701 981 794 947 345 611 360 575 375 88 921 807 238 596 976 821 446 952 564 238 736 343 400 289 30 467 297 393 405 146 435 498 533 160 857 130 43 612 286 766 181 955 4 657 84 484 569 77 515 646 556 552 514 667 822 711 169 119 981 794 20 312 663 952 272 506 978 870 47 589 732 160 189 244 761 501 801 762 77 244 331 231 736 780 520 324 219 665 785 841 362 353 348 761 171 992 207 173 6 663 219 304 446 868 546 
28
507 403 219 196 792 148 28 979 158 505 576 989 580 640 45 725 360 106 993 248 191 440 21 569 50 649 318 193 255 597 628 594 554 245 977 387 699 470 174 870 142 537 123 507 438 625 684 422 469 127 667 671 166 113 81 318 200 31 433 131 339 361 270 731 62 856 131 697 627 175 763 978 832 644 836 69 784 109 372 794 654 17 867 23 5 394 878 330 190 413 734 394 126 300 246 373 169 921 698 543 727 894 775 246 673 275 251 726 911 473 779 84 
4
651 271 141 20 168 422 23 739 328 573 498 158 610 598 196 757 
51
914 221 364 530 812 542 367 103 668 898 287 558 930 911 207 784 137 950 274 429 496 230 461 961 36 221 851 563 989 175 27 653 335 738 752 548 590 4 119 721 392 664 227 318 285 474 449 956 602 79 153 85 848 613 347 43 321 526 822 20 85 792 637 388 958 45 175 622 674 486 226 850 356 321 524 565 634 905 195 451 552 201 757 576 206 83 352 203 211 310 917 205 671 857 541 193 241 417 864 230 86 803 415 389 897 83 834 441 701 954 168 246 373 758 985 822 589 459 368 533 393 793 204 493 14 686 52 220 988 415 409 518 485 571 8 142 942 676 985 605 680 646 392 853 629 580 287 417 634 517 386 477 423 287 451 767 30 138 544 157 514 187 794 171 301 497 425 442 834 923 585 150 313 959 954 341 967 525 331 734 577 765 277 365 24 556 619 642 651 408 485 842 54 61 853 711 277 922 447 113 961 777 526 967 
9
73 756 181 407 247 865 820 8 308 533 518 522 400 42 277 261 509 282 392 873 968 837 588 720 142 201 739 492 666 546 894 404 196 638 959 829 
5
710 270 181 545 92 950 540 66 347 322 20 85 815 326 998 673 359 289 742 657 
4
792 110 532 668 346 603 266 750 141 412 94 862 85 617 169 630 
18
144 189 549 849 796 588 5 472 755 571 389 511 316 135 933 59 552 407 788 94 772 382 495 748 331 91 603 324 816 302 602 88 586 175 523 291 149 624 500 431 79 588 487 433 601 706 370 334 673 199 169 259 118 146 932 481 818 11 227 825 173 859 832 899 898 686 792 943 511 300 915 17 
38
92 72 929 992 433 406 584 954 339 37 345 788 846 326 797 914 297 519 618 645 749 103 417 303 746 525 475 446 175 582 798 522 47 660 775 806 41 176 265 826 40 792 50 136 416 851 100 240 525 780 188 965 842 73 323 145 127 320 965 416 230 791 990 318 377 44 244 659 883 787 343 155 370 462 508 678 837 79 293 100 529 773 368 684 582 750 634 855 890 381 742 566 44 196 424 191 159 232 703 512 584 521 246 936 799 810 315 925 87 802 159 255 759 37 932 549 670 561 952 727 814 116 987 31 850 335 288 615 642 40 838 528 162 803 370 634 175 337 955 817 735 79 236 124 429 303 662 696 188 603 91 202 
31
292 960 799 520 701 45 832 258 445 706 892 255 578 814 484 688 918 95 667 434 302 223 588 453 456 72 589 908 287 648 660 730 990 372 443 497 230 715 943 822 718 811 277 164 712 472 447 725 523 848 500 106 195 476 553 618 107 237 761 758 92 829 36 422 10 73 916 47 607 729 661 34 916 99 597 634 11 966 819 772 687 229 376 914 828 156 275 43 95 694 45 650 669 646 236 282 897 903 103 392 360 94 808 987 329 596 268 689 565 510 799 761 663 359 50 201 230 28 546 46 957 73 221 13 
1
830 584 82 314 
30
29 658 13 918 793 398 814 314 52 201 649 507 276 544 762 928 7 747 850 77 946 720 471 253 608 214 329 298 935 115 115 828 742 799 685 711 661 563 420 714 47 584 58 223 77 1 598 944 886 872 946 426 177 162 197 524 115 491 177 761 913 683 25 869 573 691 308 815 261 571 679 950 108 718 999 899 200 273 472 498 461 422 460 378 692 100 696 761 406 524 463 869 504 524 410 247 86 414 842 578 117 995 377 579 964 649 50 531 369 547 160 971 289 954 703 527 599 610 355 420 
25
198 269 280 892 592 854 281 32 874 761 346 18 951 128 169 449 980 961 801 180 916 872 521 561 137 200 275 94 492 242 618 194 59 459 452 41 71 351 811 683 630 688 197 204 87 651 376 955 618 591 155 333 218 214 744 574 361 764 887 156 110 722 579 20 129 755 676 713 36 743 661 43 935 378 505 607 290 357 952 992 246 164 234 889 893 511 797 829 803 753 494 338 460 454 737 337 854 88 158 768 
48
178 518 679 478 535 936 252 122 845 785 244 496 890 424 684 803 713 875 808 445 799 104 564 110 803 953 440 951 64 481 237 809 401 422 513 420 404 794 840 738 686 159 803 95 186 360 248 140 825 288 111 844 483 100 679 680 707 358 788 689 948 820 423 949 315 88 525 567 364 497 605 948 59 648 313 902 428 218 886 735 44 461 44 910 368 699 235 578 896 517 14 262 896 234 681 136 746 623 151 347 56 671 284 19 777 461 497 637 726 18 51 844 863 836 996 998 24 555 974 602 143 332 246 219 897 128 495 126 438 818 138 423 803 794 157 31 18 883 274 552 430 96 390 629 962 37 410 679 540 438 401 728 591 785 954 280 450 491 310 667 444 263 533 440 779 124 935 643 62 816 658 811 231 440 428 147 83 109 344 449 391 325 491 497 268 992 106 226 465 50 638 603 
16
243 651 280 294 218 685 679 305 408 364 725 585 679 971 917 734 403 459 221 729 393 564 617 864 864 636 788 955 130 32 932 31 704 881 961 853 558 689 123 500 219 856 115 522 785 654 706 689 918 734 602 553 1 375 553 725 389 51 738 260 685 293 807 773 
37
358 755 392 974 532 418 814 841 712 431 304 659 176 815 829 324 16 669 138 894 476 757 909 466 576 576 676 204 187 471 4 410 310 264 123 688 423 82 990 540 714 821 895 574 910 825 612 763 116 205 596 53 748 618 87 251 256 468 473 711 883 92 537 926 692 449 89 618 352 741 240 412 839 83 281 133 564 104 736 1 358 987 572 581 102 481 925 638 135 977 840 370 479 475 578 985 197 770 212 482 964 740 941 901 419 326 837 437 699 391 563 335 852 479 688 937 725 435 325 560 289 694 744 79 920 29 810 988 123 930 764 740 280 846 802 129 420 164 85 432 252 896 721 98 902 165 544 841 
44
181 631 893 773 679 433 991 306 997 221 835 509 563 317 953 555 869 333 758 244 478 44 804 726 262 830 594 4 513 40 154 693 488 788 177 288 602 663 467 972 311 758 997 956 954 898 474 301 644 830 567 368 734 37 441 860 228 197 688 741 82 93 938 155 954 175 343 540 609 881 897 874 216 156 236 770 391 371 30 358 514 283 141 621 767 262 542 471 116 531 330 748 225 657 824 586 56 736 854 276 294 606 55 167 551 599 975 424 184 620 945 254 270 217 988 714 876 143 26 520 757 91 228 708 537 43 950 147 472 24 19 929 482 387 397 598 47 834 749 784 798 996 661 139 544 537 790 306 693 687 595 316 639 766 214 979 47 345 917 279 157 27 57 538 407 263 188 595 374 465 955 852 517 793 201 695 
52
789 559 583 912 154 858 350 513 221 133 911 735 975 653 586 963 239 360 891 783 385 564 765 825 622 914 476 566 895 335 495 285 896 426 693 612 734 752 272 10 763 715 772 126 629 906 320 401 538 255 615 799 563 934 629 277 393 866 349 194 510 148 972 237 67 914 422 769 835 262 511 936 246 330 656 10 776 225 288 610 404 279 578 94 989 508 956 925 135 417 707 862 762 139 967 381 987 971 815 620 474 716 343 863 121 41 294 793 900 647 936 710 372 334 877 217 247 273 428 599 698 690 848 642 550 741 878 303 688 346 122 200 756 107 639 664 888 188 681 859 383 529 714 827 799 203 421 5 868 564 862 665 200 40 186 535 97 252 88 889 453 489 916 899 657 664 181 928 439 569 733 715 845 885 509 578 120 555 849 911 94 951 638 206 850 171 32 765 517 64 326 76 60 382 879 136 513 358 242 717 681 311 270 754 986 262 581 168 
20
94 16 300 893 186 224 68 694 981 690 998 290 902 684 318 583 585 743 438 958 160 501 80 195 932 327 618 356 387 741 180 956 223 60 102 334 41 141 435 274 802 242 850 95 994 82 675 956 543 656 262 156 49 89 789 677 676 861 490 218 260 956 114 105 669 536 647 766 44 367 449 418 1 569 746 150 725 81 312 922 
12
229 702 220 527 415 3 972 289 625 319 456 987 122 310 63 478 318 813 82 631 668 913 271 990 181 339 392 562 371 687 963 583 561 963 172 865 670 655 273 634 287 405 57 99 186 265 499 236 
53
466 741 26 211 775 866 260 334 133 433 749 91 442 769 428 234 563 549 593 409 434 666 69 572 247 68 830 151 721 880 344 141 184 934 615 798 36 176 949 403 832 327 829 432 936 768 264 891 527 406 950 109 385 737 560 988 621 800 430 440 504 764 164 387 580 993 331 499 858 162 396 166 16 314 961 982 638 243 870 236 662 537 57 887 655 70 205 350 459 407 254 326 980 721 23 110 732 756 580 434 338 861 959 145 424 736 788 989 934 638 739 773 955 685 193 617 491 937 398 483 65 235 831 826 721 583 217 279 392 192 297 227 870 915 690 723 106 667 836 559 12 629 123 533 436 481 520 572 414 621 697 443 174 521 83 977 716 899 32 321 940 210 195 626 437 981 589 748 570 484 84 670 925 775 785 312 468 240 489 593 569 49 867 107 9 273 681 414 743 354 427 912 248 671 300 883 190 381 770 231 577 414 508 869 230 913 462 163 955 744 480 687 
37
20 985 361 81 715 459 370 566 303 781 899 332 821 489 308 894 191 250 646 507 931 443 420 447 513 435 933 290 998 123 795 111 889 760 488 752 500 857 921 984 175 845 888 365 413 111 2 677 737 21 435 561 132 879 263 890 790 74 308 19 458 592 90 294 294 510 908 768 483 489 250 923 988 564 430 171 236 116 410 983 147 885 171 426 787 423 36 173 260 947 138 509 951 214 311 124 754 366 380 424 446 710 362 82 17 304 391 156 825 586 82 128 494 603 709 776 242 406 883 413 989 50 222 347 12 149 993 918 151 708 841 319 247 966 418 416 776 650 999 733 108 579 543 33 160 65 892 829 
25
733 584 785 163 30 20 574 189 982 905 402 457 159 817 371 146 809 481 769 5 163 809 342 244 811 691 159 737 34 299 706 504 277 776 81 305 906 281 353 990 314 331 833 547 235 520 8 219 489 461 737 586 808 307 777 573 83 214 457 815 683 790 944 744 168 752 31 604 41 524 110 511 658 644 186 762 665 932 276 3 419 756 763 193 319 910 517 773 304 766 429 438 554 576 617 121 220 181 612 187 
24
385 111 741 527 863 609 146 30 142 811 572 528 440 764 126 387 854 238 902 386 521 295 178 619 832 781 666 531 685 84 83 899 992 485 235 271 916 251 725 730 771 57 822 391 626 382 621 834 759 7 455 356 365 553 372 657 314 358 919 609 416 308 272 452 449 914 955 350 433 979 744 79 212 820 730 534 965 326 837 332 700 381 948 115 805 757 6 296 876 924 972 762 706 595 915 524 
37
333 910 199 231 922 831 658 428 885 740 411 356 211 601 662 81 802 298 26 321 708 819 205 824 330 49 354 115 223 993 277 943 979 920 35 558 370 155 265 47 486 283 899 892 212 230 374 9 766 235 887 873 638 649 769 156 246 189 905 61 632 262 571 34 803 157 785 860 882 310 761 948 882 312 898 187 274 140 471 134 974 401 901 156 898 149 314 44 210 778 1 50 24 670 90 247 905 193 646 460 798 508 796 886 266 748 481 84 86 669 515 924 818 730 374 145 490 507 587 206 180 441 886 478 470 979 271 629 278 958 667 590 971 798 907 998 406 279 520 550 81 904 898 522 912 687 976 825 
9
438 283 426 298 534 929 463 781 357 911 267 374 244 446 236 444 174 182 406 939 514 350 493 881 188 843 551 192 141 943 389 70 944 382 40 306 
18
452 270 121 415 277 443 980 176 834 170 804 132 162 872 902 184 525 801 810 744 830 326 453 313 160 695 423 603 236 459 780 151 393 79 565 934 944 365 946 554 751 115 360 330 297 859 611 913 257 438 790 343 388 611 108 637 203 51 688 246 164 606 466 96 413 50 723 122 933 576 736 535 
