286
1
628 31 70 855 
1
586 240 125 858 
1
569 759 549 995 
1
92 125 611 646 
1
153 633 536 135 
2
220 382 717 234 383 883 189 748 
2
959 722 454 36 270 492 553 411 
1
416 367 629 636 
1
220 517 781 656 
2
334 332 409 950 904 858 729 689 
1
647 588 441 604 
3
226 440 502 21 928 434 313 269 16 742 968 912 
3
717 591 391 898 703 869 732 309 228 451 699 809 
2
724 115 450 552 8 136 436 856 
1
174 416 270 632 
2
222 688 879 813 844 936 964 830 
1
190 978 359 229 
4
938 46 618 522 107 438 349 90 143 504 343 924 451 577 42 501 
2
973 787 979 330 270 325 296 184 
3
805 526 38 153 916 850 295 11 676 51 621 943 
5
460 78 715 119 989 749 200 617 693 845 607 61 419 159 836 797 534 301 590 30 
4
677 197 847 891 70 162 881 277 521 752 995 682 663 916 244 897 
1
16 505 159 484 
2
493 625 882 526 121 375 298 880 
4
466 527 58 116 739 297 453 637 786 212 217 106 581 264 215 443 
4
549 176 288 713 607 308 416 116 4 63 439 994 111 230 473 709 
6
851 369 554 837 183 131 394 483 585 111 862 463 209 503 361 463 835 571 50 539 456 185 73 893 
6
752 951 317 496 537 546 761 950 666 95 589 113 145 443 990 105 200 291 17 595 974 783 129 651 
1
620 136 365 873 
5
551 989 903 680 463 551 691 955 310 369 857 689 367 343 270 288 460 797 666 513 
3
494 831 552 747 719 176 214 570 786 697 166 799 
2
492 461 344 138 900 47 489 311 
1
423 775 559 177 
7
302 332 242 791 381 983 454 413 638 82 803 440 480 351 669 4 105 430 842 429 638 650 471 578 526 538 176 139 
2
892 402 485 889 279 945 732 368 
8
930 676 27 981 88 664 913 150 115 901 185 570 920 670 75 156 754 981 202 26 886 396 297 279 158 325 536 351 395 369 431 379 
2
481 434 291 57 133 637 362 560 
6
908 719 418 191 962 777 543 388 367 455 795 595 848 883 679 231 777 381 96 880 233 777 969 560 
1
5 675 978 633 
2
603 314 120 144 406 599 157 870 
5
60 417 74 576 574 275 255 209 528 216 210 70 968 670 362 842 202 852 769 919 
6
609 982 836 955 181 161 782 10 972 684 829 295 438 603 274 767 948 340 99 924 792 351 656 568 
9
52 912 956 935 223 363 651 123 378 435 725 26 150 313 838 802 522 340 912 766 222 761 579 960 977 154 719 631 654 250 4 27 346 611 219 745 
7
69 990 881 545 387 214 483 559 995 687 281 665 993 855 659 213 666 130 879 146 218 890 146 595 170 825 388 307 
7
513 645 755 687 780 239 729 521 106 191 327 937 791 228 312 174 402 222 475 963 196 660 619 466 719 268 180 919 
3
933 693 45 677 100 352 947 577 594 805 677 111 
5
986 513 869 321 433 432 626 585 471 558 974 977 92 392 635 479 855 360 680 958 
9
722 306 878 727 460 851 159 85 74 616 49 217 610 243 7 804 604 181 738 194 332 727 470 795 309 71 910 634 100 877 863 448 967 641 561 574 
1
38 546 188 184 
5
420 345 481 558 250 17 495 968 458 335 455 280 177 303 941 844 294 672 484 825 
8
721 163 932 980 580 587 503 678 505 947 351 229 122 673 859 697 175 437 704 627 239 182 315 103 828 276 637 575 951 473 418 307 
1
726 635 638 142 
6
595 180 803 286 549 338 270 608 258 87 477 868 51 263 4 328 943 524 812 10 414 566 481 755 
6
238 631 706 8 883 322 212 947 669 485 386 441 914 727 11 608 565 629 128 485 762 899 468 203 
1
310 467 682 417 
1
837 905 700 478 
4
297 888 204 28 515 592 378 156 60 138 959 724 594 312 342 677 
2
832 301 46 260 610 312 543 833 
6
500 268 803 435 601 40 97 318 159 906 508 732 49 99 204 736 52 705 862 475 198 322 20 972 
6
612 514 659 860 46 911 302 808 392 359 564 325 601 44 909 596 945 977 487 446 812 407 518 912 
12
523 617 812 374 896 879 23 356 272 992 791 552 150 992 337 892 72 670 867 163 733 427 82 671 211 529 938 183 596 493 987 18 121 12 174 503 325 658 215 201 742 181 272 685 875 307 890 494 
12
355 592 687 816 784 54 788 3 428 281 646 642 996 227 871 840 999 378 985 89 405 409 162 995 665 382 371 106 545 914 939 232 216 937 871 912 714 379 176 10 730 809 612 338 166 152 776 47 
9
706 809 571 113 546 182 735 745 437 365 779 462 175 121 714 92 574 633 466 112 126 756 558 399 31 25 477 308 505 413 233 15 590 171 694 163 
8
545 832 588 540 214 610 22 337 934 462 149 130 886 826 415 894 785 958 230 209 853 769 102 108 793 983 427 577 564 510 60 580 
7
894 157 753 313 954 646 176 620 98 556 896 618 475 835 529 983 451 341 220 647 851 262 167 661 335 752 268 761 
5
714 182 665 594 151 420 811 636 982 888 184 737 247 937 468 294 934 351 945 389 
9
469 731 580 843 496 786 90 161 84 270 918 363 670 6 766 7 366 975 281 793 184 673 667 458 999 215 14 884 384 957 906 321 499 370 266 120 
2
23 891 55 45 71 617 799 596 
3
849 211 702 371 222 576 815 194 860 310 10 18 
7
557 632 320 928 213 731 516 292 162 594 802 894 162 658 572 909 993 642 418 662 569 829 595 486 251 208 180 733 
9
50 233 861 264 847 99 348 419 634 543 791 67 660 542 58 984 659 34 449 137 448 282 916 182 981 49 299 405 177 711 396 50 486 791 634 343 
10
18 900 227 322 492 616 936 913 297 268 701 565 499 417 30 282 317 432 76 430 336 312 805 35 755 691 828 901 89 953 463 546 733 306 931 710 436 367 426 655 
11
434 212 287 852 430 671 489 265 536 45 970 209 188 537 779 504 639 972 977 958 951 690 220 317 403 236 486 600 261 962 802 30 514 605 191 550 490 818 399 472 397 79 957 942 
2
130 18 568 224 532 412 785 648 
15
861 572 566 116 597 602 145 51 141 643 50 460 343 775 802 78 839 533 272 520 398 175 448 672 681 674 156 464 180 831 974 57 722 572 298 617 336 383 756 673 130 893 46 141 243 483 578 523 909 969 753 682 982 134 654 886 109 879 838 129 
8
344 686 24 602 320 97 804 173 734 143 11 49 707 989 296 444 950 940 363 735 328 348 590 386 644 157 459 275 910 507 44 532 
9
415 858 672 982 95 605 441 244 646 41 456 820 892 577 862 839 286 266 915 381 84 81 891 360 685 451 436 500 614 658 525 78 294 248 200 141 
5
889 757 132 145 336 148 469 578 719 91 718 558 43 626 441 845 677 574 63 917 
15
392 42 528 948 459 392 990 928 471 92 519 756 450 724 382 251 953 35 216 925 193 281 407 249 786 536 374 286 522 399 403 563 22 73 974 726 788 629 260 141 807 593 860 446 531 425 477 40 997 322 112 865 147 390 864 715 322 314 366 522 
8
343 475 502 767 227 83 270 356 131 903 114 707 546 443 465 807 356 628 668 727 358 617 366 496 620 618 514 778 178 479 929 407 
5
93 450 962 402 386 394 974 254 475 982 756 967 774 626 110 46 5 517 361 165 
14
130 879 213 361 706 286 988 904 595 74 790 51 817 833 638 48 525 388 805 879 763 933 967 378 677 295 491 946 752 587 615 78 243 561 217 756 207 428 210 388 161 795 547 982 994 500 371 197 355 605 231 260 560 169 549 593 
10
693 595 406 650 461 889 233 40 926 709 450 380 80 143 503 604 646 272 329 876 849 367 584 843 732 741 856 108 254 629 897 331 59 294 486 124 580 204 30 604 
9
19 339 73 927 143 293 390 547 322 576 114 29 570 214 829 948 647 306 477 462 255 839 818 939 911 54 668 76 614 705 288 416 541 144 398 795 
17
551 606 227 725 891 928 562 59 943 763 685 564 531 882 52 603 953 789 939 554 678 342 199 400 543 368 835 147 961 205 378 845 951 569 267 54 666 40 1 586 263 575 458 976 293 832 426 248 634 824 467 284 354 243 306 59 146 82 347 186 544 343 330 966 590 338 938 746 
10
394 157 665 869 387 490 339 607 211 891 295 594 137 837 887 209 584 521 209 930 166 526 26 989 958 515 884 613 194 256 929 587 532 248 807 68 220 619 70 499 
5
599 181 961 155 448 59 16 999 425 142 690 882 414 908 802 43 981 549 355 31 
16
254 257 87 900 112 168 450 762 812 703 208 901 226 362 253 334 643 527 411 172 713 960 234 507 51 787 749 923 20 289 782 23 377 879 155 280 731 415 567 490 747 439 343 307 644 400 611 481 124 957 950 605 734 261 374 38 50 922 201 447 685 113 770 483 
3
481 44 903 419 935 757 150 772 801 838 445 678 
7
961 264 506 369 372 976 169 243 135 278 204 398 635 974 394 603 71 509 997 159 420 536 161 88 911 793 410 544 
15
641 444 483 6 866 49 906 348 789 24 236 709 446 467 666 792 628 16 370 960 406 653 243 765 889 236 274 424 128 237 23 651 683 524 95 403 424 5 56 514 845 460 87 206 667 26 930 287 666 925 72 567 921 712 896 720 81 379 124 2 
1
751 644 388 191 
17
978 909 952 61 603 250 547 363 79 929 734 643 286 492 307 20 113 794 689 373 567 529 522 68 606 973 447 197 34 86 679 979 321 261 687 545 63 641 244 368 449 148 956 588 428 823 151 327 941 850 249 165 679 515 903 451 551 241 789 211 851 309 559 843 736 910 854 806 
1
98 118 414 459 
11
272 247 134 569 491 837 726 917 924 721 806 801 356 618 580 223 278 121 67 387 659 398 848 601 112 454 640 85 756 414 516 231 868 692 6 442 764 819 58 92 753 937 408 982 
7
798 258 301 422 590 420 166 890 698 838 672 515 782 792 246 747 245 87 184 622 202 148 694 274 899 459 998 495 
16
365 182 950 641 800 714 980 309 255 3 941 251 120 331 349 700 840 90 724 583 164 20 837 310 832 990 318 705 22 819 233 129 360 625 896 608 898 684 459 28 183 313 961 628 574 255 82 227 199 824 11 443 195 921 279 567 848 972 356 396 741 307 920 236 
3
244 200 953 914 920 755 633 512 726 84 768 355 
9
858 700 636 472 511 173 193 791 669 541 157 513 79 623 109 146 488 894 465 964 209 606 170 995 84 409 331 728 200 39 420 982 277 942 406 824 
12
36 930 820 49 900 562 260 376 305 966 25 323 606 412 447 536 236 11 139 195 647 519 352 689 356 251 882 700 256 765 693 308 558 158 599 122 960 251 830 948 755 418 737 401 209 764 201 597 
2
483 398 104 278 264 470 732 420 
9
297 373 473 513 772 646 112 774 628 597 329 888 353 726 855 596 598 573 10 917 276 904 234 530 949 394 75 578 838 904 98 63 438 559 571 501 
10
360 259 739 125 432 967 630 10 516 27 481 534 339 435 696 971 342 437 261 730 909 786 327 238 431 716 872 866 997 915 222 858 754 519 187 80 998 979 656 520 
20
341 88 187 998 562 922 659 218 919 763 358 534 390 506 528 685 298 832 588 980 454 677 999 962 339 361 777 537 176 130 603 713 368 737 743 300 462 541 566 595 955 698 914 866 582 186 492 876 165 341 919 335 824 779 9 215 462 329 698 524 252 551 419 401 435 296 998 473 693 982 604 799 641 633 793 999 862 490 197 690 
6
507 153 696 358 58 509 855 446 77 939 759 552 898 241 1 161 931 480 469 394 533 78 299 630 
20
154 306 151 130 66 931 151 717 915 554 246 188 799 250 780 806 474 190 501 143 373 674 37 7 628 770 946 864 302 759 584 954 105 319 981 457 779 500 429 273 853 72 428 563 31 603 602 334 54 951 378 729 477 488 465 773 412 679 132 495 621 571 161 117 563 315 486 970 70 146 26 528 595 556 884 400 859 614 337 86 
4
967 781 687 786 492 61 148 244 402 437 500 907 743 400 518 59 
15
444 550 591 15 502 292 929 114 397 192 120 794 553 415 220 379 641 814 725 412 378 499 642 436 77 250 553 376 125 248 237 946 924 568 581 103 19 534 903 752 844 571 599 190 667 172 451 299 719 885 248 704 515 548 123 18 771 636 329 757 
16
231 622 833 895 717 9 899 330 626 691 163 777 242 819 674 497 27 493 753 580 630 356 671 112 30 783 531 677 888 845 267 643 428 366 95 309 519 343 563 566 244 191 266 651 868 255 178 214 179 95 490 737 836 758 1 620 208 796 592 85 404 63 849 277 
8
28 835 583 361 389 588 843 743 665 666 685 404 780 843 737 88 45 505 285 45 783 401 504 346 686 645 894 32 896 399 583 993 
14
150 685 142 762 672 223 865 719 853 585 794 858 619 711 189 895 352 102 692 724 117 313 243 475 164 145 210 62 606 261 971 893 86 527 917 539 863 93 211 60 290 315 253 392 749 21 356 21 76 417 843 54 602 726 267 502 
8
477 367 124 899 654 859 950 891 773 45 535 220 714 71 230 745 752 528 369 772 482 717 295 919 522 607 389 369 772 703 214 163 
23
169 91 523 953 496 439 960 931 603 840 259 80 846 736 521 918 74 887 184 436 329 261 602 17 763 346 65 786 252 794 704 116 481 244 135 833 312 694 153 900 721 202 435 68 754 578 599 339 280 540 576 895 422 611 113 784 982 573 227 839 938 681 999 94 825 641 295 20 299 256 307 875 819 766 848 745 922 876 150 821 317 985 201 919 879 575 395 382 986 102 427 616 
2
282 50 56 515 190 695 929 255 
7
874 707 81 101 626 894 895 242 557 622 885 710 305 413 12 507 754 423 990 936 85 295 861 593 18 785 301 358 
5
363 793 957 820 749 499 717 967 865 428 502 816 292 226 277 145 423 462 585 695 
17
469 841 902 114 110 831 631 427 925 13 798 803 885 756 524 442 657 237 662 861 416 788 916 970 684 115 686 396 328 277 703 366 752 783 657 180 632 122 822 196 3 522 769 674 743 553 456 607 957 634 894 296 546 541 404 771 813 200 66 622 849 796 322 373 42 993 355 618 
20
948 482 144 509 955 196 904 362 47 734 254 227 729 530 6 587 50 744 130 676 301 901 221 178 963 727 257 629 404 640 236 94 939 893 889 577 350 655 522 314 811 247 276 635 717 493 805 198 531 943 612 242 253 658 209 619 831 63 510 566 497 34 710 32 983 213 558 260 923 937 560 169 959 821 585 976 631 577 826 830 
15
594 14 471 470 419 995 896 855 771 385 890 103 766 869 114 161 691 720 354 182 566 610 886 776 876 516 386 884 2 512 669 237 458 799 787 418 129 143 482 313 785 958 401 597 827 549 725 400 134 622 48 811 828 634 518 690 387 526 742 280 
23
201 279 255 111 885 912 610 537 770 384 613 452 277 645 334 847 184 174 779 425 181 532 250 118 186 848 199 1 733 992 28 924 702 523 56 306 561 52 309 9 310 848 73 427 946 809 993 25 10 811 728 290 135 332 652 563 61 882 150 421 10 305 289 819 515 385 885 983 877 207 41 263 191 68 149 756 887 347 604 510 619 648 220 239 158 875 922 643 793 326 87 969 
2
302 950 105 814 466 262 796 222 
20
27 143 152 115 466 943 559 821 994 265 193 697 354 948 354 745 460 930 26 183 771 131 100 721 411 342 291 421 369 797 783 166 700 682 784 339 803 50 291 394 241 487 469 872 734 19 24 35 181 499 496 734 679 594 436 727 9 759 30 779 545 656 707 548 577 386 321 951 111 203 379 302 909 629 514 681 579 358 601 57 
9
274 929 2 236 457 560 189 155 652 602 50 283 369 504 572 540 95 561 613 483 787 237 382 416 922 415 907 576 860 909 270 122 890 957 921 132 
3
405 448 308 693 845 121 905 301 943 623 477 911 
3
369 640 267 641 381 751 626 724 795 310 356 584 
23
909 805 977 732 558 391 69 285 3 796 221 270 698 610 565 958 353 236 537 126 695 903 677 943 407 419 152 488 586 673 575 448 895 121 423 323 345 224 321 18 166 666 363 115 444 172 349 713 196 323 700 144 576 327 612 308 256 669 545 790 555 516 849 767 360 996 645 605 681 816 615 163 637 810 369 276 962 465 662 249 978 931 450 513 973 858 583 678 23 826 335 270 
10
375 757 193 11 829 941 452 378 158 486 465 174 439 499 565 427 181 922 347 710 251 740 932 64 660 368 813 769 360 166 291 748 45 535 798 916 849 664 788 184 
11
279 336 293 799 24 521 276 269 504 564 827 707 952 726 889 947 352 169 811 986 687 828 668 195 364 293 495 300 827 892 974 919 259 43 282 766 48 481 804 655 547 219 654 670 
19
908 107 808 54 231 392 11 963 862 763 929 858 519 807 223 506 885 200 140 599 211 32 346 121 184 294 220 314 240 42 333 915 824 126 876 34 684 635 697 546 661 22 431 133 166 192 924 406 661 15 267 19 679 857 217 488 567 956 710 430 771 45 807 956 270 698 946 537 38 524 284 516 835 880 127 359 
11
955 276 587 779 80 287 894 263 720 83 885 405 727 101 572 152 93 377 290 473 990 324 230 25 989 152 726 355 685 660 681 627 570 60 909 590 650 831 278 690 398 942 333 171 
21
250 98 786 732 78 773 81 389 492 154 527 470 566 259 858 298 612 382 396 56 55 495 573 561 904 523 926 664 38 860 838 901 233 404 234 622 900 63 34 610 79 173 153 388 239 671 336 943 269 913 245 991 92 943 929 582 205 630 265 837 780 616 875 510 931 833 80 683 935 632 704 517 497 287 227 872 138 277 490 977 970 432 677 268 
22
623 922 740 877 548 740 915 941 429 765 581 488 215 755 606 767 864 339 543 11 357 722 519 522 382 859 827 764 283 839 727 931 875 591 730 776 569 997 227 690 792 560 797 730 58 229 23 279 425 424 324 679 203 733 3 216 173 492 340 152 870 239 681 309 360 787 205 675 905 491 603 366 346 183 199 204 820 266 754 410 895 818 821 186 188 694 726 173 
12
862 205 99 652 723 893 839 825 967 972 899 314 527 715 184 538 422 869 493 482 728 920 381 476 236 766 31 893 996 534 551 131 455 996 214 807 820 421 305 295 617 333 233 69 144 568 450 975 
14
184 247 223 603 58 451 964 222 662 887 172 791 278 716 929 743 548 659 21 425 636 340 551 562 429 547 165 92 158 418 342 701 974 850 7 469 222 980 56 112 923 192 206 586 38 711 769 855 701 123 462 976 905 442 953 920 
24
828 61 911 404 357 115 601 801 604 323 192 618 838 414 398 866 27 331 564 872 440 361 478 472 954 67 883 897 646 224 690 94 644 567 388 288 158 885 276 81 301 7 295 681 346 139 457 224 869 799 320 530 523 239 431 447 672 846 269 715 813 421 699 742 749 644 976 728 852 208 826 519 633 973 288 763 369 639 328 295 327 220 142 572 115 248 556 616 997 935 185 551 434 653 202 305 
17
980 900 759 20 638 774 401 589 471 537 527 298 243 940 249 404 341 276 271 635 630 320 325 467 805 524 472 101 299 889 261 246 335 592 635 190 996 908 498 68 317 71 243 517 467 174 673 338 752 958 982 585 72 813 664 790 398 24 811 306 924 341 114 932 41 621 264 312 
20
231 879 200 414 515 456 621 919 19 704 375 956 569 459 841 526 334 631 961 575 344 610 135 348 275 316 213 345 736 939 665 166 517 809 277 662 838 282 986 311 531 602 261 94 704 660 349 102 123 462 83 929 541 209 646 972 755 728 965 879 218 54 706 374 237 610 177 678 679 311 70 28 255 402 963 750 553 516 232 132 
22
277 966 937 476 378 828 378 207 803 838 645 473 995 977 993 474 459 123 343 138 273 46 24 613 449 836 889 508 972 856 820 883 53 988 534 120 677 544 94 660 578 358 706 338 220 923 288 421 13 840 584 775 346 980 335 595 565 81 803 752 188 529 399 966 170 605 343 854 685 370 831 341 15 177 505 52 331 607 767 355 854 453 168 362 488 404 164 239 
20
568 390 304 93 762 233 655 412 805 842 911 427 328 184 131 952 481 862 879 612 270 110 449 724 282 429 614 50 681 737 376 357 710 342 654 978 748 207 839 821 875 775 10 270 494 206 314 574 347 41 161 683 855 569 247 311 653 505 397 567 206 995 964 197 58 407 364 257 599 351 936 816 12 715 841 492 295 328 316 259 
26
656 293 234 512 237 484 802 731 997 654 644 773 622 202 619 262 525 481 695 825 774 963 294 178 695 121 427 426 681 243 105 362 203 527 588 156 817 987 599 605 765 827 799 254 940 803 650 737 556 258 735 725 557 54 422 588 884 463 262 773 891 963 504 292 670 507 12 571 132 881 515 339 631 190 27 214 606 996 376 117 975 312 124 544 381 519 407 438 304 511 129 428 442 225 847 808 87 920 534 200 938 345 532 919 
1
962 320 948 807 
9
916 681 652 21 365 56 946 436 61 686 964 745 113 182 187 797 534 658 904 472 990 978 923 73 597 568 722 303 286 680 455 237 958 536 83 998 
16
536 585 486 238 177 747 427 926 91 537 779 141 933 491 400 925 58 957 995 879 259 103 968 221 482 764 69 699 501 530 22 284 452 180 541 33 641 148 143 834 728 637 948 24 416 717 285 402 971 811 364 133 266 296 732 845 33 888 382 415 11 842 757 241 
13
303 3 271 906 62 192 975 38 588 103 315 556 709 865 328 481 909 69 159 256 324 360 75 965 515 703 17 290 272 621 772 61 43 406 634 48 131 50 605 655 521 852 561 237 352 411 168 852 879 968 778 93 
17
95 595 245 396 621 957 123 585 80 777 932 480 112 33 281 997 950 763 360 295 84 989 806 419 780 997 501 983 61 466 551 219 541 718 993 333 501 332 646 278 9 939 654 338 49 33 999 987 552 929 786 693 4 14 142 229 367 986 602 982 491 840 334 458 122 468 455 628 
5
816 144 952 350 685 765 734 698 839 710 558 668 61 82 274 139 754 216 440 337 
28
439 546 563 417 509 779 101 552 268 789 101 266 760 511 93 404 111 772 597 923 241 285 145 541 8 941 308 409 323 759 733 64 916 486 824 332 990 66 65 263 478 26 132 970 214 728 346 63 923 208 215 149 170 637 157 721 726 675 502 766 813 682 135 438 911 340 381 64 226 286 38 900 116 774 285 6 917 689 10 15 177 939 828 515 483 110 88 473 294 586 180 255 917 331 795 899 262 169 940 832 772 510 619 437 409 941 929 570 480 211 447 57 
16
668 188 644 929 633 261 348 388 182 963 831 502 673 371 907 708 491 984 510 194 192 256 863 116 791 787 252 403 671 817 941 119 496 785 773 41 660 738 968 763 462 363 668 489 956 981 726 137 490 150 30 232 969 502 957 134 704 239 959 567 472 328 559 213 
16
208 337 14 738 866 438 172 267 27 860 270 582 993 162 790 637 974 794 657 923 455 92 386 104 339 301 630 965 322 918 87 40 698 653 780 822 876 220 79 44 463 583 651 293 322 491 608 688 612 709 437 545 46 414 463 684 65 23 642 77 686 987 745 139 
23
940 955 594 714 559 816 612 449 648 343 466 82 555 781 842 885 793 521 759 853 915 138 406 788 314 438 316 903 473 485 515 662 251 603 999 944 132 450 437 887 120 900 445 780 126 656 393 459 729 817 928 878 577 963 77 700 879 178 607 182 921 85 707 29 307 657 871 310 466 161 201 652 777 6 264 532 228 611 346 837 725 504 274 163 763 864 391 685 597 314 748 766 
10
854 868 472 274 949 963 743 357 635 842 526 28 457 393 897 773 150 274 14 50 292 253 874 687 756 351 771 402 69 217 833 825 534 576 661 224 661 687 289 476 
9
607 743 120 701 678 291 351 62 344 22 371 134 329 390 773 428 201 565 142 120 358 111 370 874 814 202 856 707 163 925 877 751 120 792 254 100 
7
314 910 549 494 699 326 52 103 22 230 401 943 446 358 316 555 832 651 323 245 72 190 330 858 286 994 691 81 
18
354 762 794 269 723 856 201 40 893 553 653 836 293 880 500 848 55 112 33 823 469 516 668 151 986 574 559 976 685 83 746 106 521 224 516 287 987 662 4 106 11 137 92 34 597 218 312 335 377 396 684 195 116 429 189 108 985 720 854 286 955 155 924 649 498 291 737 179 999 144 708 785 
26
408 695 508 702 815 311 335 759 651 451 963 914 434 885 935 619 832 156 642 235 663 832 315 433 498 169 561 155 587 382 419 971 12 662 965 560 948 633 215 143 83 178 74 501 191 715 531 73 270 181 297 251 998 346 500 561 393 140 131 284 200 615 751 97 514 971 464 633 832 750 596 676 113 290 352 81 327 440 975 241 502 662 566 417 911 318 402 82 382 323 667 59 9 68 645 994 449 741 549 670 458 888 452 634 
29
438 964 464 85 614 991 380 453 628 705 479 757 46 21 488 711 808 343 983 32 242 155 118 730 869 199 174 928 58 548 806 408 428 272 221 940 22 564 49 886 13 399 875 761 802 149 533 496 204 268 290 254 954 109 111 244 659 231 408 232 283 657 855 651 434 562 884 734 188 390 976 944 610 919 821 391 461 961 791 549 387 166 456 411 504 146 134 493 398 618 519 60 290 57 96 410 125 791 31 619 856 564 913 468 717 108 608 929 506 298 350 31 577 215 169 867 
23
619 373 203 102 723 253 462 24 376 668 562 787 16 200 722 494 237 178 966 827 896 44 664 169 404 304 396 297 960 550 482 386 903 266 834 977 941 342 610 587 80 742 319 123 320 735 631 336 467 320 55 67 45 423 762 773 317 899 644 457 146 857 231 182 498 946 479 381 821 961 295 918 719 909 955 846 379 85 542 62 292 418 104 324 503 151 119 150 3 459 770 521 
1
556 8 542 66 
24
125 681 389 812 340 355 697 25 998 646 850 106 31 856 565 218 178 70 520 816 975 472 987 161 344 849 242 464 64 330 773 167 525 146 607 911 771 548 571 317 492 649 339 617 130 888 564 693 842 264 446 336 299 230 371 615 608 628 480 545 833 449 555 527 729 1 383 538 807 56 218 951 261 519 465 654 898 175 416 100 608 268 918 960 863 923 957 987 321 431 853 298 516 241 221 349 
7
780 535 531 278 83 951 530 472 269 553 387 637 867 848 266 8 774 715 271 370 846 926 33 269 100 762 29 693 
13
277 505 551 779 210 936 139 399 200 154 351 822 337 258 440 130 379 889 379 321 41 575 675 279 100 587 711 311 778 29 897 676 729 445 473 982 639 70 693 581 449 235 210 989 60 610 128 251 969 15 787 902 
18
705 397 529 902 439 247 165 688 791 389 82 909 374 378 339 529 941 172 994 462 658 190 654 776 255 969 834 178 266 170 918 91 215 741 966 174 68 407 236 606 950 727 882 963 16 348 505 163 344 590 497 598 655 122 745 274 706 462 499 962 621 76 478 242 643 627 793 59 260 538 328 230 
11
305 768 27 972 628 505 554 842 148 894 129 434 147 880 119 108 926 413 449 335 339 883 909 351 322 568 378 745 502 396 815 697 389 412 363 275 172 526 57 682 603 877 842 429 
28
691 750 898 990 430 239 86 988 777 451 166 287 699 576 853 550 776 717 871 659 857 27 706 286 963 621 253 721 427 634 683 628 688 663 936 813 895 436 175 489 892 622 901 623 920 951 867 146 169 495 932 203 739 978 37 10 462 973 62 311 259 361 593 674 809 244 565 266 88 335 445 105 890 654 250 58 971 327 42 970 684 179 192 359 731 570 59 577 319 325 463 261 239 474 76 743 131 222 57 547 573 488 778 930 584 863 925 586 186 302 980 545 
26
259 156 849 108 24 69 395 423 984 662 599 862 970 665 547 260 574 614 985 409 543 224 694 99 749 454 763 32 479 350 636 251 182 866 721 62 496 805 575 71 852 720 340 482 678 607 381 212 709 649 538 552 577 945 462 772 448 80 746 550 705 838 69 75 408 404 338 792 945 176 925 693 778 398 680 37 831 546 962 751 368 825 25 532 75 190 6 458 371 627 624 290 127 170 707 385 792 429 405 356 711 448 49 865 
30
858 468 432 436 222 915 33 587 288 934 520 13 464 796 545 435 438 107 52 476 672 871 632 55 452 281 586 925 349 184 484 587 328 798 956 633 165 326 746 777 735 788 360 654 572 956 188 230 846 354 537 435 138 326 788 867 888 404 44 505 16 455 392 191 166 740 361 705 273 848 539 286 447 973 596 32 410 909 665 993 836 736 388 90 447 72 270 129 649 261 608 262 739 131 907 902 373 723 712 204 19 641 971 30 989 599 479 472 491 547 835 221 754 934 938 787 264 438 648 96 
7
279 710 792 977 536 485 498 324 520 989 575 864 255 718 81 772 323 538 522 869 816 127 684 337 389 948 922 427 
15
531 565 72 532 239 60 562 370 258 783 174 798 914 377 222 389 746 293 670 624 378 881 624 857 731 789 224 167 202 673 655 343 156 927 837 996 791 79 849 820 948 379 718 86 92 118 633 13 257 18 155 317 977 463 985 822 746 244 398 274 
28
91 695 777 486 384 759 545 127 611 642 180 714 78 564 682 253 816 841 603 601 177 742 394 429 595 234 920 700 201 434 920 539 1 975 950 67 593 220 491 712 152 386 856 297 681 893 238 752 916 69 634 181 813 506 440 510 452 102 398 360 702 782 109 589 784 666 939 249 845 642 19 822 17 257 925 486 448 361 706 389 949 77 299 174 88 698 346 851 773 323 67 346 480 837 411 778 241 983 364 37 257 762 431 217 267 920 685 156 470 150 542 564 
28
87 174 481 476 754 694 723 531 201 444 256 262 307 369 529 280 42 993 549 594 457 747 667 343 348 634 581 318 102 892 900 850 737 303 995 988 409 903 39 305 753 372 383 68 369 868 377 964 567 203 586 992 322 158 808 115 845 849 180 16 198 273 976 919 746 160 970 778 598 103 656 692 90 662 157 299 995 45 966 967 827 447 491 749 27 842 272 581 12 659 516 309 409 875 12 318 759 746 149 238 834 213 236 949 949 473 643 2 678 904 629 169 
28
258 809 667 725 628 280 654 771 932 63 249 478 435 169 66 592 823 747 537 160 252 340 168 561 86 669 85 194 477 120 304 53 56 408 86 662 752 154 965 407 484 687 981 964 829 238 51 302 39 675 474 295 86 907 462 66 956 509 125 695 458 633 933 976 608 65 569 391 778 202 477 613 890 874 873 400 946 523 455 307 337 501 24 12 639 820 384 956 554 535 298 100 720 549 127 185 998 65 782 123 572 671 139 422 312 31 718 484 536 22 893 93 
8
452 999 892 421 145 97 949 645 922 294 976 393 637 791 844 79 984 376 641 527 475 174 318 11 791 741 818 951 932 550 745 57 
1
659 531 550 984 
8
477 94 243 544 570 921 514 887 2 443 133 387 602 947 98 264 17 142 667 541 400 308 439 757 119 535 345 179 771 651 753 265 
12
936 561 222 739 378 187 166 535 686 885 866 788 729 545 316 482 754 442 742 511 896 923 958 890 191 415 22 543 445 145 838 99 379 972 379 280 657 742 297 66 137 835 366 302 511 389 576 285 
4
312 198 790 292 414 934 790 646 191 24 278 626 603 552 534 588 
14
439 418 36 409 915 266 433 538 708 918 73 671 134 58 943 826 689 770 442 357 349 866 655 749 108 921 923 213 690 463 111 292 971 764 16 552 52 379 427 377 366 627 344 796 616 692 829 245 732 628 918 426 109 721 743 528 
6
356 653 360 708 293 709 321 534 646 952 490 580 710 420 532 413 950 140 69 140 632 868 249 385 
33
462 546 511 213 78 405 638 651 682 904 827 114 245 852 315 429 522 743 363 304 551 313 382 7 552 924 881 420 884 808 718 722 843 453 994 810 944 695 716 543 732 599 335 780 109 401 929 421 876 437 735 441 251 270 859 863 600 553 252 621 163 160 900 554 131 400 46 46 506 411 418 572 778 335 998 992 85 571 896 889 929 280 990 963 915 180 758 170 753 41 643 941 183 641 690 574 99 368 388 196 338 780 278 425 127 932 683 681 780 163 850 188 737 81 600 589 402 5 406 199 63 124 349 387 814 96 853 317 123 503 4 180 
13
143 418 989 52 667 535 855 955 761 712 296 100 51 853 766 524 961 684 966 747 703 376 864 979 13 926 153 947 974 763 639 346 720 217 827 475 503 395 365 387 561 213 727 637 55 392 79 473 36 430 197 389 
21
386 222 614 547 214 716 684 635 877 715 482 738 471 250 661 138 851 977 273 55 869 747 22 686 601 958 434 385 342 111 198 330 696 519 221 680 902 174 91 905 648 259 279 948 168 142 494 669 288 706 505 653 205 719 157 384 586 27 218 251 47 527 881 812 278 928 739 323 969 728 2 623 180 346 247 325 190 738 108 929 623 693 428 219 
14
760 7 660 765 602 376 258 19 311 496 732 245 687 884 532 818 477 721 934 389 988 542 697 855 801 220 783 458 532 524 19 297 485 401 841 406 284 150 973 23 607 927 320 417 348 937 78 997 844 654 580 980 91 817 519 701 
28
664 26 543 172 33 108 616 802 228 860 811 150 151 987 377 377 181 837 455 143 20 62 988 723 948 963 518 107 381 130 89 144 405 985 93 797 444 56 204 93 108 301 587 886 373 261 116 337 150 425 518 545 143 659 319 50 225 553 386 277 832 381 457 572 52 657 472 755 347 156 770 526 175 288 478 962 443 828 230 249 890 46 496 559 529 233 135 353 379 310 67 546 321 945 678 88 871 96 89 920 289 16 396 566 113 192 36 883 97 369 216 128 
18
222 222 17 447 942 59 424 721 56 522 384 294 843 429 631 611 17 325 603 680 23 139 61 398 68 447 444 603 915 831 892 168 153 755 999 337 82 828 207 686 670 438 373 350 328 839 857 416 334 134 395 184 196 942 129 25 268 663 73 837 176 659 7 198 515 905 352 867 759 138 607 344 
24
381 928 906 480 312 927 930 229 830 491 198 125 945 734 250 277 537 921 170 689 511 147 565 408 937 919 52 516 197 913 415 462 738 620 464 885 346 553 340 217 577 974 857 645 48 299 641 489 837 110 201 379 781 455 934 845 939 226 303 679 159 861 375 21 121 888 619 520 480 883 278 980 965 113 98 673 439 724 470 860 429 838 440 742 200 785 416 66 861 396 359 480 662 134 600 330 
37
467 823 254 425 607 787 251 915 825 725 267 189 75 519 374 600 407 707 473 19 500 53 9 833 605 700 545 935 589 866 606 223 681 328 780 522 656 198 119 470 521 441 71 861 392 786 959 768 402 531 782 132 343 533 550 738 473 251 284 931 2 964 780 883 469 259 779 301 858 871 655 191 370 468 794 631 229 90 843 343 149 582 232 634 519 480 260 287 330 155 830 118 371 987 783 683 592 95 677 750 43 362 966 725 210 745 410 316 479 624 461 642 847 699 788 236 531 900 565 791 260 852 977 77 885 827 210 63 6 684 876 962 402 63 948 797 885 775 493 337 510 862 634 205 316 735 748 264 
12
538 320 730 763 226 597 230 184 387 702 319 363 385 632 551 195 771 721 318 181 887 528 809 84 658 14 844 223 480 435 737 525 908 974 408 772 834 647 841 207 286 448 594 573 943 204 843 903 
15
675 68 177 774 637 845 792 789 490 27 997 939 286 935 649 106 463 388 706 234 321 885 82 493 928 369 428 919 579 557 90 973 458 592 356 404 1 778 797 633 293 716 225 919 344 523 354 842 79 735 17 516 469 898 111 707 347 237 521 437 
8
315 117 740 445 535 500 720 828 797 833 919 402 454 716 176 375 733 475 687 953 18 353 927 443 956 835 504 227 603 368 736 114 
4
515 988 13 622 967 362 490 14 426 828 816 488 122 475 51 715 
23
964 520 502 905 854 83 539 355 120 316 783 62 375 665 638 431 708 670 338 257 559 889 176 379 6 696 35 4 293 714 745 582 24 268 120 447 620 873 312 323 187 78 488 519 347 644 225 450 96 468 964 405 459 103 179 74 21 771 277 567 971 713 249 484 459 632 179 329 104 834 240 399 556 469 515 88 306 923 590 104 819 42 120 967 488 660 791 736 433 423 967 880 
9
701 271 692 647 492 917 952 502 632 362 960 179 42 692 597 405 650 175 730 738 725 272 795 412 416 275 834 338 812 75 290 377 482 642 63 343 
19
715 249 125 871 756 878 657 12 685 60 377 996 837 180 947 43 851 441 875 139 648 587 699 465 639 301 338 678 430 8 338 429 557 981 74 851 815 57 321 534 109 520 892 143 360 283 484 265 190 819 710 287 586 270 785 113 147 240 25 434 600 721 822 127 987 723 322 626 437 105 624 813 412 118 413 844 
2
52 446 361 744 56 722 87 954 
10
258 957 643 922 998 879 371 764 933 234 70 310 418 543 352 320 373 227 505 798 482 873 101 234 145 174 188 308 400 351 233 397 769 962 151 7 624 943 405 896 
4
617 294 563 835 685 570 520 192 624 626 302 303 963 590 284 446 
29
209 705 516 660 232 786 711 911 786 286 886 201 225 963 868 18 358 154 108 24 359 534 93 744 732 493 993 533 155 847 759 545 574 307 348 518 654 145 829 550 302 996 543 524 823 364 175 165 40 261 504 689 718 964 116 783 94 925 864 902 261 763 575 951 830 991 198 357 752 528 305 572 562 587 285 266 729 768 672 517 659 829 992 43 747 449 484 449 811 176 223 567 372 134 956 642 478 669 892 939 262 558 475 739 113 905 165 778 968 655 432 846 232 94 268 688 
7
974 475 260 247 665 575 17 430 483 809 114 1 981 702 878 309 61 844 17 888 756 705 374 319 389 941 470 33 
14
347 839 302 296 704 568 489 601 870 29 884 526 581 147 478 319 76 726 766 211 264 614 839 836 888 361 62 295 308 397 630 198 554 903 832 420 420 145 378 148 572 896 89 819 253 316 447 376 324 389 239 871 193 80 430 75 
40
761 232 411 426 241 573 373 424 807 836 493 704 272 234 498 281 381 115 988 299 298 604 307 195 8 314 655 810 436 764 370 900 922 993 584 415 870 24 230 623 989 909 48 882 128 961 354 429 494 15 995 71 282 619 599 432 600 503 662 206 532 700 19 963 746 444 588 574 991 373 74 359 920 455 894 572 398 209 729 688 410 493 895 870 746 994 107 654 832 485 764 761 474 931 859 666 76 298 552 800 271 213 688 325 645 110 833 71 203 857 978 548 763 593 665 140 932 366 915 842 143 354 330 75 388 529 206 989 938 492 263 133 912 28 800 126 637 139 111 34 380 280 252 283 356 609 163 104 673 524 497 603 861 34 874 249 403 256 538 97 
28
371 955 588 484 870 760 535 920 108 243 850 608 755 910 372 371 594 498 531 606 77 857 814 927 38 479 204 524 571 73 358 622 99 325 710 320 57 895 89 569 463 13 805 892 764 282 416 854 173 793 454 939 991 699 604 111 554 794 558 390 641 676 594 37 973 127 700 481 283 655 933 792 864 325 75 123 565 432 208 1 549 985 424 294 977 290 927 338 527 446 751 666 481 768 453 151 456 43 845 351 53 250 27 715 821 347 796 707 238 405 551 146 
39
586 600 575 549 640 612 279 486 489 489 472 553 809 80 541 369 179 774 882 68 174 458 784 164 109 632 471 70 44 673 881 147 893 792 216 684 95 417 17 106 835 423 546 130 516 272 581 831 749 85 454 378 247 59 34 304 572 212 773 719 512 423 606 347 300 699 595 433 304 600 715 255 964 361 332 851 94 812 372 191 4 480 734 793 977 314 895 771 256 262 563 3 418 906 651 610 572 780 393 805 327 183 554 954 482 876 694 205 772 971 196 540 467 25 281 526 528 541 179 115 710 654 726 281 733 909 1 327 761 558 680 695 791 593 900 958 334 724 160 31 775 746 381 6 553 669 26 961 246 615 747 609 496 115 576 134 
26
982 264 258 436 851 974 399 241 650 253 613 523 462 741 627 332 498 746 14 719 112 404 742 273 740 704 944 229 144 103 738 520 975 809 356 508 296 708 670 323 990 591 483 524 77 917 393 260 502 797 509 367 75 679 56 521 675 397 272 247 193 607 100 116 59 926 324 72 562 987 35 274 263 909 170 777 284 418 672 39 745 58 35 473 411 70 563 429 561 346 490 172 864 236 428 830 285 9 854 478 959 200 467 900 
33
303 26 856 449 351 904 66 364 941 747 651 355 734 178 16 104 576 103 670 991 262 109 150 436 811 461 598 591 180 411 192 334 425 34 368 48 964 54 728 154 161 687 638 324 36 768 221 895 536 859 767 305 918 571 893 374 489 603 612 398 694 409 890 701 517 237 594 627 867 231 687 924 930 926 984 714 93 321 22 124 659 477 62 8 697 651 91 362 454 528 20 582 664 792 985 665 246 980 939 489 712 700 324 803 815 534 243 525 290 784 145 363 294 9 830 874 924 515 820 20 496 640 998 714 865 642 211 360 372 801 565 713 
41
891 410 725 407 32 143 899 399 929 596 670 173 319 355 321 335 302 625 175 655 292 305 621 974 444 508 149 230 20 755 561 649 653 861 302 489 426 931 738 679 814 866 104 896 991 828 912 393 891 167 950 972 887 44 750 365 54 184 359 321 385 879 661 607 118 910 724 779 677 198 836 479 337 337 96 177 588 636 330 279 232 629 767 972 35 144 659 237 126 918 322 617 916 99 777 631 158 520 383 156 726 926 224 629 676 504 318 681 138 843 488 530 213 850 47 687 335 922 277 54 326 510 681 714 592 488 38 565 325 13 349 664 552 739 199 415 238 692 113 773 204 818 570 925 439 297 491 839 819 773 996 769 107 315 431 737 189 467 792 393 449 913 931 989 
38
834 858 800 91 942 31 488 479 239 451 934 409 102 753 143 894 791 131 262 573 423 401 604 78 432 16 581 663 692 367 24 602 140 677 847 896 102 490 832 481 593 544 496 331 63 306 559 857 929 812 455 429 802 11 638 222 858 171 885 475 495 117 555 951 918 79 985 421 972 963 292 393 533 288 654 595 479 905 405 799 443 484 799 198 56 467 865 817 139 883 216 733 814 448 193 866 810 309 861 39 289 889 840 893 650 235 66 281 175 890 780 658 599 637 709 110 972 17 21 813 188 342 590 638 184 441 204 736 531 907 318 945 149 493 18 899 631 710 496 406 145 712 703 293 777 574 647 583 42 855 19 62 
37
17 814 847 857 547 598 121 97 869 224 519 933 320 76 673 287 217 790 866 849 682 939 9 57 76 355 973 156 827 615 737 197 452 378 584 885 164 635 291 70 95 597 699 930 986 182 553 140 520 348 655 767 540 593 687 834 561 583 880 917 814 909 266 518 527 40 969 715 76 148 158 534 502 752 103 162 385 656 344 818 923 425 672 452 391 712 125 333 231 906 776 306 634 391 137 183 90 67 395 751 428 803 869 741 895 170 883 10 117 837 603 261 685 550 471 911 129 17 817 772 756 427 775 768 768 312 241 421 583 949 255 474 938 826 255 366 810 460 454 177 657 624 150 89 564 734 207 433 
15
442 449 429 252 208 375 115 810 128 840 317 447 992 974 48 180 831 440 660 498 367 322 798 764 359 374 437 79 442 396 213 477 364 453 366 429 861 479 526 769 597 384 19 190 419 934 356 315 482 828 774 489 555 367 775 792 180 499 8 118 
7
391 552 476 347 930 264 406 676 196 519 79 202 841 615 831 469 453 644 186 271 872 841 103 351 733 223 531 654 
1
374 674 554 971 
5
921 502 445 245 486 307 335 442 431 950 735 960 97 971 766 733 27 831 274 345 
41
685 927 372 117 4 763 273 680 411 431 371 237 105 416 427 228 26 354 502 305 220 729 618 854 656 278 565 416 561 957 654 540 544 385 177 459 488 858 137 141 963 123 80 480 310 231 899 588 863 394 894 635 386 638 136 937 70 454 854 970 91 97 886 216 562 963 769 472 539 105 941 146 555 326 763 989 277 972 361 638 276 947 788 116 40 656 131 341 286 212 550 597 970 856 483 176 543 639 473 860 318 387 424 693 718 378 73 903 375 109 815 688 806 54 760 340 59 582 454 457 489 37 123 983 740 70 509 811 968 232 360 536 668 857 806 444 947 189 572 475 465 972 29 641 590 560 188 416 780 425 518 534 492 978 885 781 59 235 631 980 828 654 128 58 
20
237 989 970 166 37 138 781 451 837 815 944 489 379 178 420 872 311 261 454 385 431 221 357 645 512 8 721 26 17 902 858 529 401 116 883 710 283 991 451 312 29 266 186 833 488 177 357 44 586 771 360 374 661 735 961 219 256 825 794 169 61 432 582 254 269 194 990 275 433 597 175 131 727 893 641 112 929 652 345 129 
35
527 738 53 798 663 524 214 10 649 103 256 182 242 326 594 294 136 508 214 247 677 620 101 726 611 481 956 463 357 479 83 240 448 960 333 261 902 365 294 649 852 663 715 134 223 212 294 517 115 215 41 273 59 690 778 553 709 69 927 704 437 568 763 110 589 184 282 513 325 683 657 985 230 285 914 36 977 465 898 292 133 905 218 77 616 252 85 528 962 956 115 809 518 425 779 757 572 77 898 171 323 78 17 661 477 283 897 760 58 973 931 39 684 793 161 565 156 266 551 696 587 339 802 680 755 934 404 873 45 627 89 891 343 564 191 738 733 873 686 94 
40
520 228 337 91 366 428 664 560 202 931 368 431 765 755 184 597 423 943 237 553 360 193 840 364 406 765 779 81 667 917 410 696 286 38 638 399 926 251 378 996 512 163 827 345 358 927 616 30 419 923 749 334 826 208 435 23 826 774 505 976 967 99 182 274 651 102 248 758 377 273 734 84 136 534 902 958 102 294 782 635 939 171 497 83 417 48 492 23 509 207 607 154 434 34 215 212 516 587 290 32 542 562 934 658 984 342 16 229 249 581 104 212 25 54 915 39 66 343 351 950 663 901 552 24 861 734 582 88 197 52 861 844 943 863 420 483 575 777 912 750 378 594 639 474 979 699 533 301 349 692 25 478 113 852 832 956 962 360 479 233 
3
155 109 406 757 647 554 931 484 653 869 793 925 
6
79 984 755 52 419 638 415 815 684 318 279 296 940 995 848 551 23 98 570 485 975 199 322 388 
9
207 239 775 126 745 836 12 835 848 683 801 340 758 792 485 641 331 544 894 407 506 170 250 923 650 972 656 236 546 711 1 391 531 383 719 875 
5
564 350 935 514 312 232 394 108 457 142 209 296 885 117 180 441 273 897 263 362 
24
623 575 632 932 573 13 953 520 243 947 997 471 702 535 104 764 163 248 390 106 939 883 953 507 445 493 215 436 779 343 845 276 387 868 767 353 943 526 482 759 45 479 357 913 574 32 94 298 75 335 160 680 574 379 45 499 996 96 470 496 355 130 643 274 810 262 505 144 783 52 713 781 177 854 15 37 367 603 595 331 791 702 904 599 986 103 572 872 153 481 347 775 989 520 437 614 
19
926 341 198 357 764 610 602 518 753 902 937 788 887 129 6 804 71 220 476 415 331 73 473 715 236 627 878 905 224 713 358 962 519 101 619 786 906 517 674 477 769 905 766 417 768 657 375 673 890 555 857 286 292 628 299 325 733 202 1 759 391 438 774 238 763 655 690 804 560 417 944 214 476 243 154 416 
41
208 793 610 584 61 110 470 233 672 525 810 53 360 821 180 957 614 312 325 869 92 718 652 586 163 510 489 124 580 419 274 241 561 861 43 406 313 831 315 61 425 307 246 519 810 772 814 738 9 424 901 414 111 419 897 979 315 217 215 199 274 862 787 446 532 141 660 621 859 975 403 345 560 685 528 771 252 371 345 741 240 699 157 735 440 497 464 11 504 11 953 268 94 870 874 640 785 524 979 507 885 685 282 917 58 107 70 135 730 287 604 66 265 719 231 812 864 877 520 230 253 679 968 405 985 614 978 424 757 257 880 470 315 952 746 76 754 175 8 480 1 160 15 167 6 326 696 375 96 440 9 628 39 161 392 813 723 408 297 497 574 53 702 785 
36
918 339 707 880 84 535 228 676 846 874 955 967 859 650 335 343 148 8 692 807 903 192 560 902 633 451 717 390 754 495 324 975 449 751 35 968 485 58 940 879 616 702 376 46 990 105 68 831 179 317 739 600 97 992 844 106 105 980 546 183 15 764 445 659 717 257 90 620 102 48 334 277 130 708 395 897 898 765 483 671 522 155 936 997 385 303 181 655 651 966 255 717 716 374 243 536 13 472 614 359 896 284 405 779 597 390 34 546 680 878 209 396 852 717 794 888 263 972 398 731 679 715 611 845 358 537 747 346 919 413 544 359 256 956 417 563 779 486 379 289 267 213 867 730 
20
138 37 523 234 647 237 896 533 493 972 850 272 960 471 313 628 202 681 684 457 109 4 459 303 193 532 693 142 339 165 594 587 126 279 56 1 592 786 402 672 171 796 751 23 848 940 655 533 201 526 622 507 766 153 251 423 294 570 276 286 558 982 599 293 301 159 672 680 245 952 185 959 989 739 242 328 192 29 757 33 
34
847 156 221 574 416 936 160 525 460 493 338 221 809 170 978 436 165 554 567 755 116 47 447 474 842 841 585 181 308 151 918 201 382 323 923 752 493 786 29 841 833 160 764 197 81 745 815 709 39 200 750 396 4 497 795 72 700 709 108 660 2 489 610 797 397 914 702 742 270 863 150 879 261 372 891 522 604 163 546 690 696 137 421 154 978 489 986 326 817 822 597 969 345 527 346 377 725 503 574 241 192 192 304 952 141 821 380 195 930 3 214 237 947 671 298 550 244 503 611 2 763 366 873 225 187 346 931 749 620 904 83 900 7 604 740 484 
35
348 421 266 107 539 29 991 518 984 610 825 317 601 697 126 297 199 521 588 861 238 309 690 439 170 350 741 670 828 990 642 574 994 837 240 334 380 279 66 942 155 317 786 765 371 874 487 718 342 980 155 998 55 103 578 943 878 313 784 853 259 153 590 515 931 141 38 683 703 382 954 519 173 186 580 11 216 911 98 365 408 253 182 996 154 76 193 886 502 872 572 630 582 220 858 942 428 390 455 6 780 855 458 493 275 791 283 142 291 723 650 433 634 398 655 310 740 24 697 394 753 323 146 358 227 954 360 517 522 672 663 608 679 898 485 3 218 829 820 838 
45
357 913 977 225 218 911 756 249 557 435 463 354 930 235 640 828 895 415 257 783 55 102 754 231 291 35 613 63 983 541 576 52 320 832 308 935 455 667 295 512 967 193 371 896 758 443 873 468 829 682 396 521 894 59 80 395 587 70 444 334 32 509 194 80 544 28 485 737 147 771 782 147 267 369 86 471 857 569 406 992 751 235 843 897 995 734 88 693 744 547 772 793 928 432 495 386 391 532 774 965 277 625 951 782 960 517 491 505 43 438 831 375 974 580 163 189 201 620 768 178 893 470 955 911 81 93 471 615 210 260 695 485 982 553 332 814 550 557 773 200 330 822 275 648 832 110 572 911 631 797 397 161 70 695 190 47 281 637 175 601 540 474 585 566 122 581 197 214 454 608 8 275 353 287 261 449 931 579 85 502 
31
128 376 746 329 779 251 750 106 347 83 863 598 364 595 815 734 97 470 4 275 552 73 949 431 198 66 850 378 7 733 419 975 380 33 131 151 508 78 5 409 999 894 428 506 12 743 256 854 417 732 644 928 254 940 658 987 515 266 120 22 679 530 755 448 681 623 600 31 647 628 700 102 496 535 328 440 845 283 460 801 318 287 671 242 566 897 894 185 323 2 83 861 808 809 205 962 139 629 798 869 133 105 284 865 831 100 740 979 358 778 428 804 241 557 975 362 505 794 356 206 725 183 599 551 
32
287 140 7 768 500 765 34 338 12 607 402 568 457 698 708 813 645 741 923 98 541 79 836 56 568 914 593 724 146 110 831 61 912 989 990 695 116 136 156 444 495 114 543 889 835 798 432 24 252 299 425 7 407 5 7 460 729 379 335 636 904 267 827 63 991 687 74 761 264 802 112 739 752 554 811 16 848 79 577 256 971 823 949 778 53 212 3 421 836 939 859 104 231 615 122 540 463 402 785 672 403 509 333 252 63 950 141 547 506 937 565 363 558 151 512 863 416 975 295 37 290 58 303 625 814 770 943 481 
46
294 734 184 905 839 431 263 277 185 228 859 381 44 728 786 332 459 417 545 719 25 39 374 394 888 977 88 868 509 817 478 371 490 549 264 972 855 408 273 325 425 320 38 764 946 834 387 585 255 730 794 303 521 528 412 67 230 371 474 711 477 481 494 949 339 42 554 430 529 658 575 54 381 469 708 516 196 103 328 510 605 734 870 926 553 157 766 751 214 719 334 362 357 292 965 19 331 585 93 256 489 124 366 844 142 182 849 344 311 194 833 413 748 606 5 271 233 294 395 883 897 368 586 738 500 286 490 498 791 950 635 484 883 565 504 464 268 679 416 641 225 134 212 59 312 313 316 314 278 13 81 480 774 484 121 526 745 917 201 628 458 494 265 798 256 613 127 909 158 110 516 551 866 880 247 673 143 988 279 916 583 423 598 788 
45
449 578 15 266 712 341 188 798 99 689 557 687 563 860 257 948 12 799 773 25 325 346 146 131 751 710 665 211 983 588 807 307 8 975 813 916 848 70 2 503 587 752 829 436 568 631 180 555 303 603 104 120 680 658 814 123 202 699 798 750 166 697 480 673 192 241 187 426 340 78 836 371 770 45 346 626 96 584 929 793 610 477 347 697 302 832 660 204 739 838 539 389 222 291 576 548 216 558 361 660 37 326 199 197 682 439 110 195 248 597 675 638 577 354 299 760 263 278 88 920 115 385 472 274 490 593 61 346 236 601 301 602 125 117 975 935 903 748 251 845 223 634 377 445 539 662 645 413 593 865 887 363 296 830 691 354 213 556 193 601 403 755 220 963 918 975 898 116 973 677 333 787 899 585 462 591 249 831 517 761 
3
985 784 314 726 255 17 256 157 832 16 475 462 
39
663 386 764 487 840 206 895 708 788 230 854 739 543 472 330 51 771 555 237 231 366 154 887 658 588 788 569 27 454 923 810 973 469 536 574 894 711 533 34 769 559 791 660 495 679 313 728 519 581 802 41 412 864 824 769 341 858 697 229 832 855 32 684 11 683 28 916 976 583 242 137 76 281 289 391 653 955 612 182 297 196 715 241 677 898 79 244 550 585 629 270 976 767 937 928 766 831 931 415 164 470 456 694 884 168 493 908 306 324 711 157 603 670 673 488 645 433 648 449 265 189 588 177 240 298 368 951 959 988 407 777 890 404 779 841 212 853 886 113 869 126 798 382 367 705 890 313 873 706 61 769 803 680 151 239 407 
34
375 667 684 275 250 350 550 769 684 462 452 402 297 676 279 898 214 633 392 305 623 271 480 959 73 71 225 740 804 648 652 69 448 450 752 433 57 529 780 889 392 573 862 727 747 351 853 455 864 956 973 660 644 882 400 538 24 48 874 624 595 902 7 933 360 287 542 83 343 916 634 136 496 593 578 945 566 867 402 133 375 270 651 462 960 861 512 322 699 608 139 559 958 45 20 111 10 905 83 455 67 496 831 100 207 173 308 145 271 635 80 387 625 395 575 377 983 636 69 326 19 317 393 863 596 581 973 64 666 397 511 971 226 606 241 931 
22
810 84 78 743 755 274 718 147 716 635 405 181 374 29 231 254 566 457 45 658 328 415 616 185 858 126 506 159 842 895 840 299 155 867 967 583 873 544 139 225 702 598 17 441 769 917 403 498 21 207 951 661 818 100 269 713 414 456 723 986 747 159 562 462 683 765 70 971 711 61 983 793 960 863 644 56 677 470 171 382 679 197 257 783 229 599 39 226 
26
48 466 853 742 498 191 548 689 100 782 635 334 294 217 661 691 13 115 349 961 392 48 283 350 286 391 792 61 566 905 791 63 189 734 380 143 402 975 53 525 856 521 607 282 961 820 206 963 920 193 878 890 248 10 95 75 620 948 950 980 591 226 583 982 264 416 177 717 285 768 987 221 718 396 906 71 504 200 947 501 164 180 166 703 377 473 81 928 17 598 179 483 81 331 159 341 5 474 55 706 157 151 493 200 
1
745 345 745 365 
23
314 125 947 524 203 568 616 338 730 735 234 530 18 173 269 880 894 341 729 951 181 811 168 776 359 71 997 658 499 933 401 759 248 984 255 817 718 310 500 875 49 153 737 22 646 13 155 70 63 67 512 274 346 337 715 597 134 365 972 868 297 666 209 196 335 721 739 41 874 374 209 570 312 581 683 138 466 375 831 252 38 760 827 676 867 579 495 904 920 44 458 70 
6
717 791 473 249 430 38 567 821 64 596 193 16 483 327 832 781 258 355 600 884 557 365 445 572 
32
996 618 301 349 667 887 734 483 297 484 966 641 274 857 76 418 546 948 667 550 567 174 585 707 664 444 787 628 708 83 281 7 278 884 961 790 146 341 75 405 925 99 417 483 107 73 764 259 850 608 133 475 629 25 72 585 927 849 43 285 281 774 720 97 972 31 561 343 459 983 345 201 169 483 45 89 410 935 460 460 742 967 871 797 427 28 474 102 347 565 884 325 304 630 82 639 82 812 904 22 858 510 745 166 916 836 245 90 674 35 822 777 673 761 251 487 340 710 399 775 75 767 274 303 489 63 720 126 
48
344 440 343 27 226 970 402 548 444 704 465 631 881 786 549 420 88 686 465 711 350 499 100 901 447 611 894 961 228 712 7 870 698 650 502 321 605 920 469 148 336 140 553 164 167 35 186 847 758 532 197 561 763 864 407 906 425 89 438 399 509 58 378 977 934 286 190 841 883 739 450 55 996 895 398 364 203 965 433 292 844 514 980 142 314 42 96 899 988 101 347 164 683 943 492 710 944 302 651 71 144 791 237 437 715 931 168 217 594 497 937 875 615 244 691 592 926 228 729 821 143 326 941 920 666 258 122 47 370 472 182 953 402 117 441 573 134 74 14 868 31 579 626 891 219 485 400 302 353 315 108 333 977 956 22 774 349 548 509 620 868 320 751 736 775 589 629 628 786 888 855 396 401 591 725 690 989 963 448 826 541 363 789 562 147 2 433 490 392 334 579 480 
24
825 785 612 812 355 198 422 129 329 167 124 466 531 680 40 530 903 701 640 298 929 425 352 7 503 432 914 600 548 761 348 944 856 370 84 457 72 816 227 830 212 984 911 34 595 844 181 397 115 12 311 493 479 359 396 517 3 212 995 461 125 544 602 547 194 425 351 371 837 583 465 102 189 957 427 675 419 692 719 989 66 704 609 716 419 578 599 181 12 989 276 623 21 835 499 78 
24
416 522 649 5 919 659 836 609 397 677 871 234 182 879 967 216 720 316 697 855 397 422 339 585 953 895 104 603 320 917 681 977 728 894 119 500 243 517 36 767 547 405 277 62 894 379 524 652 209 372 11 784 601 758 468 180 694 815 276 411 188 245 570 734 641 762 926 682 863 463 168 337 734 17 441 455 758 126 7 877 519 100 903 828 216 545 690 356 641 235 714 180 68 358 712 412 
38
939 426 832 85 615 743 693 944 826 225 784 876 778 807 822 78 829 608 590 302 443 198 238 192 398 674 135 138 84 688 843 575 602 959 212 86 223 65 159 551 402 64 508 277 88 167 918 210 679 969 586 627 61 66 731 303 631 574 773 32 152 56 611 320 476 146 66 427 558 248 482 860 452 70 53 942 714 601 739 750 504 952 296 482 893 383 429 204 629 777 646 679 446 252 319 607 155 585 434 424 287 779 698 527 122 471 701 195 99 720 395 949 164 442 897 537 898 631 917 520 432 399 857 66 260 329 309 541 435 477 766 335 96 433 69 100 777 253 540 19 892 92 766 314 427 139 833 57 479 603 488 887 
24
864 633 831 993 935 419 531 442 321 412 655 277 390 370 591 780 813 588 587 20 850 304 488 519 965 428 539 180 82 182 980 865 471 189 487 636 907 195 103 742 162 95 477 45 210 186 161 493 57 371 523 186 566 301 94 788 673 335 229 419 998 612 293 811 475 802 712 435 89 106 733 267 65 376 35 200 14 380 193 56 631 543 258 263 274 495 848 665 846 308 186 339 447 401 663 137 
32
844 409 762 29 380 203 658 64 352 28 590 174 781 179 194 626 339 249 847 523 606 490 651 32 328 830 279 673 234 228 976 541 981 731 617 458 518 289 599 827 469 537 969 910 769 440 163 363 523 410 742 201 80 151 469 189 333 865 216 832 2 120 613 307 412 491 25 732 411 268 125 482 175 145 409 9 86 320 516 324 699 723 967 889 495 946 280 187 614 59 511 961 990 985 72 6 849 781 433 295 525 703 126 775 262 473 860 879 949 281 203 697 725 969 187 679 794 483 860 684 986 80 358 712 2 379 955 392 
26
174 813 793 303 974 473 670 264 856 960 373 993 60 821 335 960 43 835 598 950 571 712 126 995 674 641 560 609 674 279 424 25 200 197 240 185 93 947 330 773 167 968 553 494 100 935 510 939 495 203 226 245 845 173 729 194 531 607 726 783 257 484 183 788 112 992 113 434 783 937 551 953 347 506 85 874 139 205 894 535 949 899 657 212 341 167 779 683 234 784 725 287 823 735 747 638 229 89 466 198 367 675 829 286 
25
969 719 890 459 215 340 711 107 481 650 743 375 105 863 800 894 843 207 138 967 373 400 555 119 24 167 940 890 10 364 396 512 923 291 292 624 76 982 369 350 628 222 311 128 638 532 523 209 152 473 883 248 223 775 888 879 106 379 791 735 335 765 908 492 112 543 923 245 426 843 738 60 486 832 155 8 596 988 390 36 360 613 117 21 912 445 632 306 730 900 624 413 64 635 814 44 734 660 176 570 
38
170 603 813 62 745 910 287 537 674 633 8 521 864 641 197 341 36 817 242 421 961 41 16 826 175 850 778 101 879 741 319 446 361 451 626 233 311 686 903 946 789 856 939 383 654 186 293 449 205 9 768 192 635 351 470 578 880 422 894 170 575 762 219 878 680 586 139 194 792 715 976 288 751 694 758 67 531 130 116 962 281 945 770 841 142 520 949 145 381 763 457 159 134 744 313 843 294 332 115 116 7 220 666 383 867 900 370 823 36 460 703 45 987 598 250 176 650 193 217 882 524 668 950 47 440 710 68 50 204 261 470 658 643 846 758 849 725 661 964 661 605 428 911 251 954 467 699 622 327 493 932 557 
21
447 120 382 73 15 966 581 648 235 438 495 55 475 78 198 991 302 932 970 417 557 607 388 516 812 638 398 135 302 53 185 330 482 969 479 187 979 118 275 196 483 19 83 208 456 337 928 522 664 200 381 772 421 411 215 60 46 67 952 428 684 834 519 638 794 485 440 945 770 60 747 601 891 480 495 597 27 116 419 210 171 288 605 496 
36
775 240 100 362 713 296 514 381 56 933 104 849 971 913 819 773 354 443 962 184 282 82 375 249 664 956 325 22 595 679 288 326 795 270 346 47 793 100 275 609 648 678 829 860 620 732 416 139 237 783 937 840 994 25 363 620 484 7 611 993 294 235 787 453 72 655 154 607 58 698 189 544 92 797 856 726 246 896 839 110 807 53 292 550 828 86 699 56 44 527 158 102 454 155 330 844 561 955 11 949 800 34 760 253 136 751 31 446 686 705 99 940 796 818 233 192 540 981 631 940 849 79 278 356 274 639 79 62 201 9 407 337 372 694 301 942 803 622 369 78 144 630 111 450 
47
946 551 588 956 421 263 920 613 118 45 798 95 663 416 829 98 994 377 678 894 151 988 265 909 519 895 189 482 685 553 272 119 957 639 122 119 21 299 695 121 551 207 59 244 820 572 133 997 385 392 139 622 146 3 30 738 721 721 711 672 162 158 942 541 185 261 35 491 381 165 317 219 703 649 317 905 238 605 36 962 440 222 711 621 325 958 685 186 946 47 140 813 727 193 523 562 952 4 178 665 516 319 544 671 329 494 750 619 429 423 435 825 840 416 895 70 707 903 84 633 950 94 54 13 496 276 344 969 795 308 441 957 962 865 827 647 387 381 424 207 986 584 401 60 420 831 464 478 26 353 695 253 972 898 23 978 879 797 370 79 668 268 956 886 96 101 446 177 571 388 339 23 157 947 627 789 312 187 657 248 614 623 187 573 372 197 225 513 
22
436 115 166 764 290 509 871 829 875 896 687 723 573 952 996 666 293 735 65 240 589 575 53 270 232 530 909 289 189 704 15 703 748 23 788 964 644 435 223 716 426 250 503 503 112 567 603 358 35 429 112 920 492 236 614 889 457 207 971 13 647 144 957 491 883 153 690 242 99 60 522 714 928 229 4 226 371 278 259 95 704 702 725 565 368 849 976 969 
9
824 676 956 266 619 760 781 503 361 103 350 925 110 585 483 132 134 809 576 299 51 508 188 506 588 661 785 155 912 214 104 402 212 664 360 993 
32
645 727 155 204 457 912 679 189 915 537 76 408 435 28 204 311 370 490 84 553 382 830 535 78 503 822 536 693 851 494 276 884 674 285 801 480 737 983 24 911 308 838 894 476 167 996 337 341 567 749 996 395 275 31 336 136 113 928 687 401 189 777 455 194 764 375 424 295 509 111 138 216 120 963 314 908 126 782 857 446 756 462 434 174 948 935 873 275 896 852 468 844 731 1 928 563 888 223 474 550 553 558 283 407 915 700 85 738 867 85 104 955 295 650 596 710 694 689 776 490 682 321 283 13 647 188 695 985 
20
285 441 237 574 160 796 960 397 919 827 185 101 950 625 403 190 545 855 510 503 689 418 199 675 453 904 378 769 747 720 589 963 415 28 464 201 883 474 239 944 559 288 682 784 85 352 547 776 118 653 5 568 698 919 788 441 565 965 611 192 779 165 398 353 466 962 190 774 996 65 666 64 787 505 388 146 298 194 836 551 
44
532 80 296 608 895 258 673 342 622 876 562 70 52 991 675 282 399 810 952 242 428 137 872 106 367 197 243 129 621 751 893 508 557 600 114 900 440 756 954 21 146 836 112 496 975 149 71 446 51 757 922 532 955 176 496 533 29 926 649 997 340 242 970 382 14 897 326 679 851 326 447 19 516 533 88 739 621 578 750 346 787 285 200 76 160 762 28 487 326 564 746 471 909 50 314 633 743 602 435 310 375 766 392 804 355 232 562 120 170 279 665 883 230 712 158 184 258 775 176 71 62 892 678 848 870 374 916 515 582 462 295 465 962 651 683 611 519 936 199 555 551 903 517 108 824 694 413 596 793 772 608 178 770 914 286 823 610 787 106 738 697 877 939 4 834 328 910 949 123 77 811 185 751 620 432 496 
6
662 766 786 164 128 372 447 241 314 148 72 790 966 544 864 771 539 322 186 576 669 10 241 447 
26
458 698 780 719 815 334 380 346 846 202 40 664 407 208 510 942 46 755 614 952 450 973 801 505 195 236 618 299 448 339 74 41 48 541 830 252 699 44 46 101 417 386 150 506 32 30 545 30 510 105 281 25 699 230 242 735 494 734 906 250 323 169 67 67 40 305 994 671 417 520 35 991 476 406 711 276 508 270 887 91 943 775 660 513 58 901 312 420 514 609 539 741 488 678 8 545 39 416 281 132 808 820 77 177 
22
615 236 292 882 997 11 650 931 423 452 692 972 557 533 185 25 383 383 204 475 817 36 540 335 32 423 503 915 188 767 305 629 323 533 934 684 254 804 201 450 197 620 538 761 466 849 868 132 621 136 818 209 161 328 730 469 796 947 68 739 60 804 312 112 641 278 722 299 713 833 385 218 687 849 263 421 974 252 759 656 431 951 935 415 892 289 660 308 
21
317 364 718 606 74 352 535 324 492 131 779 952 670 791 642 130 590 624 991 587 171 643 698 821 964 340 513 891 279 927 958 355 763 966 539 70 278 127 498 226 959 847 166 367 66 692 291 889 959 436 58 449 794 173 445 573 977 910 743 948 667 948 224 259 535 33 886 682 522 381 474 266 546 399 158 584 142 56 831 157 372 537 873 866 
50
848 647 453 844 313 854 67 243 829 431 129 949 996 320 536 587 810 348 896 224 125 321 924 344 521 748 927 532 149 264 537 956 397 164 640 531 676 242 834 715 14 999 661 596 185 999 716 746 728 456 534 508 964 234 654 322 622 519 841 389 719 655 510 522 76 316 6 480 697 534 768 630 569 778 810 682 36 590 328 210 540 86 158 995 944 388 177 467 64 253 774 770 187 905 399 424 852 514 459 233 314 635 674 735 884 369 828 98 190 353 103 770 892 826 235 997 274 553 878 11 838 999 189 686 390 926 740 496 296 672 166 852 166 204 191 871 368 133 692 110 28 174 701 942 908 691 580 154 298 863 428 260 159 202 545 93 10 713 93 115 145 923 8 321 143 849 589 824 241 136 806 886 741 104 601 999 306 975 104 582 175 396 819 85 725 279 206 292 851 106 287 813 845 355 400 527 103 81 673 145 
10
895 569 366 841 899 885 884 522 426 952 723 859 856 383 139 257 603 408 886 141 317 566 181 990 449 151 453 941 7 186 782 840 277 3 463 499 878 516 944 677 
24
263 526 1 876 693 224 695 229 406 94 820 409 667 759 168 36 211 642 277 395 793 499 139 313 869 735 542 321 684 500 153 883 16 821 584 814 881 504 109 392 534 230 522 948 21 14 337 428 177 608 997 219 857 166 854 889 245 836 527 97 853 99 601 531 734 527 599 838 273 50 71 644 604 775 805 294 64 948 639 774 667 40 799 887 347 342 277 342 621 344 601 707 971 641 281 532 
37
821 161 24 381 673 151 9 352 10 501 626 352 931 668 397 808 486 134 238 1 336 580 652 741 356 329 104 256 45 686 411 482 681 870 8 347 331 773 157 432 110 625 771 362 901 201 2 840 300 777 855 479 302 556 300 752 216 632 450 258 83 208 380 361 502 812 66 723 197 28 635 853 214 285 909 83 429 606 538 970 716 934 163 341 843 148 111 84 704 35 318 80 204 157 923 159 864 418 232 538 389 377 759 728 662 365 86 588 714 315 68 76 936 299 485 251 431 173 550 659 416 403 848 493 608 454 289 42 896 409 29 705 581 370 930 858 278 882 74 548 430 773 229 979 331 595 18 770 
10
206 177 558 194 641 82 84 30 435 797 885 223 30 248 144 686 380 353 998 869 14 669 449 893 552 936 420 733 501 393 616 904 146 860 848 300 893 345 902 328 
4
552 622 654 541 10 545 609 308 833 988 509 208 732 255 616 244 
39
760 490 468 540 524 195 649 468 15 69 118 482 438 942 578 129 115 167 633 71 283 637 252 981 352 192 374 696 67 92 623 790 981 57 204 756 491 247 677 214 596 258 789 305 882 842 131 286 747 430 406 143 298 49 353 243 847 744 257 465 455 626 120 90 908 284 114 916 2 460 194 303 877 341 767 498 449 854 351 598 113 172 687 449 822 965 56 856 361 463 236 276 824 972 613 6 490 902 604 382 355 678 881 46 513 976 908 159 981 582 184 677 206 153 760 565 164 647 706 441 127 659 884 249 226 633 326 263 316 527 282 341 143 329 641 500 902 924 78 140 596 905 518 551 328 177 902 784 905 821 184 404 102 666 679 182 
7
314 23 158 662 639 467 659 597 374 594 849 444 244 469 111 212 314 889 391 207 878 554 858 621 555 557 935 412 
53
703 209 316 545 544 717 115 919 602 27 635 823 904 18 443 465 900 415 362 910 911 393 482 577 789 489 434 859 138 474 87 981 143 194 715 596 96 649 337 610 241 100 876 859 265 731 323 325 299 149 77 722 377 517 32 247 430 207 449 319 977 350 77 930 895 414 469 828 38 924 556 583 449 657 318 478 498 348 10 831 258 105 76 815 604 823 246 611 715 162 186 981 454 823 624 99 141 943 66 404 529 862 754 388 83 994 412 448 38 703 645 858 521 672 571 91 512 528 609 92 17 902 952 586 855 780 63 121 950 14 730 15 413 649 964 979 847 301 969 606 543 5 184 989 901 70 33 871 765 804 32 134 878 513 684 975 774 787 686 231 891 352 798 382 8 194 350 944 720 853 779 825 951 333 938 901 477 484 536 154 736 611 989 935 478 444 61 987 202 13 410 688 884 21 275 762 966 604 315 216 386 674 463 437 419 872 660 284 127 132 502 731 
44
935 80 176 84 136 865 827 82 330 817 36 702 621 394 408 756 542 538 216 968 998 90 81 955 222 265 852 205 462 43 644 210 943 596 245 309 641 116 340 618 333 530 258 276 305 500 861 82 198 672 641 776 201 659 880 107 922 480 971 732 48 48 117 52 865 413 229 636 502 527 800 536 76 390 403 988 61 995 143 828 181 344 35 490 403 147 301 380 507 144 554 92 853 226 699 95 112 995 309 789 631 108 656 859 256 841 252 977 757 481 365 751 827 623 140 643 474 122 744 977 959 657 92 982 447 236 128 647 586 832 882 489 318 956 31 316 835 88 447 418 644 187 865 979 973 367 187 268 373 185 988 24 222 524 797 373 375 801 109 625 396 183 178 879 295 905 339 229 132 85 509 507 765 140 376 461 
48
38 569 732 360 134 256 530 281 248 176 265 691 789 30 509 229 714 710 853 820 344 574 77 206 60 264 63 96 78 853 342 976 16 390 645 283 275 799 201 884 459 197 202 198 441 80 29 641 66 715 407 177 420 19 521 540 922 580 901 598 154 530 953 404 246 608 538 241 736 178 633 901 684 646 859 983 148 294 280 644 544 692 953 158 304 292 265 219 919 759 743 448 92 905 652 545 291 206 926 40 507 342 696 780 224 126 247 102 838 778 962 8 510 627 428 693 999 570 997 771 80 492 932 401 362 854 34 302 749 794 363 862 264 12 812 599 704 746 551 302 888 220 247 631 732 217 229 531 486 953 401 974 940 811 376 564 283 502 606 58 194 482 566 792 765 550 34 586 886 346 217 748 33 619 660 614 305 717 249 749 16 329 898 856 877 935 29 374 673 69 675 118 
42
642 356 477 413 198 742 602 244 275 446 630 71 48 278 69 718 120 617 693 423 611 10 871 773 861 43 859 241 622 551 114 310 762 893 48 119 196 469 835 702 720 70 440 482 587 4 639 824 93 53 895 915 504 51 137 199 186 243 340 127 724 228 626 695 715 661 351 172 991 605 836 929 268 731 704 60 288 286 349 157 61 683 245 892 160 799 499 858 493 812 287 839 574 320 818 85 668 387 230 960 259 462 985 567 657 84 37 848 545 858 743 947 46 312 528 118 393 585 929 456 464 524 154 78 713 868 361 366 509 758 624 537 489 668 792 627 1 743 216 96 275 658 391 644 517 903 194 737 978 611 38 714 857 243 987 959 143 227 370 621 404 745 95 3 180 147 85 542 
50
519 510 490 831 458 134 801 427 633 56 721 258 184 373 516 628 603 506 815 687 517 494 190 342 937 608 981 337 88 898 169 865 893 928 429 556 617 231 438 60 249 245 870 142 930 808 330 265 232 119 409 607 368 186 283 859 882 864 893 615 468 639 454 954 899 898 323 937 776 632 163 10 559 62 378 648 176 224 171 599 884 92 823 100 38 57 968 193 688 707 808 846 260 893 478 758 482 416 76 398 424 388 674 904 703 97 772 154 864 407 292 217 581 1 241 2 697 273 329 283 56 93 513 344 545 256 814 934 794 196 201 778 582 296 229 348 785 426 389 365 744 223 105 483 623 826 924 188 888 538 631 519 194 287 751 792 435 620 28 887 619 33 896 557 86 546 661 944 130 613 637 928 655 512 412 999 675 984 561 76 108 278 119 558 720 855 245 985 337 655 701 947 689 271 696 55 468 655 121 655 
5
119 936 22 667 304 141 388 537 689 50 535 336 537 798 308 855 211 768 912 374 
28
328 564 107 65 873 113 543 247 7 660 883 125 300 346 154 841 863 441 801 371 729 601 404 105 750 71 206 568 833 903 363 671 320 64 520 556 116 964 538 590 673 124 160 536 411 478 82 927 771 144 228 60 154 467 433 843 789 52 659 800 394 59 167 300 187 589 412 770 676 760 195 93 372 227 349 410 566 81 253 526 684 197 484 48 338 291 478 993 861 817 111 688 168 92 348 540 112 907 759 983 684 291 903 570 72 501 472 861 196 362 362 386 
18
540 893 956 798 530 880 943 392 748 15 234 353 46 676 952 590 277 325 709 4 980 762 249 127 162 140 199 622 243 689 40 26 847 605 260 879 703 48 607 753 365 539 690 560 84 471 923 355 995 656 394 583 614 907 87 574 874 16 706 324 631 574 973 251 781 868 77 636 672 1 642 646 
30
658 454 35 354 395 528 2 615 280 452 531 292 752 811 793 820 982 352 445 287 635 693 595 662 306 948 557 591 519 885 251 855 788 328 784 468 107 590 820 570 12 134 417 883 134 142 384 934 144 988 617 697 350 71 807 945 716 852 780 27 116 557 666 385 978 339 816 925 790 608 99 104 960 387 308 457 70 84 360 877 192 611 175 408 610 323 268 95 81 307 839 23 190 785 712 59 271 875 465 994 702 6 93 63 974 533 680 212 760 826 207 954 772 635 452 534 773 181 816 165 
52
782 714 516 632 548 145 775 860 496 304 488 41 487 112 292 851 903 896 324 685 922 332 177 825 823 473 486 613 50 347 443 714 280 772 600 611 604 165 906 77 807 140 759 252 455 874 493 177 681 663 657 247 594 138 142 162 205 177 143 265 711 408 383 730 405 240 313 797 729 145 205 992 571 537 848 500 65 333 890 384 933 424 544 738 382 686 410 37 344 165 496 170 543 668 320 264 699 866 787 541 994 397 97 898 191 921 368 759 12 458 271 777 746 443 335 472 826 403 483 845 207 858 731 142 540 669 78 702 529 554 268 734 223 719 882 304 703 420 810 923 747 206 992 231 763 729 950 903 93 726 150 895 757 244 694 51 614 316 45 758 945 368 691 815 907 166 442 422 411 512 559 623 660 672 947 734 526 970 301 675 417 399 112 546 416 421 498 407 605 792 138 538 133 850 709 271 307 310 502 83 719 244 249 525 353 65 329 264 
22
631 590 169 713 539 83 212 152 893 474 634 934 607 202 455 321 594 108 946 141 583 663 654 938 971 692 699 849 836 908 347 46 973 970 714 107 403 321 576 719 551 36 348 640 732 964 215 880 975 936 308 919 141 667 982 548 77 905 53 90 432 620 985 597 747 92 95 510 645 11 454 38 805 137 369 507 787 576 939 721 225 219 572 528 83 117 155 999 
30
117 620 976 445 578 387 631 975 329 198 66 899 201 226 619 272 879 796 241 259 511 645 220 943 158 478 302 464 254 589 294 227 728 27 37 634 640 973 571 424 198 278 658 8 281 405 751 633 803 916 875 386 694 49 161 826 374 709 391 994 427 951 467 7 520 491 242 852 778 685 17 279 157 226 27 460 242 912 891 609 314 399 756 46 518 185 166 574 117 617 522 698 267 476 896 695 215 883 908 32 83 784 519 983 432 12 450 572 90 509 703 546 824 709 998 173 714 748 349 118 
5
250 58 142 506 460 776 462 822 979 852 605 254 17 146 384 977 13 147 854 15 
40
398 313 247 818 279 631 803 349 850 104 989 88 476 710 724 269 938 13 957 840 315 210 470 499 260 323 115 140 832 14 48 36 242 481 635 799 972 279 647 347 994 790 113 853 360 598 528 205 363 526 260 641 466 866 532 849 12 980 840 615 702 158 547 483 173 58 876 623 676 617 358 9 15 691 56 449 201 212 487 798 612 209 530 432 797 739 954 751 52 907 389 660 956 644 951 44 246 894 907 961 248 289 634 933 363 436 868 295 824 126 702 751 525 153 312 717 871 728 473 481 597 753 202 150 779 688 654 805 672 148 254 309 805 863 894 97 659 42 250 228 564 845 886 705 671 932 451 938 868 146 543 921 647 591 692 11 239 239 483 297 
38
711 448 561 890 341 286 224 193 841 434 467 128 943 132 76 916 710 813 744 503 966 364 61 134 383 153 445 718 840 555 827 690 678 371 655 605 673 486 76 71 673 628 824 676 296 402 29 650 577 765 461 835 326 422 984 889 479 909 723 545 849 665 726 692 861 769 149 617 210 367 481 916 988 914 839 177 203 773 996 737 927 907 364 534 773 956 79 575 608 737 978 703 521 892 129 110 1 702 247 161 983 411 326 97 728 227 314 481 653 414 983 290 520 159 836 331 693 684 348 11 621 552 924 136 347 240 583 931 901 883 214 223 233 239 919 792 897 488 290 745 23 703 399 696 213 330 511 286 445 604 944 966 
24
878 580 134 534 346 342 793 978 198 133 437 404 657 158 334 28 2 361 52 584 386 901 44 349 337 324 4 589 643 760 223 441 326 810 720 322 186 637 122 42 515 975 766 384 312 532 315 935 47 420 378 120 815 776 164 264 614 1 112 777 15 276 168 376 382 599 625 574 108 46 612 378 153 223 311 498 484 289 948 192 977 965 707 858 397 409 869 776 166 757 953 423 563 184 535 210 
4
920 102 690 69 845 987 73 124 115 218 47 521 396 193 572 675 
