296
1
883 570 931 382 
1
20 595 89 414 
1
192 37 647 186 
1
822 474 212 833 
1
165 573 825 305 
2
310 285 375 16 129 452 956 408 
2
95 749 923 130 61 101 680 455 
1
91 52 757 37 
2
197 122 556 620 817 620 69 432 
1
493 754 667 938 
3
5 68 356 101 977 440 19 993 50 590 47 937 
3
991 34 630 641 163 567 57 457 520 974 787 391 
1
205 98 167 452 
1
423 441 452 396 
3
205 714 722 491 727 283 641 953 658 251 863 631 
3
295 665 917 741 310 509 868 494 296 77 478 993 
3
128 987 738 68 567 585 758 213 590 454 831 383 
1
387 36 670 922 
4
107 170 847 895 707 904 979 500 987 774 434 867 749 861 478 534 
3
683 52 722 535 781 787 449 625 7 213 86 24 
1
85 2 369 520 
5
4 158 36 983 477 603 682 342 436 816 740 505 53 947 714 940 183 853 754 668 
1
442 716 76 549 
5
134 493 321 743 11 343 548 930 780 585 494 342 471 827 62 501 647 208 585 262 
4
640 139 596 819 310 698 676 804 482 207 117 843 992 135 89 146 
5
126 641 602 984 117 684 339 565 798 602 971 910 480 81 520 918 340 74 442 383 
3
927 271 46 232 465 50 698 428 657 329 492 528 
4
799 625 623 167 257 158 137 730 613 762 688 40 120 509 593 262 
3
436 625 710 402 874 898 523 168 71 173 496 660 
1
335 68 649 190 
5
465 653 116 586 151 442 682 769 762 190 33 522 341 863 99 771 351 241 984 283 
4
382 618 59 166 975 898 983 253 521 998 820 685 107 373 501 573 
5
784 51 591 267 111 705 661 135 170 597 329 570 328 621 892 491 347 986 381 749 
5
423 795 93 308 837 805 75 544 963 330 944 978 258 410 88 857 335 922 541 502 
5
780 266 872 912 748 92 867 665 384 946 163 724 317 141 240 697 701 1 592 131 
6
99 37 616 785 159 985 479 253 826 297 607 694 425 981 32 946 328 798 626 486 235 676 579 822 
4
964 345 621 841 4 645 442 455 946 941 700 156 544 16 785 534 
8
747 264 280 111 218 717 762 376 810 852 479 426 976 561 438 359 61 94 664 204 552 63 443 854 448 945 72 209 106 81 30 767 
2
371 814 357 479 766 554 518 714 
3
552 319 943 884 30 1 533 394 811 306 751 689 
7
859 742 273 724 228 782 199 349 896 569 447 654 969 250 663 753 998 877 632 917 652 676 294 270 488 461 272 228 
5
336 570 961 253 296 231 648 36 873 461 199 72 977 542 418 951 833 548 783 900 
1
29 596 420 412 
1
839 458 21 692 
5
255 304 847 8 118 597 50 856 356 578 384 39 434 171 128 908 998 837 311 219 
1
821 31 750 506 
5
648 892 435 958 828 814 595 486 758 341 828 146 235 974 670 246 788 880 173 84 
4
376 815 205 560 964 845 832 661 231 265 559 435 320 219 340 202 
10
270 182 584 918 105 946 124 255 962 117 971 223 45 943 125 726 647 216 35 526 233 434 753 665 33 703 593 366 765 793 675 423 186 62 67 936 930 310 319 710 
9
326 881 112 183 865 183 609 812 750 594 435 231 68 50 545 125 607 957 294 107 258 531 703 553 757 896 972 688 820 612 322 587 163 826 401 884 
4
600 979 315 300 772 933 194 287 373 743 992 97 859 340 924 541 
6
408 267 564 69 574 512 744 487 167 111 859 943 530 373 659 900 277 717 77 329 455 735 733 752 
9
497 754 518 922 992 776 972 932 753 201 909 492 762 813 982 378 331 304 662 173 738 854 674 593 423 213 742 291 159 486 18 246 586 59 263 489 
1
611 545 262 539 
4
538 549 807 425 724 382 391 970 410 38 287 248 761 621 18 954 
2
191 60 904 946 174 485 770 960 
6
227 900 33 103 634 364 87 469 830 557 292 706 694 728 732 892 535 721 26 593 732 415 309 673 
12
983 789 264 564 248 151 539 757 765 844 544 470 39 573 107 552 116 175 90 84 929 628 811 933 835 530 757 734 977 399 365 107 62 942 53 909 520 684 299 4 353 898 163 10 475 441 894 536 
4
877 129 270 550 612 447 906 487 273 408 117 596 779 799 319 66 
9
393 765 252 696 419 828 180 899 308 152 315 757 152 783 822 34 252 247 917 294 873 893 71 312 52 574 556 863 14 541 552 559 207 883 104 269 
5
88 359 983 83 556 791 36 840 539 375 18 888 784 923 796 26 463 45 196 633 
9
241 82 804 219 37 520 170 900 508 22 270 870 151 875 671 836 139 394 539 368 249 499 357 736 818 118 169 912 196 809 226 44 368 103 415 654 
9
592 233 711 394 140 514 617 139 334 313 541 498 934 906 510 840 710 847 637 4 915 59 618 741 516 55 738 793 877 80 519 704 191 606 205 333 
7
117 858 661 344 746 863 304 126 526 507 97 542 659 772 347 749 30 298 106 35 213 413 304 119 748 379 633 912 
7
334 365 627 346 403 160 404 843 733 387 940 179 490 202 584 847 669 560 875 778 304 680 600 284 246 196 739 35 
8
734 246 793 179 37 164 713 228 401 659 768 747 246 179 730 843 406 319 577 477 720 471 718 229 496 152 38 357 489 570 188 486 
1
640 835 853 478 
6
107 147 949 561 53 469 514 234 246 638 496 875 84 151 574 637 500 821 745 502 231 865 944 610 
7
969 769 396 759 275 523 440 685 374 801 185 680 244 440 801 509 961 525 77 622 356 735 720 363 33 395 878 361 
2
937 887 924 362 251 306 765 20 
11
531 318 359 747 991 165 13 736 129 257 287 306 399 404 90 423 684 174 780 42 970 451 595 185 1 119 306 398 655 682 731 44 53 334 609 676 632 829 211 218 864 731 494 691 
3
786 779 281 574 54 541 262 25 648 396 895 395 
14
334 680 341 95 26 439 446 360 311 118 442 173 856 920 290 159 490 275 361 84 215 16 751 640 427 375 714 494 806 346 148 722 165 81 3 918 780 248 447 94 297 490 58 416 15 190 799 405 203 946 98 991 693 527 761 350 
11
521 713 594 654 200 855 945 63 30 324 269 514 86 445 56 702 416 623 466 34 365 732 443 5 135 525 169 604 148 274 519 302 404 188 813 237 534 760 210 501 170 241 28 273 
2
48 462 300 342 652 567 746 826 
1
960 495 742 139 
6
480 292 363 133 816 141 634 778 710 61 526 363 444 513 952 274 276 693 740 472 859 395 25 987 
4
365 743 44 44 236 288 415 990 935 922 283 990 241 491 819 484 
2
831 666 23 320 611 783 75 884 
7
51 461 115 710 625 669 603 841 621 90 466 168 519 348 971 762 503 431 864 780 433 210 524 693 632 835 874 123 
9
669 332 368 652 616 440 592 649 216 675 783 757 887 414 535 978 973 840 317 996 515 973 255 478 161 349 50 493 255 421 449 466 941 788 424 916 
14
861 375 437 163 686 583 992 811 842 246 465 757 714 719 224 958 521 40 313 416 689 741 596 855 76 541 192 917 958 295 603 192 581 891 246 623 223 512 353 717 523 833 969 825 960 42 144 989 990 805 759 78 721 273 21 208 
12
870 209 344 484 589 244 506 476 344 616 328 630 136 832 295 331 938 225 747 386 339 699 990 919 516 97 888 509 902 197 505 604 690 334 724 270 785 530 334 109 219 90 359 602 69 856 917 806 
4
34 371 654 230 956 788 223 343 979 783 341 162 523 582 170 38 
4
985 827 494 247 134 354 966 142 158 125 374 571 139 532 285 604 
16
144 897 150 686 905 285 126 629 984 145 971 43 497 918 144 29 97 880 182 949 44 2 183 628 911 873 906 572 342 110 497 687 560 472 480 135 310 485 985 14 427 339 519 815 692 864 445 334 386 610 665 541 199 23 344 616 920 694 863 616 589 734 983 870 
13
512 877 471 320 129 731 318 75 22 205 141 746 585 362 919 521 738 919 320 722 202 914 864 925 770 87 68 481 200 369 88 350 962 198 89 908 536 298 81 812 821 7 720 552 381 280 973 761 701 226 484 252 
1
902 247 181 339 
10
66 663 263 538 582 118 640 499 814 533 942 988 916 277 305 861 750 921 96 147 469 31 191 225 853 201 968 52 228 868 445 801 157 181 774 541 266 882 478 26 
16
851 498 383 876 993 302 929 719 880 892 978 407 328 168 312 693 711 953 764 563 522 635 521 867 968 872 632 613 171 967 470 896 325 878 527 446 950 138 130 16 116 949 97 648 726 815 715 29 818 385 960 766 543 223 836 725 766 846 614 278 888 219 54 22 
3
17 706 785 317 873 599 894 150 674 153 831 926 
16
69 304 137 935 760 294 416 734 551 393 854 658 703 200 140 895 667 451 646 455 33 510 731 243 992 874 799 337 910 820 431 161 559 656 385 171 441 124 729 628 550 142 850 247 533 48 980 232 744 680 697 600 123 610 155 188 827 404 496 699 916 65 677 646 
14
166 733 390 275 707 111 107 754 588 478 855 39 256 803 359 346 141 474 88 662 96 273 310 311 203 573 462 884 591 160 639 459 99 776 435 910 238 122 308 467 25 782 251 397 519 634 703 638 519 873 704 108 547 741 383 131 
19
569 497 777 235 399 949 268 545 343 588 856 723 463 427 830 643 170 404 444 504 818 266 694 184 45 519 6 213 418 296 65 343 752 475 647 200 896 483 198 970 453 648 824 456 724 956 757 585 150 493 262 10 641 495 192 20 793 434 895 835 521 262 644 366 617 739 327 469 546 292 757 855 703 70 418 374 
1
644 438 231 216 
6
19 787 318 841 273 179 702 188 378 254 302 622 420 590 73 782 600 344 811 928 539 805 130 912 
5
50 942 415 303 105 145 369 418 593 651 987 132 157 287 854 904 845 517 643 715 
12
566 961 946 71 158 469 62 52 272 864 83 641 913 436 829 849 923 759 975 597 746 143 458 550 320 582 776 974 362 76 135 492 202 928 40 448 100 669 678 889 701 902 13 185 518 466 578 329 
17
737 182 367 160 226 662 414 145 248 387 720 394 49 424 967 376 114 827 466 961 145 853 598 15 377 298 20 316 231 806 665 64 728 103 893 337 769 952 685 256 413 300 158 745 401 285 988 105 49 586 832 917 882 487 680 325 959 201 356 766 299 398 462 330 303 589 922 38 
16
227 323 235 965 426 880 463 934 349 352 559 239 793 747 942 520 346 600 565 986 607 816 230 127 117 124 520 892 418 840 666 393 592 280 508 398 541 502 833 53 637 502 138 750 595 173 835 710 215 800 159 296 541 543 432 495 809 914 624 343 893 461 336 951 
18
845 76 686 209 662 488 377 492 357 36 60 502 698 594 900 869 880 44 679 209 328 672 533 781 641 935 720 755 607 926 30 760 328 524 203 116 591 15 30 702 547 639 489 444 937 219 541 186 548 56 482 380 689 867 954 209 312 191 641 332 316 884 833 758 968 726 599 410 893 608 960 364 
7
308 685 333 556 933 165 572 624 603 249 210 671 183 101 710 355 175 89 331 474 626 828 829 942 153 858 283 882 
16
214 112 760 491 898 190 447 58 884 856 140 970 246 817 964 397 462 832 171 552 552 118 951 147 773 540 478 813 629 524 952 506 519 668 745 744 758 800 918 993 156 568 855 921 748 629 958 215 799 171 372 959 388 553 568 601 442 247 171 39 105 526 124 937 
17
163 536 672 796 579 768 840 561 617 367 982 144 800 442 82 67 171 159 347 930 571 373 492 689 785 478 78 833 466 564 735 323 232 382 326 702 86 567 906 231 642 221 812 540 595 575 689 280 337 64 130 774 629 161 470 692 932 999 760 838 355 953 781 893 236 790 925 703 
2
866 456 516 798 133 514 949 63 
20
537 688 476 74 987 527 170 775 205 301 1 413 243 785 822 645 607 163 658 435 896 532 521 706 783 398 130 792 44 490 402 643 399 13 110 384 321 622 550 931 589 178 743 39 198 672 951 246 498 760 586 634 66 458 763 825 252 717 10 658 647 386 312 510 292 400 330 421 898 627 449 784 589 721 984 665 955 450 138 93 
14
677 470 361 250 266 287 544 498 41 147 846 517 813 949 235 475 125 849 336 418 466 671 331 605 6 796 646 544 654 931 437 11 870 140 10 618 796 539 748 115 936 544 144 360 859 868 884 407 354 883 319 861 785 693 828 572 
11
109 907 819 170 427 818 849 507 298 388 902 985 645 963 954 744 729 790 336 853 836 930 702 265 547 613 591 664 125 401 104 304 700 701 787 739 465 309 813 994 441 195 169 868 
8
267 484 872 978 896 505 14 340 549 946 833 653 449 674 857 411 436 11 22 962 505 716 565 161 397 897 394 373 379 84 566 189 
21
830 865 628 619 558 298 970 425 687 439 640 182 482 14 179 941 182 985 79 656 873 396 763 248 630 302 539 207 990 848 879 412 277 985 464 302 385 146 370 422 323 744 828 224 927 715 378 554 161 67 242 84 789 668 668 837 304 294 842 623 4 687 831 376 848 972 176 496 233 952 956 281 248 534 267 59 914 132 550 358 710 520 889 784 
22
900 61 81 450 401 904 929 762 554 408 580 855 842 782 606 563 128 33 747 643 566 213 520 507 483 851 555 847 473 734 657 36 67 220 706 363 913 780 125 217 447 837 576 312 956 429 363 391 573 921 452 720 339 908 503 538 292 199 435 555 515 610 848 688 848 314 861 886 769 599 28 789 307 574 64 662 713 645 259 432 119 863 163 606 27 91 665 755 
18
531 208 344 911 781 104 145 796 141 335 381 919 143 281 489 581 862 429 226 929 962 902 154 102 588 238 978 634 636 873 664 482 528 835 216 11 443 868 493 440 324 837 7 162 332 847 159 942 729 3 783 792 488 674 303 962 605 356 676 741 281 362 584 580 694 396 345 59 635 750 610 735 
22
235 369 418 516 213 727 451 682 311 820 863 742 402 138 139 845 754 211 168 596 249 18 58 21 212 124 489 112 246 873 852 674 39 176 244 7 833 73 179 399 165 865 542 55 971 181 887 824 308 294 803 516 274 522 502 750 149 291 340 557 268 688 980 390 246 21 196 754 740 202 698 188 11 319 510 160 812 178 455 549 923 222 705 33 252 841 633 189 
15
510 13 252 856 180 351 515 139 650 841 864 397 253 810 188 813 829 999 677 742 938 266 217 201 544 552 609 994 338 268 197 17 557 250 399 715 83 976 456 464 218 773 619 273 320 32 854 832 304 420 563 103 777 118 830 144 122 618 904 956 
11
739 489 525 197 339 492 683 844 485 646 470 627 615 40 349 220 817 921 75 51 806 995 986 118 376 621 273 257 117 686 659 2 558 552 60 853 223 936 853 883 656 786 841 136 
4
729 279 616 59 314 188 399 631 751 392 8 299 25 764 385 623 
15
137 363 972 805 701 572 209 108 695 112 359 540 46 341 166 855 86 437 150 741 190 368 123 65 73 481 570 786 392 908 564 929 748 272 44 589 739 394 805 499 391 28 296 475 535 599 253 923 55 817 934 577 207 318 951 11 648 173 250 384 
22
48 144 629 688 227 829 383 527 738 90 767 160 606 74 756 156 164 771 380 456 621 757 53 272 555 824 171 674 338 199 105 853 192 537 40 636 438 234 8 412 310 523 928 321 934 795 707 140 922 159 832 754 62 270 652 577 624 359 746 122 680 785 769 65 74 514 751 530 831 409 529 907 751 646 493 108 730 649 152 638 738 730 689 539 714 675 906 25 
18
824 109 735 308 289 939 609 257 745 911 351 973 20 868 733 353 758 568 371 940 386 410 311 418 515 975 759 569 134 395 310 198 953 348 418 463 340 582 933 658 501 816 668 190 780 729 607 534 734 879 470 833 990 932 666 267 744 279 28 463 656 996 388 274 439 699 97 581 472 18 461 651 
10
471 149 219 679 683 409 100 988 546 404 817 766 42 660 91 944 353 319 296 806 696 569 971 295 87 539 578 848 790 2 219 707 626 629 717 981 514 513 449 911 
6
950 872 170 619 174 210 60 630 958 645 839 376 191 121 502 139 991 822 84 515 639 354 462 841 
1
300 608 964 504 
11
787 696 48 86 531 346 118 498 939 645 202 600 823 487 85 236 579 864 536 98 745 653 552 758 59 908 192 437 53 252 100 609 262 111 475 7 467 35 810 845 405 779 70 924 
6
261 405 904 959 466 790 478 139 18 297 396 587 947 329 767 355 226 316 667 949 644 285 919 966 
16
900 173 777 434 73 18 262 603 908 759 647 235 853 657 847 735 395 844 229 910 939 709 312 331 758 860 821 415 628 784 621 356 380 143 183 512 860 42 651 464 250 745 253 337 139 13 420 822 219 81 423 839 546 570 565 277 610 355 325 333 731 225 859 573 
19
350 899 286 51 853 678 505 907 66 287 23 136 722 500 808 964 342 299 491 644 818 229 896 199 840 73 757 896 399 634 989 550 75 411 708 170 105 892 50 976 206 747 957 102 672 452 825 43 507 979 133 167 2 890 458 252 203 101 449 572 773 857 39 340 930 186 540 809 720 524 449 167 797 448 503 552 
2
750 946 190 999 887 272 96 224 
6
478 462 778 166 634 967 300 329 529 221 668 739 828 603 89 840 451 177 793 185 895 660 395 480 
21
675 393 99 364 454 301 903 750 512 962 540 475 746 240 218 137 389 229 866 178 696 333 417 856 971 897 43 102 410 863 639 188 913 44 8 379 631 437 818 683 476 782 531 282 855 444 168 304 277 223 297 896 392 289 912 138 59 273 428 742 939 884 218 339 935 800 60 803 846 873 374 423 735 496 351 815 765 642 82 433 2 471 907 555 
4
623 536 365 281 552 345 78 370 111 810 684 143 389 150 75 713 
12
610 669 929 150 203 936 246 853 234 156 243 942 621 615 439 103 862 727 329 862 692 981 781 691 712 578 890 399 998 415 569 137 697 479 727 491 744 811 344 877 1 802 563 952 810 535 140 20 
21
754 685 194 678 910 399 105 181 663 892 242 750 488 428 614 452 894 152 750 540 213 3 109 540 899 176 644 651 814 543 521 331 92 705 520 934 944 26 335 441 147 726 947 486 504 879 956 273 912 116 585 511 555 406 900 492 228 733 730 706 933 775 92 389 904 485 289 578 763 908 776 761 320 506 104 412 935 99 984 452 176 618 81 239 
7
447 555 154 850 823 5 281 474 498 250 707 258 699 942 492 747 189 872 732 62 728 430 203 858 179 714 288 738 
23
544 926 395 710 787 401 503 590 183 559 774 924 321 15 318 955 636 800 853 184 464 959 699 292 654 24 400 55 78 807 678 710 696 550 465 110 928 113 46 586 626 281 872 65 591 23 571 195 780 965 687 649 37 80 895 349 291 306 116 35 97 515 183 66 539 32 150 48 70 748 842 348 668 869 324 402 249 142 538 905 856 571 456 979 996 215 86 895 859 280 679 153 
21
653 615 829 636 194 455 12 69 418 132 829 158 914 704 3 866 250 494 166 369 589 94 746 116 288 988 521 544 207 568 885 517 831 539 698 953 55 51 180 641 84 764 549 383 902 484 195 922 919 56 379 145 273 444 493 523 452 278 508 105 688 467 874 745 491 266 980 347 282 584 918 204 545 14 184 268 465 240 683 103 257 793 537 586 
3
528 356 695 824 889 711 669 847 352 753 975 253 
1
581 318 314 101 
19
861 675 384 778 785 28 753 85 370 57 983 989 544 551 753 765 481 675 319 55 11 392 709 708 291 867 999 734 335 150 774 637 568 424 20 485 668 51 288 604 731 983 710 410 500 815 837 846 266 7 638 136 24 828 88 836 747 768 515 671 93 23 991 121 936 808 225 470 363 90 527 423 724 339 589 758 
26
224 118 289 948 160 133 627 362 926 358 462 32 577 601 202 183 105 288 721 993 467 803 451 900 271 629 33 800 148 839 956 592 213 112 697 141 656 374 632 755 970 285 281 137 922 731 495 123 267 951 594 231 72 934 234 284 920 378 514 275 940 892 70 639 435 520 99 999 797 936 174 687 614 528 928 239 836 408 494 81 314 302 531 293 264 162 869 848 310 148 794 615 628 891 482 932 429 969 529 115 875 176 827 361 
2
864 965 383 595 326 896 472 298 
13
33 60 747 343 272 509 348 355 275 219 915 135 948 856 365 134 260 853 650 753 612 471 210 889 592 336 702 279 886 485 409 328 309 348 736 613 663 459 96 585 795 609 66 569 362 138 946 460 84 132 271 542 
7
354 865 241 146 840 301 955 179 898 518 927 743 717 880 423 355 330 836 907 366 705 673 737 294 895 258 323 962 
20
609 995 725 330 927 919 544 808 506 752 810 195 565 207 212 441 492 263 82 243 627 983 821 402 432 552 359 642 870 608 811 946 445 665 4 937 784 865 419 871 347 799 898 706 927 127 550 426 389 88 959 666 689 662 115 738 680 6 717 344 783 495 894 428 507 166 336 886 459 711 20 300 877 407 197 574 569 195 696 472 
4
220 256 590 75 863 536 934 434 915 756 658 949 386 812 2 271 
5
287 405 656 801 432 157 32 455 736 396 993 577 563 143 72 90 419 472 126 466 
22
823 578 210 926 482 270 479 104 790 134 678 201 82 865 923 411 875 601 727 375 227 42 846 487 156 757 486 544 899 68 266 596 190 677 568 797 715 610 663 8 495 997 779 852 844 926 494 259 637 904 38 221 983 364 575 550 923 420 804 224 374 956 484 932 664 774 111 608 46 41 106 247 436 603 378 193 925 626 115 742 710 501 781 262 726 526 617 398 
7
160 966 896 153 123 163 759 637 392 305 730 919 87 311 460 674 480 894 827 76 151 814 391 588 606 836 720 412 
13
496 632 395 385 933 254 881 348 716 31 636 176 825 956 487 467 99 144 744 873 422 938 138 954 205 768 816 449 21 753 289 565 900 827 217 493 270 248 801 533 560 407 117 399 269 169 425 284 121 206 312 276 
14
856 660 129 257 857 325 354 341 113 443 170 128 500 810 131 499 549 54 643 93 646 802 401 947 475 44 505 641 556 787 535 962 693 10 913 456 806 416 622 684 302 53 510 766 29 659 57 150 532 323 156 666 428 113 508 916 
8
203 819 15 682 49 984 631 428 144 158 631 310 265 237 69 150 923 951 276 157 620 577 144 316 209 462 510 191 715 521 4 909 
3
479 287 725 917 629 376 333 565 618 490 194 48 
1
359 753 907 254 
16
84 179 5 986 705 396 195 125 943 459 231 400 509 619 820 672 552 829 112 123 572 454 924 672 787 63 888 645 999 157 911 491 573 409 283 435 629 453 181 815 259 276 110 784 65 855 530 223 353 630 973 711 60 750 337 343 486 156 126 97 592 562 923 239 
12
235 540 79 232 840 554 966 386 237 110 451 793 188 426 526 486 386 175 60 646 417 429 932 398 330 273 545 984 749 501 14 184 773 24 623 858 382 7 618 852 435 789 2 377 786 747 538 135 
23
29 253 379 540 867 796 560 997 856 196 515 550 92 428 562 530 475 121 859 796 593 639 802 801 677 476 653 593 542 126 559 314 599 52 592 264 29 198 141 981 722 555 785 616 917 535 977 56 147 480 647 856 635 589 536 179 986 999 593 434 743 714 831 189 547 467 832 536 616 192 190 470 789 684 509 553 589 118 692 708 297 816 886 774 15 986 321 682 40 383 893 797 
1
800 373 63 660 
7
572 727 905 18 970 18 170 494 557 564 927 443 511 655 721 981 260 472 285 884 10 676 30 501 39 925 721 137 
20
915 649 796 666 400 950 723 927 392 112 823 278 695 214 807 551 410 371 651 411 688 912 428 983 646 528 757 362 371 553 162 980 903 271 422 767 309 95 30 259 348 525 843 132 256 748 966 402 847 976 817 128 612 837 680 226 198 449 98 624 617 436 221 532 572 308 206 657 177 998 357 281 565 608 819 279 412 359 940 47 
32
613 955 150 403 319 583 767 369 818 185 570 708 632 175 185 280 808 77 450 782 548 683 88 138 578 592 36 951 971 914 359 20 796 147 396 242 83 528 555 517 658 537 141 544 994 155 311 417 274 579 284 349 136 514 500 864 63 727 960 701 26 19 200 339 412 585 294 616 195 605 986 802 204 802 656 535 389 209 600 406 38 80 368 45 587 915 711 160 686 310 917 795 783 271 760 687 572 893 119 200 69 711 167 140 962 883 579 172 583 285 811 319 357 823 303 75 495 680 359 878 897 478 653 541 546 263 541 393 
15
292 733 214 12 778 825 701 86 767 432 663 153 929 274 175 644 193 532 800 593 728 272 712 790 856 689 945 461 855 606 882 299 25 816 327 97 20 658 346 301 25 66 448 204 411 28 997 809 164 754 95 745 79 242 142 33 825 268 956 446 
8
816 851 709 645 409 918 428 451 784 466 17 358 956 131 432 736 620 503 878 917 728 468 25 366 374 964 304 283 26 228 467 789 
19
279 560 983 789 549 782 132 283 821 668 88 99 478 563 219 257 892 117 448 13 625 251 161 484 20 978 197 475 537 555 430 983 833 312 801 833 551 846 707 525 4 642 128 455 341 505 389 152 322 441 968 849 475 900 829 400 949 695 657 148 187 533 862 384 601 676 117 610 6 912 191 752 368 950 702 538 
24
498 400 939 130 806 289 145 98 461 936 20 592 815 611 668 942 760 798 43 228 534 291 784 19 541 416 572 596 776 694 102 57 798 189 370 687 245 843 848 888 318 166 939 593 597 210 479 128 101 55 817 15 396 109 362 148 358 699 498 608 841 729 964 4 71 587 95 453 780 775 830 131 639 931 544 299 998 278 312 554 429 210 383 500 609 530 392 487 744 487 918 587 263 775 829 68 
3
888 476 197 273 171 566 931 176 143 12 358 29 
33
561 258 612 387 323 145 14 527 693 328 807 999 317 742 698 954 321 290 999 54 492 640 419 120 402 719 316 265 919 727 422 299 266 428 162 154 763 530 240 325 681 667 831 783 295 482 787 584 177 403 66 788 198 432 454 549 290 722 298 91 992 26 29 990 839 481 798 595 168 488 77 594 24 152 140 324 784 164 598 149 231 674 361 546 422 671 420 113 691 744 409 543 971 168 813 445 331 379 761 652 575 336 110 341 127 582 511 367 710 82 996 636 454 116 38 669 418 618 817 174 839 441 79 690 467 275 534 272 235 414 231 501 
16
158 185 992 735 864 962 406 74 293 358 62 828 767 199 735 327 436 644 863 958 305 435 137 404 743 64 430 953 887 741 581 687 243 348 505 521 245 690 237 131 27 768 496 701 103 511 504 417 340 74 184 503 347 731 984 834 81 148 837 874 789 337 768 401 
15
684 339 403 61 480 653 520 696 326 63 595 196 307 13 36 70 187 170 372 180 863 151 799 315 663 609 538 167 12 433 686 671 567 233 876 725 792 328 168 826 407 719 710 868 739 395 130 58 121 128 532 393 673 810 706 353 817 366 977 626 
4
825 280 58 805 571 853 545 452 308 195 154 613 558 603 510 167 
12
891 672 687 291 472 343 369 494 530 732 342 494 359 552 786 716 699 765 10 651 684 186 784 342 881 489 564 591 177 598 758 787 556 222 941 927 144 798 952 926 56 258 816 615 141 126 804 739 
13
692 790 189 585 895 410 215 106 995 787 256 935 963 979 155 342 863 613 247 573 426 265 911 295 608 7 137 95 857 646 823 99 983 884 510 826 140 924 678 437 287 498 84 750 417 554 707 785 112 438 572 804 
29
652 91 994 330 331 177 677 616 986 836 946 222 461 256 959 669 307 357 230 562 240 949 209 821 756 677 920 518 929 226 413 837 160 545 332 411 822 708 401 29 746 132 446 656 211 528 736 266 787 806 380 624 637 420 756 921 952 836 9 654 898 510 9 339 962 231 80 28 773 989 702 813 172 777 554 709 190 151 995 972 559 398 906 116 984 755 755 756 457 252 847 534 397 94 971 245 676 688 710 464 919 427 438 372 823 331 209 281 441 706 641 655 224 548 800 763 
15
756 905 536 182 943 93 698 674 970 856 137 743 48 290 467 588 532 195 942 433 592 420 2 29 931 821 666 12 597 36 287 470 334 905 60 682 511 639 886 93 259 786 747 132 639 614 249 600 525 897 685 765 183 55 752 941 351 857 771 667 
25
803 263 512 971 724 817 452 339 867 350 851 71 299 409 188 216 802 867 714 310 481 523 680 196 620 538 799 115 533 51 837 309 513 827 799 702 38 18 731 709 433 363 706 960 532 264 425 449 532 692 322 41 473 481 429 850 829 369 918 800 467 472 392 161 523 377 29 585 135 888 690 74 107 141 162 298 842 92 411 498 539 511 397 802 717 553 497 783 312 33 216 530 636 42 130 65 515 370 292 483 
18
391 279 658 629 877 442 445 369 372 574 629 123 110 566 703 422 108 609 719 157 181 845 387 122 788 93 677 16 581 44 678 14 61 581 865 437 893 770 442 806 477 364 163 441 145 249 108 551 415 395 582 230 394 310 299 59 227 709 64 579 497 230 709 196 13 109 593 507 43 155 894 184 
9
523 953 902 643 209 766 47 520 428 507 759 535 543 170 594 649 727 415 742 2 17 210 285 991 739 246 889 703 232 225 492 156 193 708 169 718 
8
915 833 693 804 350 745 700 201 543 839 173 545 494 248 74 663 304 956 66 205 449 624 796 343 714 389 967 45 787 910 150 501 
19
860 598 186 842 663 977 936 499 423 750 598 988 999 837 680 564 256 649 695 626 105 345 292 440 58 385 145 929 255 560 919 420 873 532 952 781 979 247 329 866 199 754 789 230 438 166 890 987 276 572 204 338 829 18 505 497 861 427 825 148 485 836 489 594 986 132 259 506 203 365 489 108 657 681 387 456 
31
140 728 417 475 713 813 976 703 400 538 654 973 360 918 45 193 956 610 606 127 559 719 686 306 455 527 188 24 975 312 772 25 81 128 619 712 529 64 506 959 948 502 770 781 405 673 173 566 613 328 219 535 827 696 303 432 132 469 567 342 422 737 483 75 944 86 237 309 888 468 733 726 698 112 696 287 922 191 497 511 288 858 98 281 391 571 597 689 514 401 649 969 691 584 341 550 624 146 424 9 178 114 463 100 858 236 28 876 848 254 878 288 854 287 707 484 687 342 144 944 97 199 757 96 
25
277 371 700 31 701 884 679 994 887 75 142 408 360 666 668 820 773 712 776 936 322 994 809 105 25 460 538 521 705 928 252 697 24 940 69 218 924 297 582 103 456 732 766 93 796 536 346 325 130 73 834 643 947 277 376 119 691 263 485 580 648 105 477 942 920 391 103 760 941 385 763 124 874 521 796 559 923 822 769 898 890 570 799 623 849 332 589 60 336 385 298 624 315 635 113 996 550 675 380 420 
9
373 957 968 853 527 256 289 50 520 302 119 73 798 140 844 615 218 638 511 473 919 902 976 398 384 817 291 882 147 265 84 789 215 127 651 717 
5
482 902 422 373 134 777 549 833 48 778 105 468 404 850 69 305 551 464 840 841 
14
956 843 491 306 654 827 851 801 864 391 761 61 266 605 721 737 789 660 644 200 359 8 274 542 233 201 715 712 11 265 419 70 286 312 778 493 712 475 299 23 802 988 662 193 152 577 230 163 680 478 923 505 259 879 801 314 
28
516 274 78 950 956 222 236 360 24 392 261 461 702 175 500 626 366 50 167 391 965 858 139 534 146 205 703 539 789 278 614 386 529 72 813 888 972 411 800 66 93 71 747 327 568 322 64 792 353 241 792 157 531 46 872 627 232 423 64 238 723 81 703 378 65 777 877 950 852 47 144 714 695 925 407 716 888 551 510 818 905 347 807 394 694 551 861 609 158 80 941 852 932 332 713 995 635 158 882 325 962 433 138 142 506 380 206 796 650 627 9 8 
5
696 399 575 446 534 748 453 63 172 593 549 108 177 862 461 210 37 272 530 360 
4
306 255 477 243 42 235 81 317 166 228 417 509 940 265 614 942 
29
641 933 637 229 468 86 484 934 9 836 309 289 224 941 559 274 732 275 768 821 834 205 234 571 252 897 44 687 388 952 434 806 695 181 656 19 320 374 696 663 597 10 648 797 928 706 544 184 758 414 477 651 202 406 252 145 856 116 998 274 566 70 368 729 136 531 46 993 542 70 797 382 497 688 817 900 649 227 459 408 496 318 41 126 102 768 721 148 658 123 569 639 787 669 450 412 302 19 67 374 189 980 73 217 971 630 237 186 18 588 726 9 437 444 425 602 
34
614 402 145 289 455 646 735 523 705 675 10 144 936 331 255 239 365 491 380 456 329 502 803 27 428 779 853 151 757 295 562 361 911 129 745 274 523 643 881 395 379 4 201 163 310 115 808 109 735 632 667 782 160 117 820 779 439 540 775 326 662 596 262 996 97 560 206 651 792 913 486 592 465 66 954 927 245 804 555 957 564 540 151 32 780 471 962 764 234 337 475 633 136 476 581 398 48 33 918 871 247 162 474 830 305 66 653 758 691 342 762 668 631 30 203 360 682 133 500 558 370 566 93 68 434 422 297 526 359 577 342 925 876 10 150 13 
30
566 335 460 308 196 613 853 198 938 762 33 89 181 887 307 398 180 360 581 761 928 503 180 222 255 321 383 222 951 557 9 529 480 9 881 118 440 220 937 690 988 635 688 350 672 416 611 587 564 162 754 203 245 852 292 716 839 573 331 484 36 954 288 466 599 256 447 849 653 631 774 748 24 770 723 652 817 782 215 732 754 337 317 587 979 296 9 606 577 523 165 1 969 874 5 294 431 446 858 940 225 961 145 122 718 725 712 535 515 834 417 680 223 582 276 895 375 851 791 68 
10
136 436 622 410 525 889 854 405 915 444 699 931 45 149 358 937 489 247 71 216 951 394 387 627 171 469 53 675 639 609 416 628 174 664 86 530 456 394 618 703 
1
58 359 366 207 
8
464 564 935 305 475 105 948 641 988 373 162 715 489 696 883 782 373 554 165 628 713 391 288 662 39 16 473 832 33 987 526 416 
3
398 751 223 775 74 179 355 507 702 938 61 777 
8
450 815 91 286 458 13 38 824 859 385 569 773 494 244 590 393 732 742 422 951 783 530 611 127 433 40 361 92 220 581 83 499 
37
78 624 878 58 410 486 262 432 136 526 858 849 928 324 876 183 324 202 913 372 848 939 152 547 433 914 126 981 266 452 769 826 724 855 928 541 945 173 507 157 610 66 370 631 16 924 506 252 504 324 755 285 262 640 100 22 738 478 938 761 910 573 164 253 292 884 765 586 781 668 718 224 824 934 170 880 797 988 933 162 281 930 711 650 527 556 764 369 170 753 315 424 758 804 826 341 458 579 873 458 621 311 132 408 310 84 344 936 156 531 507 425 464 356 350 176 419 612 234 2 902 34 476 561 472 195 311 158 170 27 470 884 445 109 893 853 918 277 281 680 890 244 44 328 164 372 510 147 
33
91 352 358 638 461 995 715 518 37 381 815 6 40 788 699 143 559 605 251 232 771 147 613 948 726 156 14 722 690 437 173 921 377 723 897 664 6 978 547 402 79 306 995 592 359 764 218 958 518 129 422 99 696 389 342 324 293 898 860 29 14 983 397 752 791 416 664 389 349 694 908 515 470 981 244 613 405 637 920 964 105 190 488 138 952 771 995 215 84 814 124 210 640 604 617 687 780 774 819 79 76 615 223 323 152 457 318 858 543 986 848 666 74 989 248 774 707 673 656 662 903 809 745 276 678 295 911 889 874 9 846 656 
25
467 331 745 649 743 502 531 549 508 285 922 976 396 428 557 148 318 326 993 227 601 839 165 928 107 141 187 293 409 651 865 867 800 772 401 891 685 800 325 858 850 367 209 372 370 369 872 807 896 4 12 537 879 114 44 629 403 238 178 37 36 821 592 139 789 99 361 191 929 142 206 531 450 469 41 514 571 930 156 951 912 452 294 872 123 786 948 542 860 755 527 627 445 746 377 107 336 37 451 90 
32
543 411 618 951 123 226 754 683 990 722 186 90 832 277 888 444 833 633 876 84 272 179 111 103 71 765 322 279 495 54 544 581 44 866 333 269 829 926 776 711 719 764 87 81 803 237 43 739 13 631 345 250 755 896 682 206 328 22 411 921 396 399 992 374 244 738 598 719 289 552 608 228 606 689 365 11 639 372 225 370 776 675 775 439 254 62 69 188 659 882 988 612 505 479 467 942 966 23 286 107 666 527 792 678 887 663 205 161 789 3 316 705 885 240 760 873 38 939 310 211 546 244 679 900 636 365 349 664 
9
167 51 237 368 531 636 684 22 50 519 583 976 853 650 227 690 916 819 774 895 472 799 257 127 277 276 444 139 295 968 380 39 92 230 441 858 
7
608 701 236 836 81 218 101 191 586 862 742 157 742 980 493 868 148 154 873 692 248 785 774 303 539 668 577 418 
22
662 788 617 252 766 339 262 477 665 58 435 511 17 147 977 532 183 787 702 295 725 555 52 319 710 571 21 108 838 845 439 231 548 723 517 67 16 742 172 711 604 205 309 786 325 206 775 736 986 270 844 896 550 561 668 769 932 530 958 439 111 498 656 781 257 29 41 859 562 913 82 169 745 287 81 359 839 849 428 725 686 9 524 226 725 516 339 966 
32
37 597 346 357 872 215 531 602 663 172 874 395 185 269 971 549 588 348 420 865 147 402 371 294 714 693 691 652 858 287 641 768 568 120 877 788 701 457 439 161 475 667 116 214 406 342 632 464 628 55 500 4 837 731 365 657 168 137 469 326 525 730 827 488 63 707 84 971 245 862 319 32 924 178 895 838 713 126 506 406 865 661 981 178 675 675 708 110 794 67 754 712 622 12 575 566 765 317 763 924 957 4 656 240 100 606 363 605 728 145 277 461 806 747 537 434 181 34 196 816 24 47 651 582 402 479 771 913 
19
618 309 505 723 587 815 556 640 572 455 764 745 734 916 215 924 592 366 781 770 305 874 936 732 441 672 863 592 352 192 754 585 952 501 97 74 748 588 618 465 377 466 161 523 213 637 52 620 945 46 172 126 956 399 242 134 493 72 635 894 903 337 443 566 384 288 499 198 386 21 803 958 323 754 597 792 
8
371 265 239 745 542 972 993 352 859 797 946 605 35 727 244 400 468 959 943 693 687 864 206 572 9 973 623 862 698 769 84 318 
27
549 59 605 978 489 154 1 995 68 18 30 566 560 716 946 815 433 829 398 285 249 425 506 329 523 886 75 895 629 78 698 56 788 558 444 45 112 149 800 960 736 892 667 850 152 219 32 123 696 237 75 379 432 865 306 379 780 376 282 382 152 38 975 440 558 771 361 189 283 314 291 535 979 232 53 746 674 137 852 992 571 273 939 924 251 356 127 403 402 616 59 299 384 36 185 271 606 329 298 972 73 567 288 126 471 573 250 502 
25
856 891 927 67 940 619 108 249 619 161 60 569 51 562 930 329 359 897 470 110 734 262 371 237 136 642 723 734 884 821 323 508 926 425 274 258 838 661 312 5 80 409 453 22 529 357 676 121 597 634 466 267 675 477 714 405 826 697 863 872 560 990 939 999 994 92 602 683 356 153 623 693 946 961 138 496 287 607 556 692 617 570 967 617 1 535 305 836 884 553 446 495 189 103 444 995 348 129 251 767 
9
3 248 217 440 667 286 80 480 224 304 885 615 167 200 208 987 442 104 746 176 696 871 521 965 794 44 901 887 314 155 709 545 364 50 671 23 
38
757 514 688 932 987 513 459 754 365 956 256 13 125 247 829 127 843 339 801 663 760 969 571 814 511 842 775 112 537 748 899 458 715 149 696 765 852 161 214 144 594 245 605 587 34 545 1 719 976 999 557 82 698 515 154 80 334 978 209 67 154 112 878 537 465 217 852 761 820 261 743 109 865 84 503 236 963 412 41 698 150 736 735 610 732 468 433 803 999 94 14 399 768 558 200 946 15 698 771 253 502 611 273 881 239 159 29 870 790 844 307 658 108 40 851 936 575 795 63 82 319 771 158 17 6 187 791 142 302 769 87 173 27 811 399 318 546 129 134 910 464 777 662 501 553 563 247 588 196 417 132 648 
9
858 834 35 598 332 822 722 195 117 935 788 459 663 888 488 473 302 150 403 587 171 328 702 354 470 495 79 926 379 76 266 826 361 162 412 314 
30
92 917 579 63 324 134 626 32 908 422 929 173 880 378 996 205 470 177 83 670 2 69 371 950 357 637 462 411 715 285 667 890 107 652 712 104 585 179 951 839 981 723 709 132 798 11 568 16 971 199 885 414 627 571 257 614 324 846 215 769 753 656 755 961 677 173 35 427 43 852 799 276 736 915 554 471 533 543 39 536 713 271 741 616 618 734 668 637 983 11 618 672 236 248 125 437 411 67 112 828 931 611 790 152 972 784 616 851 638 772 146 310 588 27 108 539 156 881 11 645 
28
3 273 761 87 60 541 524 191 199 528 397 636 23 18 3 524 529 636 312 481 452 662 53 656 617 495 796 520 57 58 502 321 46 376 576 118 543 463 760 778 650 329 336 72 286 475 803 660 86 568 958 244 398 116 743 103 709 34 372 682 345 900 975 253 214 373 486 816 401 889 397 143 846 189 517 167 245 270 118 738 422 437 941 10 176 705 877 459 690 701 603 430 559 247 902 412 679 647 621 636 968 83 225 532 919 641 317 314 524 666 51 766 
25
951 462 264 811 847 781 510 26 546 886 423 3 363 916 11 613 190 399 4 281 484 561 848 135 690 571 831 317 594 938 116 55 819 420 224 957 963 543 829 247 827 178 424 910 695 810 752 131 916 374 738 749 121 878 360 729 360 999 663 577 451 60 155 632 326 685 39 31 239 639 129 188 425 627 254 87 986 15 719 292 27 326 833 161 104 749 448 266 861 11 670 952 536 879 256 1 106 926 18 354 
8
138 971 695 292 144 351 154 719 327 15 478 641 636 153 428 883 376 840 863 777 302 54 508 280 631 778 602 103 669 39 59 299 
33
731 412 823 638 415 655 676 496 361 538 863 329 975 64 651 599 673 547 462 681 939 224 967 566 610 167 923 119 997 648 735 352 198 142 67 119 814 510 772 595 681 302 69 10 225 327 144 619 73 822 358 942 257 776 300 701 316 862 135 181 719 843 960 171 80 757 434 606 100 141 391 429 641 140 11 184 747 648 670 46 358 366 256 304 652 890 14 843 914 560 331 150 845 972 298 49 332 90 943 559 338 628 922 183 141 327 663 850 544 994 469 705 828 137 763 132 6 36 248 577 911 479 781 541 657 814 240 279 553 211 986 373 
28
582 561 18 623 352 505 977 467 94 557 868 28 558 759 133 88 989 317 120 924 878 462 416 922 182 611 280 896 792 670 834 852 967 958 674 110 611 632 566 635 636 786 576 693 31 132 629 327 46 820 648 949 415 196 686 400 188 8 271 433 263 604 90 562 600 601 90 288 70 468 887 98 445 913 355 142 433 75 489 266 375 349 502 978 468 755 673 875 266 185 767 317 651 512 25 603 492 565 267 945 618 494 963 156 479 201 115 446 520 513 970 138 
39
930 447 966 594 776 243 302 677 909 918 675 892 28 192 36 89 648 966 607 519 238 892 441 688 514 766 92 666 594 423 140 706 661 819 1 124 556 263 745 823 195 333 619 718 528 901 903 371 280 453 72 770 706 26 181 555 160 203 764 457 508 516 990 551 328 742 754 679 108 136 455 578 667 448 701 787 378 849 412 111 220 843 370 247 696 423 601 292 449 850 628 971 231 805 363 528 484 973 87 55 459 687 259 349 817 405 768 19 84 61 420 872 230 716 996 895 703 668 262 165 443 267 919 246 109 858 933 630 266 208 472 48 296 817 118 586 64 412 623 498 317 747 595 162 134 277 480 312 988 339 5 106 84 615 909 939 
41
313 816 546 965 227 80 413 196 117 226 734 247 990 902 736 258 657 513 42 640 452 72 894 930 659 310 23 223 185 854 272 869 355 427 958 625 267 415 102 799 139 845 285 750 641 209 170 9 738 924 548 521 720 203 389 153 201 82 805 642 991 259 985 777 739 746 421 377 71 957 432 763 227 11 165 646 537 173 877 665 141 35 221 659 507 88 965 289 196 306 113 503 981 668 451 232 171 109 695 721 807 984 721 874 136 196 743 155 818 483 393 30 469 731 282 592 108 325 651 380 774 754 486 731 300 537 289 124 434 712 537 350 914 576 355 851 48 284 194 134 787 533 116 494 676 121 42 809 8 903 790 269 218 713 602 536 893 990 325 125 450 540 600 407 
24
731 187 376 68 690 500 580 528 85 62 477 615 714 482 108 98 787 506 590 763 105 183 156 896 247 850 590 538 303 418 984 219 566 519 907 106 863 82 246 111 159 628 493 882 993 776 430 833 696 13 3 2 998 701 821 970 790 763 13 896 79 148 390 339 394 266 347 906 982 486 656 59 939 402 755 266 823 959 9 230 511 361 936 634 978 68 852 866 173 713 551 180 485 995 758 121 
38
327 798 194 509 243 23 157 256 66 901 40 951 266 567 852 220 637 226 922 37 133 694 729 910 107 465 756 287 688 171 288 229 642 207 999 578 304 271 52 422 551 717 843 593 254 394 418 229 553 520 542 537 427 945 79 151 992 831 197 626 286 568 371 270 952 491 493 390 306 376 4 69 238 250 905 884 137 885 716 463 77 585 678 518 324 50 291 754 702 51 547 407 299 788 820 749 373 2 905 544 959 211 68 876 438 518 811 678 704 761 222 520 892 457 477 278 960 404 169 692 995 530 469 775 683 128 707 327 584 854 476 314 384 786 658 600 517 659 406 184 91 800 493 680 951 725 509 897 25 833 938 219 
29
115 395 775 163 674 575 548 743 608 420 345 545 497 676 655 794 111 547 717 836 891 534 652 195 3 66 688 169 325 992 707 902 212 745 424 85 354 834 353 13 971 760 745 173 248 786 174 956 14 581 751 281 365 275 502 281 6 561 920 372 152 257 707 413 121 28 918 59 315 704 330 159 921 292 617 450 810 699 213 448 388 492 245 600 404 392 99 704 191 991 313 143 764 179 760 632 268 661 935 471 309 551 729 799 657 120 546 348 831 744 976 256 132 915 419 323 
33
883 166 276 605 396 560 267 704 678 34 244 780 700 181 828 968 855 675 808 92 935 716 607 189 879 1 202 556 768 258 369 996 803 622 244 455 605 318 336 678 577 585 497 106 145 563 599 159 801 21 522 746 184 397 534 24 284 320 398 77 770 274 243 627 515 117 540 762 361 787 740 446 551 798 916 566 179 233 993 877 710 860 155 251 57 516 459 240 933 798 331 563 979 822 673 706 924 739 229 862 547 641 932 983 216 473 801 399 606 835 576 11 664 976 889 294 260 593 862 112 851 660 698 739 846 258 901 275 31 344 972 968 
26
94 661 505 884 661 893 233 272 927 41 221 431 217 559 709 426 551 274 74 636 636 211 884 681 587 349 585 183 764 800 832 367 930 274 202 957 586 5 921 304 823 179 632 410 510 256 297 691 344 383 464 370 193 458 490 859 465 571 610 992 168 291 479 329 721 969 594 461 592 957 618 824 930 365 999 816 213 404 849 878 736 357 138 977 500 324 26 978 320 846 505 374 996 53 810 723 678 291 6 354 256 999 293 833 
8
625 969 124 31 705 474 416 543 280 491 210 395 792 863 21 491 824 830 81 538 216 226 52 512 169 123 947 342 111 106 775 77 
9
380 971 230 725 564 502 942 218 621 139 800 819 526 410 515 147 139 631 808 385 417 543 893 576 614 60 430 195 291 712 526 68 261 632 485 401 
36
146 400 282 463 222 811 971 522 461 847 172 251 116 575 406 981 353 998 845 938 936 638 70 428 288 988 551 619 566 144 468 157 113 276 781 141 509 224 783 560 505 525 952 614 385 345 948 558 660 246 522 687 249 640 462 561 718 661 725 6 76 9 66 81 171 715 832 668 550 182 380 639 467 264 847 270 944 992 547 134 949 982 685 123 397 109 845 649 309 353 52 882 958 332 517 526 109 568 4 378 364 61 440 109 416 276 352 143 733 128 70 871 41 693 382 742 587 484 20 540 228 772 134 238 507 106 86 799 930 650 695 600 868 347 956 371 543 781 683 694 483 931 782 447 
27
398 237 244 188 523 69 965 671 535 677 514 995 614 999 491 308 551 703 462 980 608 793 892 552 784 552 456 347 328 805 103 212 452 947 209 801 395 584 704 83 625 801 363 350 351 522 587 202 334 372 258 535 850 345 268 153 14 319 660 369 937 759 458 276 945 462 305 850 50 343 911 100 994 373 252 117 656 109 60 22 588 585 104 208 391 588 533 256 918 227 348 718 955 81 723 918 479 571 830 242 936 979 975 177 850 845 861 626 
34
759 833 120 218 181 231 582 268 436 7 241 956 326 454 758 528 323 333 649 562 232 83 702 91 920 808 952 558 2 203 776 500 965 107 56 720 537 244 488 859 991 861 223 484 367 860 782 571 684 539 176 543 588 314 140 668 496 635 806 439 279 250 690 578 10 938 750 494 856 944 248 433 19 239 779 541 209 449 228 302 890 278 644 394 865 692 113 61 507 534 129 600 622 34 416 774 112 647 476 139 931 778 658 445 97 788 540 101 561 116 322 901 111 103 745 304 486 990 570 141 388 32 82 646 325 109 87 691 554 223 42 983 577 975 140 735 
8
417 240 339 152 617 170 298 112 746 842 800 987 780 903 832 530 417 254 43 71 181 755 954 168 310 493 902 291 845 349 332 226 
36
723 846 159 596 403 694 851 186 148 393 259 122 82 459 524 141 420 472 561 49 183 654 242 522 903 609 877 483 82 761 634 217 76 651 706 329 726 61 788 2 558 327 948 716 244 350 248 458 328 206 25 547 84 368 865 337 420 826 23 933 550 738 335 364 555 86 484 178 853 844 868 356 449 144 989 871 500 239 364 711 45 582 604 233 539 943 437 214 872 273 480 318 413 227 986 782 322 465 836 68 101 409 766 972 179 862 995 79 138 468 512 949 340 709 637 520 434 575 815 87 466 896 647 98 739 426 876 986 371 507 665 23 251 804 405 83 566 54 633 236 989 847 723 254 
11
923 581 832 122 314 25 6 416 668 237 357 25 61 199 299 980 276 944 352 689 660 940 477 293 112 344 746 186 10 379 684 629 572 954 874 905 843 290 390 950 827 362 537 5 
42
65 253 241 460 651 563 347 972 536 168 75 698 856 98 187 271 211 961 150 456 59 91 670 649 756 909 137 771 785 372 849 778 238 137 911 144 531 587 344 689 180 531 699 327 732 643 473 972 263 689 181 501 50 269 274 650 578 486 470 912 327 624 162 51 636 68 977 224 905 909 972 773 987 406 987 125 320 564 338 656 877 681 835 63 648 252 953 373 147 241 597 734 324 318 466 628 513 446 437 571 323 312 566 659 216 146 650 815 483 368 241 482 280 434 780 817 702 855 962 893 178 3 658 655 502 548 645 683 698 451 313 151 918 859 868 24 833 467 149 632 257 72 419 824 101 973 669 219 405 864 423 993 884 269 830 35 461 113 258 839 737 394 266 242 385 280 257 235 
32
242 444 873 8 935 930 178 229 985 105 918 994 959 261 971 985 185 455 504 966 798 894 871 643 119 624 11 81 192 622 932 94 233 383 619 66 911 106 765 831 326 939 794 213 712 279 608 241 710 501 221 91 488 691 594 766 986 591 585 190 531 399 139 255 186 805 368 856 678 309 422 40 483 754 964 263 375 285 706 384 415 90 905 32 184 618 988 253 40 584 318 844 173 673 716 643 512 248 455 399 413 7 140 321 687 724 133 374 724 710 462 80 345 321 134 761 194 660 613 99 486 281 862 694 595 141 357 961 
11
106 72 670 351 465 969 44 466 233 957 390 613 600 305 88 34 182 981 42 927 962 957 53 525 470 127 637 396 20 132 876 561 340 10 975 635 289 822 149 213 759 280 860 146 
32
827 564 236 156 45 294 659 961 866 951 249 13 816 516 217 593 144 275 323 764 950 311 143 703 812 669 626 890 5 891 74 39 833 15 886 101 484 749 773 534 916 561 326 617 647 895 430 433 528 267 404 471 325 826 444 107 88 879 193 815 683 481 699 510 67 274 392 3 696 380 692 200 346 689 934 372 213 884 412 101 671 604 483 482 907 887 896 645 199 234 75 184 948 434 15 61 924 373 952 171 252 672 919 25 938 5 332 306 272 782 65 351 675 657 351 943 387 957 842 966 584 123 942 648 593 992 292 600 
25
474 578 130 585 657 114 457 18 295 827 69 267 139 795 313 2 594 158 732 61 339 529 181 734 845 686 269 207 610 103 990 186 307 77 151 99 46 151 779 770 66 755 836 442 846 887 592 825 387 297 31 501 881 271 989 97 259 578 756 257 672 203 981 615 840 308 168 372 376 64 551 368 765 163 643 88 452 531 152 403 533 27 267 650 192 592 71 231 132 506 911 67 715 7 470 660 238 303 774 946 
30
909 347 904 390 786 214 329 676 466 235 317 199 506 446 472 435 549 609 917 358 563 350 411 567 454 137 167 76 596 464 167 97 660 270 19 400 600 423 949 56 721 988 466 529 448 586 399 997 312 625 881 43 198 491 986 969 938 710 683 140 391 938 903 370 632 444 237 35 543 476 217 850 568 2 748 923 762 791 23 847 52 397 980 877 583 746 963 451 197 722 681 252 948 120 984 749 204 875 125 610 58 37 139 379 978 221 554 503 506 173 81 539 215 894 932 863 846 56 626 389 
28
29 156 987 505 668 344 700 769 762 749 135 697 204 37 132 91 731 382 284 29 482 432 991 422 118 527 262 69 630 238 178 54 462 415 795 455 424 273 388 876 242 495 320 630 188 490 944 550 356 780 670 702 940 313 55 767 561 830 977 242 498 855 119 365 980 812 793 187 259 806 998 254 58 627 921 361 92 585 431 496 46 331 585 788 302 783 17 570 799 335 688 118 228 283 106 668 556 743 335 375 319 722 938 926 377 951 697 510 593 176 619 823 
23
765 926 372 56 340 112 768 465 629 226 572 591 953 388 344 183 393 894 230 604 401 893 844 200 533 477 711 601 726 783 680 250 502 514 616 233 608 655 164 934 753 534 700 368 476 630 595 609 445 486 673 617 786 379 483 440 772 886 988 172 855 484 712 254 20 120 460 233 878 564 834 79 243 784 974 496 624 52 384 930 523 515 656 910 822 404 911 40 224 51 662 96 
38
438 356 504 546 427 100 971 673 392 222 264 216 958 400 404 102 453 373 305 310 715 336 187 448 734 442 85 920 324 309 190 975 186 266 225 601 311 591 345 556 898 209 452 557 400 864 237 604 594 670 771 266 892 98 281 949 717 549 618 697 544 45 285 177 154 434 743 709 576 604 920 832 275 909 627 275 794 138 707 2 334 750 857 706 705 553 317 277 473 599 799 461 693 318 978 238 253 637 526 307 535 80 809 225 68 501 931 304 458 314 798 381 786 893 22 648 555 198 109 824 930 563 101 328 251 170 413 540 290 676 921 453 385 784 540 395 313 724 141 304 457 759 407 511 238 886 529 850 663 4 780 976 
22
315 336 988 963 434 844 462 662 339 241 268 572 646 90 310 939 698 792 760 298 497 198 967 779 364 382 718 305 217 59 999 521 677 986 970 471 871 971 603 263 572 817 439 286 827 627 630 837 577 99 504 488 190 594 459 391 220 543 764 462 52 626 268 758 1 207 503 754 174 758 625 223 668 801 450 225 362 412 798 291 746 714 22 997 845 654 884 69 
24
479 382 813 30 819 351 758 56 545 26 518 568 672 180 174 816 750 495 619 12 602 190 760 76 737 30 11 315 835 104 881 148 376 474 82 744 217 801 587 373 984 730 894 621 71 160 366 366 286 754 432 714 240 283 912 647 110 977 390 63 550 327 877 354 637 87 65 289 352 509 384 295 48 60 312 323 3 620 843 31 522 306 728 990 205 650 179 655 879 140 163 967 480 171 253 747 
49
794 351 368 211 814 693 500 596 873 751 512 322 940 808 347 33 538 861 984 929 652 262 727 274 146 209 39 322 751 198 795 391 731 237 160 382 316 415 374 259 897 177 391 974 524 496 522 577 582 849 388 375 380 624 442 165 537 93 903 452 905 534 690 937 703 807 493 454 440 776 310 524 405 901 546 287 232 446 462 844 110 66 256 250 825 48 717 731 687 245 960 889 250 722 262 364 58 68 668 158 225 556 483 810 878 652 646 258 821 723 498 315 886 352 968 527 945 374 692 897 66 87 951 89 441 287 278 375 636 323 794 41 611 900 973 285 56 12 777 703 945 857 944 726 414 571 312 576 628 71 978 995 787 811 421 96 363 987 156 713 337 218 230 887 623 638 841 804 838 423 140 870 411 731 960 706 319 604 725 997 979 877 221 445 7 619 97 752 761 219 630 954 179 882 140 492 
15
268 425 371 43 956 800 453 948 970 815 928 798 810 370 707 651 189 502 154 549 467 693 674 205 859 961 903 795 24 681 15 388 227 464 582 147 454 43 332 260 133 872 680 724 651 784 570 731 686 429 333 894 836 471 139 322 247 698 390 430 
2
508 17 986 638 474 913 748 778 
21
695 596 541 379 249 582 192 507 287 81 507 924 180 684 683 674 316 995 760 538 76 75 77 27 994 994 309 996 102 995 917 879 423 199 514 330 841 730 874 488 725 269 24 733 356 951 824 39 187 536 17 857 670 595 771 589 785 402 101 714 599 176 852 79 404 579 506 860 559 238 713 685 741 963 729 57 695 24 266 167 912 790 976 203 
43
114 621 307 675 915 349 563 400 279 524 490 647 632 238 173 608 682 394 238 833 425 742 742 409 363 52 474 155 150 383 214 222 140 545 31 359 745 192 789 685 468 183 478 805 427 446 919 983 823 42 984 378 109 160 703 471 969 781 431 732 898 697 605 268 405 228 891 52 876 710 658 611 973 375 227 915 697 972 902 272 476 132 466 333 227 394 851 589 689 969 792 601 202 820 543 11 663 335 315 123 500 454 579 86 642 852 137 42 769 217 230 407 333 297 481 779 117 633 583 589 212 102 733 55 276 627 152 470 829 473 470 989 719 146 216 112 427 877 170 143 901 919 631 312 953 500 646 675 250 592 986 810 77 647 361 495 442 15 883 26 8 245 188 645 329 602 205 485 929 155 263 181 
7
741 968 582 874 95 352 244 380 833 407 636 314 100 996 726 644 932 380 773 445 801 929 914 144 470 285 241 190 
1
735 333 139 650 
12
959 353 95 352 794 633 997 891 984 345 765 778 68 335 171 145 881 789 495 82 774 142 917 831 70 797 342 301 731 152 228 812 530 296 615 606 202 742 183 64 522 782 228 134 763 347 75 821 
16
839 159 944 404 152 583 419 106 721 914 782 438 508 844 314 118 217 129 182 467 682 443 543 859 874 85 831 197 367 282 59 540 919 793 451 326 26 158 514 242 175 847 774 566 139 567 813 644 971 706 415 103 624 753 598 683 321 759 535 853 247 892 911 890 
25
814 26 315 690 831 456 744 725 633 175 34 628 277 596 681 19 881 696 43 722 764 766 709 84 27 58 389 906 554 963 779 869 449 194 143 974 883 75 966 993 96 503 880 916 112 693 690 742 722 302 615 564 539 281 897 331 728 613 207 845 500 174 901 990 108 317 72 770 525 988 914 872 419 323 607 816 932 110 472 379 739 901 120 117 331 734 619 825 996 103 925 118 804 896 275 409 604 365 230 192 
19
581 205 237 738 591 279 715 506 386 650 557 211 446 618 644 287 668 963 724 144 653 267 657 563 992 595 744 87 640 597 879 851 741 293 279 258 853 771 675 922 459 147 127 491 93 96 349 512 856 983 464 17 122 446 647 357 680 880 857 713 936 914 497 316 119 875 970 280 189 766 221 622 151 562 845 697 
9
271 367 9 168 949 63 669 154 738 881 634 665 609 656 575 909 859 609 943 849 464 873 378 521 148 820 8 871 755 105 425 381 993 27 581 99 
17
227 473 623 731 355 57 501 494 57 183 940 175 30 175 328 570 284 686 814 839 859 169 850 946 242 525 68 821 158 518 419 460 937 953 219 910 764 856 73 190 292 618 932 977 678 530 228 489 736 335 357 621 706 506 716 984 627 607 467 397 587 141 514 384 614 320 900 270 
31
634 294 63 903 399 546 844 898 604 685 697 661 393 886 565 411 69 545 333 61 97 288 934 376 865 867 152 70 718 413 136 505 899 426 248 124 447 142 406 813 829 227 767 118 872 46 868 848 495 801 694 938 693 211 106 803 172 888 712 169 484 954 569 820 908 727 226 224 887 677 487 468 956 630 355 78 729 191 972 616 469 544 928 391 923 647 259 189 381 662 193 314 518 983 274 789 957 101 471 583 925 854 663 899 29 51 183 872 547 499 419 193 664 432 306 131 12 407 571 849 801 860 710 580 
19
537 837 741 117 556 960 988 924 385 124 716 914 831 54 139 20 407 139 579 251 976 971 700 223 406 589 699 323 487 69 875 611 134 277 722 18 896 506 549 288 407 472 737 313 934 353 33 547 369 4 783 888 969 761 631 644 6 399 849 299 404 742 387 26 430 660 320 158 168 836 395 882 967 325 12 381 
13
110 606 636 415 341 494 690 75 819 26 687 259 297 773 42 867 939 801 333 585 911 17 949 645 127 654 35 856 635 838 511 19 295 615 110 418 147 592 18 829 160 764 416 52 482 868 937 614 300 303 156 412 
39
853 973 348 573 571 133 168 332 840 553 998 869 59 451 210 729 617 634 156 434 174 626 17 502 830 791 237 196 894 379 450 974 199 928 419 527 880 611 850 366 402 835 191 741 565 358 630 918 345 12 540 406 126 722 559 894 128 57 168 620 181 807 825 582 468 273 621 893 530 381 525 808 628 802 124 850 487 717 362 634 800 578 140 751 119 479 476 591 172 456 889 618 381 354 255 615 776 547 570 283 121 234 731 821 323 259 888 396 338 729 112 513 954 187 304 571 776 298 469 22 153 786 918 965 966 458 391 667 618 163 433 600 153 279 432 278 956 161 106 799 840 705 333 844 231 450 472 681 975 521 504 404 996 212 832 130 
25
914 310 625 71 777 587 659 43 718 703 641 663 595 416 642 314 844 137 329 645 690 976 505 193 220 940 962 304 636 603 183 220 198 779 414 51 643 890 898 208 502 418 87 708 881 95 475 45 686 520 277 6 181 766 750 253 278 213 421 365 654 277 606 42 187 386 795 737 202 175 241 374 897 487 271 876 33 532 25 138 346 950 214 75 177 597 236 230 699 472 687 238 587 49 789 488 783 953 714 392 
13
906 464 304 831 767 295 495 506 778 335 53 737 193 37 906 256 529 161 611 118 556 350 229 372 718 953 591 31 942 385 41 610 193 64 893 56 125 240 918 679 334 867 700 949 540 574 782 998 429 247 957 937 
11
608 506 950 545 531 147 979 461 765 10 864 823 55 830 782 554 409 515 420 588 630 84 616 241 514 397 81 51 881 594 626 221 561 824 113 490 632 764 352 506 946 188 280 124 
13
744 101 952 847 379 141 828 928 836 912 375 975 715 49 840 57 431 353 914 186 126 921 202 163 223 772 437 227 889 298 296 316 804 629 381 150 456 487 129 934 853 212 71 555 663 57 833 158 434 548 21 95 
52
934 349 377 487 133 764 725 944 857 794 90 840 110 637 555 394 72 727 225 620 436 880 674 926 446 915 687 930 164 194 481 793 87 173 622 637 781 927 600 496 90 50 987 484 320 543 709 495 949 628 933 549 321 535 974 560 879 222 591 44 689 533 394 693 528 483 234 727 978 743 19 580 552 648 886 885 338 700 495 595 529 193 343 507 921 43 706 323 277 6 851 637 421 480 636 912 266 986 534 22 573 157 613 135 43 457 187 892 347 347 985 619 492 551 95 616 216 273 584 803 205 586 919 10 950 486 492 721 145 503 39 455 470 974 755 986 698 323 233 338 488 800 35 269 692 652 682 315 39 942 703 398 949 292 339 657 411 234 236 980 395 895 489 624 110 990 919 933 498 62 105 505 517 120 913 696 647 613 203 373 649 361 857 155 496 608 667 783 55 972 665 308 602 380 487 26 369 474 176 788 139 90 127 526 474 301 917 176 
5
402 387 192 407 25 810 440 68 707 664 943 653 237 297 565 331 471 244 660 814 
26
612 746 837 698 431 354 399 119 394 762 641 429 720 90 397 176 835 214 561 47 22 423 71 629 683 658 607 328 398 401 869 395 538 494 813 314 718 102 671 643 982 938 586 257 100 745 999 729 49 109 642 470 817 169 120 448 923 988 670 144 410 314 505 833 399 237 587 989 485 223 148 820 87 968 927 590 666 226 100 136 30 516 13 632 323 587 599 555 581 316 534 650 114 50 910 335 902 382 393 105 158 679 156 377 
42
344 399 247 701 163 398 365 808 440 603 471 419 254 694 398 673 471 943 638 315 890 270 541 243 629 60 452 696 919 234 874 816 616 176 410 444 378 431 782 25 435 871 786 886 210 270 479 390 480 459 281 797 520 384 958 779 974 618 433 536 522 655 707 945 175 303 607 548 606 795 236 196 734 290 958 463 623 720 402 842 131 178 969 761 32 25 39 375 748 666 221 902 486 494 853 793 158 187 721 819 786 952 271 625 995 169 327 775 409 32 760 131 877 937 792 372 414 634 868 587 540 290 889 729 937 651 979 849 117 58 755 142 401 956 651 713 845 747 453 968 458 828 920 519 343 558 252 282 470 457 596 78 277 179 428 345 740 703 240 623 469 25 971 286 345 266 765 411 
5
976 763 980 887 85 521 252 635 368 387 316 163 627 112 761 327 80 469 401 198 
6
939 84 205 189 206 704 200 348 646 920 643 683 706 926 94 522 728 747 358 89 531 334 292 760 
33
641 198 509 122 982 770 168 733 677 664 274 117 379 305 755 872 22 817 765 103 150 361 529 195 844 982 909 406 997 358 92 537 504 810 706 285 829 66 270 329 165 844 197 257 43 572 572 331 965 389 14 836 803 115 758 961 449 169 890 545 596 336 636 38 935 471 466 226 153 731 798 635 374 347 113 432 597 341 383 254 226 923 477 588 5 690 938 875 916 709 916 215 625 85 836 592 63 908 410 458 852 883 539 195 977 530 115 94 311 665 14 299 983 453 989 735 407 23 953 643 843 986 484 906 282 343 361 496 400 666 912 706 
44
520 709 366 572 533 130 448 574 191 446 331 313 750 946 157 503 568 885 177 724 643 75 244 929 144 291 39 480 982 935 724 355 325 5 691 192 313 696 490 236 150 161 621 390 323 811 355 374 534 715 177 239 896 932 109 292 730 310 533 144 358 119 478 442 691 263 390 541 969 489 468 966 760 357 183 184 73 973 102 626 818 94 97 526 654 149 706 614 70 446 190 776 625 807 472 764 246 126 906 284 950 924 441 779 759 125 35 387 733 75 968 360 25 443 239 865 993 221 413 289 254 610 731 900 548 341 547 819 554 429 968 579 662 30 732 64 846 60 784 609 176 261 194 469 692 431 434 574 796 939 438 80 837 465 402 372 297 158 885 538 941 451 276 749 604 233 779 829 515 799 693 960 255 130 586 589 
37
131 788 829 868 982 515 355 931 311 116 408 587 21 690 975 500 952 205 613 698 594 562 392 532 825 700 167 981 634 622 684 432 14 326 393 114 392 713 751 989 969 342 709 404 657 967 602 266 993 987 42 989 227 530 141 695 602 236 328 825 740 317 59 244 977 243 122 195 686 378 414 489 784 907 784 366 15 755 705 454 511 367 607 500 257 67 801 545 968 269 444 317 170 621 265 61 286 702 915 132 524 577 440 680 68 979 563 323 849 179 783 394 359 344 278 411 203 722 88 488 819 177 452 828 794 154 806 202 967 955 381 103 981 639 959 426 126 362 201 198 163 963 341 377 701 830 4 115 
38
55 510 723 907 251 773 443 747 201 281 232 873 612 348 900 749 570 101 987 525 334 722 94 334 69 602 480 755 785 472 536 606 585 484 149 767 801 645 793 796 223 956 935 672 805 667 613 189 342 64 321 985 707 864 643 310 897 932 396 755 878 828 66 747 599 683 403 747 183 124 54 287 144 912 673 881 942 205 298 246 676 227 561 743 369 792 605 4 835 479 995 96 490 97 857 960 782 718 516 410 288 741 719 713 686 800 507 725 768 424 142 433 927 242 739 222 788 992 336 621 683 654 548 945 67 999 848 863 606 640 674 405 750 148 721 620 188 143 97 414 567 595 79 977 474 307 854 485 401 682 812 856 
27
115 985 868 197 827 557 492 878 82 398 732 378 879 111 910 911 172 213 926 467 163 201 497 260 364 937 43 505 187 350 486 472 75 505 345 568 908 351 142 168 510 814 304 44 387 310 701 368 474 945 122 332 816 879 919 312 572 308 520 788 371 238 49 880 608 507 61 993 523 449 907 69 462 561 509 569 922 864 374 934 980 486 938 966 870 860 550 510 194 783 412 308 693 454 989 19 966 701 848 908 753 241 919 276 230 423 250 522 
45
340 643 877 780 690 280 608 112 882 210 794 172 638 118 551 631 353 828 443 332 265 602 488 60 638 554 709 610 962 48 684 618 514 883 540 966 158 683 223 532 450 297 106 17 232 98 727 833 696 42 16 77 199 871 280 436 525 396 332 840 994 260 293 442 819 255 837 153 970 45 99 808 688 452 574 920 242 125 607 557 334 331 337 658 754 898 250 637 478 685 908 86 520 304 113 284 485 686 215 237 381 962 469 396 267 696 632 994 515 131 508 893 343 796 906 996 477 173 854 392 883 494 600 838 33 891 587 300 708 91 308 713 478 869 94 23 357 25 102 606 543 38 519 383 945 802 903 4 787 55 962 450 861 62 808 505 419 537 600 241 47 161 541 628 129 570 17 809 818 519 474 173 684 214 356 885 435 595 650 834 
5
132 32 103 248 306 591 810 809 303 90 596 291 12 561 342 602 949 419 649 194 
15
22 727 320 694 773 930 168 168 230 628 563 42 14 709 995 878 279 135 420 775 178 45 701 74 858 924 371 302 127 370 14 432 639 540 698 865 409 721 470 226 763 245 576 8 684 923 626 825 661 989 923 505 932 620 426 734 344 546 650 719 
8
696 38 261 529 790 842 441 981 590 373 76 275 442 567 47 204 344 606 20 955 461 732 805 863 849 876 85 679 947 258 173 362 
16
668 407 45 547 280 310 613 7 797 334 793 161 4 401 599 530 625 408 78 387 101 522 489 921 321 583 103 813 142 361 296 204 852 466 423 861 839 674 735 226 69 995 39 380 3 860 687 659 767 892 937 495 234 823 475 79 104 30 687 361 819 347 802 488 
12
644 837 651 115 376 732 508 354 637 403 447 858 693 173 410 992 120 445 770 502 676 196 273 210 409 454 608 739 878 186 777 91 980 795 832 327 69 611 477 650 943 684 503 406 327 787 414 659 
1
947 314 423 975 
16
12 832 951 780 752 776 247 100 266 25 45 694 454 529 810 808 108 275 762 827 72 267 755 136 334 695 300 762 396 723 528 540 633 533 38 891 746 120 133 820 46 21 668 351 577 731 654 153 927 786 657 116 278 208 650 850 960 616 781 54 611 650 567 526 
53
976 388 371 557 932 354 993 9 144 519 582 328 457 529 520 297 629 745 25 193 824 78 446 856 669 106 907 381 341 354 542 285 313 166 676 677 642 436 300 387 589 191 868 253 797 332 215 360 794 702 207 828 887 172 577 373 155 857 412 779 514 150 721 487 574 460 182 182 431 635 20 417 112 375 715 804 868 988 98 220 825 11 83 548 245 716 785 408 563 156 224 740 686 173 925 405 532 527 215 542 705 988 944 839 48 97 635 719 675 748 289 341 423 280 456 678 32 705 300 725 330 342 196 158 252 800 773 172 609 439 767 694 74 991 794 22 784 480 435 396 262 964 26 842 949 455 852 277 688 901 477 494 241 922 856 545 157 85 79 187 420 793 266 828 792 144 282 737 40 411 944 23 570 694 577 928 56 587 339 937 666 854 704 896 329 574 468 697 71 310 697 550 726 206 270 131 109 813 444 229 873 594 345 820 996 343 860 450 547 161 265 828 
48
444 198 412 589 639 94 223 851 321 63 552 557 4 742 76 430 498 283 745 486 292 179 593 957 475 685 863 975 841 989 476 748 97 102 105 922 877 701 893 90 399 827 145 832 755 496 426 578 178 851 63 685 357 55 341 240 874 466 728 863 323 57 502 577 73 4 551 29 319 831 629 772 202 211 219 292 142 58 236 951 722 585 527 149 862 36 488 998 198 575 423 375 535 363 573 363 571 993 505 904 914 697 463 284 870 530 563 384 154 391 672 40 744 644 224 77 737 585 451 328 181 396 396 576 343 805 291 3 799 447 960 180 598 703 747 331 913 904 7 982 891 74 221 133 876 656 992 809 707 425 663 234 502 733 322 502 537 852 951 409 345 757 478 480 340 996 548 189 437 924 31 642 454 590 317 37 416 617 152 699 8 953 500 806 597 555 289 546 482 151 379 153 
47
170 864 723 150 442 399 567 198 768 288 85 370 703 14 467 330 39 377 137 687 474 82 993 142 615 595 128 311 547 505 171 370 881 856 393 956 51 552 720 643 180 428 818 494 570 369 911 928 498 175 726 445 887 839 3 682 831 752 606 130 919 725 399 598 401 842 736 978 631 236 873 885 37 698 918 49 103 899 186 751 265 920 11 867 781 56 761 493 455 49 603 4 596 754 843 68 718 486 744 263 679 210 220 44 288 782 153 462 516 823 643 739 171 931 194 288 850 428 135 243 336 351 390 45 792 192 618 184 610 301 247 554 653 61 588 711 97 78 90 790 47 14 952 129 742 423 62 646 175 658 828 451 42 133 391 281 287 225 163 380 478 188 664 636 954 649 912 311 661 610 216 921 977 282 890 694 242 783 562 397 750 115 71 825 75 650 517 306 
42
918 649 724 204 24 153 81 141 875 51 473 962 961 755 543 563 764 276 391 142 361 571 778 200 560 801 217 359 385 266 16 797 745 285 259 805 379 979 140 724 650 539 282 398 272 183 371 211 82 760 762 321 191 3 118 889 634 800 254 366 761 27 825 464 394 529 907 644 307 578 918 89 609 248 792 536 29 17 395 258 485 794 421 274 565 567 332 119 534 430 103 696 374 155 281 168 920 676 233 333 425 916 184 268 425 831 873 796 746 633 467 87 381 702 16 37 52 260 421 842 443 315 743 683 845 82 827 707 383 834 511 882 685 639 995 795 298 881 514 220 635 54 114 84 558 490 761 170 686 955 641 791 318 893 258 986 626 95 373 608 240 43 24 746 33 193 394 467 
13
136 586 475 254 377 902 469 871 426 326 502 730 5 116 160 949 764 385 54 881 11 336 647 2 319 382 529 546 38 109 697 654 717 19 111 962 245 875 561 904 253 940 978 868 853 128 782 279 351 380 793 496 
42
292 878 780 259 342 464 909 449 283 469 678 202 588 163 941 326 678 595 789 252 159 316 235 52 943 740 406 384 666 535 674 834 239 112 555 199 347 443 545 161 510 381 265 944 160 104 114 269 738 531 687 791 548 957 987 397 20 93 791 406 815 535 215 339 545 375 21 952 385 499 824 425 124 50 804 937 784 58 457 465 253 233 765 268 20 909 326 520 694 914 210 823 562 862 627 893 46 506 964 342 276 111 186 431 848 19 505 541 141 400 228 468 138 539 269 346 598 836 922 970 72 17 379 26 728 630 788 259 818 921 700 883 622 793 48 59 238 190 24 600 552 33 13 501 348 453 221 770 145 572 146 326 220 707 101 482 131 288 54 857 962 377 23 407 502 642 320 936 
15
410 804 576 681 922 590 945 409 145 844 318 119 396 960 10 174 192 690 973 226 901 674 805 102 866 363 511 205 157 292 579 662 185 411 60 841 451 680 407 288 687 140 447 215 662 684 406 533 139 496 783 332 468 673 511 50 826 360 311 562 
5
444 414 80 116 587 713 123 755 157 878 671 329 734 221 805 260 40 537 582 714 
50
548 340 214 427 795 163 710 862 486 52 542 974 710 35 339 81 528 37 358 11 917 216 701 984 861 709 814 513 428 134 14 774 406 306 430 796 713 629 922 41 949 770 755 37 121 113 185 529 369 704 818 209 974 793 602 279 544 85 503 363 865 959 48 730 279 693 741 825 756 914 450 829 481 994 889 254 337 57 456 685 741 765 906 987 715 856 29 538 213 173 17 661 285 593 100 959 372 909 105 226 843 164 155 843 678 441 748 602 816 141 284 841 685 190 100 896 59 80 388 328 65 191 270 73 908 903 929 95 454 135 78 929 81 748 904 795 238 128 777 643 439 788 642 428 902 47 562 182 833 454 718 399 962 223 81 638 579 138 122 539 469 721 798 984 592 326 132 479 943 22 235 1 750 258 288 318 240 522 722 120 526 186 203 928 644 108 604 921 608 69 524 704 508 924 774 823 459 384 138 788 
54
227 150 206 567 157 749 51 365 595 511 982 246 203 380 920 427 964 740 966 763 758 773 957 794 456 675 480 447 330 453 990 572 505 469 99 540 914 60 907 569 438 676 840 906 764 180 234 257 645 81 366 436 135 727 994 515 886 397 359 621 459 55 63 17 271 667 172 907 869 846 692 760 989 754 823 441 41 858 534 258 767 596 596 93 207 1 331 751 49 928 296 343 33 903 772 401 527 754 895 69 918 189 73 910 490 300 989 30 685 739 639 261 359 114 763 589 528 430 611 965 549 852 7 508 47 336 449 571 773 251 453 874 577 374 705 349 286 87 414 335 46 834 854 869 398 651 145 191 910 670 491 837 987 413 82 322 838 990 522 899 615 937 922 132 473 672 916 554 411 448 673 983 16 303 176 398 333 40 465 88 644 107 778 711 871 650 817 374 531 109 27 405 467 654 79 576 916 901 475 193 77 728 233 777 775 37 276 141 555 147 101 50 777 18 656 897 
53
437 14 127 371 134 801 47 869 836 645 818 631 759 625 542 412 476 348 534 155 356 410 887 723 169 252 279 675 634 548 159 961 292 20 978 216 817 159 74 708 139 325 732 545 635 377 529 308 593 952 333 325 522 947 939 238 520 620 745 967 267 382 25 967 559 10 738 495 917 873 693 507 243 819 448 470 953 562 471 990 83 583 656 120 556 972 776 8 322 728 20 71 353 954 315 975 608 260 708 749 531 569 624 315 528 785 299 855 156 782 736 388 930 138 360 999 414 368 154 461 315 805 683 460 183 162 376 16 48 297 508 368 677 954 462 231 488 380 286 706 331 674 33 269 61 77 797 944 735 137 990 42 999 998 354 621 318 767 258 604 946 72 496 642 222 72 442 321 306 117 809 433 105 731 226 139 750 748 124 430 628 606 308 860 218 596 953 480 756 680 377 426 356 249 167 766 397 708 748 60 214 616 161 825 545 800 893 237 80 51 201 344 
50
379 755 581 435 744 874 21 183 89 174 517 478 196 432 792 99 228 586 471 926 35 903 832 974 241 720 769 62 993 69 194 754 93 334 414 713 439 589 453 356 805 381 989 569 265 828 748 790 756 716 772 518 389 564 255 793 549 198 168 525 943 535 823 851 473 524 47 523 905 829 320 658 492 560 178 61 100 525 873 572 591 601 541 819 568 170 190 529 43 59 258 399 682 301 915 611 799 619 977 503 892 486 408 312 683 205 911 997 561 117 915 291 835 473 847 524 903 502 140 919 427 72 244 916 371 397 640 827 175 54 93 573 919 933 866 763 19 46 918 861 560 268 572 215 37 673 971 161 696 112 25 534 620 961 747 649 725 235 644 406 649 871 283 789 743 64 184 416 859 915 533 144 391 553 132 728 555 950 299 909 26 733 311 567 319 421 977 149 524 20 347 71 495 564 987 219 824 68 897 174 
58
589 58 819 13 165 366 641 66 678 87 858 477 394 710 307 285 281 513 128 37 523 288 197 609 434 362 752 152 727 549 69 468 911 650 541 896 696 696 430 248 909 744 500 233 301 979 217 936 509 636 478 349 795 752 486 266 697 136 250 11 797 378 72 828 719 45 919 432 82 67 639 959 727 387 244 399 654 541 552 408 991 640 439 369 785 541 265 865 25 864 110 692 105 228 484 391 691 984 24 819 652 365 902 389 973 13 846 692 979 612 985 336 279 848 923 334 371 253 722 861 344 410 316 517 927 83 331 809 987 904 931 73 848 872 384 73 930 508 639 589 160 402 389 908 822 212 841 947 265 3 822 996 18 215 377 851 754 627 950 944 532 557 598 494 82 276 524 433 663 568 124 131 453 554 100 20 431 881 892 304 804 594 435 260 472 782 650 567 847 948 950 879 739 901 360 694 286 880 686 593 468 726 653 938 540 942 98 379 611 592 351 9 740 665 752 414 303 647 547 721 726 212 985 108 952 839 633 962 676 445 958 687 
10
812 665 70 928 866 411 883 758 262 680 866 817 973 970 383 472 318 110 371 159 180 190 299 678 405 307 678 517 786 892 626 798 562 718 25 330 349 290 874 312 
9
696 405 182 287 98 465 604 121 652 331 319 215 341 662 202 246 455 420 319 865 560 850 97 374 826 369 60 199 145 376 922 180 717 539 989 240 
32
115 542 764 562 923 686 965 228 355 625 165 354 211 550 60 491 375 82 630 504 543 362 571 387 493 374 976 949 889 644 996 856 632 414 647 415 154 76 710 77 71 823 958 200 537 667 432 821 47 747 17 36 232 841 460 904 187 295 415 587 401 695 863 34 460 136 508 387 657 86 983 270 714 853 587 133 394 266 582 702 219 941 81 638 857 35 177 506 707 743 883 636 440 135 496 923 650 458 311 25 42 469 856 486 948 385 21 308 129 491 804 826 465 90 924 155 706 490 906 641 113 461 198 120 165 352 868 263 
