31
1
743 68 630 736 
1
425 339 615 794 
1
108 692 562 366 
1
121 368 86 288 
1
441 14 196 47 
1
338 48 170 23 
1
295 567 838 153 
1
398 98 694 50 
2
875 768 944 198 156 702 757 425 
1
791 210 311 493 
3
954 711 889 44 563 384 722 334 499 942 15 355 
2
338 253 160 220 913 91 257 50 
2
828 865 217 284 856 233 540 49 
3
761 996 233 461 615 44 286 130 831 568 380 568 
2
239 351 452 603 400 109 511 702 
2
115 129 568 841 870 935 794 581 
2
196 801 503 543 884 337 316 749 
4
19 854 166 492 527 57 858 622 906 420 603 152 395 418 452 23 
3
894 551 906 135 246 415 314 50 109 434 466 314 
5
39 789 584 757 922 301 963 997 120 170 906 620 619 528 963 587 983 534 636 358 
1
967 565 955 298 
5
934 187 863 140 686 697 239 181 516 835 570 673 229 161 329 307 429 937 616 696 
3
999 412 682 723 20 882 782 728 17 323 839 820 
4
888 341 913 487 323 34 696 159 528 961 783 272 655 843 76 434 
2
641 592 837 389 382 672 759 320 
4
655 967 841 310 847 243 645 794 824 438 767 485 521 410 51 70 
3
510 767 336 454 327 754 138 752 150 246 912 400 
3
105 360 992 555 38 835 162 754 525 869 198 820 
5
606 825 722 837 360 681 178 675 212 984 787 801 420 960 206 471 348 12 198 550 
2
983 693 320 631 475 348 847 500 
3
591 677 666 722 181 875 434 921 911 234 669 955 
