316
1
545 960 431 83 
1
516 308 997 554 
1
604 891 952 919 
1
901 785 740 659 
2
691 865 367 772 966 108 21 773 
1
948 55 407 612 
2
24 386 300 130 711 627 21 744 
1
902 424 581 502 
2
792 484 930 481 173 922 459 21 
1
700 456 436 842 
3
409 235 94 591 979 353 412 771 649 378 79 230 
2
540 737 662 675 110 780 896 689 
2
373 969 414 377 550 989 910 84 
3
10 199 427 709 956 750 970 894 443 148 740 53 
4
768 566 216 416 960 172 108 91 909 712 485 450 832 824 838 475 
2
842 248 424 714 891 911 635 281 
4
98 559 342 684 471 53 33 838 867 616 342 460 803 11 681 785 
2
860 602 932 943 795 924 407 521 
1
63 872 921 368 
3
221 125 496 944 540 137 756 14 483 994 645 971 
5
421 772 213 876 811 977 676 772 296 155 778 170 41 319 36 437 476 192 127 970 
5
798 118 311 974 790 834 64 951 935 216 464 647 940 676 319 297 490 176 733 665 
2
376 430 123 466 583 994 248 9 
4
696 901 431 190 865 894 168 740 490 408 152 3 817 599 311 251 
3
942 438 897 82 948 568 772 448 944 139 207 838 
2
708 265 928 25 98 270 342 76 
4
307 902 383 200 320 431 613 665 581 619 14 250 517 80 315 737 
6
30 578 104 24 912 925 224 581 238 816 800 515 120 619 902 446 364 8 550 943 756 194 213 381 
4
239 835 236 490 985 151 268 35 387 853 428 858 524 856 300 86 
3
9 142 368 471 208 591 627 679 625 927 605 397 
4
189 803 798 8 294 142 585 539 81 493 779 384 309 144 743 301 
5
504 44 368 659 995 896 546 850 644 15 699 257 691 396 688 101 101 837 720 105 
5
343 315 25 14 533 806 888 946 614 747 377 344 996 969 95 845 335 614 817 781 
5
805 790 25 674 127 709 812 878 462 619 903 594 325 322 145 813 474 240 386 739 
5
974 190 39 419 753 284 244 115 55 767 288 29 798 488 475 490 238 508 431 666 
8
166 281 555 892 477 127 805 664 365 351 243 688 315 467 823 941 891 758 112 220 92 716 779 236 639 307 778 69 161 726 880 424 
2
338 446 163 692 236 238 214 996 
3
319 556 494 712 528 505 730 436 654 130 951 68 
8
458 9 382 389 42 15 694 919 502 321 686 211 105 396 389 848 622 837 808 20 561 546 640 63 580 447 341 878 770 448 519 903 
8
795 744 972 807 867 558 746 998 583 949 623 523 178 653 428 243 702 324 358 273 778 660 381 268 898 699 588 687 180 64 720 184 
1
51 892 274 149 
7
979 112 149 69 791 541 458 513 730 279 535 921 880 862 639 896 331 263 631 347 769 501 582 528 403 2 576 716 
1
564 670 655 56 
1
916 478 603 966 
5
252 648 805 852 656 260 555 22 721 385 121 163 291 294 391 367 860 356 180 413 
3
908 528 418 960 840 633 371 922 866 730 523 239 
2
340 244 570 85 52 904 99 236 
7
935 389 354 207 343 778 831 891 624 451 783 925 682 23 166 239 253 968 153 477 709 960 623 562 39 276 996 849 
8
379 240 358 308 964 546 57 578 811 735 668 122 827 468 537 134 909 224 38 919 677 3 241 210 560 707 501 802 74 651 317 606 
6
356 402 611 685 936 200 496 647 235 876 781 359 162 494 984 707 131 426 532 502 980 943 168 111 
4
144 67 523 23 938 34 442 853 901 685 109 1 997 523 703 428 
10
596 155 515 946 778 463 780 6 560 874 304 809 361 716 38 757 106 749 175 29 475 74 68 382 18 290 773 547 198 441 926 553 687 981 404 213 703 983 118 538 
3
908 733 616 609 383 972 249 942 174 376 526 741 
3
323 990 324 988 258 757 266 660 320 827 93 527 
12
195 636 539 783 108 898 744 435 727 386 997 544 303 309 602 673 38 488 826 185 371 51 181 389 421 7 45 256 119 528 144 147 954 129 715 161 252 352 505 284 117 19 276 201 788 577 760 357 
6
908 932 472 226 812 372 283 462 516 797 191 412 888 857 494 660 403 594 254 463 880 558 17 136 
12
859 495 475 633 837 428 683 138 325 862 646 442 923 350 426 979 328 471 769 59 931 384 875 126 551 805 370 582 859 341 817 246 407 513 198 374 364 883 114 386 331 664 347 719 108 160 225 796 
4
526 993 255 768 225 731 451 294 984 741 270 47 602 641 187 545 
6
403 62 792 533 307 159 390 189 454 615 306 627 683 884 943 417 282 506 420 531 635 12 647 682 
12
488 901 884 186 921 261 718 258 805 894 792 870 234 415 736 901 57 705 235 246 220 836 686 217 224 176 172 195 603 274 190 98 945 723 742 4 871 393 374 738 528 523 666 447 689 457 299 219 
1
319 823 407 516 
6
79 358 430 100 954 723 464 445 335 387 817 999 668 798 233 90 231 761 470 988 686 57 543 302 
3
468 676 255 998 236 10 536 427 842 335 126 438 
13
608 702 428 239 701 514 384 243 390 763 716 193 240 839 517 395 646 424 280 930 123 459 202 701 483 191 756 889 987 522 147 180 967 672 842 60 557 42 10 658 879 361 342 236 245 168 339 984 611 957 427 356 
5
366 341 774 708 467 889 403 307 855 816 915 952 595 684 757 963 453 590 616 678 
13
995 396 788 655 5 646 518 346 895 688 859 529 713 56 816 554 817 656 888 233 834 530 626 78 357 940 703 520 254 775 205 206 303 394 917 806 290 137 81 141 402 510 751 79 449 71 396 540 88 995 630 517 
1
945 616 503 269 
14
354 815 114 453 312 773 815 822 672 656 638 687 442 303 227 556 544 916 394 740 370 101 620 994 471 252 952 970 988 489 317 963 969 501 19 408 564 326 703 441 484 133 117 643 910 671 731 944 309 95 453 256 124 69 114 783 
9
109 260 171 623 521 783 6 933 271 32 965 129 673 641 448 560 14 158 912 676 671 459 204 127 36 794 963 420 870 168 640 950 116 364 178 432 
4
150 753 312 802 615 529 369 322 580 727 715 894 626 403 798 612 
6
607 455 931 837 494 534 132 307 376 752 376 486 76 672 862 251 65 582 42 466 832 347 364 683 
4
148 117 205 298 133 492 998 539 957 726 950 639 500 319 858 864 
4
604 873 726 935 807 537 744 309 88 543 137 164 452 810 110 180 
8
533 857 645 291 825 427 465 229 775 707 162 54 917 639 552 156 819 308 607 964 381 493 599 65 72 555 433 511 326 930 86 652 
9
892 720 204 691 981 149 347 990 394 382 250 838 884 174 500 997 35 789 258 982 287 145 649 276 166 679 728 884 649 18 168 127 263 767 899 744 
7
642 607 674 369 466 870 234 819 600 778 883 987 543 539 256 745 30 602 389 188 201 88 637 261 609 945 205 857 
11
481 548 816 970 407 784 914 906 514 251 474 896 675 801 371 356 52 775 993 118 509 974 316 541 55 12 666 918 744 586 149 46 894 942 71 444 379 583 444 792 934 511 534 643 
9
797 547 437 280 39 596 947 184 100 556 471 411 956 337 876 855 982 486 164 523 544 197 361 918 411 986 583 208 37 562 233 657 51 571 839 555 
10
298 487 808 856 428 207 381 898 449 924 787 738 465 772 263 201 781 847 601 677 935 932 260 735 911 865 661 728 471 709 529 925 911 274 109 305 196 377 550 145 
1
747 513 572 675 
9
551 411 437 314 956 429 384 141 902 531 976 690 475 51 811 718 912 947 626 597 367 628 607 34 20 264 438 167 981 104 692 185 245 841 468 982 
10
593 269 285 175 860 227 440 572 489 726 384 787 974 98 753 66 545 835 993 258 417 319 153 684 723 36 215 533 894 603 514 296 80 80 903 855 229 394 762 918 
14
497 911 2 99 806 12 242 336 84 621 409 451 527 440 11 281 702 486 555 554 671 814 171 312 620 618 709 590 259 895 11 759 310 370 839 534 483 977 57 983 437 33 697 465 645 548 245 385 368 327 803 524 418 637 405 764 
9
220 584 693 380 691 732 530 845 17 153 441 786 955 430 977 554 226 230 142 102 60 192 434 495 350 59 30 425 103 486 487 223 923 572 266 388 
4
571 994 678 229 944 90 541 428 752 376 551 239 593 613 544 148 
4
359 843 347 71 590 373 87 910 255 319 845 880 587 789 119 303 
8
764 969 663 418 437 714 644 37 232 386 490 556 145 720 296 356 937 949 236 241 375 31 566 511 819 378 394 540 220 161 749 539 
7
998 48 783 22 842 684 576 163 407 357 670 290 143 376 408 97 854 121 703 372 84 548 749 191 784 26 39 628 
12
307 940 208 22 749 689 373 35 740 615 351 191 936 648 572 246 390 868 988 864 177 491 550 683 901 31 877 818 946 316 903 879 382 68 82 191 611 834 74 119 503 815 628 41 190 757 77 799 
16
907 202 822 161 85 357 188 619 758 945 301 878 39 748 110 570 955 351 106 95 551 26 119 159 986 719 364 595 709 905 849 317 975 85 140 982 204 522 179 335 974 642 688 664 58 82 687 412 848 557 613 587 623 329 182 236 727 388 16 255 817 909 583 145 
3
762 595 827 469 83 585 542 837 547 730 282 321 
5
541 859 983 681 963 860 531 311 785 318 749 691 225 180 413 918 632 582 468 965 
14
843 459 563 105 823 946 414 465 387 535 740 43 517 456 387 87 342 500 686 648 690 507 3 520 677 403 578 838 306 822 375 965 104 190 209 417 110 768 631 983 898 531 216 815 442 786 618 860 38 821 961 499 261 260 212 491 
12
27 595 379 100 318 610 898 14 18 123 879 654 754 717 236 563 659 482 197 123 750 50 142 977 735 667 842 68 970 941 565 684 480 539 30 200 568 812 929 732 379 882 671 916 149 910 205 112 
16
330 438 99 3 6 977 25 619 478 253 742 613 476 849 508 731 448 990 920 162 429 803 870 843 615 768 661 412 554 702 690 639 432 661 922 402 669 63 332 803 131 942 827 210 674 858 259 492 929 537 899 614 947 170 910 530 901 566 92 773 924 38 633 355 
2
813 924 695 706 774 554 229 927 
6
648 349 953 261 102 507 883 266 647 200 874 360 400 414 891 555 7 446 31 387 114 681 465 648 
14
491 277 215 179 141 936 565 486 406 610 645 778 307 362 746 404 6 386 436 734 879 784 400 504 437 245 346 963 847 135 642 889 227 726 391 13 269 15 510 741 134 657 421 929 990 214 65 282 169 459 462 791 454 841 124 758 
3
433 874 456 896 662 651 305 659 968 171 334 72 
3
241 524 349 938 174 510 216 522 773 315 556 4 
7
262 840 72 924 175 868 114 589 798 836 981 637 478 339 346 339 865 943 449 220 764 178 418 609 662 551 506 836 
20
384 992 878 938 274 574 173 738 271 780 317 915 285 881 421 620 75 188 466 121 942 162 829 324 491 753 102 398 419 519 469 237 954 965 305 689 279 905 878 249 599 768 90 811 937 356 727 190 490 51 476 855 135 545 942 487 601 980 135 543 793 498 222 87 496 173 105 871 615 498 513 345 468 87 475 745 139 449 64 750 
12
60 449 40 682 438 799 47 355 62 957 427 9 825 972 936 990 401 29 597 969 14 171 747 808 410 431 237 551 803 42 492 335 924 188 995 739 135 973 692 575 724 926 364 463 256 807 139 686 
11
153 649 823 863 215 564 527 348 760 734 332 88 202 424 274 844 635 897 345 299 90 369 363 164 944 985 723 758 421 820 481 528 159 445 107 949 126 99 42 405 239 176 126 408 
8
229 921 30 570 171 458 749 826 492 895 389 600 497 71 787 728 724 441 93 823 14 584 600 484 557 254 901 84 135 73 551 932 
6
98 851 337 97 172 966 338 551 663 674 931 673 737 253 715 267 6 731 25 613 202 651 520 948 
9
72 273 703 983 535 163 695 265 576 511 265 171 977 721 599 540 307 958 942 676 223 772 599 208 634 691 190 439 485 846 196 618 363 848 519 261 
20
267 973 60 565 89 834 474 880 62 622 747 620 750 22 963 514 272 789 328 812 355 872 438 338 395 166 947 324 909 592 545 653 471 783 885 859 774 812 188 759 1 431 190 528 709 961 419 952 41 380 798 750 648 897 3 363 810 415 224 263 134 103 113 354 807 517 129 229 257 72 509 383 999 687 653 522 895 184 590 685 
2
895 862 218 545 681 631 245 155 
15
176 773 276 928 884 477 164 872 483 113 72 398 671 841 773 416 984 430 812 306 796 856 989 217 804 967 253 125 519 222 185 506 306 161 440 179 804 113 177 524 767 232 415 759 23 572 289 712 91 365 773 691 766 886 537 966 719 213 275 779 
21
701 768 79 325 476 312 835 492 537 868 970 202 789 681 921 539 997 97 35 319 345 271 978 623 216 937 87 411 242 682 358 198 803 61 728 612 835 970 554 556 807 555 400 916 20 794 997 858 474 931 41 161 890 396 526 606 264 715 660 360 779 377 261 182 673 422 73 543 681 241 469 291 597 362 629 231 716 116 51 830 981 963 964 511 
21
368 861 280 987 849 757 353 844 172 684 789 160 993 596 891 678 425 599 904 600 880 697 53 980 579 562 901 452 549 277 294 670 317 964 253 842 11 576 86 11 891 882 783 429 574 697 521 448 226 312 917 969 879 251 502 831 275 310 339 292 44 468 801 765 449 957 299 562 316 422 72 308 234 617 430 262 730 320 577 710 46 263 817 249 
10
298 554 738 333 643 485 926 191 52 252 688 11 986 270 21 845 158 81 187 954 604 729 26 933 952 407 398 291 451 174 83 145 846 105 920 765 280 655 367 869 
23
868 983 671 101 459 754 855 5 776 645 278 307 155 278 141 325 634 393 287 5 819 836 460 233 569 459 578 734 367 233 126 612 701 888 900 187 107 344 756 248 664 54 42 399 978 591 490 335 13 940 458 519 929 367 731 252 444 253 255 291 745 731 829 931 906 307 645 562 907 87 729 794 479 970 546 344 676 756 524 135 420 66 483 167 998 933 797 718 474 397 84 610 
3
154 777 357 718 317 962 869 20 459 208 491 890 
24
578 57 376 69 213 146 369 831 232 908 603 679 952 232 604 163 954 469 617 373 585 448 960 509 466 820 309 33 602 476 239 314 100 554 283 566 620 563 752 176 741 670 401 265 162 268 751 538 651 615 334 620 843 221 510 716 211 843 160 574 304 968 685 80 918 96 463 318 467 794 916 815 917 381 807 706 216 383 599 695 699 870 484 689 29 603 710 318 70 308 676 985 172 906 2 176 
12
182 668 602 565 389 58 922 885 51 899 241 950 392 384 164 147 979 55 453 874 762 259 739 50 106 172 171 880 252 104 33 120 241 336 179 573 217 184 742 891 369 735 580 377 531 747 44 160 
1
105 230 367 327 
10
386 801 876 138 619 900 957 809 873 52 509 403 923 963 978 813 179 52 238 686 32 776 271 647 544 793 634 745 296 886 47 785 322 877 848 209 364 344 16 356 
8
176 103 522 237 902 574 98 638 734 998 329 210 789 513 366 429 143 908 925 361 840 839 892 778 524 350 305 310 482 237 847 11 
6
917 656 797 85 260 128 359 853 949 804 895 399 616 536 753 704 962 104 584 791 434 588 778 7 
13
173 583 972 313 311 186 758 642 302 502 657 632 488 795 312 382 833 712 663 653 140 759 825 171 540 425 964 816 661 718 447 274 882 43 400 480 267 286 478 184 807 792 356 709 732 285 210 149 397 973 862 678 
14
41 515 186 701 220 349 810 213 836 569 549 940 778 605 909 898 337 495 280 440 710 888 881 259 598 314 782 392 249 221 226 976 953 938 294 885 908 214 66 524 583 813 71 187 78 30 826 362 947 16 604 893 661 702 737 474 
25
2 522 287 825 375 604 13 888 611 556 526 353 445 109 389 329 939 238 39 307 303 434 193 410 482 157 500 744 871 961 641 419 898 876 366 838 975 265 194 526 299 8 442 106 570 199 549 939 489 667 915 224 664 390 479 650 928 225 512 996 422 808 852 306 529 355 809 185 179 848 497 726 276 9 897 963 159 114 283 902 89 442 545 961 928 388 386 412 83 18 929 343 599 336 708 55 305 65 26 884 
1
208 410 148 223 
19
654 996 197 267 547 203 965 123 633 629 974 595 728 962 298 91 809 152 781 380 234 757 631 990 361 378 459 299 327 2 756 871 311 273 997 770 774 333 513 638 914 55 499 963 195 337 30 648 459 75 651 540 30 189 776 22 607 611 463 90 153 857 38 279 657 699 985 175 472 749 698 59 233 947 17 337 
17
733 13 662 276 47 89 820 470 550 132 876 99 981 851 770 997 951 168 37 849 935 690 926 160 94 576 16 807 835 881 894 913 604 378 670 315 323 968 238 14 253 318 98 852 642 473 138 126 916 805 146 539 700 845 336 350 849 978 332 644 359 792 21 768 493 387 7 889 
5
153 334 511 613 276 262 643 193 716 396 116 295 166 778 768 156 695 44 760 741 
11
899 551 608 533 241 183 675 841 107 326 143 216 665 485 920 394 809 188 67 372 826 27 719 719 535 441 995 227 355 290 578 660 866 315 309 930 412 781 911 597 626 435 11 39 
3
592 123 79 441 297 534 288 599 963 313 444 946 
19
238 827 660 287 949 273 627 578 276 978 671 685 232 213 647 999 876 275 308 946 633 284 110 356 215 178 114 669 328 596 937 658 957 85 700 585 817 236 238 921 565 968 281 100 98 592 612 961 148 214 759 574 469 136 443 137 677 509 310 367 622 236 194 715 275 215 282 335 718 934 587 494 500 1 936 618 
27
790 276 767 660 187 445 988 450 441 110 980 197 341 935 118 358 362 736 626 150 293 743 578 778 335 842 563 702 999 272 274 126 108 603 567 740 777 74 146 125 759 664 339 6 324 888 962 918 152 775 441 613 720 682 266 357 117 807 862 307 774 477 144 522 427 471 582 378 529 916 447 970 917 94 610 52 239 418 723 621 374 656 476 925 534 239 997 118 394 402 743 629 190 179 174 622 621 291 628 242 7 434 399 35 640 683 126 340 
7
787 727 135 949 577 13 941 76 893 497 530 222 697 595 403 260 964 472 710 132 315 728 823 851 520 779 653 107 
16
306 702 785 397 103 423 5 210 976 217 883 600 650 20 536 648 642 519 717 71 585 471 931 662 912 344 631 419 326 654 43 130 276 220 593 350 198 487 995 987 542 661 465 57 306 128 874 647 692 673 242 785 24 681 838 565 884 867 140 767 131 974 349 869 
4
267 528 224 786 735 118 302 154 655 483 494 631 543 744 278 901 
7
644 529 717 935 178 980 882 919 405 168 449 417 245 854 414 768 137 855 411 260 796 310 674 998 920 14 279 344 
26
438 560 240 932 335 371 795 593 837 926 376 852 280 241 212 8 196 318 603 777 372 129 714 464 820 702 509 217 893 801 785 797 568 789 124 456 303 460 11 807 185 68 682 348 45 176 721 719 910 593 921 640 108 696 948 325 959 263 465 73 187 463 326 842 435 303 630 960 693 6 654 323 717 686 753 831 805 84 827 539 976 570 411 961 173 811 326 201 63 208 111 862 80 429 855 260 351 248 640 246 312 854 733 511 
20
175 320 608 459 731 933 962 989 250 156 657 492 188 401 798 878 287 73 443 42 641 176 717 700 884 741 701 698 674 269 810 517 444 636 490 411 50 832 193 968 458 408 126 315 993 58 136 8 511 936 495 380 170 905 788 671 39 536 743 376 475 805 567 217 667 558 659 483 474 314 641 250 594 447 425 14 724 266 997 6 
25
661 480 438 145 487 209 405 650 684 877 52 844 506 372 179 329 479 670 941 286 23 779 269 198 272 67 769 151 729 389 823 155 439 594 119 880 573 923 367 116 949 179 879 722 115 444 148 401 562 125 65 711 106 364 281 778 241 749 471 458 966 479 388 514 77 957 861 198 315 899 70 830 173 563 392 919 373 924 38 77 993 809 946 970 866 200 842 100 911 308 928 753 740 9 212 457 297 89 908 681 
18
584 196 630 557 161 259 640 351 883 943 38 131 528 325 383 879 957 320 846 469 626 663 483 299 568 311 858 625 580 482 55 694 642 672 330 871 871 885 682 11 882 559 487 446 2 479 250 360 227 758 955 730 564 54 540 574 389 406 821 590 106 971 207 240 3 865 863 111 48 218 90 848 
24
123 390 945 615 667 365 860 299 729 851 94 741 631 926 684 588 927 772 274 823 641 114 135 241 415 388 335 372 724 147 115 946 568 877 932 49 611 726 65 179 64 292 996 43 128 566 397 703 336 328 591 225 615 901 930 512 376 312 621 923 117 322 999 213 190 498 906 226 279 329 813 567 158 612 624 614 853 627 884 279 861 878 98 345 907 472 174 236 845 243 874 206 44 644 383 811 
12
724 432 170 195 820 855 869 346 470 654 339 200 166 667 286 87 377 973 312 801 864 277 642 266 23 32 616 471 935 180 168 426 60 78 176 835 509 82 476 543 735 13 202 106 93 19 193 180 
19
625 15 755 207 825 778 585 858 968 361 158 746 621 363 353 531 127 28 797 445 69 241 599 374 430 705 312 889 413 467 194 56 931 320 141 36 324 245 80 231 640 978 509 129 829 592 194 495 577 534 864 70 807 308 555 772 575 935 215 208 483 586 25 361 487 715 749 649 7 518 842 671 262 330 666 576 
19
937 520 131 598 325 915 379 607 272 932 612 555 999 82 859 657 680 997 239 127 127 174 22 781 591 379 599 550 563 661 589 431 951 3 448 462 168 649 839 59 209 472 19 404 738 147 951 992 220 595 377 186 173 537 217 956 606 618 490 842 97 122 532 751 318 438 50 882 63 479 383 544 140 163 806 683 
15
506 820 769 796 274 615 702 209 944 104 794 62 15 43 881 904 835 359 28 135 174 776 757 285 368 659 181 141 88 672 682 173 835 24 658 657 222 405 6 93 74 646 632 218 587 353 150 915 745 801 715 924 423 147 236 636 217 21 993 330 
4
824 901 808 247 190 682 804 415 879 725 42 132 740 471 953 984 
6
510 666 172 343 169 901 720 266 990 725 926 607 958 98 556 207 202 851 816 984 694 134 908 890 
17
383 698 316 125 29 890 523 515 849 108 320 880 787 241 585 88 976 9 485 612 427 51 460 809 769 848 519 766 396 774 919 529 880 951 721 542 445 252 424 124 983 504 740 381 262 616 278 388 796 271 751 7 807 101 107 947 291 857 236 177 939 825 334 467 64 142 888 926 
21
306 543 633 592 155 318 799 277 330 148 336 174 540 260 523 334 857 155 342 848 486 11 417 236 202 215 706 585 671 805 605 22 480 806 786 115 679 674 982 163 19 457 490 184 754 494 632 931 998 440 493 678 188 170 699 956 635 408 261 777 740 710 105 27 856 452 978 485 721 101 128 34 416 893 841 582 33 804 610 196 660 544 921 676 
20
109 284 793 606 215 666 897 506 842 602 736 789 144 966 619 234 603 18 335 219 499 976 888 310 803 41 62 473 654 479 973 328 36 237 730 96 634 591 218 858 954 930 336 43 34 550 713 892 790 384 725 849 536 653 799 736 350 368 346 6 279 302 338 110 847 15 567 648 48 997 850 905 234 328 313 262 254 729 750 469 
29
119 704 701 452 899 707 185 3 473 288 76 111 831 855 721 891 759 122 898 906 91 371 749 263 599 383 900 418 566 159 576 26 119 971 788 945 425 208 951 334 659 261 929 446 738 986 352 7 476 642 408 881 98 122 726 237 781 942 516 929 617 581 234 754 862 281 570 678 686 94 62 263 252 482 285 24 781 141 822 550 904 257 188 69 163 83 790 905 354 870 940 427 504 833 972 265 264 753 262 271 469 313 275 268 280 567 926 931 991 566 959 135 554 537 479 155 
29
315 128 371 483 768 629 787 739 903 411 172 59 316 443 391 942 755 846 942 448 787 360 113 530 111 27 774 162 263 255 96 759 71 141 567 982 856 839 345 262 403 208 902 439 821 762 678 122 968 473 159 450 246 498 755 857 971 944 673 799 527 434 575 875 218 266 226 588 298 245 451 272 507 903 1 203 133 835 855 694 599 521 849 620 412 634 678 951 182 431 876 497 978 726 954 976 21 971 993 807 351 557 860 440 123 88 517 959 147 450 769 923 736 169 602 529 
21
638 13 893 524 753 65 159 250 348 373 573 88 755 171 168 193 327 468 17 846 70 957 150 619 556 352 984 219 331 642 114 6 976 312 344 361 498 532 774 177 774 414 883 852 97 378 711 534 252 452 701 799 887 873 542 646 144 844 247 962 831 617 974 598 327 505 4 814 199 767 910 923 15 130 466 190 517 299 165 705 627 77 279 32 
15
256 508 496 525 823 687 301 751 518 271 413 356 379 854 587 442 299 493 761 576 748 90 184 311 93 165 845 199 370 361 11 203 571 357 788 276 647 159 772 437 412 275 339 467 29 771 527 4 666 997 67 24 244 808 960 602 419 822 117 25 
32
399 950 178 843 693 741 309 27 752 282 985 109 782 418 710 29 894 273 143 987 926 177 863 926 823 170 157 752 139 793 815 919 250 384 552 189 31 974 572 237 398 188 45 712 871 425 530 577 191 924 730 216 479 87 544 511 727 430 845 447 812 911 764 91 339 659 216 780 759 198 133 460 751 929 298 116 743 269 208 37 564 642 707 991 763 788 154 636 92 130 920 942 884 949 362 830 118 191 499 633 787 74 582 857 507 196 909 269 634 923 714 267 557 371 435 434 323 388 145 977 826 224 306 927 165 173 499 254 
28
581 151 535 886 824 17 849 812 731 840 358 162 926 856 565 150 375 733 45 492 450 541 3 648 52 631 841 128 912 709 488 345 287 448 780 137 926 323 971 139 750 209 325 43 211 725 649 465 661 759 899 673 729 957 899 754 149 936 881 623 427 410 561 279 858 246 272 428 688 652 45 65 204 652 249 708 103 274 963 732 14 926 529 745 247 280 708 912 325 410 559 627 446 958 682 126 986 152 860 568 252 913 592 256 767 500 686 871 443 894 2 662 
31
295 448 596 101 540 247 594 639 125 340 701 314 397 597 181 932 443 761 97 927 308 606 537 194 162 254 901 31 428 703 981 97 407 331 339 892 296 257 369 615 830 929 31 497 681 474 449 278 353 256 928 806 625 183 762 395 184 907 758 639 648 381 549 367 164 914 245 534 806 443 432 699 650 176 449 73 167 950 8 434 291 701 457 895 664 333 631 418 968 180 494 168 697 920 41 252 39 281 953 305 549 657 880 288 113 64 163 842 798 759 648 772 557 181 623 778 115 999 58 603 648 4 926 816 
19
604 329 311 45 982 423 993 697 728 119 921 402 645 58 475 191 200 572 936 748 969 475 879 775 766 352 405 351 769 910 576 427 677 739 184 305 832 478 745 132 459 46 308 841 949 575 251 941 616 34 303 575 880 145 425 830 524 747 945 385 792 251 251 871 176 420 975 916 414 972 59 695 122 622 572 310 
23
550 647 750 640 840 872 970 201 915 108 32 768 937 907 125 14 119 2 916 168 419 789 702 938 327 101 441 154 997 115 880 134 38 614 492 322 425 590 333 900 327 253 174 900 633 237 948 903 86 293 364 845 58 954 219 979 947 476 658 973 133 437 685 809 960 457 949 243 755 798 590 984 260 618 12 660 955 891 220 361 336 383 748 333 908 416 730 573 667 104 76 375 
8
903 734 765 885 550 825 708 134 221 466 668 81 827 467 497 80 844 493 295 931 892 304 792 64 622 588 577 114 922 725 549 444 
2
778 619 355 479 819 335 808 380 
25
826 533 18 317 18 856 844 101 377 971 476 103 89 383 266 405 701 476 163 534 33 192 331 803 123 610 441 348 267 264 733 69 680 768 181 903 232 386 500 300 868 453 825 579 221 474 378 849 834 335 712 413 117 586 864 341 69 541 638 558 411 640 211 699 483 546 303 536 587 813 459 367 485 571 774 832 581 273 772 762 351 553 730 251 736 359 214 400 436 499 781 241 638 317 826 784 16 395 99 170 
24
429 282 154 400 650 328 21 174 446 161 638 579 137 555 899 553 886 993 736 432 277 784 87 229 180 444 321 715 113 73 414 604 811 621 215 530 991 314 229 490 620 314 744 993 620 104 880 219 641 612 435 712 278 358 296 823 511 693 708 846 813 160 398 548 996 408 774 855 261 76 32 905 30 671 869 900 61 30 705 649 460 93 321 85 828 102 691 958 640 686 39 207 331 106 883 945 
22
804 281 170 791 291 832 959 289 264 501 436 505 637 879 140 401 111 915 676 35 632 881 922 828 99 467 471 10 640 186 422 473 47 327 193 623 855 564 769 752 634 660 978 676 666 826 75 476 712 629 31 290 711 356 305 837 553 113 575 297 1 253 909 789 950 71 562 882 25 938 849 697 167 422 71 356 558 612 489 975 931 730 165 540 485 244 530 230 
25
989 131 50 186 60 832 73 688 329 182 308 105 664 979 582 403 402 676 254 654 370 703 726 978 340 328 903 368 412 504 14 427 463 988 334 88 171 321 398 458 887 864 407 324 896 366 740 540 155 967 177 392 717 419 691 328 302 198 465 513 172 445 504 22 103 592 349 314 248 161 957 682 319 168 275 561 748 150 882 239 147 989 776 315 24 793 552 444 501 240 811 242 694 833 712 235 511 509 114 474 
26
852 539 241 43 437 36 323 292 590 723 985 29 5 485 766 177 865 363 910 146 550 188 450 861 561 988 45 437 145 303 802 372 237 490 985 246 773 884 381 789 461 182 674 493 83 649 277 933 823 350 267 576 461 243 373 275 304 360 798 710 952 564 48 658 11 17 822 816 577 167 697 86 556 635 405 944 223 305 729 873 246 850 612 843 711 849 348 864 498 58 326 583 942 498 90 689 648 966 873 723 10 761 840 671 
20
238 535 715 429 323 546 29 966 160 473 385 278 803 816 950 445 992 55 877 697 937 120 784 687 350 204 381 616 594 808 371 502 375 510 226 650 50 295 73 713 826 237 983 627 395 318 772 937 65 420 186 616 780 529 71 323 146 759 66 253 488 780 497 12 35 9 153 887 613 662 619 457 967 64 784 82 96 96 906 502 
13
327 513 261 752 146 586 271 335 565 908 123 589 592 933 745 829 782 47 926 661 15 542 251 981 779 997 976 124 999 252 353 685 764 335 671 915 203 391 928 543 364 872 564 981 757 330 393 260 865 299 799 837 
31
825 947 920 116 310 13 804 178 401 109 861 198 196 815 121 702 309 346 486 489 162 150 239 312 731 978 563 366 816 25 834 518 171 434 519 717 35 824 887 161 152 53 483 308 649 202 167 424 731 217 887 435 839 52 522 787 267 619 240 70 938 832 419 398 972 792 770 595 922 812 693 273 97 60 401 484 659 22 654 315 355 979 20 305 715 387 655 598 531 22 900 284 688 257 954 841 123 346 109 177 389 48 884 37 26 650 775 281 841 777 501 377 403 756 197 25 939 147 323 59 91 559 227 233 
13
800 526 662 678 753 450 918 34 231 123 892 311 12 893 779 295 763 518 190 41 785 502 391 668 94 611 998 876 643 716 752 27 607 140 945 534 331 433 288 414 576 22 846 272 773 631 710 933 791 198 449 149 
6
638 356 803 674 910 667 240 835 107 5 24 712 37 566 760 200 413 244 815 507 77 846 326 812 
17
507 898 487 871 56 421 983 546 268 982 590 52 26 387 318 572 918 856 366 810 620 356 579 847 893 895 342 642 831 487 748 766 200 689 174 416 102 846 469 908 117 430 334 189 999 850 76 673 287 945 207 581 295 704 335 222 576 309 649 233 503 615 877 157 176 448 938 705 
22
652 951 840 31 493 384 306 453 754 670 476 975 648 242 852 722 765 220 841 368 345 32 188 437 483 355 489 619 22 693 120 637 94 638 355 10 995 265 596 663 563 444 26 393 847 162 517 818 283 310 608 983 485 544 812 625 592 599 775 566 499 164 507 799 609 152 280 93 467 564 218 356 837 583 923 767 208 270 224 621 235 495 16 849 219 214 457 937 
1
55 354 55 892 
10
249 675 482 112 786 907 541 710 938 409 49 561 742 175 149 157 23 513 394 948 581 144 833 869 268 884 826 425 563 420 789 123 737 449 895 529 821 287 475 437 
3
15 396 267 768 270 89 107 571 145 884 987 540 
17
567 715 661 69 679 782 465 552 145 141 565 686 764 458 561 508 847 128 464 158 197 525 735 205 863 124 217 62 916 583 370 656 556 855 172 207 698 212 830 898 707 424 768 138 294 685 633 815 318 567 541 838 631 772 491 942 144 794 589 280 458 595 147 911 873 409 150 692 
27
306 923 483 164 253 862 587 35 642 361 650 712 450 545 627 658 943 963 63 397 542 656 666 419 267 478 572 371 933 570 834 798 699 709 868 62 607 753 551 587 646 644 849 739 604 757 900 227 952 471 541 265 553 634 624 458 575 85 546 377 387 590 851 295 354 727 714 867 416 534 561 813 410 457 122 637 891 269 398 34 870 614 533 747 534 435 101 312 815 916 652 790 929 97 538 606 923 86 599 496 647 985 906 985 479 374 426 68 
1
582 547 416 862 
21
320 590 348 384 46 826 634 348 477 374 452 368 668 349 211 791 319 465 233 715 889 453 398 243 18 249 954 224 484 32 937 469 396 730 221 561 82 809 234 644 2 332 851 78 568 35 724 631 90 789 160 592 763 642 686 798 199 61 55 66 850 600 270 998 251 99 40 980 608 235 500 522 181 751 424 392 711 599 254 46 546 15 388 422 
9
611 251 604 579 465 576 769 526 226 283 545 399 848 855 349 426 589 919 759 677 805 165 481 963 1 998 564 312 198 237 211 733 396 917 501 302 
19
178 499 117 885 341 906 513 870 423 102 313 622 294 512 847 77 242 902 881 633 279 270 585 111 575 403 995 317 773 529 695 470 685 508 266 361 260 925 939 922 948 297 53 292 590 128 824 638 610 167 453 484 208 997 939 72 617 315 657 630 578 133 195 764 69 206 798 395 983 121 739 599 351 307 748 59 
16
131 489 857 837 273 289 475 205 986 381 917 410 614 850 223 902 407 137 85 610 873 108 165 913 549 632 315 97 65 36 770 243 956 440 417 783 660 896 358 862 402 22 295 369 737 212 4 237 905 826 268 473 356 5 250 378 204 120 892 431 230 636 615 285 
17
646 300 546 33 226 138 752 653 294 428 714 767 898 796 101 692 544 681 715 200 556 805 471 277 716 235 529 857 44 430 285 361 791 449 394 204 186 317 698 379 270 529 163 175 405 945 177 157 667 503 125 244 168 22 315 114 657 986 838 649 434 631 760 692 331 232 680 20 
19
555 955 350 813 423 567 585 204 230 604 339 691 689 925 87 22 587 923 401 327 521 244 852 652 162 166 898 491 334 419 66 508 724 556 572 175 902 869 633 952 876 262 293 899 634 180 896 964 719 144 319 174 61 752 631 747 823 372 578 233 571 819 658 731 881 400 144 244 339 484 751 667 800 474 932 211 
19
355 857 958 970 541 332 433 176 973 172 725 398 157 953 808 106 260 659 935 328 247 436 575 350 86 884 578 33 630 275 644 899 528 606 121 100 573 149 608 458 871 665 787 350 526 97 149 11 408 337 803 755 42 698 242 641 601 368 849 404 751 447 98 793 869 381 48 137 585 514 85 163 634 769 490 251 
22
739 189 997 356 217 24 102 593 886 381 327 248 285 377 917 848 317 425 278 209 86 371 833 490 891 836 753 519 488 762 46 288 105 291 556 784 559 301 116 336 288 701 847 495 772 627 208 721 625 515 626 408 795 186 96 631 248 375 997 257 718 752 921 635 405 633 828 639 640 841 614 708 519 516 14 117 551 931 527 9 167 309 368 384 961 624 473 891 
24
498 85 743 429 536 641 440 483 149 229 110 76 357 829 209 600 849 435 464 845 494 960 584 544 394 970 393 999 434 371 895 101 338 474 685 728 545 404 572 324 300 289 240 652 840 610 112 629 632 964 939 702 922 451 469 5 518 776 639 628 102 729 838 718 971 164 587 791 766 787 586 562 210 514 887 105 768 361 741 284 23 578 464 7 808 260 167 78 488 408 786 21 204 357 491 718 
34
256 323 762 42 267 814 864 482 725 206 178 730 961 614 128 533 578 205 626 171 709 257 674 694 103 810 874 644 466 27 337 542 467 679 6 3 269 160 340 789 363 517 690 607 930 792 13 427 689 992 830 630 570 795 584 689 733 232 747 451 913 91 506 621 279 980 289 151 313 877 901 932 506 303 434 207 557 478 529 720 154 796 244 991 867 93 225 159 685 122 591 526 674 78 185 615 916 935 718 829 403 2 204 286 77 848 832 183 324 293 745 705 372 203 565 618 365 448 286 649 517 65 179 699 963 298 493 983 590 734 308 265 102 974 946 698 
8
164 283 302 660 970 904 465 638 676 481 482 285 279 714 55 437 573 885 189 839 879 982 523 284 987 327 147 751 806 393 990 656 
9
677 778 999 84 46 574 773 317 922 370 650 106 935 300 982 469 355 509 267 894 786 617 43 206 82 124 124 730 644 508 48 938 885 85 111 752 
4
311 773 876 216 566 328 847 74 713 480 800 567 447 285 443 902 
36
951 15 202 455 686 254 136 35 722 53 853 151 231 401 852 576 809 600 175 146 421 104 788 574 946 715 133 597 272 690 144 692 881 889 164 467 81 51 823 866 260 363 636 731 319 842 163 505 647 905 350 630 287 911 127 647 807 258 422 711 25 248 598 261 967 166 496 809 65 695 569 457 788 172 359 819 675 794 106 448 778 982 118 225 83 495 785 790 181 103 26 622 482 447 402 621 245 311 9 667 69 791 20 963 525 623 956 918 813 300 348 911 684 229 133 816 769 389 883 548 514 234 633 161 646 936 975 368 188 23 780 547 75 843 565 114 226 964 9 798 839 499 36 219 
38
178 805 850 62 336 996 919 61 903 906 652 179 512 466 256 186 688 800 797 174 946 670 110 552 487 781 845 95 577 764 293 301 416 134 426 752 140 421 271 722 520 245 593 781 288 974 212 890 792 221 826 161 261 889 878 618 38 53 669 701 937 322 799 582 985 33 435 806 377 610 363 616 456 51 363 115 557 468 116 130 782 291 765 719 138 485 664 744 812 831 365 634 818 63 584 321 947 320 471 963 380 41 418 762 999 995 211 670 193 656 542 804 506 322 456 960 37 899 633 729 169 544 461 272 886 750 861 422 195 184 441 401 844 11 186 313 493 157 508 207 313 282 883 577 253 95 301 259 890 453 450 463 
1
503 184 793 551 
8
526 119 724 4 822 225 631 152 248 143 156 965 979 275 364 724 50 799 654 683 831 277 196 372 742 732 444 349 117 581 481 687 
6
851 567 712 165 798 232 573 657 272 249 521 105 171 314 348 902 86 89 603 193 984 316 4 507 
27
273 697 772 821 869 591 461 409 736 255 639 240 512 121 28 194 875 646 280 960 65 880 183 687 90 456 587 543 666 875 240 547 552 266 820 904 14 761 584 372 993 896 76 512 263 174 26 801 436 750 581 277 641 237 379 182 931 792 351 565 473 148 791 501 732 964 435 204 409 441 76 505 752 697 103 868 464 89 615 934 802 679 488 756 808 469 421 516 545 925 105 803 239 563 446 305 477 461 934 54 827 548 447 484 936 174 759 263 
38
114 780 198 467 114 570 110 57 661 392 831 782 69 720 592 364 499 69 991 124 8 305 611 30 699 953 111 562 798 698 974 758 898 154 858 158 199 766 17 647 187 647 876 894 539 285 494 727 746 275 831 427 687 992 237 413 716 623 786 345 285 550 122 834 397 210 975 444 55 120 503 720 733 879 890 960 382 464 404 486 986 259 700 465 37 557 528 540 192 150 318 796 928 568 11 312 366 919 183 74 804 840 105 719 937 229 5 261 775 568 348 458 147 238 966 67 712 382 550 279 114 988 443 587 267 265 968 910 769 303 234 354 729 113 26 241 753 30 288 83 160 975 685 427 12 111 598 812 559 586 778 846 
41
121 98 250 663 203 705 972 675 262 143 158 525 627 41 475 377 33 577 511 177 431 150 652 601 630 304 525 847 268 765 417 100 273 86 112 984 616 586 190 199 406 778 83 134 870 94 134 558 930 745 230 515 509 826 879 136 380 732 188 425 151 409 232 127 414 628 391 801 874 405 610 715 663 453 490 507 468 885 21 233 133 127 698 434 733 588 76 187 262 496 985 643 502 267 620 712 345 993 406 150 937 471 676 38 561 783 966 996 244 802 487 51 46 606 81 986 46 205 488 728 353 825 110 848 861 439 93 184 693 163 468 5 280 71 230 239 24 24 987 691 701 379 649 467 658 891 623 417 46 338 45 780 418 26 58 184 185 95 503 168 200 305 202 328 
36
984 72 640 549 556 275 740 325 847 197 162 842 639 289 461 504 59 605 76 550 578 90 640 376 210 373 490 937 175 574 90 851 516 530 169 896 716 498 109 496 711 729 523 264 931 817 700 936 242 809 116 808 567 118 394 735 333 92 481 321 441 996 460 542 568 845 652 656 987 575 321 787 847 277 812 356 193 728 845 264 483 197 154 14 116 688 538 500 167 78 454 570 271 495 96 469 711 87 100 496 404 464 59 733 490 241 252 323 229 156 687 956 344 682 166 405 494 763 234 730 470 856 677 492 47 733 453 930 828 651 55 17 725 397 484 745 49 488 291 176 735 718 932 589 
29
452 735 193 956 975 932 520 173 873 817 345 91 994 642 447 336 684 660 650 706 467 652 653 722 647 474 165 118 158 609 891 724 992 480 142 649 128 224 974 432 578 25 720 401 104 372 713 952 617 791 264 308 650 53 155 123 712 4 628 234 350 680 353 143 717 947 922 335 140 343 806 437 116 207 916 100 165 855 910 197 265 273 354 630 472 901 648 658 451 341 376 615 309 878 346 371 768 807 626 752 878 715 561 918 145 333 219 771 987 957 665 944 98 857 430 771 
16
691 298 775 161 971 544 120 393 128 426 202 995 21 831 832 806 96 113 397 477 774 274 319 462 261 310 579 240 289 5 296 776 42 803 323 360 257 153 377 934 678 712 527 289 737 894 963 434 990 466 742 968 142 614 179 775 686 476 264 640 31 733 569 291 
14
210 652 194 507 916 750 90 856 910 845 384 560 532 790 953 367 234 840 92 588 845 237 208 139 37 437 997 751 352 47 45 890 136 991 730 159 973 28 777 133 629 605 118 904 118 731 316 278 351 870 143 919 585 717 300 930 
36
430 803 489 980 510 896 356 320 281 681 734 413 495 421 536 672 672 247 375 437 40 431 222 177 695 143 299 871 903 136 840 327 938 515 109 755 260 26 789 328 729 594 864 635 977 566 288 981 698 386 176 622 581 283 124 124 923 765 567 512 444 909 491 952 583 780 454 217 77 945 654 599 382 833 255 709 488 927 929 761 544 211 326 611 491 654 157 790 582 321 881 43 886 437 316 173 675 478 596 152 770 30 237 500 167 996 16 852 180 767 393 397 272 2 100 549 637 877 914 891 524 543 620 422 296 900 520 638 285 129 476 914 1 832 309 468 49 681 38 900 705 617 949 658 
38
228 488 773 436 640 873 334 753 329 375 157 573 704 156 421 826 46 862 640 554 358 73 968 648 23 16 88 363 546 708 244 669 575 89 493 884 921 637 328 357 666 89 935 673 426 89 435 361 395 8 35 423 418 419 265 58 359 597 995 708 998 625 57 114 592 667 734 22 797 423 292 596 932 431 132 9 542 279 184 708 893 148 723 931 518 287 225 483 39 822 164 970 662 706 118 93 273 437 771 587 719 716 404 885 155 301 937 754 932 602 874 186 385 785 54 954 761 766 423 538 768 604 656 641 805 78 73 881 17 3 493 899 806 128 807 311 554 8 448 746 467 672 144 971 979 723 776 709 703 309 775 150 
23
807 115 148 366 960 942 538 457 18 437 993 517 608 374 552 510 385 185 867 249 827 66 487 406 801 915 597 737 504 727 463 39 997 664 284 951 108 502 630 558 530 525 131 820 504 380 361 787 151 198 203 198 443 680 481 57 970 215 283 105 794 559 221 714 232 225 18 10 410 9 705 401 907 276 383 141 954 891 668 49 575 564 773 467 66 712 422 916 566 390 214 424 
41
192 563 427 103 279 810 367 157 277 767 678 216 102 848 759 103 132 645 163 134 611 649 52 159 313 575 601 64 79 287 306 578 366 695 533 913 485 539 249 538 603 234 868 484 398 28 804 45 877 687 520 690 722 69 771 332 587 852 787 174 960 133 985 826 483 648 577 158 677 732 678 38 115 980 323 655 512 495 675 869 441 88 301 179 887 941 374 227 800 640 7 755 356 755 777 227 874 87 752 12 664 203 912 682 446 690 445 420 120 612 963 134 704 912 957 855 117 816 476 577 968 595 356 150 252 764 162 472 297 737 461 636 990 245 365 217 605 840 409 192 52 683 97 542 198 210 627 766 50 498 958 733 367 723 899 203 669 572 187 832 631 599 203 445 
11
897 724 119 462 654 152 860 519 818 161 917 724 824 822 499 817 137 949 126 269 225 911 181 10 16 266 137 34 91 563 837 426 179 806 392 973 571 590 87 238 555 100 79 568 
40
98 251 836 433 153 56 942 783 803 236 761 361 608 512 946 148 21 618 932 740 227 285 826 554 844 116 3 709 27 661 231 9 71 796 620 476 177 609 22 814 397 686 311 778 880 863 941 612 644 167 640 383 558 500 290 394 133 206 793 550 522 300 125 978 145 456 870 633 815 853 258 937 647 874 52 517 772 432 747 864 401 967 774 904 443 368 664 328 767 544 691 957 357 636 44 554 788 297 457 485 922 257 788 793 966 184 161 423 457 760 491 450 414 606 426 677 218 846 922 159 680 751 837 592 721 288 280 699 44 96 521 824 873 650 460 224 671 76 283 189 472 758 959 636 260 277 309 105 418 608 246 16 393 819 745 78 839 610 981 12 
14
291 623 157 874 2 607 479 822 751 687 4 483 317 273 455 589 993 327 814 492 463 848 939 212 995 230 972 803 352 564 13 644 88 985 706 583 964 922 267 69 835 926 286 488 71 889 515 198 821 920 704 955 496 213 798 271 
30
130 112 928 575 981 199 112 120 237 59 693 216 318 427 79 456 840 131 924 268 252 572 302 431 898 561 104 459 41 379 202 403 112 804 299 300 489 559 762 167 274 724 424 880 443 11 284 889 913 110 374 626 331 596 91 714 123 246 952 112 36 800 644 225 695 692 628 529 722 12 897 442 265 56 965 875 850 251 448 6 431 635 431 613 536 348 992 197 675 958 590 548 235 723 603 415 94 119 231 423 899 533 40 543 388 808 403 41 392 976 601 581 982 336 836 966 484 188 335 32 
35
829 844 260 142 197 251 837 745 312 199 86 397 831 182 282 315 219 476 373 659 576 861 352 628 807 985 447 445 559 114 389 573 645 450 619 473 847 463 758 857 260 33 556 562 335 242 784 520 608 965 434 157 282 779 900 697 475 431 34 701 593 781 139 633 845 298 32 629 856 913 576 514 318 33 985 238 220 141 23 582 291 92 747 145 4 972 219 913 440 678 654 560 113 487 77 519 341 31 136 652 181 968 951 67 804 756 955 433 594 173 951 741 288 496 328 122 872 255 603 648 485 943 331 306 561 463 645 782 147 175 870 971 390 404 181 634 561 89 530 669 
39
870 542 671 848 113 494 224 646 868 880 49 987 23 302 326 618 52 318 436 63 477 909 927 502 290 38 651 609 745 661 617 114 671 487 380 421 783 805 264 190 251 140 226 661 445 823 975 874 839 137 590 317 86 633 854 661 458 171 885 915 171 553 2 410 384 182 262 818 416 739 319 608 834 869 555 984 262 371 723 454 396 115 610 6 725 595 846 177 395 232 602 722 162 96 508 998 746 570 847 611 720 625 188 436 273 260 410 343 594 339 117 938 983 786 98 256 187 374 850 561 974 817 194 417 446 768 915 788 966 532 606 522 493 545 221 390 691 663 604 335 748 194 555 919 550 582 947 564 139 841 76 671 421 817 680 224 
10
141 989 965 744 585 418 766 596 668 725 456 853 408 687 676 796 870 883 747 837 892 30 181 540 203 481 914 14 129 646 9 994 20 995 306 311 742 947 926 908 
43
419 749 963 438 965 98 807 146 969 559 192 256 561 635 640 444 349 729 227 40 371 609 682 862 448 873 317 79 285 940 77 350 4 936 672 452 359 642 132 503 674 655 194 597 228 167 44 412 88 50 746 839 614 388 857 893 526 274 137 275 841 995 258 60 538 990 274 713 523 636 214 177 385 589 711 68 249 481 700 462 856 946 169 545 555 225 473 423 917 807 820 538 415 973 639 136 217 373 505 50 110 969 503 663 947 555 776 382 961 398 251 159 309 134 999 444 921 468 754 850 520 548 59 361 150 539 621 846 377 207 958 629 532 338 491 35 227 911 95 214 355 646 653 108 585 968 50 276 653 482 839 460 496 41 165 628 413 357 410 384 210 122 105 914 993 136 732 782 664 508 822 855 
3
80 326 721 771 938 365 346 813 492 330 512 587 
41
483 661 605 662 416 496 149 590 802 944 590 262 645 323 938 964 451 571 605 586 95 824 346 311 790 41 338 687 900 781 954 290 409 265 541 274 764 852 506 876 849 60 545 310 398 108 42 282 979 784 751 740 747 59 656 75 773 978 464 819 219 732 87 726 98 336 250 181 524 157 611 336 761 902 98 297 996 333 466 463 661 849 921 688 248 320 527 406 765 5 65 655 179 818 295 396 444 746 953 755 890 212 113 651 869 743 599 126 601 342 469 832 564 284 875 538 413 163 70 351 921 999 816 546 904 317 145 726 839 579 105 894 349 97 594 704 215 435 361 492 655 731 385 716 413 651 546 527 95 294 209 648 543 865 85 668 718 522 501 36 101 916 844 793 
27
724 640 874 447 363 776 524 911 275 348 671 862 363 863 623 904 659 297 250 68 866 652 657 364 227 205 905 846 11 283 920 8 502 962 650 995 671 835 29 214 859 353 838 923 450 314 674 950 959 15 27 899 878 134 524 2 850 567 882 83 404 735 47 58 40 850 369 809 893 93 534 509 176 517 946 582 372 907 700 362 90 823 739 792 132 347 875 762 886 931 792 900 735 593 458 397 615 74 968 180 430 703 683 631 122 284 371 276 
17
808 307 711 744 38 649 830 146 223 641 538 524 607 706 853 231 269 461 604 631 554 604 34 64 556 782 426 28 336 224 821 518 521 593 918 783 173 861 272 111 660 936 989 585 696 498 169 276 648 608 753 805 864 763 413 837 720 232 635 489 836 293 865 218 420 216 556 298 
28
425 529 782 270 527 973 801 451 807 675 860 519 737 385 262 737 17 292 762 175 740 165 691 65 22 539 361 752 558 543 711 947 518 429 853 44 123 421 744 988 351 550 796 10 31 592 903 903 656 773 559 808 234 958 141 12 172 78 194 995 916 596 181 682 707 293 835 949 521 315 980 350 976 356 183 123 379 979 436 381 694 151 634 865 885 730 136 782 38 768 169 59 483 870 853 671 589 195 620 280 675 491 476 868 918 675 185 950 297 815 467 817 
35
591 593 254 18 439 409 358 668 844 13 130 304 647 686 155 501 250 613 858 245 912 317 864 243 152 556 838 853 87 5 672 827 591 158 239 921 723 253 390 275 394 630 823 564 826 275 497 893 203 135 141 665 150 473 157 336 374 502 703 879 434 818 166 182 250 896 794 241 13 430 59 493 771 919 727 759 586 140 463 486 194 129 310 439 695 949 626 587 343 287 115 186 686 948 935 284 217 871 990 488 412 180 928 188 111 724 795 727 973 369 403 421 467 702 620 768 124 204 997 86 35 485 696 748 954 821 629 464 449 548 179 649 223 917 805 949 307 169 860 154 
22
460 161 986 887 669 393 867 649 221 268 774 309 538 803 840 576 514 460 484 766 217 247 782 540 217 454 881 876 201 758 538 798 203 519 131 471 913 803 81 921 679 604 488 396 923 442 200 960 443 941 905 437 33 20 51 896 772 682 685 223 629 908 809 820 131 576 361 643 955 102 293 995 458 558 888 1 455 454 743 119 313 729 199 651 677 35 265 459 
40
546 89 438 63 384 949 362 934 956 309 723 710 291 465 920 610 249 264 658 663 855 165 367 15 145 985 971 739 2 532 735 783 869 376 255 660 292 270 172 172 503 71 443 335 696 457 685 228 401 767 643 769 90 833 839 307 424 301 552 338 319 444 171 667 735 211 225 273 356 287 658 75 839 138 700 479 492 327 4 940 913 530 285 553 55 343 889 346 297 948 146 109 883 834 775 898 486 298 397 715 875 794 368 735 283 525 723 305 626 214 127 961 480 130 273 799 156 544 909 241 809 147 982 204 535 640 116 318 907 305 48 915 869 971 337 124 787 431 457 235 390 189 160 445 723 58 349 314 313 739 25 229 690 977 250 147 558 944 713 668 
44
57 333 450 111 454 557 200 792 421 338 168 262 485 214 670 965 290 5 388 233 782 348 440 707 823 308 104 968 879 314 642 83 563 287 617 976 751 287 531 582 842 984 742 442 165 296 790 423 317 25 541 774 241 504 47 222 475 181 947 71 506 185 9 496 990 374 209 399 662 498 110 54 892 538 400 621 145 765 351 916 362 502 759 34 476 939 857 891 386 18 946 945 601 83 583 254 872 119 200 212 450 501 657 649 691 795 319 776 457 668 538 909 984 334 487 79 87 828 960 976 325 75 372 168 849 302 852 542 806 213 242 149 407 113 469 529 929 706 460 830 834 288 587 19 619 785 463 560 522 199 419 378 906 642 476 719 332 83 105 752 740 812 322 556 217 859 744 232 805 564 945 198 32 336 14 921 
34
983 667 121 605 974 287 820 246 217 538 404 964 625 298 456 739 320 653 153 420 9 998 469 429 599 135 423 10 174 7 896 229 70 451 875 679 179 504 782 592 173 902 365 348 347 939 537 499 667 764 17 705 885 508 806 383 697 795 802 473 386 371 699 142 984 199 404 851 409 890 404 88 187 51 135 882 584 43 125 134 796 683 341 608 504 433 652 997 762 615 552 405 574 142 479 6 189 408 12 336 258 396 469 242 680 608 540 154 174 112 340 851 644 464 398 484 9 234 590 553 886 14 157 727 227 921 658 571 750 732 368 318 810 337 449 638 
26
564 981 125 216 770 726 893 509 853 51 442 964 407 541 226 824 358 715 494 403 838 806 478 426 3 921 179 965 954 786 687 399 272 976 831 577 890 28 582 450 828 750 855 222 732 382 71 171 386 585 5 889 464 367 38 7 485 436 554 624 182 444 798 77 704 989 319 510 241 692 685 326 622 800 637 583 210 553 296 538 408 782 715 734 950 294 33 241 619 303 123 355 486 794 43 4 437 434 9 362 43 844 203 689 
18
703 561 961 327 146 482 339 20 358 900 618 960 847 798 880 552 915 675 668 210 811 571 118 920 921 766 448 475 91 812 774 285 401 752 158 495 434 477 965 191 142 823 464 679 894 821 329 845 383 19 631 664 967 484 161 870 561 756 557 189 732 410 118 409 959 283 574 43 224 564 530 598 
33
960 103 167 776 40 382 17 961 864 941 366 519 958 845 524 81 748 121 252 323 150 998 798 50 818 795 856 138 998 975 778 700 796 427 90 986 815 348 905 132 800 468 278 107 837 120 179 594 146 171 793 21 807 379 834 946 288 359 793 861 238 309 796 549 764 156 804 101 23 172 549 207 549 931 485 665 519 786 69 247 661 880 552 174 267 161 37 632 695 261 945 178 44 530 248 864 193 587 628 406 627 586 173 589 639 827 346 367 175 939 89 147 296 722 283 912 526 138 252 218 516 385 655 938 804 805 108 747 617 922 545 247 
7
741 23 860 290 575 83 587 194 231 155 43 439 237 86 642 408 892 63 347 498 776 445 234 978 399 24 334 13 
46
296 412 983 598 894 762 324 931 936 976 807 318 615 47 729 159 852 441 744 978 744 602 375 913 856 177 935 857 417 668 24 170 285 960 83 449 890 521 890 98 765 72 13 766 705 114 834 343 880 172 868 775 24 888 681 67 641 177 99 82 122 26 727 844 348 172 384 778 513 183 350 992 274 146 207 915 246 158 724 720 517 904 678 627 825 435 516 75 782 938 684 191 665 159 123 425 114 470 253 851 124 615 66 706 6 814 647 280 944 12 208 337 306 592 231 712 213 172 52 846 796 430 421 328 376 42 945 251 799 192 430 248 833 301 635 30 924 975 931 814 766 583 919 789 259 222 400 111 910 737 689 507 651 777 728 569 364 946 464 186 535 868 71 321 67 718 764 568 163 231 630 911 84 660 719 304 893 402 826 447 998 577 70 99 
5
192 807 214 869 780 892 641 911 916 238 765 418 991 988 215 956 724 311 637 670 
7
598 234 952 964 851 423 656 40 21 162 480 115 642 927 750 581 659 937 290 454 95 514 255 807 333 260 184 619 
27
242 76 831 99 921 496 763 795 26 923 890 386 242 323 592 73 997 753 523 308 890 316 557 48 331 306 356 81 750 66 284 766 1 568 691 34 235 38 733 838 378 871 596 415 173 377 362 935 997 252 78 540 83 356 460 649 993 270 28 239 48 846 789 961 293 831 33 183 955 821 283 357 850 546 535 607 937 287 178 762 705 372 112 610 588 352 464 102 155 885 98 514 373 398 384 293 138 626 985 335 125 615 301 554 195 322 373 560 
16
848 41 703 177 797 577 597 838 70 386 445 916 775 643 667 944 594 685 844 660 381 754 503 863 989 583 476 85 382 369 865 584 776 30 431 615 351 21 814 416 937 630 744 414 996 980 663 681 903 594 314 585 295 883 855 594 359 391 84 116 239 211 586 664 
39
369 912 663 89 585 413 679 989 419 810 339 645 124 738 491 113 935 881 248 87 835 781 483 231 257 649 49 330 427 392 560 665 284 891 964 158 919 795 440 453 85 825 482 936 987 343 794 875 668 659 256 296 398 895 97 180 561 814 744 260 416 813 808 308 369 197 785 994 25 415 417 284 315 879 819 786 354 219 578 800 649 458 593 351 944 752 280 148 745 538 871 676 285 240 810 581 81 830 218 472 934 197 358 347 522 477 612 439 891 295 373 716 941 437 744 797 520 773 396 273 503 436 400 566 244 184 135 744 321 13 920 803 865 563 786 108 98 197 648 737 340 612 253 263 850 217 795 687 868 895 49 32 613 4 517 321 
6
684 262 539 594 336 725 519 508 368 619 183 921 510 716 810 991 885 759 552 685 405 11 521 951 
28
999 149 659 665 685 512 298 430 471 65 945 943 146 487 255 765 620 47 485 921 159 186 31 349 956 823 512 798 944 958 41 590 275 403 655 433 980 212 260 517 62 981 889 811 604 480 322 399 859 499 541 644 564 799 819 777 620 912 393 69 78 234 196 640 307 418 95 960 807 702 910 676 697 785 619 359 789 557 545 873 47 461 948 239 988 357 645 64 399 392 187 937 403 33 364 679 909 644 959 817 125 96 467 275 780 635 143 443 554 219 37 937 
38
10 556 588 666 2 387 984 975 923 610 411 603 534 101 743 444 459 144 317 595 827 688 852 510 274 354 192 424 181 231 671 825 7 277 800 964 338 463 796 317 975 255 108 519 121 736 895 157 825 207 947 97 860 666 516 613 933 313 788 875 89 142 847 376 934 148 456 196 923 975 638 44 583 768 822 938 260 515 78 875 210 355 399 781 54 259 683 705 712 267 630 742 287 633 92 264 421 917 178 8 721 523 991 303 369 222 621 186 760 130 373 752 704 525 297 517 866 625 520 258 321 491 441 30 925 967 422 916 432 52 591 935 713 135 295 487 783 560 685 900 292 624 858 788 691 942 839 229 255 144 580 983 
31
257 871 806 211 157 3 466 987 34 241 31 563 94 754 648 683 206 701 390 857 695 840 524 237 67 232 175 427 4 929 692 981 247 853 720 285 98 597 672 36 62 363 178 463 351 796 370 741 138 491 316 733 328 233 186 613 229 645 547 339 227 994 630 107 346 845 56 844 877 272 465 834 235 654 221 910 168 2 750 237 123 952 280 342 961 743 72 755 431 674 285 663 829 580 247 717 779 239 728 431 971 531 541 18 699 763 258 223 421 871 464 307 299 260 329 177 58 464 268 210 222 610 758 60 
15
423 483 528 12 199 142 503 704 197 162 968 6 176 870 799 591 622 770 874 119 222 430 929 852 308 305 530 731 482 276 706 76 749 227 890 542 741 885 615 161 376 814 923 503 682 610 637 831 74 967 750 139 836 960 805 234 27 605 375 363 
22
97 541 233 244 113 672 988 863 960 541 316 128 655 2 283 731 705 631 984 890 36 209 589 680 998 556 912 529 640 140 886 129 152 588 126 812 519 324 937 543 497 613 33 676 681 727 205 305 142 855 495 596 935 378 693 97 932 41 540 885 291 69 930 138 80 118 289 66 151 229 857 502 197 373 298 769 437 630 426 7 867 242 19 929 316 833 453 497 
17
678 383 583 523 334 779 491 650 903 29 235 70 923 78 524 392 265 377 115 382 188 78 218 788 857 389 804 522 156 560 480 253 873 779 499 595 731 639 727 397 886 538 873 411 237 496 25 417 253 270 750 385 45 253 191 539 755 346 360 429 729 279 124 396 545 75 520 757 
2
894 102 518 300 854 286 639 660 
22
534 244 255 371 729 987 875 261 99 112 428 176 725 33 270 404 755 257 139 40 320 564 357 269 2 380 431 109 774 11 528 232 2 394 370 12 220 643 738 757 124 957 962 706 351 181 404 720 681 460 691 196 799 349 672 493 51 901 768 726 808 662 194 446 64 46 274 414 876 403 525 766 783 168 566 457 868 29 944 585 648 820 786 858 550 864 953 21 
50
848 664 586 902 306 814 742 870 733 892 662 902 231 653 426 669 463 514 1 887 706 606 740 697 397 643 40 377 897 798 435 265 236 15 951 145 204 92 602 187 53 991 698 401 802 84 975 318 145 833 732 6 948 762 579 44 438 988 700 324 461 382 136 82 296 570 517 445 395 827 661 784 316 69 429 707 754 764 823 577 316 769 770 968 714 796 675 359 967 505 702 465 488 476 913 207 612 334 895 933 556 384 977 25 98 283 309 202 716 446 494 551 643 998 229 903 60 634 384 708 181 452 731 365 443 773 115 326 301 154 883 718 657 518 211 674 990 583 954 515 574 77 784 764 366 178 769 758 571 397 985 899 942 475 237 867 819 428 304 59 932 787 676 363 124 593 679 268 220 450 877 883 232 432 895 91 123 235 927 815 717 754 987 369 425 76 668 893 404 710 530 776 676 914 244 13 81 587 491 844 
26
701 341 843 300 522 540 721 489 793 61 164 885 675 853 201 465 428 402 31 537 808 7 187 864 361 282 806 978 281 987 17 160 628 818 956 233 463 747 910 118 475 477 954 311 189 899 668 982 731 718 901 863 984 903 507 496 801 364 2 902 922 485 564 392 138 201 117 57 528 343 814 543 314 627 844 659 694 175 813 382 445 99 391 943 830 5 568 755 449 740 897 418 132 818 37 882 867 191 866 394 465 574 118 285 
12
437 939 109 145 174 599 585 752 342 913 634 423 515 487 427 22 243 561 882 29 768 756 854 244 125 295 991 786 1 675 798 595 261 419 292 179 472 143 768 145 868 203 93 930 539 243 368 911 
49
308 966 95 70 839 455 744 167 408 419 67 909 222 522 547 469 860 526 908 256 105 113 367 909 891 997 997 702 150 577 259 193 386 673 509 378 97 501 504 386 341 180 734 327 153 264 368 745 776 568 226 220 190 229 995 515 155 59 312 276 871 835 578 91 973 416 978 389 3 764 843 339 970 823 601 887 554 647 654 520 581 552 493 925 309 283 542 668 441 938 373 985 252 315 405 782 424 794 706 323 924 573 386 995 636 603 430 710 313 610 208 379 548 318 620 861 368 811 88 495 630 605 813 743 633 255 708 943 347 251 398 118 414 775 588 80 760 598 860 66 48 137 602 3 373 631 324 153 476 469 321 367 649 945 686 963 6 946 774 98 718 804 616 527 629 813 613 330 442 578 918 403 206 620 195 30 574 669 356 53 574 118 854 525 198 13 353 35 810 267 810 411 403 495 757 473 
28
874 815 506 402 614 592 921 50 299 44 552 727 841 718 752 194 859 422 843 801 726 563 137 282 311 456 393 212 596 714 113 310 315 106 702 485 177 533 525 759 998 578 314 835 873 943 261 82 636 987 69 430 721 139 865 115 292 51 530 675 288 78 658 122 626 506 859 656 976 989 12 597 623 141 370 565 69 473 667 97 384 625 235 209 27 63 456 576 315 277 863 417 761 668 838 410 207 303 616 853 334 906 881 401 219 401 967 142 604 668 338 511 
51
848 280 442 978 267 821 560 737 244 343 171 342 884 231 353 30 102 132 986 208 931 486 941 743 645 140 403 792 595 334 858 66 123 980 111 66 791 374 670 679 937 616 319 778 76 429 59 581 845 179 326 288 285 719 668 613 398 905 549 210 829 530 721 274 518 912 986 499 488 811 41 480 952 300 755 124 569 794 915 25 160 376 88 71 726 305 761 414 564 173 927 93 415 696 365 790 738 577 562 202 791 244 871 421 781 280 863 668 396 18 914 310 797 181 150 750 339 662 406 172 923 786 725 679 730 909 17 380 977 586 723 790 554 122 609 650 977 263 323 889 126 589 742 808 878 84 65 596 892 450 712 640 711 110 428 700 93 886 246 338 493 561 597 941 428 47 389 580 830 502 579 706 272 446 130 530 920 851 671 703 475 697 956 730 774 979 341 353 367 756 376 824 365 514 267 236 722 244 139 956 127 130 787 411 
27
993 913 135 476 469 70 585 121 591 501 863 899 515 217 627 536 435 543 537 613 295 798 494 698 504 491 164 384 316 75 391 214 962 192 72 723 361 483 91 804 831 3 286 922 398 807 61 462 473 669 663 868 886 938 573 682 883 704 493 242 898 704 730 569 590 43 688 225 182 239 927 354 258 462 822 969 354 360 57 837 25 150 635 407 542 384 74 178 424 203 629 381 706 552 275 650 943 74 688 111 229 207 680 446 876 621 754 29 
1
112 151 105 705 
29
801 521 265 746 745 812 867 263 562 619 253 949 171 665 60 536 141 880 48 750 683 939 341 907 791 794 476 569 130 218 979 449 813 279 667 109 496 654 710 862 463 992 232 340 386 178 893 496 244 511 823 469 764 904 858 242 787 7 630 393 391 714 492 249 743 764 492 591 896 684 980 666 259 821 870 278 49 63 880 127 657 237 898 598 62 891 669 328 971 672 188 706 674 824 425 169 563 741 775 133 267 793 904 221 637 523 94 898 711 902 498 254 114 289 829 474 
34
302 570 964 492 621 291 521 347 848 160 988 147 822 298 367 463 283 331 667 516 772 836 144 462 253 435 923 710 767 505 927 13 709 10 959 647 177 396 371 973 78 85 998 977 39 336 900 845 412 82 336 949 904 382 194 9 892 690 483 572 102 400 617 776 730 870 911 300 624 758 410 40 633 309 744 745 90 757 487 494 117 965 659 881 371 452 154 694 483 827 123 714 733 60 870 34 863 471 435 735 62 729 475 773 785 662 860 635 444 347 435 976 907 55 427 317 520 738 86 660 567 9 909 255 583 557 930 164 959 568 400 227 798 84 525 528 
15
46 278 388 762 695 253 887 753 587 696 28 822 353 342 823 51 342 861 865 834 836 178 795 227 309 551 241 385 856 892 797 832 295 461 374 171 533 821 727 83 59 569 84 179 788 986 14 291 434 370 270 668 226 769 61 467 719 481 324 562 
50
703 20 96 918 962 26 747 990 547 638 243 123 264 621 940 716 260 223 181 431 689 138 498 433 593 378 732 410 701 276 865 697 259 241 550 311 72 486 760 290 11 604 117 937 373 615 526 512 88 81 452 199 621 922 933 869 218 612 475 905 701 76 330 482 14 30 934 924 189 352 159 443 885 426 810 590 115 60 400 893 895 148 605 387 747 133 66 603 408 579 889 957 99 866 253 150 40 266 357 278 999 254 591 688 820 388 16 205 984 673 411 211 642 396 270 144 185 657 545 47 525 207 282 578 637 986 750 219 528 438 916 969 21 805 694 609 751 540 208 732 431 293 140 580 386 516 829 370 364 503 825 951 598 358 747 782 601 236 292 615 267 189 273 623 431 252 510 195 284 982 70 386 335 142 537 71 922 749 165 259 950 765 286 370 833 653 578 794 920 161 123 593 19 892 887 573 855 93 905 291 
24
548 122 832 696 216 20 220 433 371 25 642 718 50 886 746 75 724 346 246 327 815 674 561 756 587 198 380 28 794 27 178 586 213 859 777 579 178 340 253 2 184 444 573 647 868 548 189 74 287 76 569 417 978 460 66 904 648 163 879 240 725 791 71 289 834 540 754 656 175 380 973 231 15 638 157 839 7 109 813 760 93 500 271 77 840 728 617 555 524 385 217 16 777 145 884 487 
9
529 139 283 262 728 20 148 987 786 492 740 298 136 262 112 337 576 554 802 972 865 621 896 20 647 539 609 372 754 594 290 194 387 883 611 280 
13
878 304 262 929 15 845 967 428 558 116 577 286 51 488 496 101 140 743 733 396 631 167 159 165 32 885 355 745 152 908 823 200 281 403 338 362 305 808 822 699 794 710 283 429 62 287 92 474 699 211 679 155 
44
133 718 797 64 507 785 757 752 101 384 345 449 172 62 497 559 778 263 976 308 284 934 744 522 516 939 739 630 635 922 43 569 797 762 885 652 168 557 115 961 783 58 216 358 78 50 829 131 873 663 880 591 252 230 308 807 974 436 422 339 126 956 619 23 617 455 424 683 712 711 705 233 348 919 630 348 581 700 992 618 292 134 98 65 770 789 320 137 323 125 403 546 65 975 588 217 416 125 809 490 555 95 432 236 701 601 333 761 906 527 496 927 903 533 235 812 98 714 887 412 301 828 393 317 504 178 295 864 715 681 690 263 833 102 720 722 116 385 863 885 509 565 166 621 303 140 235 504 576 684 634 476 293 592 464 568 326 393 601 150 96 153 662 558 582 284 632 363 287 791 629 293 783 416 535 736 
23
547 270 390 26 469 36 858 285 842 376 910 888 485 228 781 271 840 20 865 143 523 931 739 516 752 333 737 253 659 207 675 102 417 235 119 858 644 800 455 622 558 729 711 80 56 882 67 628 444 893 861 822 126 858 1 945 857 428 968 892 691 870 992 897 894 396 98 312 236 351 76 268 887 1 981 105 955 246 468 875 470 176 180 60 864 675 726 848 136 808 598 231 
1
717 301 465 906 
36
413 267 949 753 94 27 15 601 255 601 172 613 215 491 91 138 390 376 384 694 93 641 825 441 694 541 119 193 48 309 931 572 651 486 537 708 225 162 221 413 717 772 979 675 901 335 271 338 624 606 233 708 462 527 735 267 823 711 821 356 922 327 695 89 411 384 341 559 581 897 343 397 362 822 967 110 171 290 189 389 64 914 544 817 566 705 594 704 519 937 495 261 629 829 399 776 580 792 447 717 433 584 343 225 704 310 72 483 419 927 722 484 908 339 900 16 97 295 215 940 292 933 192 903 243 710 987 880 397 126 230 353 977 523 328 399 679 571 462 954 83 703 803 622 
10
644 716 964 637 305 218 516 77 84 950 229 254 220 222 543 883 477 249 924 286 793 623 776 290 515 502 864 429 937 775 394 825 15 181 824 245 799 107 534 597 
50
437 13 240 697 217 651 462 194 151 89 121 437 794 177 577 846 727 82 510 128 382 341 988 413 648 307 406 426 31 17 996 251 741 139 702 746 977 207 804 312 839 515 869 309 234 481 30 596 895 530 357 290 711 867 489 141 303 628 824 316 590 759 799 641 437 282 900 569 292 682 263 166 694 258 460 389 800 566 587 733 88 413 804 849 420 223 453 597 41 524 805 506 213 486 86 284 403 667 762 608 391 280 129 946 238 273 696 645 924 347 14 89 826 348 600 487 796 311 394 275 583 896 137 702 908 911 491 975 830 359 372 82 226 66 152 617 237 729 544 556 767 393 932 680 212 161 927 488 876 11 429 596 643 605 273 679 823 769 623 465 792 203 568 803 980 303 623 196 675 189 155 962 750 811 605 578 267 880 134 295 681 227 481 58 527 267 725 370 693 253 6 387 19 639 525 548 436 308 843 999 
31
755 765 973 931 257 614 882 401 795 645 429 739 125 534 910 248 359 683 510 973 349 645 549 766 330 717 843 848 731 451 54 308 825 882 379 34 922 89 150 908 438 738 59 269 102 937 605 406 380 266 193 902 19 961 465 606 296 768 266 745 117 476 174 498 533 828 132 564 960 314 954 327 951 257 552 486 829 506 224 503 960 256 293 267 692 580 142 946 97 214 580 658 108 667 149 19 216 857 907 104 590 782 793 438 999 938 720 939 825 883 793 364 839 488 417 957 438 734 219 788 688 977 560 554 
53
472 542 464 116 249 685 233 420 117 879 960 101 980 918 195 966 563 862 498 618 219 83 107 964 100 234 898 759 793 913 976 509 307 84 637 331 135 247 21 13 222 971 352 580 622 549 640 559 912 593 471 211 823 142 331 979 593 177 109 401 570 335 448 26 834 87 559 497 210 891 423 235 229 916 919 193 330 232 217 396 277 616 710 408 624 859 584 254 530 831 603 287 784 110 301 613 158 787 894 142 925 117 567 534 109 311 355 659 465 131 387 687 124 647 691 824 750 930 741 34 999 978 781 789 692 117 787 577 67 111 166 978 885 925 770 667 916 641 304 262 135 777 288 395 331 140 72 477 384 798 941 148 90 618 879 512 243 831 134 470 517 838 396 349 597 672 669 720 10 637 714 140 823 334 183 700 520 553 367 897 361 828 667 43 465 44 937 364 736 387 413 987 414 469 940 302 447 253 678 972 395 446 176 548 234 453 727 762 924 742 876 127 
4
556 25 904 889 1 362 525 273 470 306 272 201 129 951 130 737 
39
583 938 313 230 247 280 487 406 33 96 631 234 815 886 252 743 391 509 33 532 506 517 833 142 651 723 278 919 166 468 459 316 141 220 156 232 864 711 774 428 67 434 646 182 536 995 772 670 399 283 696 588 916 597 137 242 111 615 809 491 955 452 616 819 887 144 533 167 283 16 970 197 355 886 447 767 401 726 178 565 891 276 711 721 624 132 117 961 494 31 956 159 415 585 497 380 141 998 318 860 137 970 403 556 650 566 885 265 565 235 63 938 222 738 43 365 59 395 761 643 981 495 827 356 118 397 628 533 247 938 80 356 959 497 553 442 460 230 450 85 117 321 760 679 365 242 553 367 828 933 37 806 237 485 767 240 
44
311 760 46 876 984 339 890 813 426 790 413 950 383 345 175 698 38 245 878 167 219 132 999 379 759 967 797 809 804 620 851 551 908 644 95 302 422 860 775 411 143 451 413 569 534 974 52 135 131 700 667 166 353 236 570 340 263 493 598 191 185 231 609 559 822 589 397 201 140 170 760 386 503 904 432 256 424 362 992 375 610 381 930 311 856 887 192 677 454 935 585 717 440 682 399 380 152 547 42 506 496 579 479 183 637 285 257 325 75 725 600 198 978 251 340 569 808 463 776 918 581 351 470 395 150 400 878 97 158 706 185 191 201 957 138 939 644 52 41 185 315 579 256 354 75 237 477 480 862 304 485 111 386 195 245 670 358 825 934 699 770 544 110 37 643 645 770 406 69 982 342 306 967 243 832 26 
23
840 361 451 610 100 245 627 578 839 736 309 602 827 513 371 975 654 664 219 731 110 898 872 604 122 695 943 399 424 677 542 334 552 26 220 38 516 771 656 571 625 321 83 949 972 215 103 510 327 206 501 365 798 376 218 479 465 526 633 965 157 768 468 472 885 704 877 318 965 281 830 840 381 606 979 835 458 7 52 988 54 846 6 779 8 642 441 600 819 296 409 901 
4
783 15 426 37 919 312 498 81 740 68 761 797 643 921 686 437 
2
941 615 310 855 957 520 112 466 
10
286 508 991 676 386 157 537 843 112 13 594 752 407 927 747 35 503 607 208 568 847 982 821 176 62 887 234 849 281 453 700 513 731 315 205 284 4 374 837 146 
31
395 511 77 31 828 285 124 704 742 109 691 99 740 359 851 14 834 668 454 578 592 499 869 354 876 936 125 35 140 415 694 695 458 347 59 10 142 611 578 491 135 32 231 614 964 922 688 114 27 128 182 50 896 702 278 137 457 24 818 843 184 421 398 308 730 22 667 738 872 307 481 850 971 300 596 257 935 153 669 444 177 335 661 601 107 171 15 706 614 188 745 318 447 521 18 390 302 897 957 618 116 779 675 476 905 13 826 695 649 423 513 320 462 373 3 249 353 179 656 522 813 836 498 196 
40
494 660 624 182 786 572 82 223 199 502 190 28 454 973 572 457 367 750 490 533 624 109 273 254 136 283 519 254 580 675 705 151 684 874 768 576 464 176 156 719 672 479 128 139 997 200 338 451 286 69 173 599 4 551 581 25 718 168 655 784 382 92 732 583 271 517 602 126 353 504 418 881 979 879 109 424 594 275 967 357 912 655 406 301 601 506 155 401 485 756 136 783 213 746 63 767 75 756 206 131 905 725 825 947 662 419 545 557 639 66 736 699 354 128 123 920 319 541 908 191 515 832 550 34 328 130 570 454 482 270 586 687 181 920 643 559 274 639 15 480 921 619 781 411 829 879 778 815 228 303 105 82 447 18 131 931 854 770 661 200 
16
310 642 727 973 317 286 842 198 667 287 339 831 287 304 496 725 149 363 635 20 924 468 772 668 387 728 565 858 896 937 53 520 318 584 596 702 784 789 224 309 339 220 279 512 766 621 262 50 445 913 162 947 862 924 500 974 342 22 123 382 702 94 817 482 
1
821 317 779 675 
43
699 434 932 780 140 367 171 835 874 447 862 701 529 643 661 865 321 640 504 327 58 852 258 431 730 188 369 365 676 296 493 284 31 608 290 999 501 446 940 155 969 101 82 669 112 935 570 595 209 31 111 661 724 384 192 427 272 313 436 929 899 564 441 986 754 500 895 35 329 842 389 134 780 794 650 132 746 181 966 664 592 782 148 965 72 329 723 251 541 223 110 439 627 52 923 501 508 889 833 596 236 969 371 760 708 289 493 942 346 263 447 112 529 850 623 231 772 920 822 319 842 187 833 806 976 849 544 234 428 139 521 133 33 764 442 38 219 620 52 2 849 765 860 50 272 383 408 135 223 875 853 47 691 863 797 118 457 82 606 899 616 699 681 737 918 817 936 86 100 312 250 245 
3
983 969 729 915 92 432 38 942 54 635 682 941 
12
943 880 63 613 627 445 51 115 114 675 945 836 329 614 326 939 35 129 865 773 965 664 562 935 16 924 105 463 936 146 105 691 318 236 24 304 792 916 100 914 530 153 951 202 313 734 233 935 
12
151 272 871 344 155 592 274 787 142 459 935 313 297 29 579 549 875 454 946 204 240 589 891 189 522 30 152 265 583 373 374 947 7 266 650 804 228 94 258 451 872 911 321 432 824 355 148 572 
48
189 237 777 114 2 855 479 569 892 529 411 546 126 224 228 309 292 453 853 631 509 920 220 943 624 241 643 280 657 410 383 156 320 832 69 277 454 44 735 803 32 171 145 312 555 105 982 851 376 96 874 285 252 205 272 284 757 995 526 794 670 235 2 711 968 494 390 794 415 430 173 117 584 925 13 323 749 640 979 447 771 592 855 530 464 13 251 558 665 718 3 375 515 228 791 741 894 253 64 694 421 279 177 609 294 417 450 139 841 676 391 180 922 36 804 341 631 446 806 895 993 506 630 238 655 118 708 522 646 388 652 774 420 552 64 632 710 252 613 663 177 684 624 508 316 440 823 118 641 619 464 572 68 876 156 14 166 727 172 745 242 229 663 771 162 363 836 984 252 963 348 644 674 532 215 536 408 993 932 529 117 862 960 614 778 659 748 2 405 379 453 890 
47
134 813 282 7 669 279 962 54 739 294 621 542 102 177 137 975 532 741 796 610 196 909 675 490 742 141 265 900 276 892 269 167 85 762 82 507 854 678 864 613 692 514 420 415 597 972 191 75 342 200 64 730 44 986 216 716 873 974 921 727 509 824 129 181 15 863 718 196 273 671 835 277 712 815 170 74 168 477 170 385 984 37 148 994 766 179 761 517 475 581 683 986 452 192 519 101 833 648 808 984 941 265 5 945 846 633 412 246 239 625 110 701 602 789 990 496 522 294 353 519 544 918 774 376 118 999 390 371 882 960 386 382 710 211 749 70 446 416 601 143 329 743 37 158 961 730 321 810 833 758 843 158 596 307 712 418 109 375 279 377 153 659 356 361 411 974 21 697 787 639 666 353 358 421 509 839 819 575 490 210 282 725 192 718 863 882 170 501 
48
786 170 342 183 233 901 584 940 448 145 624 40 933 130 866 325 727 198 373 890 726 561 595 811 325 869 851 246 170 212 739 548 956 166 419 799 908 907 844 65 682 758 299 20 612 149 139 861 772 227 373 893 364 887 590 615 996 614 198 498 654 652 576 302 724 816 250 26 657 226 307 297 69 475 205 952 804 2 213 363 889 374 503 124 368 525 619 618 828 349 7 745 523 50 269 602 685 996 547 889 492 575 924 574 845 952 953 954 889 326 176 292 572 297 563 358 302 58 892 606 928 253 611 541 135 450 423 1 341 403 742 587 33 346 793 125 889 621 243 486 118 502 205 409 23 10 859 101 178 919 357 169 414 74 863 285 47 506 234 507 811 941 725 323 911 602 623 840 801 193 787 743 963 202 736 60 84 178 653 937 925 528 166 451 85 224 283 611 682 716 393 772 
26
644 980 28 994 346 241 9 186 74 239 553 496 256 233 853 358 914 446 422 516 438 703 401 291 827 54 662 50 151 513 570 561 376 132 539 970 231 864 528 734 462 558 654 191 270 3 359 377 44 776 964 467 601 989 848 96 971 588 82 289 149 205 345 436 225 985 393 671 469 198 899 358 940 615 370 403 364 308 274 4 10 245 479 926 296 492 304 424 210 389 73 516 99 357 64 360 231 810 629 776 777 650 510 767 
7
228 177 408 233 345 713 102 88 457 954 968 321 879 835 763 246 184 934 825 654 808 299 769 238 891 294 128 718 
6
928 201 597 161 992 824 734 489 35 912 686 832 255 388 925 307 963 802 374 493 635 353 82 477 
53
473 965 691 909 414 430 901 22 411 304 441 348 362 970 229 221 10 351 670 819 14 271 756 694 645 875 362 10 194 258 850 615 855 797 780 59 663 949 593 866 315 551 358 192 498 781 337 459 887 208 296 577 421 143 810 719 352 817 64 387 233 377 322 853 542 347 292 211 914 235 734 436 266 515 898 98 667 899 633 732 218 551 510 223 983 853 471 226 941 66 593 578 44 278 706 186 430 273 575 186 438 877 439 683 972 626 574 847 410 244 8 573 984 298 832 764 344 30 395 317 394 734 760 318 559 292 201 867 202 815 116 671 945 51 772 490 597 376 588 547 958 776 281 417 484 733 140 916 509 783 165 603 144 733 528 158 723 235 232 583 803 449 374 853 417 980 683 104 480 834 380 443 288 936 817 401 109 343 606 543 956 195 78 826 959 771 408 474 624 895 835 679 387 112 26 139 401 805 845 685 430 189 917 756 785 452 512 460 567 597 369 187 
40
506 884 754 448 440 523 972 554 834 79 920 836 631 547 249 528 633 324 90 69 274 190 298 458 709 231 271 303 818 70 663 949 442 763 2 853 142 271 644 48 565 158 907 615 849 551 600 53 391 717 858 997 279 602 556 958 738 33 374 768 949 389 71 96 956 834 939 55 182 298 130 497 379 181 200 788 261 371 622 939 443 546 714 57 362 471 190 612 829 758 78 454 549 284 613 773 85 71 439 50 588 464 625 973 690 209 764 58 419 919 361 697 88 579 600 609 620 14 723 445 749 352 285 563 751 238 81 756 915 218 840 176 88 646 128 637 463 59 416 202 554 673 606 604 278 745 754 295 531 611 365 354 933 658 177 310 796 230 644 76 
32
785 119 182 424 233 530 662 909 761 902 123 234 870 925 432 449 782 616 888 486 701 972 117 207 870 313 49 135 121 359 143 663 363 487 940 512 522 781 155 419 763 568 575 494 142 917 182 381 976 472 978 612 694 80 7 383 130 828 867 943 358 608 515 358 89 436 244 524 333 535 567 229 286 857 893 283 467 708 369 385 150 912 835 521 83 467 502 790 740 137 699 758 14 412 569 818 741 23 857 44 616 742 677 43 28 692 964 858 839 872 61 883 140 547 283 966 660 7 217 114 404 283 938 556 564 466 465 758 
49
144 819 117 53 847 933 529 820 309 410 16 162 851 92 397 353 645 523 397 599 506 591 719 428 901 269 923 805 268 137 243 826 734 134 435 607 959 564 633 584 290 711 32 61 451 162 745 553 214 81 942 656 856 51 755 58 113 873 512 781 758 286 705 90 870 166 820 996 591 895 738 997 969 748 568 298 612 65 270 854 931 985 881 28 278 889 242 339 647 214 134 705 729 666 510 590 36 250 837 969 910 410 559 17 338 115 356 395 339 848 927 463 255 364 682 395 561 46 120 382 520 193 894 236 797 728 620 904 636 182 324 568 43 102 346 838 406 247 327 265 617 164 27 23 715 785 566 152 970 603 931 660 643 626 649 790 54 933 420 227 281 587 447 587 577 841 563 690 13 870 442 806 222 386 922 313 32 481 250 926 437 301 244 22 229 392 849 952 809 769 991 541 911 79 244 542 
15
462 159 951 552 199 287 580 130 410 6 723 651 974 465 463 731 330 547 297 74 40 499 903 29 55 703 934 102 731 139 675 252 772 784 553 149 362 48 198 213 270 489 826 477 199 540 619 322 307 699 380 439 566 544 998 929 863 233 948 164 
28
53 570 486 327 150 588 537 847 704 824 494 5 741 556 996 614 13 862 694 973 851 350 981 399 454 102 589 575 950 612 582 116 753 319 585 400 4 280 600 320 749 82 890 880 548 562 954 309 657 533 207 327 65 908 911 753 30 848 171 264 205 524 912 780 246 247 698 578 738 252 879 104 594 588 642 219 744 451 855 250 658 742 935 219 374 779 282 570 259 643 23 346 751 605 951 486 775 607 496 247 498 51 74 380 457 639 139 192 2 250 176 18 
1
922 49 888 465 
11
353 434 252 160 336 986 671 322 549 510 440 24 583 450 860 102 46 851 497 789 558 796 328 336 755 28 170 445 194 645 209 356 588 828 40 817 60 252 616 271 729 62 380 235 
6
973 758 256 268 332 222 859 720 790 325 584 714 480 125 182 597 544 577 999 567 595 305 299 226 
42
645 727 67 676 446 855 391 575 672 676 981 991 713 812 216 738 506 403 284 588 18 111 196 163 20 717 879 987 438 183 611 221 521 863 719 305 845 195 878 927 673 266 310 344 966 399 670 422 788 794 20 582 611 233 199 543 162 464 126 647 275 817 193 655 868 445 602 792 379 915 600 48 822 955 431 87 714 922 164 746 678 264 829 773 626 377 275 607 800 52 832 321 714 580 811 436 499 241 198 555 202 859 854 254 860 678 438 73 387 970 510 753 552 769 346 366 291 434 69 550 659 253 740 475 904 826 455 99 285 983 628 179 603 823 228 586 796 21 564 814 389 55 490 167 716 799 882 574 61 481 821 947 984 880 567 298 885 784 469 945 836 628 844 588 610 99 67 501 
40
218 625 581 758 88 970 285 326 922 846 69 361 71 622 127 767 44 6 581 185 206 243 241 70 158 408 209 329 53 976 338 19 455 213 252 302 265 860 787 160 101 297 987 295 941 202 438 417 580 648 272 627 97 834 272 851 709 91 944 817 315 611 133 842 43 19 420 152 315 385 813 427 295 771 71 777 231 725 270 937 111 362 226 774 662 322 954 915 639 753 196 883 748 26 554 404 874 454 207 753 424 262 716 565 16 898 118 489 327 754 889 805 739 950 237 515 440 836 340 769 613 538 596 891 52 261 509 535 395 499 349 582 360 74 902 761 783 574 50 220 153 904 464 203 980 491 22 918 492 568 363 877 787 732 746 621 666 374 284 734 
12
934 382 545 473 177 716 734 587 795 540 446 9 313 339 794 162 675 27 564 959 98 471 332 48 460 254 719 649 425 95 262 474 885 719 806 720 558 178 748 616 53 200 637 277 171 934 111 973 
41
533 870 466 190 46 810 672 595 181 361 464 105 687 662 777 682 848 875 67 45 921 304 454 854 346 925 784 718 913 220 32 798 613 996 916 391 406 814 534 258 182 45 945 155 277 287 863 55 456 857 3 526 756 581 728 965 42 737 816 362 649 17 249 329 266 292 413 156 813 311 151 248 288 500 263 820 298 840 276 92 274 541 283 285 810 549 597 168 363 385 219 575 226 78 981 162 337 209 479 223 255 409 813 8 783 252 26 589 932 152 35 404 647 683 430 396 78 80 593 62 819 560 217 576 403 126 158 549 403 851 742 128 977 349 232 958 647 632 482 702 974 29 315 172 547 580 378 633 926 203 572 378 451 419 346 680 772 618 205 51 754 548 614 478 
43
948 266 727 831 374 978 277 513 184 283 850 360 912 499 828 742 826 163 512 33 255 799 182 839 803 460 438 535 629 765 544 852 476 917 809 368 376 782 965 286 646 863 438 208 586 369 229 328 747 445 232 881 907 796 918 788 640 137 871 946 908 484 831 773 856 76 403 202 673 853 57 690 245 432 299 457 668 530 716 832 463 57 302 499 267 212 207 213 940 589 45 313 135 521 423 549 716 612 815 476 582 835 22 421 556 884 792 624 866 682 72 561 558 639 794 891 249 728 538 691 330 431 734 499 580 192 290 395 964 356 925 448 893 694 646 380 463 89 467 303 507 550 574 842 766 620 843 982 880 563 1 241 550 106 806 725 415 283 244 394 804 616 405 564 959 761 303 989 566 778 72 386 
39
969 272 721 290 52 847 474 496 242 909 341 415 479 138 410 907 832 866 202 495 573 868 754 427 328 77 284 412 801 556 535 951 932 109 94 338 381 647 236 986 563 591 479 872 431 627 953 353 776 228 739 519 209 967 722 649 871 126 642 49 698 443 66 980 369 378 409 467 651 86 53 280 850 429 667 239 149 567 517 240 55 419 764 7 122 556 958 353 454 142 767 890 988 57 686 304 977 204 777 126 973 598 549 39 302 688 514 93 350 315 753 617 348 70 911 546 791 648 338 299 939 537 717 271 626 130 659 305 636 218 839 270 275 728 670 440 312 911 857 964 338 601 722 119 900 597 780 626 438 385 949 213 477 517 862 42 
60
40 3 857 409 108 804 992 948 668 848 479 327 34 414 305 521 755 653 833 829 480 689 236 349 603 662 572 994 997 782 736 778 238 945 617 970 422 930 933 434 942 23 344 260 624 38 614 724 417 761 231 631 964 589 524 286 571 654 818 457 527 772 801 222 863 339 887 478 834 230 143 960 912 842 366 828 829 930 678 55 827 920 86 173 610 410 498 360 741 668 228 100 901 967 486 924 985 568 244 447 158 15 705 799 338 442 938 747 902 817 698 287 894 8 643 633 23 699 234 506 203 345 260 981 149 870 106 682 261 78 724 794 506 508 292 682 659 52 335 969 668 775 384 30 124 400 391 40 267 86 919 470 676 414 975 481 205 606 877 375 564 6 89 307 133 427 723 232 52 121 477 985 289 189 460 400 512 550 908 63 361 709 517 120 119 946 257 985 435 708 287 860 905 512 895 528 732 618 296 431 815 176 773 271 22 128 515 29 96 612 824 670 275 208 497 843 457 800 584 389 664 476 250 408 745 585 256 759 230 938 358 199 957 835 951 788 618 209 511 527 
52
136 828 590 966 536 386 48 424 650 142 685 987 115 826 537 562 110 188 421 663 25 426 232 827 768 839 219 469 621 640 352 992 5 798 489 534 60 261 179 72 931 889 9 632 205 248 657 270 552 209 502 758 107 79 75 458 741 320 375 190 19 787 198 583 642 894 296 685 555 396 205 163 241 313 804 651 959 505 168 767 618 425 947 180 101 632 869 486 82 149 146 363 310 505 588 529 959 863 656 51 530 489 26 493 959 531 47 518 575 199 778 60 779 976 850 477 783 72 621 927 610 15 432 881 889 839 427 916 208 145 665 109 711 337 402 175 233 687 410 424 734 241 17 429 662 971 539 231 486 720 466 608 384 900 933 889 247 139 745 282 442 496 68 233 199 744 181 891 996 110 284 13 791 189 223 872 273 628 775 974 124 546 932 370 728 231 869 623 434 769 885 376 595 889 38 284 705 380 855 952 847 509 337 344 237 460 142 994 
41
525 678 784 317 932 16 344 804 132 831 431 254 125 753 87 348 264 232 140 232 491 985 737 580 574 175 847 645 168 849 108 461 696 874 158 210 779 785 260 840 314 434 513 997 430 590 637 26 762 662 73 862 675 408 579 8 245 652 767 60 659 58 994 176 242 999 428 610 652 731 784 927 347 737 438 376 444 826 559 654 647 395 465 489 450 586 854 164 863 386 275 275 686 604 29 744 444 832 289 907 187 410 30 181 966 693 440 403 816 878 408 968 87 647 995 782 544 921 401 846 390 26 640 749 782 361 328 857 239 191 712 628 165 909 4 197 575 311 723 183 549 958 324 868 856 868 715 665 894 981 384 667 429 960 498 748 261 147 860 820 46 457 947 544 
8
464 335 831 579 420 561 861 662 997 701 404 904 535 850 919 795 398 343 783 730 40 694 596 138 249 2 808 138 614 1 895 894 
35
26 582 649 926 96 573 872 553 76 505 73 35 781 350 339 92 77 643 293 249 780 105 424 984 330 262 471 820 924 122 578 411 746 945 36 270 636 845 4 119 222 489 548 370 539 459 234 610 640 162 174 296 854 289 106 606 806 244 46 380 509 971 982 443 210 276 288 462 547 639 677 650 328 388 735 474 503 279 97 691 738 827 93 827 335 697 358 267 935 530 246 905 672 60 457 707 533 133 163 332 84 389 223 557 322 374 432 48 326 802 639 206 888 623 353 35 164 770 17 116 392 228 893 339 928 653 966 465 767 489 365 534 877 652 564 713 575 516 41 775 
33
687 648 98 149 826 476 419 266 218 112 308 601 189 408 824 190 265 103 777 275 108 886 252 823 589 847 291 612 445 739 309 371 920 638 450 188 783 517 173 171 717 366 783 611 126 504 491 312 58 969 358 96 695 876 977 795 153 368 387 737 796 675 701 719 556 357 990 315 64 256 964 427 350 306 404 239 705 763 171 296 813 59 474 103 551 763 949 91 479 266 101 748 886 974 118 206 669 591 859 822 528 347 390 98 623 956 642 835 642 535 978 883 33 374 430 848 391 213 92 848 976 356 841 610 821 892 804 662 694 195 276 573 
26
934 119 945 844 594 41 978 948 631 241 740 922 546 978 229 128 226 745 691 674 566 299 399 508 731 894 786 407 881 312 184 582 883 838 561 174 38 808 481 235 296 882 387 543 111 687 607 839 99 818 790 118 560 463 125 718 770 945 394 262 882 588 211 767 865 299 529 755 782 42 519 252 674 231 765 316 487 292 334 422 486 269 448 394 493 781 350 152 256 642 944 880 529 514 981 221 270 239 97 513 489 807 890 649 
52
927 321 162 159 311 904 391 779 711 42 218 11 356 885 563 287 564 302 651 389 759 892 877 714 685 521 652 179 812 278 39 755 674 138 685 84 397 450 136 41 594 196 500 920 150 608 252 726 121 680 338 448 664 231 886 722 357 806 955 350 179 306 423 219 328 771 771 445 731 693 316 145 888 222 516 347 92 12 822 909 648 418 600 141 665 968 656 405 371 36 599 293 138 890 224 320 43 553 522 426 441 19 207 350 768 735 433 561 450 980 81 211 261 581 508 59 852 400 137 746 911 890 711 316 62 382 933 591 22 247 755 927 569 673 478 355 655 871 427 459 920 558 964 671 783 711 206 635 914 464 300 724 507 29 912 34 292 722 652 287 382 522 498 100 127 149 543 630 742 627 721 718 570 836 395 113 714 147 239 153 763 998 918 858 548 322 496 702 177 641 732 123 353 357 417 860 779 589 532 249 333 278 752 398 395 788 11 329 
54
499 306 524 200 8 685 238 444 85 664 338 560 825 235 161 973 479 840 924 385 808 481 880 242 400 53 314 786 736 573 556 829 960 116 290 886 748 238 12 812 861 805 546 807 430 613 996 324 606 210 222 976 275 729 581 763 708 392 264 478 902 997 363 69 599 650 952 59 581 441 823 111 303 440 272 42 44 963 22 237 723 668 837 92 424 28 604 610 421 1 218 382 501 378 20 330 828 171 952 367 85 388 639 499 26 410 68 640 865 108 964 810 974 704 3 547 409 209 734 115 30 649 923 289 540 183 332 828 845 418 250 325 595 355 245 368 207 98 87 103 202 43 894 358 852 345 647 268 983 641 255 15 64 132 737 425 600 603 245 378 42 733 598 955 958 445 218 804 193 640 495 978 707 541 967 365 538 43 246 634 386 64 680 979 713 234 851 50 242 710 130 132 860 500 890 379 471 896 955 165 582 366 500 813 242 149 61 618 105 312 542 804 653 650 504 594 
44
392 616 937 129 775 334 596 202 898 782 4 874 146 400 536 112 178 633 84 858 667 725 409 948 6 427 632 833 949 238 591 794 289 22 332 561 906 498 722 603 545 922 419 832 13 985 496 433 286 106 778 705 783 735 833 456 581 520 999 739 829 979 211 921 26 853 687 283 524 691 546 424 176 301 690 63 769 757 273 149 606 559 950 825 196 461 441 451 679 499 917 125 852 672 77 348 26 372 303 750 839 921 587 394 728 745 971 311 470 166 289 194 48 852 522 395 945 5 899 520 871 64 143 998 31 115 329 84 35 570 480 336 736 978 331 774 640 15 726 614 928 297 308 103 50 306 10 600 700 227 850 3 577 306 532 615 170 803 645 301 840 263 603 279 572 659 60 680 339 357 296 388 624 830 870 676 
3
413 195 309 228 949 180 254 215 914 632 97 611 
63
282 156 136 267 222 520 109 53 254 481 396 389 202 929 739 661 746 713 503 73 20 915 717 463 411 904 688 591 469 162 546 347 155 598 698 237 971 916 177 641 768 776 259 680 58 31 574 797 241 373 531 719 868 366 644 176 780 666 871 858 516 769 112 62 224 137 579 190 168 912 875 824 386 91 361 666 933 890 314 813 268 650 697 884 253 119 366 734 476 965 240 421 214 601 347 648 578 693 78 823 31 660 995 258 963 337 329 134 647 229 691 699 512 506 760 815 607 951 668 125 45 294 253 27 745 170 313 435 540 112 571 765 686 828 521 739 77 141 224 671 94 664 570 6 389 614 22 703 499 379 143 403 153 908 625 538 699 487 139 220 800 628 129 450 442 887 825 111 568 434 243 358 666 225 774 443 559 167 477 723 110 578 666 331 736 901 676 957 801 480 383 564 595 763 103 280 743 226 583 988 427 109 51 756 622 639 648 235 722 202 151 789 808 559 889 782 916 886 130 412 592 669 224 186 292 347 475 651 880 328 115 699 662 456 499 569 443 580 123 755 444 467 962 609 868 185 670 98 64 816 43 477 
