326
1
163 672 330 351 
1
817 231 731 811 
1
965 764 102 480 
1
154 974 343 327 
2
682 110 657 191 677 936 940 659 
1
931 826 270 305 
2
60 79 872 129 283 977 319 107 
2
777 989 936 506 741 343 67 530 
2
63 455 759 906 126 283 896 997 
1
459 825 796 601 
1
136 989 143 775 
3
631 841 367 703 881 579 145 975 422 78 150 185 
1
192 86 269 171 
2
941 944 809 238 624 408 850 353 
2
354 137 219 826 698 28 902 510 
2
275 427 207 840 847 83 3 237 
4
759 234 627 708 683 280 247 552 451 510 39 993 833 756 616 740 
2
320 989 12 262 807 230 24 248 
3
444 409 228 882 559 231 255 864 920 259 629 298 
4
862 365 734 192 2 934 980 775 613 459 864 934 407 808 408 609 
5
135 26 968 852 381 947 305 249 831 674 719 725 268 426 702 315 356 191 911 966 
4
636 180 998 124 389 564 539 447 299 116 100 920 88 886 793 560 
1
891 845 882 279 
1
546 731 658 857 
4
925 327 623 869 730 984 944 574 570 81 541 827 304 906 47 223 
2
523 678 476 102 458 44 426 590 
1
502 631 624 561 
1
332 328 827 576 
1
996 622 92 826 
4
633 993 286 974 232 965 49 872 453 848 404 552 60 735 96 899 
4
877 441 320 611 688 690 804 326 758 322 498 473 775 119 388 835 
1
268 607 441 143 
2
854 559 594 559 8 721 89 673 
1
891 161 526 66 
1
965 367 713 106 
7
103 920 927 639 385 633 449 675 844 341 633 798 841 814 851 247 354 323 689 840 631 740 904 616 655 550 269 55 
2
140 444 616 638 700 676 219 270 
7
588 837 80 532 989 649 411 974 381 74 301 753 345 342 875 278 728 8 529 796 873 849 284 1 609 722 817 221 
7
15 160 12 219 517 106 942 920 515 623 441 705 929 918 21 444 245 308 699 900 340 147 487 426 520 781 571 244 
8
370 345 760 349 242 736 166 347 800 734 19 424 937 179 15 151 113 635 94 781 240 513 51 999 482 74 574 711 939 363 598 856 
4
293 600 256 726 582 495 429 840 789 785 822 256 978 649 695 761 
1
40 239 180 161 
2
983 380 445 546 404 426 472 425 
9
887 321 147 390 585 220 952 681 205 158 782 598 245 771 108 426 289 153 999 576 578 181 505 498 176 823 261 2 732 645 961 863 887 305 860 316 
2
916 806 938 251 32 881 194 438 
6
290 674 750 576 911 565 759 786 648 286 649 868 517 828 596 208 125 356 167 772 3 185 551 646 
3
637 225 991 815 873 477 495 85 192 714 150 434 
4
816 452 767 205 338 363 644 574 154 607 893 485 947 390 322 662 
2
23 248 909 176 26 858 601 396 
3
283 116 729 294 619 121 39 545 55 454 51 561 
8
801 575 96 85 204 286 417 671 151 600 237 114 686 728 372 104 810 701 352 261 464 804 791 425 961 297 222 641 787 33 889 13 
11
309 534 308 95 6 731 920 38 94 734 954 590 79 535 266 387 287 341 423 426 216 842 167 697 271 496 349 627 321 15 327 845 68 430 258 861 602 358 800 236 529 650 188 655 
6
128 941 17 699 460 727 887 338 306 70 169 452 76 325 349 830 282 664 53 424 239 397 866 748 
3
904 122 230 127 357 491 870 23 420 613 165 925 
8
651 794 228 874 143 301 2 755 366 122 611 629 491 890 242 351 957 866 416 525 949 536 341 475 668 597 123 878 881 325 263 605 
2
531 790 960 588 962 7 95 193 
8
904 161 778 745 464 375 802 348 521 936 762 629 388 926 524 169 403 823 808 253 644 377 759 240 123 465 710 930 96 799 86 514 
7
729 583 373 191 913 120 117 64 60 717 342 169 34 758 348 412 287 659 695 570 882 757 739 278 99 467 405 158 
9
538 346 432 301 548 193 808 735 46 904 185 410 474 495 640 506 989 701 9 300 59 117 684 333 17 52 379 670 45 311 756 38 618 793 734 222 
1
356 621 899 650 
13
295 265 389 954 830 622 291 229 387 798 659 984 648 310 598 864 164 7 642 164 205 195 201 263 437 196 73 771 212 822 236 711 212 649 349 627 781 51 719 686 508 312 658 751 98 977 487 356 302 54 251 690 
4
896 455 66 395 356 890 96 439 967 695 877 675 895 692 697 86 
13
815 407 959 389 123 747 409 683 134 94 593 838 696 570 905 825 465 325 679 574 752 294 671 384 688 927 750 646 449 19 886 716 401 128 203 135 403 596 234 889 277 410 413 554 264 707 286 179 556 955 743 832 
8
728 131 4 298 97 176 72 276 663 649 903 658 246 677 461 111 429 88 743 296 346 874 55 128 329 499 339 871 297 949 451 750 
11
18 315 576 931 430 959 173 938 480 619 291 927 93 573 662 987 345 252 581 577 847 165 573 119 36 108 708 699 950 481 663 783 213 665 178 672 640 923 266 802 571 866 273 65 
13
539 101 682 734 939 589 248 242 673 361 419 574 524 574 627 792 712 175 974 729 884 729 912 875 941 92 879 413 472 870 828 999 93 402 679 94 510 545 736 999 40 583 928 884 163 969 535 818 402 235 274 692 
3
283 657 753 655 333 964 611 764 921 592 360 90 
3
329 73 180 215 7 550 604 979 278 793 990 610 
13
423 169 318 853 669 377 976 749 746 616 25 391 762 405 521 140 809 420 503 587 12 797 334 404 730 825 470 545 276 568 665 210 778 684 775 414 596 564 558 476 876 35 203 789 255 379 370 884 72 34 157 739 
12
416 317 260 905 287 144 996 551 142 781 916 439 540 24 90 725 349 181 440 182 179 701 804 430 416 443 427 953 831 308 229 98 407 841 383 957 566 445 162 39 53 725 232 270 883 140 309 174 
2
738 904 483 352 606 148 369 400 
5
196 789 763 804 644 794 267 700 394 829 274 687 943 977 197 747 732 754 974 938 
5
519 685 912 892 923 57 656 972 575 238 286 528 617 609 128 182 306 348 98 27 
10
851 350 117 229 877 999 705 736 581 843 815 412 629 1 4 247 112 619 48 333 564 479 190 169 222 972 736 783 242 521 662 924 789 78 47 963 934 477 97 201 
1
757 596 640 872 
7
532 288 730 968 677 671 509 244 501 6 89 932 808 242 213 211 740 649 856 876 346 396 331 577 954 423 477 914 
11
173 312 962 800 986 66 494 386 259 377 821 763 887 252 992 981 965 909 819 148 192 775 665 349 997 193 671 550 834 248 788 231 565 337 311 921 739 693 943 514 486 783 209 691 
7
855 192 516 565 301 15 383 359 729 470 925 909 758 266 752 876 233 246 486 678 813 331 42 962 254 111 602 105 
1
312 589 363 154 
5
371 8 700 705 77 59 321 269 747 191 66 903 120 519 687 140 579 56 795 717 
4
640 670 666 313 914 425 532 369 243 902 182 349 126 254 74 934 
14
740 130 395 917 687 834 124 153 683 17 576 716 855 373 161 325 252 523 124 579 329 623 145 123 814 374 885 47 649 629 637 412 829 569 626 353 707 94 216 543 573 340 802 959 691 326 737 116 325 682 971 563 377 156 116 363 
15
387 334 204 417 903 965 684 543 340 30 859 938 861 505 277 997 910 47 91 643 512 458 556 781 778 420 358 833 999 469 767 947 890 195 264 384 635 515 157 165 837 187 841 393 896 138 897 684 518 495 333 657 237 657 358 152 940 571 261 527 
9
672 926 259 12 377 526 265 262 125 673 462 789 157 240 734 495 394 54 256 450 405 121 419 62 707 807 698 458 819 268 600 526 689 627 287 72 
7
665 840 211 414 62 880 428 823 310 75 168 64 634 939 156 845 23 852 956 138 608 231 475 762 63 857 53 253 
5
12 563 699 662 913 146 278 421 303 143 951 805 118 64 920 400 101 224 374 520 
9
405 211 539 166 546 622 205 163 511 622 670 346 196 939 71 365 191 463 677 702 369 193 367 226 63 506 683 744 367 259 679 181 510 375 798 907 
16
249 23 799 285 168 725 443 3 55 480 332 809 971 493 319 205 725 460 188 710 712 446 608 54 156 276 199 840 949 650 30 874 292 635 773 622 635 690 473 111 925 128 15 81 983 827 662 65 286 508 187 858 36 945 121 754 796 4 965 647 216 121 209 539 
8
423 835 530 60 964 372 554 361 858 396 623 307 104 268 72 839 169 107 832 813 306 983 696 904 978 458 374 692 385 472 511 446 
17
809 836 451 797 163 322 628 42 154 755 979 103 939 707 194 100 746 3 944 622 478 431 195 747 966 63 951 21 210 79 322 16 362 833 189 604 638 471 372 354 247 129 395 306 120 899 892 268 863 195 595 67 489 851 259 837 667 794 272 741 780 182 346 895 733 390 839 358 
15
194 142 324 369 777 2 628 702 93 957 589 277 845 165 909 423 381 46 201 191 511 87 596 54 826 623 442 575 721 729 384 108 855 341 452 516 348 780 267 34 927 735 20 74 487 515 582 766 515 160 366 642 186 718 664 596 756 866 534 412 
9
721 118 184 16 301 189 324 71 261 530 491 723 634 885 951 38 649 282 684 567 997 175 527 286 993 753 682 780 314 56 491 553 606 917 496 468 
7
67 687 445 419 967 966 712 659 918 62 602 369 475 700 470 162 861 110 767 216 776 249 806 956 570 281 153 316 
10
43 585 393 505 698 119 978 929 63 104 456 317 20 192 78 870 987 591 330 618 338 18 703 286 732 981 741 411 921 645 140 772 320 516 998 721 428 728 984 742 
18
47 952 658 992 518 576 438 900 62 336 921 314 250 518 127 250 21 158 504 838 628 649 121 513 355 549 313 178 752 861 590 218 206 874 239 674 152 366 578 639 402 799 179 68 676 413 840 291 660 999 615 633 379 236 139 109 576 318 370 773 681 304 225 886 893 179 124 93 121 93 722 100 
4
294 852 986 655 751 188 182 482 534 681 568 81 305 8 535 180 
9
434 176 380 33 564 429 879 978 758 314 946 658 767 768 245 385 138 361 928 702 879 657 96 903 736 135 409 471 280 364 336 21 648 897 557 574 
5
379 143 814 609 647 822 981 157 696 259 802 9 694 191 416 926 858 465 254 521 
4
713 955 319 425 640 777 884 739 475 771 301 817 833 860 130 257 
12
84 950 851 599 910 185 968 396 246 827 483 302 754 610 708 297 898 896 871 896 335 713 285 595 51 338 273 734 360 666 508 723 125 139 408 76 40 856 98 615 508 572 318 296 410 863 964 208 
3
147 729 985 278 621 551 433 151 815 259 738 701 
14
911 888 656 612 957 660 439 840 782 781 641 415 702 210 318 502 394 337 611 22 265 8 46 468 180 136 475 713 384 87 316 670 821 860 320 86 875 712 90 438 413 476 6 290 963 556 147 548 70 461 120 999 482 243 558 572 
18
826 962 549 393 276 874 455 223 64 854 118 421 656 304 855 129 411 951 880 493 316 323 576 712 490 453 167 294 967 594 497 584 934 776 243 896 455 713 265 900 452 547 472 848 766 886 559 212 268 920 798 622 972 558 276 697 972 861 238 655 137 417 498 896 791 291 801 992 730 977 2 768 
9
571 81 54 826 375 320 626 731 461 318 366 171 36 483 899 433 706 204 757 936 917 419 237 944 119 457 116 582 41 323 506 39 687 36 862 537 
17
62 477 880 755 683 164 507 722 201 654 805 487 237 50 100 203 267 790 719 991 130 377 121 589 224 623 169 565 74 315 412 525 185 954 148 728 857 417 398 960 483 409 180 644 356 950 512 990 291 865 496 913 956 450 554 700 570 442 471 669 739 379 405 385 53 72 634 307 
5
591 701 646 444 667 642 995 746 689 691 130 538 972 6 630 159 467 957 629 735 
18
451 507 305 458 504 467 749 74 232 83 560 605 752 476 782 873 131 929 623 104 802 534 897 783 436 549 769 763 411 322 55 157 72 336 383 839 399 481 678 812 944 358 606 177 605 210 992 390 909 450 483 195 386 501 508 287 299 943 921 922 851 712 967 576 893 12 144 278 985 299 436 872 
4
647 273 879 438 773 741 291 763 304 849 859 62 2 32 613 66 
7
583 831 449 573 553 157 477 447 886 337 640 221 984 144 417 488 168 22 693 925 562 127 186 463 174 409 627 345 
9
584 179 473 153 807 961 363 660 423 278 123 234 434 319 32 369 170 134 46 398 681 111 412 410 873 103 423 920 816 439 240 153 53 729 870 687 
18
941 977 196 172 527 866 830 759 275 548 480 501 980 952 346 13 411 409 35 964 892 40 967 854 721 230 567 732 459 113 578 664 989 509 487 486 950 553 854 121 660 250 298 912 691 769 284 890 441 222 82 243 473 11 942 756 476 235 85 622 417 216 626 915 229 267 800 844 128 515 942 675 
5
534 712 972 729 213 453 500 597 678 447 77 470 766 402 684 710 971 582 424 600 
7
766 179 582 419 344 443 980 652 344 103 674 669 907 892 15 691 383 165 931 890 49 348 965 995 564 503 34 907 
19
442 933 667 463 956 112 879 678 856 791 664 827 637 398 674 401 127 555 550 926 950 561 902 106 137 235 813 130 509 897 86 215 865 919 498 450 853 863 823 221 250 294 942 563 14 249 655 688 881 474 237 891 925 845 642 741 58 49 89 966 513 371 108 542 565 945 592 372 287 53 156 732 387 707 434 236 
14
6 831 272 789 123 922 307 176 106 712 586 335 750 456 125 554 509 747 764 482 500 87 866 215 698 557 49 290 263 235 572 565 309 765 496 636 139 753 733 883 840 462 419 937 509 11 73 766 985 898 672 732 531 97 727 448 
4
124 682 834 12 136 688 759 197 71 344 567 61 50 987 509 560 
9
226 859 367 640 757 984 389 339 796 494 490 165 138 870 706 350 807 943 756 384 691 92 479 7 82 592 490 893 33 430 432 492 650 734 150 241 
16
189 387 927 932 31 515 476 829 647 618 646 334 183 356 566 927 605 112 649 438 246 536 25 412 871 744 173 555 842 913 2 149 241 205 898 168 922 733 919 187 799 511 482 12 174 842 212 551 601 411 449 269 278 967 809 870 881 753 470 369 37 139 600 341 
5
309 994 996 795 272 735 440 717 435 280 505 863 68 380 900 590 799 604 596 825 
8
580 847 214 709 167 874 264 617 915 335 641 597 992 848 70 144 434 692 562 545 428 870 367 841 34 537 481 245 377 678 612 267 
22
197 83 508 325 761 268 362 172 647 374 324 270 177 811 455 918 517 821 823 49 912 38 899 973 331 172 236 210 723 853 275 307 175 704 455 317 773 872 704 220 876 511 363 126 441 787 776 979 756 551 938 23 716 474 919 712 723 590 794 357 664 176 893 106 454 850 186 246 524 881 391 996 5 547 632 206 565 789 671 276 591 312 622 997 505 359 148 247 
18
637 586 358 143 10 245 344 14 600 635 751 785 633 441 215 739 66 512 689 603 868 623 686 87 703 766 185 765 473 261 807 106 754 800 508 368 628 974 55 680 556 773 989 458 571 172 922 293 582 217 412 718 817 549 253 341 87 684 167 919 822 291 927 125 349 733 22 995 274 775 548 191 
6
541 242 594 284 72 681 392 132 198 947 40 762 16 24 316 782 194 813 769 502 998 428 998 912 
14
623 749 850 919 498 674 439 410 864 318 451 980 450 164 70 717 963 864 831 80 128 321 421 469 927 986 976 322 430 716 168 882 750 343 145 9 771 80 777 907 220 530 100 499 175 165 53 818 843 750 160 927 699 890 926 206 
12
418 609 851 478 598 444 144 199 279 722 197 259 466 103 518 567 380 951 149 518 701 790 161 706 782 373 752 879 31 841 86 600 396 890 627 275 83 618 320 776 746 4 16 888 807 962 41 231 
7
792 750 933 831 956 947 142 755 196 566 993 911 280 431 376 146 999 8 998 164 5 896 492 350 915 392 91 409 
10
778 603 340 952 666 132 210 202 43 728 599 544 96 248 8 915 620 730 633 90 597 430 812 505 4 402 434 651 569 686 497 972 279 752 514 310 501 401 144 997 
4
799 70 22 323 68 274 338 878 78 135 264 847 433 62 40 960 
2
285 948 778 743 395 695 625 707 
12
293 757 299 308 230 422 19 888 875 588 996 256 996 610 590 990 450 697 44 446 808 436 930 39 46 164 706 319 400 740 445 955 298 934 881 922 829 170 515 791 498 649 119 254 55 83 109 858 
8
944 589 119 184 464 17 141 914 396 439 511 481 60 735 735 820 967 928 475 53 728 272 332 968 482 327 31 287 771 333 802 815 
14
371 129 570 563 257 822 844 138 751 128 591 133 892 638 304 795 519 4 359 565 273 487 786 61 411 290 255 531 733 365 792 799 990 224 950 50 550 544 525 903 673 372 258 733 4 908 754 714 151 858 878 360 847 331 243 56 
7
925 896 231 707 982 49 600 578 887 991 459 185 933 658 614 247 470 348 852 921 381 1 198 378 395 248 87 87 
4
878 806 319 345 431 608 86 217 562 72 221 612 175 933 68 709 
23
634 143 654 311 637 766 188 715 639 537 705 756 696 163 399 886 945 736 142 770 796 549 436 321 449 250 3 445 845 719 436 64 232 346 708 574 285 571 833 781 475 410 750 918 587 368 166 83 555 252 241 406 598 810 378 499 409 408 656 261 442 831 248 323 555 437 292 325 41 408 472 507 722 77 911 180 58 414 778 838 716 670 117 929 911 192 375 179 803 807 758 434 
28
820 274 416 364 649 472 892 47 788 658 265 187 661 175 350 138 275 751 857 798 374 168 26 637 963 723 946 105 485 421 366 904 571 555 810 366 512 204 423 761 786 235 496 518 135 462 111 203 629 958 559 826 997 435 773 936 171 445 295 616 992 51 944 313 464 418 848 20 241 473 876 542 886 101 655 504 510 731 703 491 671 551 891 520 383 525 917 13 416 321 143 457 899 939 223 541 138 630 103 383 234 359 897 520 805 199 844 888 569 379 948 603 
23
817 948 653 810 797 831 490 114 147 448 340 440 509 671 726 939 240 398 387 875 472 465 861 737 255 745 451 831 257 151 364 87 752 8 583 979 818 575 845 936 575 899 22 361 867 370 353 621 91 960 771 368 364 159 437 884 261 413 303 802 103 577 516 368 808 769 665 294 538 63 977 67 140 469 318 925 749 219 789 136 820 36 736 722 76 427 169 950 636 686 188 17 
13
756 494 135 686 784 796 322 493 381 83 883 254 844 320 303 73 37 56 11 874 980 314 44 357 164 491 659 561 515 255 592 779 59 22 740 100 376 251 483 349 48 407 869 28 60 641 609 990 726 344 157 843 
4
791 59 790 544 176 482 83 90 943 872 636 101 941 310 351 107 
10
555 822 590 943 931 255 954 137 471 8 355 420 719 888 393 458 38 12 82 750 406 230 677 429 573 767 935 763 88 548 628 236 131 203 642 442 143 897 963 376 
6
879 815 338 452 312 822 90 690 156 251 287 437 380 931 630 287 963 640 919 873 742 557 903 578 
22
938 184 379 668 591 446 39 671 328 679 28 213 976 634 390 452 823 832 855 485 94 216 858 487 245 126 651 836 469 285 649 525 66 344 721 889 54 553 47 538 574 181 204 516 511 531 35 57 37 647 382 287 390 735 967 560 783 741 278 459 570 888 537 59 345 324 158 472 517 124 577 990 566 184 303 19 451 296 352 390 526 165 447 810 181 582 146 239 
18
397 497 884 266 687 942 261 558 555 821 705 504 865 703 580 364 991 37 853 301 243 450 920 468 917 887 63 864 605 188 401 211 882 22 142 345 98 726 295 260 647 904 797 175 896 873 687 813 797 611 590 926 697 848 965 415 80 963 360 321 735 218 126 836 790 736 136 941 916 812 477 219 
8
803 955 437 964 909 718 550 214 920 777 815 265 183 723 657 402 512 526 939 477 710 585 388 409 970 8 767 838 739 479 791 788 
22
479 641 975 119 43 579 415 405 549 341 481 258 987 251 206 995 509 699 597 633 85 723 653 518 895 859 311 579 6 402 990 521 603 343 872 853 388 51 118 356 753 595 472 353 617 620 6 90 142 573 526 50 492 326 402 229 193 115 571 957 334 723 843 891 578 929 798 485 523 397 512 650 859 127 757 253 49 437 57 28 460 319 414 29 795 798 771 619 
12
47 883 92 642 261 787 405 646 651 968 64 900 319 990 71 342 641 884 18 943 408 372 677 612 836 645 498 160 516 238 831 541 502 265 923 328 843 441 266 871 721 616 852 508 137 391 351 704 
7
796 19 420 825 138 293 310 195 623 312 206 764 911 974 166 744 582 441 38 955 665 270 993 559 631 103 134 283 
12
762 414 555 22 974 465 454 875 803 533 847 341 794 152 90 263 895 638 513 991 929 982 788 683 861 96 636 338 603 988 691 545 704 726 569 566 709 67 49 482 162 200 189 399 245 126 285 373 
10
305 48 402 97 586 213 840 66 73 397 971 386 443 446 506 566 742 86 855 80 333 100 275 839 884 296 514 907 179 894 855 889 611 417 806 583 902 903 709 25 
28
187 691 425 283 978 114 321 139 32 775 613 148 273 131 905 143 831 745 331 977 803 14 326 786 18 207 930 7 851 949 309 441 914 691 292 96 484 293 346 201 668 168 993 301 54 614 822 457 346 388 732 523 432 173 528 724 470 48 689 155 252 532 593 534 815 875 947 506 284 186 881 163 434 884 158 50 889 728 383 639 459 939 194 724 355 982 793 214 644 44 672 685 736 860 913 726 262 384 592 932 701 75 292 974 170 649 854 498 552 849 240 190 
8
954 278 442 120 268 805 52 928 782 410 763 986 331 78 704 285 346 665 75 542 298 558 206 951 358 984 861 545 134 557 576 392 
16
182 776 123 591 346 17 16 68 530 374 922 301 450 219 196 578 181 243 663 593 680 387 887 90 463 365 722 813 359 936 503 916 908 100 910 801 72 996 406 605 852 337 59 297 624 7 223 749 278 142 940 592 247 468 119 711 738 808 113 413 161 558 619 758 
24
920 33 34 322 666 976 38 878 127 997 49 969 77 119 402 241 868 977 177 214 852 286 310 688 946 704 843 110 527 659 22 220 210 690 36 768 608 81 901 319 506 890 662 377 648 320 427 985 533 476 749 336 160 14 863 332 783 451 499 230 628 237 979 368 155 616 956 112 785 809 280 239 443 154 376 322 481 568 805 744 385 455 822 588 656 337 628 738 747 515 391 728 453 497 988 924 
10
854 684 701 547 333 433 818 395 80 604 449 745 805 738 526 918 85 770 234 462 695 630 816 555 871 596 919 245 819 649 864 479 182 598 288 59 985 664 278 8 
32
882 373 57 175 355 723 758 650 900 565 339 649 469 766 244 731 941 381 456 234 394 654 961 655 468 666 133 268 214 312 25 108 804 384 204 465 986 893 436 202 531 282 852 117 404 944 475 617 548 638 239 952 669 241 474 297 171 579 642 489 25 746 7 495 182 15 245 330 458 266 322 305 271 701 654 779 419 292 910 777 177 229 792 929 282 863 652 756 421 448 280 157 118 893 192 124 768 518 956 353 803 316 235 702 487 456 52 791 503 862 127 489 204 707 563 182 281 837 874 33 722 961 282 574 903 144 894 989 
14
80 900 1 650 811 942 82 1 750 248 732 321 740 156 968 116 970 848 456 490 771 400 727 173 987 266 404 515 286 414 620 832 976 181 415 636 835 833 950 794 971 791 931 882 738 72 287 282 17 890 914 997 173 653 217 577 
11
731 286 709 906 730 539 649 510 761 409 255 294 845 293 238 368 552 477 226 67 925 578 29 727 527 280 343 195 322 198 760 421 113 475 535 375 354 54 580 551 905 113 317 479 
12
636 73 634 164 466 980 895 69 659 766 977 327 43 817 88 195 278 840 660 267 351 113 932 456 657 591 808 589 39 856 551 247 226 269 615 997 175 893 734 206 40 172 216 683 806 880 375 119 
14
133 39 148 494 997 431 342 64 509 338 425 645 873 769 851 633 987 293 700 827 650 854 910 828 9 187 100 928 520 68 523 641 218 933 433 130 973 694 672 533 462 268 469 148 253 270 79 828 705 795 291 277 771 763 54 59 
28
190 482 366 436 422 118 364 369 428 290 653 351 616 414 504 285 707 120 456 330 377 563 712 904 107 145 910 578 579 754 864 980 630 790 258 965 29 321 43 438 12 167 116 940 611 462 271 688 900 786 544 582 445 823 519 861 388 41 298 22 856 274 384 20 104 76 638 315 354 772 697 850 14 121 537 673 35 621 422 763 639 697 926 842 123 336 744 837 423 463 48 803 155 195 128 983 846 9 595 969 879 118 216 381 370 228 576 197 638 886 44 479 
24
520 902 326 594 518 811 712 182 7 913 909 460 81 867 877 363 40 745 493 621 926 48 579 144 937 669 132 546 233 154 964 965 582 993 694 536 766 323 251 472 171 222 767 555 695 250 292 446 286 748 462 287 128 871 770 342 508 402 739 952 126 222 292 442 417 415 220 234 314 631 111 518 886 792 437 743 337 70 490 256 207 536 45 369 731 174 46 733 882 41 360 657 676 204 441 60 
33
381 142 910 405 337 729 660 753 840 637 753 267 785 91 569 734 514 448 992 828 708 404 856 147 895 35 940 261 894 231 559 329 281 345 974 73 746 875 492 76 959 121 556 342 12 86 365 163 432 951 391 888 184 766 985 183 157 732 667 626 219 980 619 965 675 777 29 721 94 136 220 365 673 179 988 632 176 314 433 794 583 359 70 758 182 685 462 403 277 537 821 493 590 998 871 861 188 782 245 694 205 547 908 574 606 429 720 83 233 733 522 663 626 125 380 626 7 827 101 792 42 277 683 798 168 682 148 932 883 986 622 872 
29
329 280 360 903 149 495 630 586 108 101 964 899 853 568 724 941 746 249 692 743 340 684 670 634 471 926 76 870 963 57 857 162 219 166 198 810 215 969 475 168 424 51 412 443 310 264 949 100 758 560 429 627 521 829 91 942 203 424 50 819 824 336 584 891 944 138 167 426 547 325 615 228 56 58 693 500 296 589 784 984 531 309 304 280 476 510 148 95 704 86 907 407 41 802 658 463 764 11 795 514 748 589 380 446 711 620 41 501 298 482 337 387 552 525 720 527 
3
937 759 733 780 305 31 375 385 459 893 961 345 
12
887 151 596 589 160 313 701 497 421 275 522 520 918 757 762 233 838 764 591 136 234 803 950 68 575 828 367 362 561 313 383 11 538 244 705 560 24 554 703 898 781 425 898 798 107 473 247 243 
21
144 163 458 407 259 362 494 559 938 414 843 431 343 323 846 675 10 451 113 221 205 379 807 923 350 807 985 819 18 777 262 515 125 318 177 718 918 210 831 819 309 540 469 488 47 420 299 836 678 987 970 794 964 344 205 223 950 738 294 890 326 628 731 203 190 880 184 723 514 969 640 173 328 973 902 129 966 936 486 220 771 166 286 489 
26
49 951 981 473 988 613 11 967 322 785 806 629 879 424 131 369 379 274 211 499 447 105 376 994 441 408 283 976 843 786 650 415 770 168 560 670 893 613 142 621 354 23 547 97 366 88 257 786 433 893 647 282 730 256 503 519 25 306 179 915 754 72 29 791 212 565 425 636 59 466 542 790 14 740 453 72 88 317 144 920 161 272 18 491 140 187 424 717 535 391 630 248 637 509 464 712 808 240 988 32 718 540 211 753 
7
569 931 783 815 803 437 719 317 818 121 391 964 602 74 950 969 723 633 641 369 970 815 403 844 631 512 877 283 
22
955 739 200 713 781 839 23 117 875 878 936 499 351 751 692 428 249 8 667 430 752 212 784 626 509 721 40 989 664 982 61 650 143 565 981 387 612 61 888 263 310 216 852 270 810 935 475 997 250 498 309 482 149 258 175 748 610 716 46 161 887 221 795 2 652 693 12 824 373 163 696 357 802 416 545 581 177 975 429 144 350 795 663 686 152 208 258 932 
24
95 283 77 977 6 789 47 465 167 267 381 643 827 562 123 729 117 84 347 333 26 743 66 257 132 88 628 528 164 589 791 294 263 417 89 233 29 39 975 367 683 514 907 292 353 902 150 435 927 90 293 691 873 35 44 679 109 491 970 976 118 644 61 172 964 820 400 580 341 670 76 156 43 409 667 506 635 79 713 524 233 22 108 648 231 85 940 364 657 875 444 400 927 744 530 991 
9
843 265 768 383 226 965 299 841 650 509 597 600 21 106 191 926 183 40 291 925 183 929 951 745 326 923 248 292 88 748 886 877 447 216 291 563 
13
5 24 857 112 509 536 235 618 470 460 391 364 549 392 570 691 488 895 468 823 885 924 548 9 431 521 563 353 500 710 574 535 523 326 882 196 265 100 299 230 962 22 222 220 196 602 605 864 923 777 192 96 
34
994 98 423 749 376 551 105 828 888 206 994 381 903 603 832 208 696 431 631 103 313 750 959 316 134 436 830 144 816 899 237 388 13 199 45 569 794 790 220 303 214 567 140 18 897 720 904 472 400 107 587 532 453 52 804 634 19 37 559 191 43 956 786 34 559 252 62 26 145 731 980 30 309 397 588 165 47 530 583 336 201 365 927 265 946 67 378 325 209 438 523 387 770 351 970 253 423 184 370 479 520 152 428 880 764 154 350 699 813 72 96 392 366 316 591 956 677 787 480 123 999 665 147 439 498 134 397 425 534 348 189 269 694 114 31 867 
22
970 783 384 333 868 717 586 31 648 294 555 472 908 982 780 811 649 990 285 72 749 143 341 715 919 140 28 301 916 845 735 412 593 976 941 956 72 10 668 137 602 459 644 979 258 445 111 18 782 153 301 399 29 269 483 955 424 432 86 400 85 821 231 575 764 218 509 64 908 71 121 74 932 794 353 543 260 428 707 828 262 744 514 928 521 90 469 652 
33
673 178 333 865 545 47 971 206 610 723 659 986 912 941 269 372 952 784 733 878 853 491 639 81 229 462 208 56 345 211 744 684 521 825 577 384 312 1 307 284 652 417 865 648 366 119 514 785 423 402 626 227 605 639 334 549 632 757 247 224 917 235 788 23 259 783 201 657 88 386 784 334 418 24 298 658 124 745 496 180 182 513 210 972 420 548 728 207 84 522 448 555 157 568 104 386 76 882 693 727 542 77 538 144 668 42 276 932 285 415 798 500 893 538 123 644 326 699 556 77 984 678 48 672 932 796 104 899 833 937 991 492 
8
367 183 315 578 493 871 667 293 226 55 151 49 39 834 884 698 901 83 621 158 409 882 928 461 478 416 401 25 577 514 106 949 
23
808 275 111 329 565 509 362 181 772 57 473 463 728 702 851 868 630 341 16 704 416 424 981 408 11 815 538 668 13 292 600 345 836 529 436 678 377 14 192 933 289 667 32 154 617 752 385 626 147 437 62 484 323 331 824 201 647 649 304 730 592 239 76 239 952 736 941 31 146 93 646 805 431 287 807 180 440 545 795 935 236 545 716 741 557 260 410 412 18 74 855 286 
7
612 381 743 786 362 270 656 263 579 328 529 573 250 880 945 348 116 786 912 531 883 44 557 571 586 559 659 804 
16
55 663 467 483 188 381 158 263 314 695 544 650 351 181 286 724 45 17 19 846 206 294 179 924 154 280 12 64 981 731 672 24 921 804 245 788 919 531 802 956 676 692 746 116 855 583 516 884 21 973 372 562 346 378 940 910 109 227 638 148 358 978 108 937 
9
502 580 434 252 367 634 414 865 6 651 80 40 111 54 48 668 998 87 559 774 872 744 291 595 811 876 464 125 993 941 310 657 209 549 62 2 
28
212 158 389 670 604 150 113 509 990 665 197 3 838 44 938 725 652 984 169 795 5 546 628 261 72 536 551 144 567 256 767 116 438 864 591 861 682 588 410 257 33 758 462 989 988 783 353 267 639 877 110 519 189 326 956 457 882 398 370 717 631 67 414 604 569 257 445 893 663 876 676 880 80 703 345 900 81 605 564 692 101 175 278 757 109 622 572 297 331 98 3 445 780 406 674 580 351 122 376 717 868 70 873 488 506 320 545 419 902 593 796 269 
30
525 544 647 108 644 381 303 35 326 575 114 350 504 23 79 339 231 817 656 250 169 984 13 500 572 26 407 878 241 51 792 975 948 683 737 834 729 503 900 244 341 839 73 865 353 883 466 790 936 860 554 893 237 67 136 255 655 733 421 12 461 82 165 319 621 461 347 24 467 929 988 585 820 59 636 392 249 129 280 685 679 373 465 756 36 233 957 758 602 79 289 423 135 728 688 163 330 453 153 420 709 267 569 474 933 479 70 844 52 268 856 952 740 276 911 756 779 445 714 576 
35
224 885 359 989 467 813 141 379 312 97 526 962 578 131 42 339 989 717 116 68 262 113 298 352 597 474 425 532 231 899 1 771 501 691 974 342 940 226 643 16 880 469 932 352 262 960 792 652 692 540 550 349 426 820 767 844 868 781 236 650 499 906 233 969 857 383 853 303 543 786 213 96 189 199 841 488 617 505 340 644 123 479 945 949 529 694 453 765 40 315 354 278 406 406 453 182 876 727 397 351 763 791 309 126 329 73 688 861 126 247 572 764 352 405 641 5 491 157 170 341 532 255 942 834 494 460 606 161 732 973 62 548 482 935 524 76 89 887 304 535 
25
771 283 779 118 990 865 872 889 961 11 579 352 205 99 407 231 649 523 497 39 16 44 79 266 396 395 823 397 723 511 825 476 160 94 42 202 358 97 474 632 672 651 921 222 552 323 865 560 481 927 498 180 127 736 653 70 255 931 39 99 796 704 960 119 459 417 205 196 299 402 277 656 51 564 562 291 268 631 336 668 914 560 196 390 547 745 817 477 210 607 381 752 947 109 961 946 633 498 249 310 
22
477 939 74 238 580 43 14 835 629 119 989 193 522 303 272 561 961 179 65 253 59 165 644 711 571 634 950 418 174 82 211 859 618 70 695 182 916 468 639 312 392 370 654 816 863 698 492 289 302 946 316 975 195 63 677 869 378 755 985 883 333 130 910 615 773 75 801 454 248 19 318 926 517 244 587 824 74 860 845 66 825 428 356 327 971 788 231 909 
7
954 317 966 697 245 131 565 649 784 667 936 676 328 810 807 278 310 999 275 373 382 810 874 99 944 507 553 647 
8
649 768 397 633 949 548 856 337 393 552 557 112 874 634 126 946 778 440 865 96 774 454 771 987 196 666 240 613 392 521 812 14 
28
560 563 557 531 896 335 18 372 652 339 353 22 37 232 965 440 604 957 71 687 142 972 665 416 861 861 585 860 167 212 571 52 520 643 678 694 254 198 900 46 771 808 119 306 92 964 707 828 39 126 806 276 366 253 328 231 624 136 247 499 3 168 813 199 505 669 390 424 938 338 529 360 769 157 619 172 300 166 16 313 298 555 607 534 921 632 293 696 299 306 490 439 768 566 392 722 574 980 175 454 78 538 768 477 607 392 6 514 843 228 386 535 
7
804 711 47 407 871 888 519 626 750 494 740 627 458 755 872 39 76 633 256 984 75 654 16 999 873 723 539 458 
4
683 773 840 605 146 989 759 670 108 521 679 683 40 710 870 923 
29
775 458 984 768 459 210 680 209 406 280 476 620 488 863 510 368 51 91 673 142 866 501 141 255 486 893 966 994 181 646 600 353 290 279 879 575 621 723 146 127 844 922 493 594 207 711 698 710 424 909 164 483 444 113 528 634 534 151 247 293 6 938 832 499 286 936 965 853 145 476 71 117 411 236 624 295 498 791 237 703 625 670 379 670 648 185 766 609 820 602 439 776 325 432 301 524 803 586 175 210 229 664 139 451 208 619 482 701 370 492 258 834 150 257 890 70 
14
29 109 578 701 895 307 292 315 484 525 207 838 562 978 914 983 213 839 970 928 489 899 669 68 676 431 272 88 833 614 269 165 518 52 159 980 420 943 665 746 945 843 345 33 629 338 966 118 566 51 27 876 666 931 453 541 
14
133 995 224 754 628 263 538 368 751 948 148 100 486 202 789 230 780 133 286 893 365 654 356 461 990 704 282 948 554 911 670 214 78 711 872 566 968 523 166 972 831 519 15 32 184 318 346 980 946 593 770 944 237 30 699 714 
27
341 451 815 27 795 302 474 131 65 968 4 80 387 936 714 950 922 901 386 477 131 529 829 364 195 76 869 999 398 991 275 161 24 79 934 74 967 996 277 477 784 452 991 760 704 893 667 409 798 950 211 529 947 855 944 159 696 752 454 277 167 498 580 243 586 19 98 314 358 565 291 90 391 762 190 325 148 852 889 787 459 140 297 849 751 987 235 579 855 258 467 619 946 467 846 3 839 469 197 91 905 781 588 636 21 256 692 307 
23
312 734 543 540 182 677 784 955 585 780 631 982 746 994 342 121 770 608 994 930 37 848 107 724 238 603 685 832 589 923 727 868 163 648 567 765 995 48 486 89 340 376 607 859 535 383 139 974 924 43 210 576 992 401 679 930 830 936 975 174 348 173 237 949 412 169 284 181 192 38 2 592 314 966 336 540 453 110 659 870 991 822 581 913 537 19 175 886 138 195 732 624 
8
75 916 610 952 472 710 187 161 634 987 614 863 985 8 712 797 828 747 902 725 606 731 786 226 222 815 491 925 293 188 718 769 
24
402 164 55 915 672 800 182 702 506 764 495 833 428 174 617 619 846 188 620 517 94 983 209 211 168 391 801 884 663 799 214 391 814 192 452 652 336 808 698 411 122 591 713 484 803 73 530 873 941 146 767 575 897 50 149 545 321 647 708 154 792 156 737 114 330 17 718 826 56 46 520 843 250 186 788 36 125 841 128 585 344 971 199 914 79 814 311 624 820 176 133 220 98 472 911 249 
24
687 798 154 124 74 66 103 751 478 130 284 564 940 260 931 87 822 854 160 149 439 946 660 162 648 748 652 922 690 86 250 754 957 386 406 455 264 582 628 25 583 42 180 794 547 851 922 7 272 445 677 750 207 59 291 827 992 905 788 332 384 980 133 559 248 568 411 375 998 918 322 974 293 699 446 649 268 113 516 153 913 567 494 567 134 611 670 153 193 850 897 727 298 707 692 203 
36
593 813 55 822 72 208 550 25 55 154 500 524 155 896 94 30 370 208 939 476 711 712 66 69 250 783 241 86 903 169 383 291 589 63 424 573 590 727 725 937 427 999 75 552 483 116 628 551 77 249 295 923 262 716 505 914 713 938 464 158 581 332 206 219 893 877 21 290 879 40 678 207 281 556 68 941 139 566 512 467 138 467 934 889 504 354 62 111 20 167 89 559 892 668 250 726 917 500 819 841 46 422 199 258 257 195 337 166 578 169 583 3 799 467 438 983 779 717 699 756 804 451 535 695 821 217 163 693 839 993 499 563 711 718 609 425 167 165 295 166 76 156 918 490 
22
219 340 919 756 74 718 913 145 519 249 290 566 153 210 198 234 666 590 653 904 505 110 367 506 61 550 205 5 201 7 591 130 491 340 399 49 449 385 560 944 958 776 71 426 306 103 291 466 875 893 357 62 829 728 427 975 207 683 599 967 891 824 193 473 293 173 45 315 509 810 541 3 51 245 191 840 758 736 479 539 40 234 959 52 14 506 945 101 
35
658 879 580 997 326 905 266 425 975 346 558 783 839 640 745 573 866 537 337 901 69 460 487 984 764 589 311 6 393 667 620 408 33 958 888 860 564 305 119 499 882 795 285 886 637 957 489 866 249 349 190 453 583 844 338 35 629 122 785 80 637 767 709 77 826 790 629 193 995 934 3 630 409 244 812 463 751 671 528 642 501 5 202 816 373 864 60 291 930 314 968 908 308 498 705 404 517 999 848 256 138 582 568 81 522 386 654 999 480 252 361 473 424 533 60 711 10 155 652 627 128 496 290 694 601 652 169 390 44 302 699 378 869 598 42 196 336 385 608 454 
34
777 426 442 37 813 266 93 628 691 115 216 862 393 657 462 153 500 440 751 444 977 418 351 896 726 866 632 360 895 164 158 15 211 674 878 734 608 559 555 778 563 54 970 361 201 560 910 72 733 165 857 595 73 955 993 73 804 797 79 872 396 432 97 457 441 425 941 151 912 104 308 954 962 421 451 429 371 43 936 598 127 498 680 999 79 280 712 443 30 169 528 493 815 466 334 806 78 522 831 188 299 76 539 968 684 130 945 434 989 46 574 379 705 94 387 768 569 633 283 403 287 765 603 132 365 751 325 548 328 698 817 720 597 48 193 809 
35
801 290 612 911 887 550 211 341 883 786 648 89 495 755 68 268 591 196 532 860 717 182 421 572 370 331 731 410 441 602 570 720 898 995 470 861 654 930 809 603 981 917 316 664 266 915 487 996 467 134 142 472 503 153 907 258 593 519 331 460 350 115 412 330 675 268 638 833 842 718 556 340 408 768 725 138 991 980 697 499 280 573 409 674 34 439 973 179 176 52 851 407 346 756 966 380 136 113 977 204 776 20 398 299 292 359 442 751 514 870 15 401 435 66 221 63 518 413 301 585 879 979 504 548 56 743 704 423 732 391 573 499 891 109 11 225 20 259 425 910 
11
169 232 567 500 633 538 331 747 855 637 513 371 237 643 928 864 821 525 305 379 123 281 416 265 902 962 239 284 431 274 364 213 363 4 232 496 641 330 941 874 510 574 260 577 
14
473 824 452 253 201 484 996 969 825 386 838 646 129 32 883 384 577 340 183 288 632 627 673 576 36 76 761 663 390 593 287 598 662 283 432 253 786 307 114 541 781 730 54 542 525 968 288 134 755 297 972 809 212 819 305 948 
13
952 978 832 116 436 736 17 131 781 445 413 790 258 101 124 752 472 632 337 515 33 484 308 506 97 529 316 351 97 880 863 732 496 935 9 963 942 299 310 551 557 425 533 614 772 717 839 161 419 368 34 208 
28
406 590 665 776 806 874 877 686 909 508 61 78 305 962 46 493 842 730 617 980 933 110 172 768 995 129 334 740 935 443 112 748 269 570 586 345 138 459 266 72 845 470 434 825 785 511 546 394 343 258 416 175 93 187 84 546 900 342 73 38 974 128 217 357 508 966 290 287 671 183 811 737 372 479 221 688 338 278 503 998 410 249 232 561 613 812 441 132 91 431 137 25 418 959 388 440 792 523 383 432 790 682 806 689 187 791 715 370 577 562 378 711 
29
556 890 970 852 476 307 380 184 440 304 172 990 192 330 342 279 194 442 993 305 711 786 879 93 819 737 339 273 87 221 270 487 668 387 399 888 645 902 292 483 520 707 609 451 824 920 890 637 874 845 51 817 601 955 730 257 75 303 92 336 233 151 615 726 511 916 231 511 963 793 888 733 55 960 937 402 684 21 5 717 246 780 505 880 198 124 753 922 996 660 49 357 45 473 483 679 979 280 486 936 640 877 201 200 810 255 65 942 632 97 627 825 172 962 340 436 
39
10 813 856 179 50 52 513 139 815 295 36 248 749 247 807 321 458 325 685 181 82 888 179 50 573 230 244 994 40 973 633 611 333 687 999 513 195 709 802 213 475 24 614 250 235 586 904 933 757 769 32 804 547 894 282 965 95 749 378 372 508 565 74 764 2 773 322 327 842 267 712 321 877 849 779 734 962 377 7 567 265 94 724 224 564 586 563 357 166 871 57 769 598 302 940 28 328 695 275 837 745 866 29 943 380 770 381 491 173 998 571 876 726 822 576 554 419 398 243 733 770 920 585 312 923 242 752 252 245 3 414 317 837 310 702 543 325 736 889 891 225 743 708 511 151 584 558 293 470 915 173 675 657 720 838 820 
34
242 82 56 865 148 683 635 991 573 209 462 680 593 69 450 478 134 643 348 3 629 71 830 101 599 500 728 552 448 706 753 667 197 346 278 545 188 24 469 55 32 723 957 820 36 15 465 951 640 843 883 28 558 167 436 250 789 11 945 210 477 241 160 390 862 32 703 107 647 829 601 390 302 478 988 962 821 657 218 574 220 197 846 456 588 341 211 282 185 910 395 196 35 402 440 231 797 76 797 213 824 648 362 478 36 870 672 357 493 812 212 843 219 642 340 849 494 60 771 994 701 758 365 627 946 723 752 433 375 931 66 254 119 669 25 890 
19
703 32 393 355 463 883 576 968 325 35 943 116 243 992 62 491 141 454 32 221 751 856 618 208 607 5 693 552 296 207 360 532 564 98 933 96 301 742 572 397 796 316 242 244 984 877 833 75 840 492 620 120 843 190 690 657 162 86 467 743 457 79 616 981 219 35 137 329 439 309 91 109 57 561 381 348 
40
223 231 550 321 491 983 230 655 522 858 463 395 727 838 713 613 154 141 622 34 51 472 196 611 798 742 856 720 179 211 553 78 649 481 167 565 939 996 205 316 450 989 75 899 226 510 891 832 23 300 484 129 184 565 893 691 896 780 891 562 26 639 457 296 481 741 241 133 911 317 284 173 119 614 486 700 673 374 165 325 395 540 319 450 860 781 9 301 569 917 194 798 997 304 689 934 330 705 502 960 606 366 408 631 951 385 318 275 694 71 547 847 306 908 880 630 907 528 485 165 151 757 795 8 416 135 899 776 55 313 899 940 281 457 428 42 451 484 661 504 764 395 587 246 691 843 386 982 44 393 189 845 454 606 365 814 340 155 232 640 
26
682 275 960 138 903 129 938 537 67 834 683 330 805 358 467 682 865 186 623 109 923 481 476 837 744 528 780 628 798 697 506 519 605 880 564 348 745 457 898 184 393 197 878 81 941 504 11 18 11 105 667 826 362 300 774 850 312 925 563 184 916 595 268 464 390 246 554 357 584 267 475 713 977 667 915 304 229 807 412 955 128 199 284 687 117 589 533 246 591 810 731 381 190 929 49 628 34 109 564 215 261 262 345 639 
5
786 398 205 696 533 822 900 532 551 873 204 140 410 781 221 585 916 571 832 214 
27
820 443 322 713 30 617 86 532 179 976 589 102 887 398 689 512 654 518 27 777 173 119 512 89 660 774 778 686 787 471 167 791 146 406 497 141 48 710 645 527 935 324 638 563 777 254 804 362 104 87 228 20 736 555 300 448 758 336 394 223 98 195 465 225 154 49 23 190 549 319 103 792 522 428 961 611 748 820 341 473 289 255 910 651 124 528 257 222 944 838 412 286 942 803 542 67 635 962 183 112 48 944 870 255 7 525 778 560 
36
227 959 2 40 27 198 645 625 457 157 56 381 691 39 761 539 262 701 383 811 681 887 493 566 682 121 258 337 181 454 256 831 186 1 131 142 355 255 98 102 100 214 516 129 535 159 627 360 680 447 28 590 855 288 886 716 11 953 357 641 36 740 400 109 416 928 208 949 938 921 90 842 568 116 679 306 830 176 70 689 318 269 49 38 998 214 856 973 513 611 152 40 681 243 207 269 527 121 906 579 291 181 61 454 761 638 86 682 812 774 839 864 845 34 743 150 655 798 765 208 614 199 516 811 56 507 309 516 813 634 598 456 662 191 831 613 615 178 735 10 622 633 247 422 
30
983 874 974 35 122 706 579 682 352 526 619 264 222 350 957 916 801 2 322 905 363 590 244 781 681 964 161 893 520 815 44 56 589 670 7 585 702 965 825 457 776 332 714 309 503 487 137 447 212 525 303 913 316 431 831 533 949 69 83 651 252 909 361 165 934 824 964 645 187 452 96 498 48 987 879 990 65 555 62 131 535 668 937 433 408 416 514 641 487 344 669 573 880 737 36 482 661 742 760 964 756 637 407 90 553 647 309 828 514 682 505 875 829 21 843 686 439 499 754 793 
24
337 642 452 493 949 482 243 431 974 461 418 19 130 214 729 632 141 933 827 405 206 870 127 594 275 58 878 90 442 526 135 72 489 619 679 84 935 418 200 687 289 58 568 717 477 65 878 539 448 389 315 706 308 656 166 915 130 376 54 115 853 788 383 258 250 735 497 866 130 833 55 968 169 603 528 669 564 362 431 475 485 727 199 576 914 586 789 254 881 695 87 889 604 827 61 901 
15
250 829 258 859 382 981 928 123 106 146 124 453 47 302 99 854 732 9 223 783 973 926 171 121 394 198 792 765 255 751 898 793 764 103 728 471 325 12 651 39 911 617 668 40 266 866 8 19 325 877 348 92 10 844 908 198 565 642 82 190 
36
39 200 374 786 421 19 954 249 219 948 832 799 301 447 307 952 429 497 904 159 353 610 804 460 839 579 758 120 574 607 828 973 440 373 266 208 149 289 957 353 407 120 420 53 151 362 450 604 386 426 255 820 593 328 189 681 720 377 279 741 598 98 21 586 49 735 264 72 432 80 160 482 729 772 858 501 290 840 83 932 147 277 425 712 401 551 357 768 9 458 404 534 455 263 270 605 721 416 815 142 790 590 547 920 750 351 550 657 215 471 161 743 891 750 441 739 173 671 48 991 823 366 84 825 447 756 483 116 851 499 724 198 675 326 313 64 720 58 576 857 275 300 244 75 
35
615 365 533 192 962 889 965 291 801 258 779 604 771 880 759 94 745 908 457 725 807 641 441 89 918 625 37 298 45 956 685 333 484 741 564 399 508 225 44 189 256 504 939 281 307 395 893 281 150 304 434 367 239 25 406 248 24 928 480 266 887 639 334 634 399 15 229 924 509 796 463 14 564 799 792 213 488 447 436 246 576 128 938 983 877 433 41 637 13 331 996 631 93 538 91 291 521 979 242 516 462 299 51 546 710 629 30 148 322 850 933 810 543 848 420 434 773 617 746 569 11 677 319 205 87 417 80 897 916 715 648 80 590 633 42 652 304 717 392 20 
39
100 500 121 169 374 287 663 40 808 989 481 626 110 878 974 583 563 332 62 972 766 145 834 229 271 387 616 409 785 628 554 54 418 596 415 79 897 482 87 2 721 797 639 517 965 394 185 602 686 817 866 542 124 940 326 43 239 252 633 377 973 578 862 805 395 437 353 426 471 633 340 545 161 422 182 126 600 722 892 776 53 879 11 168 642 213 738 64 741 35 158 332 244 943 315 94 172 352 877 922 847 701 484 856 864 847 536 802 307 546 227 906 347 43 594 711 346 74 763 604 838 200 402 563 707 151 775 277 883 274 543 585 469 533 24 922 977 80 996 255 396 273 929 680 315 3 1 30 473 343 998 222 965 271 548 173 
31
111 447 70 994 384 395 719 550 681 201 540 926 612 780 304 463 132 270 144 915 100 470 182 128 552 747 423 664 215 991 762 141 289 466 15 624 81 438 465 614 102 469 527 335 724 803 35 413 205 292 900 352 257 657 426 605 476 953 354 140 553 577 791 924 79 275 139 585 298 146 384 248 683 625 133 677 975 283 608 55 968 669 804 365 150 766 172 559 2 944 225 640 655 255 950 803 812 829 410 126 200 790 737 810 498 522 665 208 859 467 893 92 668 327 306 669 282 141 629 108 334 17 303 701 
16
105 64 433 362 701 971 595 458 927 415 160 856 135 904 222 854 929 386 731 24 989 697 287 542 2 936 728 704 118 492 178 467 475 634 827 400 874 927 275 364 879 914 228 421 114 251 923 157 227 950 248 174 646 905 238 430 12 941 151 803 430 872 582 404 
27
558 942 298 281 832 536 331 490 399 927 863 77 598 136 686 651 549 925 502 717 351 66 638 236 746 265 238 554 70 397 571 711 834 983 172 839 980 140 155 35 13 338 736 639 83 829 135 768 204 242 601 776 750 918 11 608 872 305 622 397 482 716 582 755 464 638 828 969 702 679 675 652 391 487 852 609 241 577 456 190 94 143 170 447 915 499 675 632 852 670 698 145 466 962 583 328 109 374 137 411 805 582 842 607 279 501 278 907 
27
616 853 121 997 569 282 156 136 331 187 179 908 842 34 609 240 892 793 284 394 924 574 220 531 78 257 141 154 869 810 949 734 457 512 274 512 756 259 300 330 699 498 738 310 146 413 155 37 203 328 118 180 844 118 800 391 506 177 159 33 181 164 787 965 783 427 972 1 200 495 403 217 931 262 196 805 431 555 590 243 849 441 790 890 805 839 745 128 171 647 415 184 835 653 609 202 72 618 723 874 833 718 40 821 410 534 812 389 
38
286 113 976 345 359 830 494 968 715 202 926 624 285 736 678 562 410 843 633 419 150 539 431 675 314 716 979 115 114 788 952 846 223 432 163 471 817 749 337 275 471 483 130 781 666 82 838 116 966 330 278 642 304 550 163 528 115 878 729 717 984 874 121 497 997 990 829 122 17 868 267 633 48 897 301 412 116 285 256 897 341 255 268 648 249 529 804 737 893 492 862 242 411 635 416 31 786 704 915 208 563 834 896 48 206 76 889 520 775 347 112 13 726 941 408 138 485 369 769 792 299 418 75 373 355 585 503 171 3 93 62 644 770 815 172 583 71 758 320 998 856 873 730 501 362 781 587 689 150 15 199 175 
22
525 722 384 201 859 781 428 494 519 332 722 728 181 58 772 949 647 859 431 706 974 870 775 437 726 935 302 674 131 406 200 978 816 524 719 851 205 388 37 90 815 78 197 729 882 718 568 578 112 821 496 286 854 270 668 162 731 571 90 293 637 836 249 145 735 65 876 138 118 25 802 576 837 109 461 33 54 897 737 360 778 779 898 937 234 13 222 53 
25
688 325 369 147 8 320 907 848 362 571 833 985 210 420 588 72 959 655 800 406 533 957 288 79 137 757 211 77 143 582 122 192 480 96 324 668 513 573 798 688 879 818 379 940 605 804 797 794 800 854 777 116 230 231 890 836 161 674 902 763 452 18 860 714 524 860 819 27 777 718 625 869 70 433 924 380 113 366 748 514 523 998 309 893 632 261 700 607 958 233 346 884 344 669 999 197 804 712 897 64 
27
86 775 325 885 994 4 819 831 79 274 590 914 787 389 686 463 642 509 850 840 800 775 715 382 777 324 524 106 86 550 236 981 757 452 869 358 917 779 248 832 594 57 387 627 190 773 904 734 19 28 524 543 548 185 923 668 623 260 340 128 334 329 505 674 935 711 517 656 3 684 485 928 967 914 236 61 127 19 987 148 819 36 769 220 19 711 856 371 192 784 84 258 43 739 355 506 746 798 933 997 618 4 875 925 765 326 4 420 
24
771 363 157 514 383 965 914 417 467 606 886 170 439 323 312 555 141 684 601 440 959 648 146 96 370 253 280 586 293 431 572 838 566 723 155 646 770 403 266 886 674 180 585 972 433 977 260 681 583 884 919 988 264 244 824 506 227 120 878 684 471 96 537 282 921 543 80 68 964 48 95 618 61 311 147 233 863 584 439 713 829 185 465 445 404 774 7 47 975 913 281 46 234 885 335 907 
19
881 753 921 267 434 898 490 45 592 204 793 420 799 8 533 915 713 256 60 304 132 157 708 382 662 378 700 702 199 210 479 855 872 447 376 401 595 821 726 828 278 40 173 421 190 243 819 328 84 871 846 886 141 732 345 465 961 936 214 834 471 876 799 182 994 509 130 708 249 208 821 366 805 485 668 477 
1
394 576 697 377 
1
365 725 40 29 
40
90 437 434 371 761 604 591 118 252 913 637 450 52 844 471 479 839 456 947 444 282 404 82 336 800 922 996 648 51 568 266 243 245 383 504 114 626 638 178 684 765 345 420 667 466 21 50 206 947 32 790 447 422 853 647 373 369 174 51 510 436 404 574 919 621 880 62 349 241 950 241 2 757 100 445 346 215 725 379 218 697 325 197 224 799 895 670 475 845 304 508 464 644 992 400 440 831 291 614 449 763 10 50 728 850 997 878 779 66 173 761 980 619 662 411 287 343 485 983 270 878 482 604 936 507 319 527 136 844 798 419 71 884 508 262 96 561 996 460 987 400 173 713 537 207 334 826 600 501 837 23 55 541 293 223 915 782 372 851 382 
33
411 37 463 323 901 483 604 237 361 751 892 629 763 667 481 861 981 121 444 174 187 277 384 491 288 325 395 489 592 882 801 744 273 85 382 961 841 702 595 512 768 684 625 912 400 930 689 335 332 934 917 140 950 97 357 719 442 333 755 791 156 737 125 737 994 736 21 426 570 66 236 307 938 908 149 564 744 795 359 340 65 48 247 129 334 830 841 167 527 735 193 441 785 974 19 458 797 173 643 931 192 239 358 240 616 448 550 889 617 48 349 812 984 797 277 294 323 276 157 834 480 318 590 402 556 241 62 505 405 153 953 540 
13
854 376 329 114 670 507 743 949 685 454 837 771 593 429 700 942 949 910 48 560 841 527 285 986 861 266 321 387 587 250 762 488 786 279 6 937 168 689 506 526 321 497 256 889 366 139 516 500 359 492 18 984 
18
111 510 891 581 266 598 109 689 982 39 262 903 226 488 826 671 270 45 988 430 195 221 949 276 146 744 533 187 460 142 995 283 736 950 537 366 351 61 971 383 685 199 487 63 51 674 564 197 650 588 800 154 48 227 67 140 862 317 586 92 728 174 368 241 786 391 121 18 390 967 801 272 
42
435 373 484 866 813 371 337 253 380 978 765 390 472 873 487 641 608 335 289 611 561 548 421 18 270 938 215 821 676 567 232 368 48 684 293 333 848 993 929 538 265 183 71 125 170 362 319 537 370 826 503 960 422 577 37 38 171 387 293 654 190 969 548 440 999 566 158 530 59 72 244 382 460 748 150 587 893 363 178 145 623 61 749 683 68 337 955 629 187 550 586 753 908 303 62 572 748 253 566 151 916 778 720 954 226 279 406 411 281 418 392 838 139 102 33 793 324 486 457 196 183 155 804 299 978 170 680 740 456 838 217 370 141 892 679 721 701 326 441 139 902 844 282 607 782 727 350 127 918 755 606 372 629 310 268 808 329 862 837 735 901 374 962 675 925 228 826 257 
14
933 23 86 939 484 991 991 554 331 30 839 902 965 305 183 921 9 512 402 143 1 662 7 652 233 105 552 16 417 900 840 184 688 35 624 372 901 710 690 366 407 503 463 63 867 367 515 7 620 610 230 368 550 520 786 539 
23
153 607 746 326 15 89 413 508 860 872 147 55 799 435 478 278 83 10 245 451 374 70 616 447 357 605 668 442 106 792 554 935 962 120 882 215 203 280 105 926 607 894 928 74 698 667 417 376 317 188 337 868 18 51 71 961 657 87 849 793 632 942 300 824 635 667 181 28 261 645 333 923 280 212 253 346 509 413 911 683 596 995 988 129 981 368 216 572 937 880 793 125 
44
788 225 967 460 474 608 120 539 3 462 966 694 509 293 173 2 674 764 421 922 443 855 803 417 137 827 62 449 705 445 669 735 449 793 679 505 914 959 979 462 394 319 389 659 686 651 747 562 92 965 802 826 978 615 779 884 584 955 605 77 534 211 230 215 6 475 187 942 544 367 676 606 665 744 794 939 246 278 536 454 164 874 672 410 777 243 752 593 295 470 11 719 507 130 203 281 508 605 488 977 714 12 15 437 563 618 505 597 737 337 66 701 815 907 887 152 952 967 895 651 530 727 892 822 245 27 82 717 804 822 423 884 219 781 300 331 650 437 901 838 60 770 298 513 488 535 726 861 524 28 88 387 113 719 38 594 839 155 70 83 594 646 496 766 402 827 823 208 259 244 96 118 328 47 672 190 
47
384 721 743 123 544 636 246 219 124 869 558 919 239 732 694 710 930 715 539 100 186 210 520 94 459 29 473 901 865 939 901 967 716 913 634 281 537 877 156 239 590 635 51 122 718 599 369 579 753 897 63 568 521 236 736 253 773 125 449 185 989 95 614 940 936 145 707 941 730 245 548 377 380 727 582 180 823 59 518 669 291 859 156 20 633 508 436 105 168 697 117 559 684 538 715 366 680 391 378 122 777 891 674 510 767 843 870 498 644 267 220 304 967 215 912 796 362 942 708 505 800 646 727 27 799 888 790 899 319 247 916 715 620 119 472 719 386 283 129 713 889 279 988 912 824 642 362 499 161 593 35 336 483 286 858 650 756 229 981 866 687 905 522 776 89 794 659 139 622 983 491 232 674 380 954 233 146 332 213 653 264 763 202 483 243 374 8 64 
43
230 519 50 430 268 810 299 10 792 998 999 804 695 252 921 151 593 818 852 991 813 191 783 661 550 144 356 418 667 69 605 128 630 395 565 567 209 650 493 788 649 957 374 348 328 392 758 907 595 886 706 398 203 970 29 162 961 521 356 230 389 249 338 542 231 184 896 765 499 696 239 242 197 79 965 532 942 593 304 709 754 870 870 818 542 779 37 121 295 510 763 831 403 553 283 829 935 873 109 435 459 687 600 134 133 924 590 644 178 983 90 150 447 164 148 158 400 80 270 464 30 187 219 917 189 950 415 72 542 927 509 998 175 598 245 841 313 969 825 891 679 249 469 365 241 85 584 603 272 243 786 322 647 842 113 952 10 969 957 150 828 732 565 129 437 783 822 143 932 925 803 331 
23
824 670 651 986 51 744 697 662 669 462 112 373 479 65 103 426 192 259 224 503 370 457 270 655 612 827 169 304 531 264 721 355 521 81 684 584 649 525 209 420 669 308 333 580 394 788 834 388 742 859 762 220 259 584 691 302 309 981 38 210 264 33 960 130 606 303 70 579 159 553 201 661 569 798 881 31 831 36 618 328 657 157 328 596 589 869 7 792 254 624 548 702 
50
980 409 782 569 544 504 22 657 575 123 825 870 813 501 669 388 874 455 985 818 960 859 283 754 856 417 986 743 706 255 162 406 758 910 943 475 126 924 224 574 892 936 754 371 328 453 647 616 746 971 223 118 361 297 339 981 958 309 868 736 756 570 223 143 203 127 328 352 965 467 782 992 828 461 442 210 660 946 331 725 26 966 836 757 56 897 798 664 247 753 426 271 432 536 51 108 208 381 573 891 937 886 875 661 386 320 463 39 765 278 985 951 608 704 178 942 101 973 205 200 221 878 249 107 25 513 954 569 431 303 418 427 840 311 687 998 335 917 74 22 340 35 63 689 372 808 24 795 900 229 495 766 223 954 967 420 110 68 817 695 779 963 554 346 510 269 380 699 525 269 421 486 32 586 929 735 55 580 736 564 596 174 580 607 936 143 782 248 487 213 757 155 664 746 852 798 195 790 846 324 
35
208 582 640 900 153 137 898 879 436 551 661 690 334 452 581 291 954 965 770 334 683 127 317 249 75 422 305 454 217 669 882 48 715 630 1 170 574 272 274 330 116 39 121 656 499 472 323 857 307 333 4 412 186 344 458 142 23 895 474 83 259 531 937 938 928 883 392 152 504 915 754 582 517 208 748 143 738 297 48 992 416 282 762 380 412 862 203 608 316 236 5 775 757 217 661 991 141 516 793 673 441 219 869 976 265 954 135 500 658 213 493 277 541 672 47 734 711 527 759 463 730 189 146 537 710 768 878 55 817 322 25 595 266 768 427 953 722 804 956 372 
14
95 306 429 349 607 652 942 295 962 163 383 474 846 391 993 270 859 657 873 131 803 825 587 492 730 275 849 555 285 402 858 403 944 793 180 834 256 345 447 227 353 692 247 773 468 531 579 455 853 822 248 245 112 811 318 584 
1
204 719 399 8 
31
701 125 294 979 396 490 612 88 269 487 896 478 442 319 559 652 948 679 352 87 587 421 29 149 665 676 123 690 314 841 509 998 767 370 822 202 124 821 692 445 457 596 208 715 830 200 323 806 519 668 225 380 570 387 986 493 888 284 921 478 400 830 314 948 523 928 67 725 556 42 893 137 79 311 684 34 265 443 984 857 141 769 582 621 33 870 307 789 133 915 105 693 89 58 5 537 137 759 433 942 124 512 850 624 662 34 782 218 943 576 2 546 288 567 282 324 735 193 939 470 966 987 855 17 
5
409 142 2 572 771 940 524 145 132 871 6 317 997 168 953 990 978 318 83 949 
47
531 175 643 114 874 79 859 332 281 999 649 360 399 270 372 880 344 941 828 811 178 110 866 970 199 366 276 386 58 974 144 438 578 391 922 354 404 937 506 914 396 321 661 901 732 655 198 293 915 683 154 327 144 570 839 115 83 44 956 891 141 480 491 221 570 533 14 872 605 526 54 527 896 702 661 787 160 314 690 258 152 683 462 450 733 225 886 209 99 663 89 292 131 415 737 672 981 800 680 447 462 629 577 532 116 364 374 312 987 500 741 222 206 439 599 443 970 892 523 934 618 715 130 955 348 362 11 76 236 749 98 750 266 81 469 199 895 767 656 761 297 729 672 766 147 940 516 835 440 84 535 634 844 203 179 561 505 594 56 14 124 442 998 667 760 426 7 45 512 193 352 78 622 915 509 714 938 887 513 291 417 463 404 623 361 521 154 429 
8
912 621 105 402 14 366 705 432 537 610 638 506 913 20 367 741 856 84 903 160 225 678 250 365 94 296 252 986 657 422 486 890 
24
211 156 548 830 429 799 420 909 949 222 548 502 905 504 433 344 894 454 999 215 517 792 74 172 134 748 589 92 112 877 164 609 799 738 3 926 68 725 831 362 64 955 161 177 399 941 938 238 199 40 158 859 893 50 371 946 580 832 664 664 600 450 288 914 846 32 623 363 278 142 86 17 36 4 460 889 506 666 573 201 956 142 30 913 418 82 85 718 715 824 965 758 825 500 423 291 
8
361 252 921 168 68 754 212 920 684 721 5 561 733 466 838 978 956 972 503 133 518 279 770 571 436 317 791 229 919 942 381 691 
21
404 453 654 7 56 467 555 519 795 739 537 226 309 179 514 290 80 67 52 352 551 169 991 809 135 809 840 618 57 991 824 436 78 327 955 849 610 195 420 626 112 765 721 239 81 807 409 444 560 947 609 824 429 638 164 162 579 402 809 314 802 661 866 593 163 936 184 334 552 112 656 552 951 865 378 167 881 955 764 538 859 147 950 490 
32
568 26 234 185 517 285 48 555 223 185 756 779 142 429 788 315 868 547 840 171 20 357 157 980 327 268 807 62 379 814 145 62 155 654 501 363 559 854 320 738 617 644 920 677 829 271 372 854 403 481 208 441 130 458 617 75 645 279 729 557 444 907 327 862 871 760 994 424 350 840 762 764 588 574 784 391 79 131 985 171 200 301 994 737 188 892 291 211 481 363 924 563 130 386 658 783 61 154 455 559 958 783 841 208 790 61 111 393 540 382 770 595 149 713 311 464 397 629 13 149 157 944 124 175 84 518 516 343 
20
363 318 458 429 150 992 242 937 602 541 558 411 230 698 68 697 958 300 939 198 517 232 147 924 334 608 853 28 269 450 66 328 824 98 608 810 635 872 224 514 845 233 268 291 922 429 486 475 726 549 661 654 951 376 796 86 464 567 426 683 461 378 938 175 381 565 101 164 234 578 380 85 271 668 334 386 350 858 981 388 
2
458 773 553 816 885 628 316 940 
22
299 275 168 976 639 638 844 388 80 895 384 766 601 588 849 9 342 483 106 641 854 50 281 185 276 371 235 451 545 342 719 495 631 44 190 103 508 97 559 945 361 211 992 663 249 298 944 245 506 908 801 788 828 921 424 445 639 567 991 16 795 521 774 477 384 255 878 724 782 21 123 219 460 43 796 567 337 165 810 331 965 323 463 155 448 197 562 63 
46
828 494 880 14 883 2 271 579 265 654 499 82 385 467 111 584 520 846 667 840 610 588 328 148 370 884 662 357 201 156 38 776 636 547 379 28 211 563 15 67 779 922 522 441 132 461 342 757 623 474 298 661 489 543 899 844 175 557 234 426 692 723 23 885 240 645 48 350 783 920 824 781 797 86 664 215 716 185 912 326 679 710 855 588 420 356 788 674 342 433 726 523 896 460 610 699 483 780 560 702 175 758 324 448 744 976 192 828 628 286 742 228 121 53 271 858 741 16 88 48 835 656 486 397 767 312 298 157 292 34 155 655 992 783 447 605 767 197 199 945 878 941 264 834 140 908 64 305 860 272 93 637 441 219 405 754 591 321 941 211 706 390 607 666 760 329 933 245 602 252 226 626 994 892 384 267 330 579 588 514 533 161 445 637 
19
195 472 311 581 32 250 276 290 348 854 311 99 821 462 675 620 14 535 58 935 151 114 513 564 57 312 786 449 292 167 890 439 582 834 570 618 660 974 393 32 955 542 295 338 862 548 683 498 978 875 277 784 34 382 94 171 175 615 908 891 288 835 674 265 543 232 616 909 805 331 18 256 84 989 694 476 
11
458 876 103 577 611 778 768 798 587 583 281 772 476 851 935 295 314 107 432 564 656 414 786 702 826 588 555 283 301 631 701 377 265 366 679 853 389 697 621 865 425 815 281 695 
25
73 181 157 446 179 833 484 950 452 699 660 693 599 866 508 650 37 258 419 701 512 235 618 689 676 668 867 612 763 501 449 550 595 206 908 52 462 921 661 513 998 663 770 902 676 779 281 915 590 632 637 625 70 988 627 422 404 690 548 823 161 370 6 959 46 282 867 856 692 46 944 808 603 645 771 795 493 76 453 720 728 904 606 577 517 340 35 395 629 606 123 770 445 685 44 247 706 36 824 208 
51
948 522 304 299 76 228 550 270 771 788 282 351 780 296 584 153 494 543 382 516 122 172 510 604 667 444 27 310 893 977 814 576 713 183 419 172 605 186 74 324 252 141 772 385 207 698 964 970 622 633 708 349 436 313 121 21 656 264 181 597 185 30 586 17 493 178 836 937 594 56 67 983 230 585 483 957 365 814 365 857 819 799 59 992 819 264 176 225 129 269 851 217 223 79 596 281 822 761 681 698 944 237 990 99 439 377 242 573 512 613 682 8 425 311 968 434 746 224 15 202 641 643 993 408 200 193 935 746 229 283 924 766 337 356 552 885 280 581 816 761 119 1 37 380 85 708 83 344 277 526 591 467 343 906 657 280 288 194 188 448 148 402 25 342 744 300 898 118 366 128 614 269 842 80 757 268 496 9 305 271 527 306 867 328 108 376 538 823 37 358 285 211 766 415 607 536 674 759 507 193 721 998 810 932 
41
904 51 742 427 576 50 723 624 649 905 950 200 836 920 614 729 700 397 298 335 171 39 787 951 554 612 792 608 134 657 625 219 1 585 679 462 970 369 984 472 511 215 868 612 613 864 174 361 435 436 251 225 485 319 202 193 903 619 52 671 942 748 388 177 250 458 145 268 716 497 389 553 803 995 308 850 7 14 319 657 557 639 273 850 680 509 104 206 190 496 334 52 94 289 42 22 765 197 43 717 788 534 938 452 244 305 395 694 647 253 297 373 74 16 880 324 19 267 32 64 572 466 864 638 726 41 993 705 307 391 987 273 308 95 957 180 800 793 974 650 473 175 913 430 872 129 116 946 44 321 723 679 699 640 142 517 924 279 972 194 744 85 692 961 
10
505 821 919 565 766 702 679 421 259 473 468 97 625 824 691 802 195 772 876 614 398 779 608 965 792 831 922 365 981 966 669 723 91 585 662 307 326 237 640 29 
9
758 543 820 941 828 681 331 815 919 45 680 670 161 127 358 167 976 786 647 218 36 856 19 134 439 81 637 965 261 814 361 851 843 976 499 91 
12
762 190 266 737 269 184 464 66 588 471 718 183 851 131 163 351 68 319 55 245 33 717 513 293 99 242 989 592 675 649 116 663 971 743 185 717 372 366 825 849 752 324 531 273 995 637 53 104 
33
42 659 397 517 287 449 270 858 281 78 26 762 26 558 169 285 123 262 14 624 632 115 867 371 398 109 872 818 709 715 70 838 739 923 843 567 464 615 532 604 624 139 153 481 894 337 336 370 621 965 736 880 903 292 672 231 972 35 247 44 437 864 889 507 140 699 555 137 676 899 688 446 108 402 126 879 190 825 550 399 944 135 855 689 547 233 167 187 502 228 905 820 231 771 883 745 606 71 214 62 845 597 730 893 421 369 299 939 543 652 1 478 263 752 338 708 54 174 344 212 739 773 684 882 177 999 655 401 33 333 644 188 
18
963 520 967 452 776 598 401 990 501 380 943 132 733 852 212 805 635 954 156 770 398 285 692 678 296 433 115 699 10 42 939 101 53 180 733 725 486 907 1 362 332 65 25 477 589 482 818 876 220 171 138 585 314 185 373 629 849 335 710 72 311 17 986 970 525 980 54 766 827 841 981 297 
23
358 307 154 694 539 786 202 268 923 817 916 829 116 489 965 42 437 567 7 920 245 131 92 749 267 54 672 313 243 601 610 561 278 919 633 527 987 605 581 311 892 635 352 233 262 485 631 339 376 128 703 944 393 718 371 199 86 584 633 683 694 877 610 508 815 507 203 516 442 645 868 541 173 573 422 512 525 335 497 568 431 638 50 85 698 314 652 442 373 826 545 543 
41
865 538 644 345 633 552 96 913 142 472 103 71 811 490 358 896 909 26 326 443 962 948 504 469 255 510 383 323 272 917 432 686 512 528 278 83 740 424 404 643 270 97 343 125 786 596 276 109 796 396 683 182 927 407 249 421 499 271 373 119 473 681 101 41 229 396 631 900 669 994 796 815 548 440 673 583 600 689 125 99 37 574 566 29 755 443 882 589 620 792 895 536 301 890 55 13 416 205 392 726 71 891 105 770 596 750 38 865 180 65 873 919 496 634 352 864 472 589 569 618 350 565 640 199 564 528 555 767 207 655 216 422 241 737 766 539 824 484 447 639 681 324 163 249 956 679 664 579 538 394 145 247 244 955 501 366 656 805 542 200 405 244 25 756 
41
662 622 820 323 454 212 574 850 398 563 268 518 987 992 814 551 944 3 141 685 596 547 590 327 634 752 832 136 964 714 594 661 533 715 15 571 167 424 915 856 845 646 471 315 355 69 16 973 575 260 556 865 785 978 650 9 984 827 100 795 542 948 161 505 770 853 719 361 501 281 608 271 584 299 835 537 633 101 53 901 851 65 806 526 244 187 837 782 292 415 456 633 661 22 637 974 255 447 960 546 205 779 963 3 170 961 420 407 663 148 185 402 109 241 183 946 71 470 168 559 764 933 755 781 106 639 148 713 595 76 784 283 645 469 405 803 398 759 302 229 722 454 892 264 459 409 383 801 287 214 989 795 95 407 958 28 760 516 60 794 437 385 509 755 
27
16 621 184 541 127 121 876 16 544 530 237 115 79 811 110 173 766 298 572 709 490 635 27 611 283 438 413 957 973 285 335 911 13 371 835 223 922 812 656 912 892 382 316 105 871 16 66 887 589 494 958 386 890 54 193 471 956 728 848 378 498 797 662 810 472 651 503 194 247 779 422 289 221 153 695 589 574 565 389 923 179 455 244 678 39 806 269 648 593 708 317 622 305 386 562 998 479 721 673 779 980 93 655 660 823 677 713 693 
47
828 832 822 762 322 323 401 541 785 194 106 873 703 14 276 46 584 735 287 292 192 123 318 418 780 923 384 221 283 197 259 61 569 668 10 389 481 386 630 132 863 643 100 138 155 169 478 429 689 945 490 960 613 877 328 912 903 58 76 829 892 258 994 356 127 665 993 93 490 596 446 67 488 852 818 485 894 225 829 765 383 177 491 344 730 301 850 724 242 561 794 360 513 688 612 556 555 242 828 329 788 59 9 722 836 263 792 125 73 580 347 926 190 648 458 163 694 704 897 558 169 802 780 387 548 689 286 422 29 834 881 302 822 831 127 856 622 196 650 861 785 117 99 577 77 516 849 876 723 78 57 829 103 283 579 142 963 632 786 280 131 53 622 986 246 268 424 196 222 727 925 374 44 11 807 257 803 387 561 197 920 970 514 896 168 468 108 352 
35
879 193 470 128 348 809 876 835 453 495 223 828 978 430 340 407 258 813 813 358 272 708 700 938 911 102 979 440 339 642 404 730 927 373 353 536 525 220 952 146 155 524 301 424 721 736 123 963 599 760 920 65 283 526 183 476 123 799 816 708 669 641 603 791 65 325 973 502 600 676 707 504 934 911 632 82 969 409 888 824 310 282 475 299 777 689 815 648 793 809 923 366 456 696 41 662 980 138 625 327 744 398 793 157 577 354 722 829 653 891 6 629 224 177 689 597 207 550 282 650 491 627 182 107 423 286 788 342 888 5 139 401 330 376 8 238 584 774 144 885 
39
493 597 708 527 225 680 793 828 452 1 361 241 877 846 573 12 899 837 89 724 154 207 845 247 478 774 261 656 489 836 295 156 758 601 576 234 904 77 729 709 480 828 465 610 539 397 279 284 77 912 128 208 797 453 658 930 406 135 576 923 452 911 488 350 605 783 817 445 815 425 162 503 105 53 787 970 638 855 657 409 63 547 824 637 738 385 904 254 621 257 967 760 630 3 249 711 354 670 720 245 120 882 510 817 47 714 488 806 215 329 386 979 460 111 849 554 741 771 230 901 709 901 648 919 970 129 731 241 183 595 79 75 185 405 333 386 350 78 597 362 381 754 869 47 325 712 710 25 886 519 310 109 140 987 894 706 
26
150 981 86 907 663 998 586 237 312 828 683 739 343 30 597 979 93 131 232 522 816 76 257 866 414 958 378 188 660 251 494 2 86 121 458 351 488 798 666 788 135 633 27 884 460 253 843 950 986 194 190 911 13 646 814 968 319 431 467 963 625 22 326 178 420 619 469 195 502 408 335 796 709 976 514 162 285 880 635 82 381 910 440 812 725 74 342 49 195 850 609 856 286 649 302 235 168 28 881 483 274 245 588 276 
46
434 352 538 905 119 138 652 745 380 719 275 285 265 890 72 419 460 797 184 282 70 857 100 174 750 707 805 876 846 304 171 475 589 323 45 415 289 311 142 518 601 201 213 756 282 112 812 368 773 82 459 499 899 453 123 541 27 740 928 208 881 599 278 446 95 558 986 925 219 839 702 547 97 164 58 176 615 234 721 787 798 70 481 17 480 446 531 490 758 146 481 15 651 624 526 390 13 348 302 623 635 87 716 77 333 237 358 135 694 681 69 651 563 656 77 838 631 322 454 697 506 228 751 154 442 41 301 417 333 489 392 606 147 933 487 94 933 789 695 471 849 898 380 852 472 551 770 425 960 103 741 282 308 17 418 313 475 556 273 569 958 744 946 630 658 219 548 158 958 971 255 520 710 250 527 720 607 732 105 629 502 127 144 784 
55
106 292 640 570 646 344 458 240 179 541 244 25 787 647 957 451 685 745 80 968 39 311 93 154 291 811 450 686 251 284 627 381 505 838 219 169 123 202 681 899 190 662 956 205 661 745 447 104 190 470 274 465 450 823 934 496 639 498 615 560 879 364 985 944 635 159 992 37 949 523 904 785 212 279 941 679 493 821 238 998 751 181 762 549 967 306 201 338 68 788 394 813 34 538 138 955 708 4 396 179 357 514 127 914 396 45 413 237 393 555 870 71 331 933 964 153 270 373 544 715 372 736 160 431 211 374 127 610 772 208 696 255 426 549 85 970 265 99 148 73 566 353 657 500 47 536 242 519 261 787 638 174 700 787 728 130 903 393 596 454 717 420 402 383 739 245 953 138 373 640 303 329 355 451 293 160 332 627 714 16 113 79 604 781 347 713 355 726 217 792 37 704 384 795 316 295 220 698 318 312 657 865 581 910 993 298 754 540 643 495 65 367 546 819 797 212 302 571 677 168 
57
743 339 902 141 678 166 730 566 323 477 834 351 155 69 74 892 387 84 303 888 304 4 326 289 610 34 698 592 412 403 651 881 402 719 377 834 182 476 363 341 900 854 903 128 783 888 743 863 169 446 885 867 928 875 530 503 170 15 550 153 388 357 800 748 253 974 240 852 797 646 751 926 864 133 171 243 73 606 787 703 629 323 966 132 263 341 34 408 649 995 87 371 806 91 865 227 182 424 173 482 698 897 989 471 488 452 54 958 506 751 640 4 788 582 198 424 355 732 880 25 369 759 528 824 375 264 322 227 194 221 329 615 495 546 507 148 500 532 590 518 399 63 636 148 522 659 535 664 708 277 697 610 549 797 560 670 627 431 167 496 695 570 589 500 595 592 383 217 409 111 198 492 344 654 737 111 306 693 194 508 164 574 599 591 520 795 841 786 218 812 629 962 66 882 970 426 338 168 674 620 908 671 404 304 878 914 971 211 852 728 57 767 128 140 146 613 917 429 356 764 584 403 146 780 687 727 224 684 
25
842 541 852 470 752 195 846 216 18 23 496 456 46 236 502 10 526 931 196 814 510 142 341 667 776 398 891 60 940 262 61 54 449 905 481 466 234 825 372 962 763 820 628 660 625 466 751 28 456 658 226 960 630 618 898 792 734 467 602 20 550 586 173 830 553 942 555 750 238 41 902 273 667 252 974 570 387 469 460 709 164 889 919 18 354 801 865 58 649 951 241 493 857 980 378 199 774 484 484 91 
26
511 546 880 35 889 486 566 878 558 141 17 294 790 683 34 686 253 647 186 217 65 750 197 135 196 352 610 132 459 82 292 913 981 585 1 235 808 614 346 463 916 61 493 157 845 585 279 545 744 443 90 821 755 144 107 624 235 78 702 106 125 784 836 212 131 247 955 910 681 421 374 914 414 837 692 875 555 941 743 468 567 545 849 507 973 898 846 980 451 193 859 47 614 466 988 651 842 964 222 224 797 799 574 807 
46
66 32 765 993 766 771 952 933 157 265 893 694 945 225 816 555 13 942 461 795 124 194 434 213 384 764 958 988 474 757 520 299 132 442 722 473 183 198 447 702 54 511 857 440 304 141 740 802 872 764 27 216 197 818 685 394 772 903 895 554 619 689 185 45 293 883 121 920 607 724 462 822 223 454 458 114 451 718 115 143 262 727 37 648 162 168 862 206 753 731 120 796 654 785 829 117 514 639 325 797 930 110 419 907 124 75 213 663 512 818 60 574 291 506 611 179 879 527 623 839 34 523 457 808 73 991 691 958 389 984 440 644 998 790 214 949 678 269 920 734 398 214 659 223 380 477 50 850 354 270 299 591 572 367 958 873 679 442 549 444 728 67 683 531 457 909 751 767 376 402 197 815 422 79 231 57 821 283 995 481 896 826 941 134 
43
347 476 680 491 319 745 80 96 497 116 135 502 51 749 892 144 191 81 272 791 140 874 116 191 148 132 610 384 836 174 897 4 577 417 5 943 241 783 82 319 39 796 524 349 308 340 941 92 302 792 281 454 703 152 13 485 548 404 724 431 824 154 139 622 441 99 837 134 523 772 366 489 134 86 464 255 427 613 851 782 437 487 192 537 870 851 139 836 870 67 796 535 792 931 726 683 678 252 678 258 173 606 304 549 423 958 642 491 160 526 417 778 37 741 130 772 503 816 611 485 537 444 544 788 13 171 714 942 920 736 118 92 730 564 321 178 187 403 661 273 496 361 441 343 661 782 999 149 40 534 708 686 982 355 547 515 261 683 96 518 259 488 207 910 497 484 261 112 115 313 76 422 
56
474 250 957 784 716 348 340 115 717 491 359 256 207 776 578 419 16 283 350 937 736 408 379 336 401 268 923 641 216 407 118 956 92 324 265 838 154 87 475 624 349 603 59 380 833 225 718 59 487 455 470 671 51 701 952 1 838 129 117 260 316 524 920 819 137 813 860 358 896 765 61 891 628 547 868 385 812 659 340 104 297 496 381 474 692 400 937 486 929 293 701 195 610 436 245 47 34 208 806 14 417 927 679 632 633 393 822 72 845 975 705 606 215 365 372 271 292 718 938 658 571 865 44 642 854 239 184 666 812 596 422 801 477 358 50 670 51 924 401 344 171 436 307 407 23 119 248 288 961 718 648 985 927 300 641 320 964 849 977 553 385 797 766 2 740 876 331 665 377 681 3 697 208 734 292 837 350 375 190 745 331 863 53 312 733 7 462 432 39 374 960 239 928 240 534 300 703 176 711 242 64 679 389 749 772 532 915 640 862 130 707 331 401 499 627 266 801 231 209 827 943 879 960 273 
11
355 895 409 130 392 704 114 236 573 618 192 978 690 565 827 132 181 586 428 600 133 865 217 501 250 911 640 901 473 914 635 623 292 29 956 878 622 452 266 596 200 299 153 804 
31
428 337 196 78 552 563 921 328 79 796 975 831 15 742 828 906 649 197 319 419 451 88 191 133 51 137 700 877 374 5 298 415 798 671 547 640 525 393 405 759 448 467 539 698 812 180 422 936 277 22 411 791 164 166 624 475 286 255 65 640 491 243 227 559 326 601 29 451 670 642 143 302 705 791 416 79 492 708 772 557 231 155 705 302 757 431 774 323 690 819 183 638 306 838 317 629 443 731 412 878 982 226 872 815 752 182 608 605 888 145 133 944 495 58 528 398 84 178 35 381 724 532 65 596 
1
289 598 777 568 
21
754 868 267 643 406 796 377 650 688 401 733 252 229 412 720 331 251 769 498 212 708 870 181 500 702 542 445 77 7 260 755 973 656 75 363 486 946 671 798 473 829 227 386 357 237 44 866 71 175 501 780 728 609 688 970 459 312 910 978 683 237 127 388 51 599 155 928 299 808 133 336 247 685 908 284 624 177 854 7 421 225 33 612 169 
27
38 85 829 662 286 961 134 511 26 386 903 581 82 775 277 403 146 913 996 692 949 198 821 636 463 592 340 624 389 703 771 395 600 326 221 216 912 474 906 586 571 195 966 250 579 635 486 207 718 801 301 96 630 242 675 18 744 549 388 803 265 603 313 788 298 84 136 594 58 639 991 9 374 971 911 238 335 272 399 478 441 673 251 137 328 785 168 135 323 676 253 236 783 914 254 424 769 51 619 251 151 968 205 697 248 902 6 136 
51
870 925 587 924 251 524 923 736 188 394 586 562 490 737 66 289 964 215 499 192 498 722 915 627 780 195 496 683 551 258 420 632 658 253 193 431 870 581 594 844 387 97 613 536 439 94 451 723 402 875 172 474 284 899 776 164 740 212 390 612 214 560 805 342 193 933 441 929 516 581 774 99 57 848 497 41 929 956 437 643 908 129 201 147 894 645 512 128 507 236 750 159 551 874 938 139 243 352 323 732 394 486 227 758 19 83 659 97 416 687 488 168 657 423 73 866 175 602 351 601 395 473 773 733 927 636 213 649 293 574 539 874 200 790 29 188 811 828 112 708 377 811 513 442 232 764 309 255 877 587 199 707 880 753 292 7 160 797 128 508 63 564 867 689 533 670 991 303 469 193 245 821 390 789 138 967 79 340 429 691 94 442 844 381 415 194 152 199 297 843 763 873 567 460 876 920 51 748 378 482 987 578 559 426 
27
208 755 120 265 63 277 523 288 620 136 986 311 185 202 396 168 163 887 371 163 480 871 683 636 856 880 215 854 481 549 39 51 610 817 627 977 316 93 145 661 482 660 643 252 946 815 400 860 580 10 20 240 141 191 30 388 122 167 120 56 597 474 576 323 99 534 572 263 20 718 10 796 341 365 791 170 404 244 88 43 192 672 259 304 599 5 851 89 834 875 287 39 182 494 95 66 515 288 117 892 287 933 704 333 771 67 207 652 
10
832 999 814 430 119 730 220 430 415 963 89 187 780 530 65 742 769 960 740 745 548 291 239 795 433 743 111 189 54 953 377 563 183 444 812 758 134 948 111 645 
47
13 319 517 317 308 981 192 369 846 521 473 251 454 3 435 468 979 160 683 144 453 703 356 747 860 512 496 243 605 953 270 171 973 596 705 599 22 270 959 200 507 879 450 998 633 144 585 808 700 462 115 443 199 225 249 97 148 124 728 978 592 372 19 231 611 919 676 225 333 371 863 858 863 276 572 111 77 422 10 137 484 474 188 785 931 578 59 136 407 302 444 111 63 651 174 843 612 318 818 176 337 497 421 927 299 890 737 247 765 595 766 345 922 951 79 758 413 10 271 90 902 294 887 565 597 985 826 33 576 622 646 67 214 779 527 973 538 835 370 293 828 946 256 312 812 762 407 443 199 31 459 620 434 496 723 495 249 626 940 808 869 345 535 969 520 539 13 168 486 849 883 85 151 157 625 415 927 299 191 242 836 710 830 387 843 420 314 361 
19
453 401 955 585 456 68 377 223 149 535 161 942 43 305 164 437 712 863 408 561 407 871 765 256 16 757 675 360 592 502 881 404 434 321 605 266 199 950 38 479 945 187 172 464 519 188 843 70 361 787 940 927 492 375 646 464 986 996 848 233 597 173 512 182 845 497 786 265 29 950 207 6 943 366 799 210 
22
261 817 427 90 48 980 999 221 250 502 149 851 482 797 450 236 708 116 999 866 817 784 188 187 126 625 577 183 64 766 171 391 871 9 237 281 844 408 320 296 153 407 546 594 874 3 937 706 684 767 874 347 880 501 517 66 895 143 373 747 580 76 33 469 922 430 131 615 87 717 304 971 867 72 488 244 163 341 285 504 153 424 382 337 105 43 334 606 
43
543 121 598 524 499 96 622 611 156 795 933 790 631 37 395 37 311 140 117 806 829 505 498 367 265 258 244 627 4 599 122 166 471 27 739 407 23 792 156 820 217 788 915 678 833 669 726 107 128 896 55 371 251 218 155 540 240 966 662 573 899 226 838 75 726 321 29 951 37 435 334 388 365 233 326 970 844 49 974 926 301 225 625 47 144 842 865 765 56 339 255 424 151 303 326 653 804 471 603 434 652 48 249 222 500 771 306 12 178 644 125 647 87 381 756 90 596 769 111 569 416 763 290 918 162 148 918 101 355 338 86 402 760 319 311 16 93 22 63 887 507 426 652 514 535 835 495 891 362 38 756 750 573 230 248 437 191 306 83 9 190 236 559 101 338 731 201 529 187 518 736 477 
37
971 219 811 51 170 346 832 62 502 335 140 466 335 410 541 152 283 555 251 520 308 732 569 688 564 962 724 335 95 176 777 704 745 180 767 256 650 664 969 612 119 609 360 358 964 103 866 118 661 45 90 707 946 657 878 194 380 521 141 307 547 352 244 360 189 416 368 75 727 710 647 782 133 973 82 221 471 513 958 151 904 447 365 113 133 659 174 31 152 921 452 636 993 917 445 768 417 773 740 3 93 439 602 419 371 812 128 271 986 663 917 410 31 903 818 711 987 3 661 446 479 802 489 167 223 119 564 699 652 226 776 678 10 943 457 449 671 739 751 130 998 341 813 471 418 479 828 667 
41
754 357 19 22 455 865 812 610 633 431 794 582 645 321 462 484 721 661 277 940 296 659 782 712 698 363 955 659 936 144 986 711 765 799 348 846 631 714 773 132 629 11 985 819 778 490 599 119 38 41 95 402 380 539 721 275 854 198 764 165 449 956 551 947 54 395 805 828 372 503 504 142 46 164 481 199 411 109 531 537 18 676 194 665 88 773 969 780 428 228 275 121 699 153 90 2 515 554 645 82 481 533 893 483 47 95 470 450 94 145 770 256 710 973 248 481 736 872 259 652 690 678 821 18 922 185 269 994 275 442 292 112 777 468 394 20 615 897 843 715 483 289 683 152 713 125 189 903 424 262 673 239 393 570 640 139 466 616 463 513 360 183 70 722 
13
701 534 625 717 882 459 504 852 692 437 80 909 46 149 355 203 801 727 352 539 539 190 926 766 661 559 409 587 627 759 612 739 857 522 185 53 402 471 356 763 831 629 141 209 267 816 550 447 996 346 502 605 
13
27 70 338 622 610 245 104 133 913 574 204 459 605 651 725 831 405 495 960 853 310 770 57 991 235 702 559 678 295 101 665 818 439 922 812 477 27 846 663 160 198 937 595 115 557 562 186 313 650 144 490 754 
19
393 555 142 474 239 189 463 214 713 53 322 783 694 443 625 27 954 753 798 164 684 293 789 172 292 895 539 15 711 98 779 652 968 812 321 910 861 574 751 342 420 779 433 972 355 167 367 772 322 663 36 361 273 177 885 64 449 816 791 848 1 334 52 602 7 935 305 943 136 362 211 300 634 168 143 102 
24
557 670 216 342 452 722 755 35 723 993 252 542 200 503 572 251 364 48 352 690 684 240 607 355 868 227 162 746 873 710 861 454 280 355 469 258 740 175 806 833 862 135 927 691 246 993 465 107 137 274 261 482 901 591 342 792 551 690 513 258 231 736 664 722 734 142 239 159 814 421 866 337 500 995 997 270 296 508 938 711 463 762 726 2 982 359 931 156 829 499 703 786 315 354 298 993 
29
376 978 960 383 615 151 102 152 880 552 160 248 248 491 870 374 60 147 790 422 750 507 9 454 534 239 506 983 279 180 503 588 435 513 423 840 447 323 648 475 225 274 939 327 354 811 581 623 461 454 800 24 970 21 557 381 49 961 52 643 79 471 297 833 390 521 729 130 110 937 825 554 270 914 341 819 214 877 213 98 201 350 393 321 318 830 630 394 418 255 581 915 437 103 518 21 436 878 989 127 937 264 729 782 948 41 266 25 716 751 532 926 908 755 310 740 
61
592 862 872 85 745 640 282 431 118 334 409 702 856 73 369 412 163 479 214 822 647 691 702 549 886 234 519 192 271 635 915 586 989 326 574 302 713 894 562 140 809 393 249 694 344 285 69 283 356 61 469 513 716 214 940 146 764 458 45 437 181 850 10 644 434 345 51 652 453 528 159 983 515 827 463 508 135 333 777 569 30 474 684 701 686 547 728 94 722 831 75 964 979 191 991 534 967 945 599 464 538 168 743 789 673 960 505 499 181 457 861 420 791 665 504 616 191 466 257 190 486 403 116 385 761 519 433 104 818 93 600 938 21 286 658 753 247 852 851 938 679 507 863 546 604 621 798 935 687 181 858 178 379 162 380 277 808 443 262 810 758 430 177 789 904 145 752 786 964 972 440 925 365 918 687 720 259 471 941 189 340 821 917 878 103 82 192 355 368 735 345 863 62 845 684 884 955 626 801 857 327 31 722 930 180 25 543 502 162 137 361 739 366 570 560 418 300 879 766 401 486 932 740 399 586 432 653 827 242 915 335 563 557 977 430 692 43 139 108 164 889 971 58 644 
37
989 22 325 544 258 39 90 694 511 212 712 522 989 788 147 810 630 779 524 254 38 726 896 335 408 264 435 200 337 501 631 377 225 560 73 486 484 943 827 747 425 128 916 372 935 131 820 801 774 605 683 260 535 430 637 177 557 580 195 538 123 7 115 408 66 326 992 168 560 719 213 954 576 72 27 318 928 787 871 535 849 378 703 173 188 911 20 752 604 673 228 689 558 780 883 167 788 284 41 749 282 221 548 955 897 443 566 524 541 744 31 591 85 50 457 287 575 867 621 318 690 34 330 279 599 693 893 319 18 412 646 866 407 262 972 178 775 715 665 54 26 538 103 682 736 10 997 940 
56
860 317 858 296 64 562 813 305 393 87 616 220 569 467 12 108 414 392 971 918 265 358 358 583 952 904 488 219 409 982 93 55 338 346 215 911 818 200 974 909 109 976 818 776 647 730 848 296 375 282 264 464 609 641 474 963 625 35 479 583 268 252 279 102 646 628 278 919 959 271 889 800 954 914 23 36 923 671 527 614 167 565 341 66 837 460 788 128 535 511 500 477 138 272 11 274 221 146 562 624 845 155 122 822 95 136 501 557 37 408 84 142 164 679 23 162 482 849 362 303 383 897 27 408 161 907 311 308 59 245 276 92 712 832 56 321 638 643 872 656 557 646 886 190 396 209 558 386 76 380 716 395 528 885 522 284 806 633 246 750 146 882 332 867 4 464 400 375 129 896 355 517 217 121 128 175 308 861 138 968 356 632 480 83 236 563 581 37 630 869 495 830 823 956 148 426 888 923 739 75 228 699 944 883 522 883 471 690 335 785 435 821 230 777 280 607 382 383 299 13 898 491 661 13 
28
460 282 671 505 474 146 480 825 369 487 384 148 571 610 47 117 114 971 87 161 681 751 42 233 824 259 987 338 627 884 410 953 178 542 26 972 529 593 240 97 109 341 979 112 298 701 29 857 298 91 263 733 888 182 721 185 380 280 313 505 157 577 919 237 960 955 615 483 47 977 599 896 18 769 393 836 926 446 431 817 87 463 848 340 985 248 660 556 923 298 308 692 273 948 271 869 693 154 943 740 948 260 741 823 448 522 926 107 950 601 824 859 
53
280 300 653 511 786 555 205 991 184 497 754 588 886 762 525 575 518 16 565 938 152 324 155 568 369 38 85 308 891 886 257 229 974 3 560 161 148 135 808 35 435 720 688 517 483 661 457 892 493 404 838 698 507 697 836 186 392 400 614 294 400 590 644 184 440 584 531 93 844 271 62 398 548 413 286 339 995 183 11 918 66 734 122 213 403 255 755 106 335 655 872 332 579 839 410 683 661 192 809 601 192 849 550 992 750 626 62 800 900 345 188 366 932 276 464 115 289 881 369 501 538 107 676 879 71 182 177 119 716 676 421 519 875 393 296 833 141 503 782 167 428 331 841 595 407 702 895 871 867 852 392 788 425 183 43 145 906 122 828 113 323 392 866 401 923 12 474 251 429 655 392 63 831 21 692 773 598 187 572 432 397 444 438 78 29 419 434 944 187 210 678 692 866 277 81 799 520 442 181 222 275 667 866 705 589 38 669 704 854 752 524 910 
25
335 771 587 857 893 24 434 237 732 273 202 16 285 74 729 355 275 483 745 48 830 18 478 228 936 569 294 208 903 120 913 504 408 510 575 957 138 99 325 565 569 671 508 678 459 97 348 507 731 497 161 670 672 79 507 36 295 625 138 205 456 816 702 911 465 348 639 452 57 882 31 667 56 482 54 523 865 291 585 261 496 767 470 282 564 521 242 785 825 829 585 605 219 927 100 200 160 643 527 71 
62
338 924 734 805 787 188 816 513 7 666 856 512 347 990 78 296 623 904 604 641 430 849 562 470 679 318 573 493 499 808 546 98 382 617 411 283 266 401 132 518 281 817 213 520 724 168 307 448 266 609 365 154 528 657 63 165 919 351 41 466 671 435 450 59 338 492 499 879 471 806 804 90 116 805 248 618 540 781 689 63 241 772 526 159 777 282 175 815 85 258 742 326 121 278 209 717 186 592 247 609 571 613 790 643 544 686 568 877 261 204 25 389 147 775 911 481 754 761 983 8 412 488 377 792 75 889 441 577 705 670 669 703 860 683 753 632 893 62 216 610 139 638 389 812 482 677 620 335 940 197 32 642 172 745 724 655 165 403 896 26 524 549 538 512 172 935 685 78 586 33 446 441 367 227 185 407 367 833 450 95 776 273 530 768 268 200 57 533 112 358 522 458 234 8 158 4 470 820 33 17 221 802 942 735 571 658 154 707 839 70 737 947 265 931 143 821 561 521 706 711 794 130 98 433 322 612 878 201 805 102 216 560 53 915 323 470 445 590 16 643 639 266 694 978 6 542 91 468 
7
780 260 459 43 269 344 628 68 341 100 171 658 54 234 133 917 859 485 71 321 38 339 936 756 186 654 482 937 
37
766 895 284 85 291 733 831 707 332 958 523 247 691 408 586 887 239 527 171 475 740 89 946 280 240 877 348 963 937 688 523 809 425 314 104 467 808 348 292 353 644 331 631 921 703 263 765 964 857 199 477 738 670 888 703 514 859 274 402 605 960 965 84 586 806 210 805 280 665 877 785 367 487 204 62 869 672 757 214 677 128 274 159 439 259 322 446 213 917 172 561 426 600 145 889 249 785 21 250 6 301 448 592 335 812 190 136 261 452 252 816 569 519 729 847 421 578 471 390 402 150 489 559 304 600 777 701 951 250 380 581 784 440 979 360 403 672 327 287 424 108 173 698 575 826 308 917 299 
17
377 706 863 226 566 798 823 903 184 272 644 843 104 825 598 902 29 872 255 758 576 253 198 403 207 122 921 491 170 125 838 621 376 797 699 422 768 606 509 48 704 912 906 768 500 306 205 76 149 122 177 414 787 720 544 719 292 760 494 360 186 293 389 201 726 83 482 799 
51
657 268 572 856 829 562 490 404 552 607 127 415 977 501 458 34 444 484 692 332 333 46 658 739 949 725 459 526 307 341 664 958 636 39 428 385 488 884 278 539 838 335 948 780 695 980 576 450 571 108 631 513 454 375 191 433 522 64 100 757 215 872 402 204 577 103 146 390 587 6 138 881 219 771 275 458 113 721 607 269 327 815 993 38 747 602 138 782 123 227 951 766 193 293 171 782 241 956 885 593 618 96 909 679 423 347 870 208 895 410 982 341 810 529 331 574 357 29 930 429 244 75 328 763 661 604 835 504 408 673 849 83 185 818 954 739 913 433 561 90 78 409 346 145 89 188 551 309 762 744 153 219 307 961 54 671 10 390 86 778 290 957 269 263 604 863 795 88 644 691 465 621 245 630 495 437 283 185 612 427 918 479 432 525 868 558 604 785 493 605 531 527 513 576 685 677 977 238 149 385 927 291 5 340 
11
329 350 309 192 189 89 933 674 438 73 117 821 147 793 726 430 31 881 447 918 385 551 499 779 433 464 852 391 329 940 412 191 60 972 90 963 249 873 170 107 75 363 808 723 
3
639 720 898 614 177 260 782 446 375 972 211 909 
57
411 714 679 351 786 700 450 436 236 255 462 824 737 57 634 635 451 796 890 902 301 44 183 110 675 226 227 317 217 193 522 799 646 123 110 200 973 965 343 400 685 33 707 663 66 459 252 885 593 149 196 219 266 795 957 450 854 901 442 542 805 629 862 150 65 985 10 730 684 307 161 434 829 857 374 603 563 486 662 173 99 677 192 165 176 753 474 321 67 22 164 409 690 900 238 369 552 537 546 131 159 909 341 137 846 271 748 894 805 382 154 822 551 308 108 705 818 756 42 526 765 31 154 1 394 745 79 958 16 250 277 942 573 380 19 29 310 901 688 385 114 216 769 803 30 783 358 246 54 818 589 205 819 363 213 43 932 241 362 956 679 117 518 583 575 241 380 779 400 897 207 875 509 205 715 22 527 400 369 423 982 170 67 84 408 360 190 285 27 279 882 945 913 36 741 848 488 40 252 814 393 967 612 958 410 456 425 833 710 867 53 174 232 219 640 660 352 828 656 614 763 125 236 736 85 221 588 857 
13
470 61 725 278 449 608 72 601 103 228 946 132 80 140 434 460 177 910 660 96 273 81 361 78 62 613 587 643 339 299 950 606 259 358 701 423 997 464 627 502 731 101 731 571 999 437 627 846 527 767 41 648 
27
677 51 809 224 927 69 447 39 493 408 165 916 902 261 676 593 664 369 562 786 265 127 277 826 653 905 955 305 374 218 379 694 9 926 452 494 532 669 989 300 174 286 611 821 268 696 280 524 273 36 933 967 219 631 540 70 851 270 542 921 688 784 269 808 445 821 382 136 320 225 110 785 276 385 731 288 453 105 123 277 968 736 296 245 296 593 488 60 486 929 10 284 835 605 370 273 942 144 293 687 114 938 975 118 31 871 192 110 
14
567 644 976 674 94 611 378 675 319 571 586 998 74 165 65 957 374 950 794 19 293 548 405 401 963 948 403 76 908 934 205 513 259 515 965 696 193 526 101 773 793 145 325 192 597 440 428 135 631 217 20 983 108 272 301 910 
22
855 808 84 768 225 300 859 682 227 96 163 248 463 669 338 702 738 73 207 780 117 583 370 34 981 297 520 811 433 502 249 195 984 69 755 424 992 195 246 715 390 955 130 180 770 250 6 509 873 510 357 899 92 752 30 79 892 425 72 350 267 934 433 758 752 843 569 547 243 472 436 253 465 783 351 802 555 436 601 290 317 734 78 791 320 542 609 533 
37
260 944 414 49 952 797 741 795 234 125 818 363 91 290 103 160 989 476 668 428 640 51 964 803 615 321 186 654 541 2 446 986 286 890 197 521 225 165 230 654 833 832 409 311 442 70 658 196 588 653 78 830 8 291 970 386 58 25 944 750 139 695 504 731 825 886 2 208 864 161 984 225 116 122 579 145 41 404 978 410 615 51 944 82 742 424 282 514 408 974 738 233 97 526 221 465 819 905 92 960 650 928 295 849 788 990 961 348 15 866 109 155 963 902 298 454 473 343 144 994 393 108 665 346 509 265 365 922 763 603 657 944 183 947 595 181 646 397 675 39 85 550 456 177 560 545 328 780 
3
376 884 266 848 351 77 93 761 703 46 481 481 
