337
1
524 74 593 249 
1
182 107 521 488 
1
173 181 528 299 
1
855 153 366 874 
2
343 680 404 999 431 713 777 821 
2
297 676 263 665 373 582 763 422 
1
290 971 788 326 
2
584 476 937 883 21 877 244 845 
1
894 745 482 32 
1
438 947 428 504 
2
565 989 523 790 933 809 89 688 
2
496 810 549 451 807 359 56 916 
3
260 787 281 165 452 335 202 229 714 344 430 367 
2
850 177 535 667 595 640 215 414 
3
301 843 828 650 931 741 473 591 430 328 791 316 
3
525 456 36 549 64 479 101 825 944 226 63 465 
3
288 601 421 540 991 894 796 902 892 725 289 845 
1
872 738 196 216 
4
321 173 363 854 907 824 943 895 191 269 278 634 402 977 244 937 
5
120 908 290 358 835 385 506 233 16 553 366 679 935 784 528 162 203 461 740 277 
1
190 803 761 359 
1
962 661 591 1 
5
842 863 248 476 210 605 470 447 180 940 239 438 926 305 348 699 567 182 210 755 
5
321 294 8 519 939 815 983 789 563 881 390 913 233 374 895 56 912 855 42 252 
2
203 612 946 579 414 906 476 121 
5
985 792 224 356 651 39 433 386 256 23 419 260 427 415 234 819 342 178 88 60 
6
204 700 876 213 163 520 95 539 294 870 829 809 279 823 889 571 164 981 273 88 153 76 739 358 
3
287 628 637 922 125 342 915 743 382 916 739 802 
1
911 522 762 599 
2
795 658 733 524 494 784 672 714 
6
839 396 806 355 726 247 997 482 301 414 229 345 314 613 119 61 524 656 148 73 223 75 587 344 
3
312 640 718 590 213 847 531 731 452 505 591 848 
1
775 659 339 237 
3
831 758 732 909 706 348 530 222 184 874 770 765 
1
781 584 831 523 
8
100 927 480 839 762 234 512 314 214 531 419 34 276 979 921 88 842 171 523 576 92 858 661 858 636 136 42 469 511 209 43 990 
6
14 185 145 46 978 741 963 190 395 992 25 737 538 584 420 988 54 959 377 783 788 73 260 37 
2
197 894 268 729 9 267 934 256 
5
199 79 981 369 59 528 586 259 95 455 577 511 644 216 265 734 217 954 956 351 
7
95 44 288 662 300 612 764 411 220 168 719 980 792 277 680 358 218 924 439 167 56 785 183 980 752 355 396 25 
4
561 762 875 135 720 733 714 657 877 646 981 941 601 942 429 164 
6
813 644 796 495 749 673 855 220 590 714 169 196 281 580 579 112 185 923 338 114 32 545 603 130 
8
23 607 229 549 897 371 351 402 763 965 369 18 579 369 287 84 548 875 211 516 608 601 443 7 606 254 685 584 165 526 263 172 
5
745 954 158 334 154 57 771 297 209 145 51 272 902 187 896 203 299 900 30 900 
5
915 199 520 675 593 902 854 308 986 617 774 556 764 777 303 51 789 261 81 547 
6
794 893 903 470 250 274 588 876 174 558 686 211 694 75 189 118 354 503 868 28 950 584 755 920 
7
664 442 32 800 61 63 483 823 654 227 634 981 299 3 119 767 503 102 186 478 668 437 771 417 745 252 222 263 
6
340 786 415 312 411 540 665 277 181 796 726 84 676 581 930 746 413 169 630 314 474 49 944 387 
5
521 343 823 258 14 731 887 84 404 98 374 254 441 232 54 576 296 875 685 892 
1
963 495 957 535 
1
970 978 242 190 
2
708 1 261 893 335 223 184 373 
10
138 699 826 689 452 216 880 7 49 31 592 688 31 59 739 26 762 646 295 948 287 462 757 935 572 884 304 198 507 755 774 825 34 51 797 636 281 986 263 13 
6
515 759 486 612 619 454 31 65 565 374 943 700 391 248 307 961 714 539 123 281 875 903 514 997 
7
564 927 164 290 79 135 603 339 325 309 987 595 708 132 496 48 562 19 702 568 448 129 142 345 307 15 382 679 
6
822 483 962 855 21 459 519 354 959 597 909 620 573 654 185 948 656 778 187 715 694 751 111 374 
6
845 706 448 495 193 88 595 175 953 753 475 288 697 288 950 99 565 383 751 965 583 381 705 951 
5
520 296 260 74 322 771 817 367 376 309 320 637 448 216 708 830 440 3 756 210 
6
889 793 203 419 566 767 984 948 157 743 304 813 978 263 850 345 979 806 366 61 986 284 392 988 
7
405 126 696 1 127 658 68 4 500 466 802 508 923 725 248 745 930 540 15 446 367 182 890 454 283 474 328 327 
7
524 622 517 528 354 650 901 343 990 937 437 289 790 956 567 683 497 25 743 343 590 270 565 597 539 707 617 317 
1
745 412 296 796 
9
225 298 438 457 134 12 505 639 383 539 184 380 772 176 123 6 595 551 378 716 586 641 731 827 958 515 597 125 689 886 547 97 934 359 346 802 
10
473 727 990 796 623 421 626 800 141 194 597 200 898 418 331 813 955 464 296 815 503 774 347 2 569 371 145 178 152 699 412 564 960 425 565 55 768 759 925 489 
9
119 353 751 297 222 668 113 111 37 524 191 751 801 687 223 993 107 33 804 689 390 224 320 668 926 395 392 735 526 599 314 786 218 401 38 884 
7
801 671 880 988 742 971 319 931 90 479 792 790 926 99 589 177 700 600 841 744 987 971 784 941 346 110 738 771 
7
498 123 600 677 614 989 881 108 868 689 790 189 591 688 894 601 734 708 911 480 489 720 736 242 401 412 187 681 
13
650 912 497 544 521 888 59 779 767 143 900 297 23 534 318 161 899 159 56 293 915 216 410 701 865 907 258 511 771 286 578 775 389 872 875 627 474 465 796 243 901 98 707 990 944 742 102 690 326 780 67 935 
11
632 604 449 813 161 932 189 172 927 28 776 892 35 835 686 370 519 447 939 723 379 96 38 950 174 149 892 985 499 880 892 912 905 689 493 315 194 795 707 116 304 814 854 736 
7
213 439 867 564 236 85 659 70 878 490 602 508 743 705 962 221 663 204 830 251 869 394 941 665 893 565 643 928 
13
106 253 447 352 428 995 524 809 642 289 133 24 713 119 774 196 861 358 191 76 72 212 735 482 287 141 397 491 165 335 50 249 931 754 79 276 53 441 201 748 43 802 658 65 189 31 642 419 381 370 23 291 
2
886 853 870 509 309 74 293 592 
11
267 151 774 568 91 250 200 126 905 739 998 62 483 357 471 7 842 658 207 402 802 381 228 74 309 848 261 535 332 632 868 139 975 753 680 369 188 451 371 755 138 641 342 651 
15
847 303 699 121 685 171 127 699 219 386 446 378 663 447 691 159 929 389 606 389 195 580 661 941 350 267 440 454 188 422 291 344 133 599 55 349 777 981 577 509 880 168 298 81 253 896 195 799 217 243 691 981 556 708 376 314 370 894 497 230 
12
129 427 267 162 409 998 325 593 837 466 663 470 230 371 128 157 954 863 882 527 157 84 568 800 676 327 733 530 45 537 600 373 895 920 898 561 42 535 657 795 563 375 522 377 687 611 683 180 
16
726 469 215 362 964 960 828 84 636 438 943 525 581 149 492 621 15 552 581 40 196 398 274 372 309 644 829 635 440 150 943 583 54 562 55 381 717 509 853 883 290 589 394 867 18 625 402 930 394 328 246 430 243 322 502 187 525 619 864 214 74 147 463 954 
2
990 832 73 254 709 370 290 259 
10
318 124 800 388 428 903 549 140 100 579 410 398 679 713 380 261 568 799 108 562 983 738 368 72 205 657 913 977 831 639 698 417 758 124 581 243 942 472 904 799 
6
972 291 466 716 962 224 284 172 623 647 690 783 585 374 474 487 307 898 144 100 401 28 530 369 
10
551 578 441 242 596 840 173 228 495 250 521 29 130 910 584 433 206 137 340 256 532 748 468 844 438 23 318 471 117 819 717 190 865 816 146 85 307 884 437 185 
16
916 547 521 283 952 148 424 316 150 317 119 888 125 199 767 191 872 256 78 435 175 689 292 362 787 498 73 855 523 224 352 226 616 939 675 851 471 337 277 992 739 26 166 698 475 992 200 961 21 159 457 405 667 6 703 926 583 390 985 694 928 387 309 705 
6
442 44 689 65 323 831 982 669 85 270 769 859 91 815 129 660 362 353 863 36 270 188 208 672 
1
556 40 261 252 
3
177 987 365 876 308 125 504 895 288 389 817 260 
8
159 674 55 659 355 377 485 775 557 806 717 954 630 956 113 323 680 805 822 312 359 163 976 509 647 930 873 534 762 547 317 243 
6
536 678 416 748 726 576 912 6 363 812 104 781 423 639 639 670 85 833 251 516 948 318 648 358 
15
244 140 508 45 207 604 776 281 72 841 838 109 975 608 949 866 819 637 703 129 92 769 51 426 79 803 875 240 266 750 897 111 251 660 811 595 798 585 620 192 980 152 77 109 111 678 478 648 382 320 915 513 803 177 380 782 721 842 910 525 
12
202 512 172 479 57 246 850 299 572 704 630 977 385 454 511 728 820 807 549 867 952 914 396 49 591 147 79 448 216 256 249 393 835 543 99 793 664 895 252 815 64 620 400 316 365 869 317 267 
5
516 436 919 102 358 250 885 210 522 976 357 910 269 28 303 18 56 334 617 105 
6
410 545 560 647 542 387 245 246 904 1 190 807 29 824 832 595 677 629 465 873 391 405 380 11 
10
552 581 784 135 646 469 838 972 207 547 591 49 198 632 18 955 37 19 554 95 612 633 930 775 280 980 871 987 201 944 599 247 47 894 750 65 510 590 558 145 
7
350 411 217 803 507 330 19 126 991 677 535 764 710 257 415 934 921 288 264 399 605 527 518 893 195 131 545 96 
15
117 112 65 1 923 610 899 897 970 371 24 681 263 699 711 965 655 732 690 472 507 297 343 704 466 875 858 218 908 459 478 375 84 74 403 287 655 275 911 425 764 978 141 286 349 272 927 680 170 536 215 377 298 400 782 734 260 360 979 233 
7
846 437 607 797 761 267 61 624 423 381 734 843 549 316 287 28 66 119 213 682 92 846 508 100 509 253 701 322 
5
790 315 83 65 511 894 888 842 267 373 358 75 950 783 819 680 171 979 242 66 
19
621 485 503 925 377 92 964 763 292 217 350 867 406 998 468 385 284 484 613 587 587 552 187 476 563 218 581 126 378 896 9 654 315 539 145 201 22 603 188 472 723 746 521 730 538 994 342 601 86 825 91 361 162 32 548 475 343 640 935 843 571 927 665 473 741 221 705 82 581 749 801 210 82 195 878 114 
17
655 970 922 709 662 71 312 787 784 12 13 269 248 312 811 868 368 303 381 787 607 457 750 400 641 985 381 809 308 688 532 848 476 888 479 906 598 657 4 121 612 670 194 89 442 784 830 866 112 565 439 50 977 222 919 849 992 129 912 949 379 780 789 782 765 927 916 964 
5
48 951 574 363 345 586 209 182 285 200 7 43 53 509 471 899 79 223 998 741 
16
607 199 511 676 91 887 665 619 973 730 728 82 304 770 899 27 7 862 352 283 484 976 85 567 543 82 728 205 396 537 206 809 966 344 94 699 796 571 854 850 28 118 680 966 117 975 978 187 676 468 863 962 70 301 621 146 283 367 160 860 625 232 104 995 
17
75 817 997 902 121 499 355 232 864 716 210 319 993 617 275 113 810 308 377 645 609 104 571 77 91 101 249 702 188 923 535 75 592 566 103 5 341 128 430 336 745 228 125 695 46 922 68 648 299 239 942 702 995 87 192 334 683 658 756 674 125 151 607 98 287 759 227 638 
16
642 165 658 166 3 411 159 261 507 221 326 190 591 889 181 640 729 729 887 215 912 765 501 530 587 29 309 126 437 244 665 671 423 978 959 765 116 651 194 712 20 177 982 65 888 54 962 269 560 628 396 262 804 768 770 355 522 797 738 195 704 138 11 435 
13
792 82 93 123 863 546 2 639 214 325 559 779 968 98 37 694 589 547 632 547 24 571 562 684 305 430 786 842 384 502 652 209 33 352 515 482 164 5 243 857 211 697 638 85 237 797 923 271 52 298 208 240 
18
58 697 59 30 807 950 300 901 322 966 437 428 934 768 168 940 287 276 378 397 735 872 413 452 349 711 83 523 176 500 515 26 9 187 919 955 680 363 786 545 434 631 196 696 673 618 170 695 579 787 866 892 513 427 299 33 378 835 997 514 849 837 811 103 72 77 823 490 162 630 723 610 
16
290 751 691 568 269 558 50 918 890 635 445 72 226 631 6 912 465 819 417 24 181 243 169 328 243 603 207 508 402 978 784 909 883 650 374 990 325 400 717 249 169 333 924 592 612 417 674 139 631 594 448 82 984 608 296 519 601 367 16 18 182 739 809 821 
1
232 885 947 912 
14
629 481 505 729 533 896 380 174 10 417 161 866 762 716 567 32 429 46 748 455 728 897 822 879 587 985 144 79 882 691 951 816 289 302 776 436 172 414 62 439 23 872 317 228 159 454 25 610 120 310 205 197 524 778 795 226 
19
447 686 430 828 39 676 259 97 593 75 179 923 779 390 597 276 697 874 278 144 465 934 896 636 511 550 628 176 945 231 893 98 882 169 299 351 748 716 625 288 501 162 95 451 755 664 831 530 587 369 976 321 310 672 647 61 458 854 474 194 332 992 288 134 27 822 140 839 609 667 198 650 599 477 458 859 
5
293 41 549 937 585 859 819 67 740 519 946 990 960 611 214 296 73 545 844 83 
3
734 181 671 201 315 795 201 415 731 791 969 703 
14
114 907 767 975 117 849 20 513 740 449 922 478 686 678 393 554 772 963 376 539 451 112 915 13 844 3 710 553 827 330 620 347 915 465 909 162 612 927 406 911 660 429 929 344 908 700 300 669 184 729 685 656 212 891 887 136 
7
544 800 122 599 787 38 707 39 951 901 566 940 241 777 303 389 729 457 509 79 611 682 211 275 388 932 977 525 
7
877 800 694 222 882 753 535 849 591 573 303 608 668 852 765 56 831 490 192 63 663 270 77 72 754 133 51 382 
23
45 561 465 709 999 458 918 759 654 435 890 442 400 42 381 505 873 651 879 518 945 267 758 914 334 223 388 528 342 949 571 247 938 603 993 737 593 389 813 602 826 758 504 94 161 64 655 905 99 359 916 160 636 27 408 487 466 606 866 881 591 882 582 549 683 301 670 452 834 640 625 242 345 43 721 412 691 405 668 900 436 491 780 514 300 49 269 63 197 110 106 50 
17
653 809 370 832 917 57 499 264 674 898 782 887 223 246 827 535 360 896 701 507 175 581 588 944 985 270 163 454 758 772 604 235 759 390 114 56 464 828 684 390 418 81 537 194 247 826 218 227 963 534 885 542 898 815 349 680 369 316 876 110 13 564 931 517 628 610 318 904 
20
268 232 624 168 790 412 872 868 341 878 520 782 348 562 599 410 567 207 991 196 290 950 41 410 614 30 65 96 861 415 13 186 991 385 896 953 797 262 431 670 276 341 47 23 538 703 494 780 207 959 849 418 741 288 609 411 612 18 674 511 470 847 503 570 944 388 380 403 565 757 989 156 867 777 673 447 676 581 970 461 
11
778 438 410 146 862 458 207 684 147 33 273 698 465 694 309 772 738 690 50 431 46 397 717 884 701 496 318 675 829 81 662 847 980 362 836 543 620 819 233 46 930 290 21 836 
12
125 823 72 124 112 187 382 614 259 836 95 585 580 653 297 532 988 12 391 524 169 933 30 365 299 333 11 573 266 822 396 679 352 685 843 167 406 721 362 298 973 438 22 502 277 696 37 577 
9
230 485 185 657 60 124 85 462 496 491 767 672 551 308 982 994 84 849 248 801 963 505 252 568 281 687 227 663 783 719 931 115 150 815 218 952 
8
724 721 778 483 44 320 349 827 258 290 401 527 420 765 366 46 927 973 695 554 403 144 288 48 641 593 556 90 909 711 286 927 
21
180 532 283 85 465 977 23 217 230 493 166 102 967 847 139 183 705 238 505 447 463 372 325 164 355 739 753 802 717 418 474 747 188 320 723 320 884 32 550 275 217 854 431 576 411 90 447 481 562 360 251 636 555 960 142 647 747 982 779 484 260 93 802 149 847 447 781 674 32 214 321 825 938 273 362 866 866 187 246 516 485 128 607 625 
9
126 746 256 456 877 298 107 830 336 555 115 294 378 769 822 717 14 232 805 437 996 653 675 59 751 266 208 27 536 484 851 647 606 337 510 47 
4
362 656 215 546 940 610 145 715 100 534 101 153 744 759 298 904 
18
491 11 99 8 855 944 558 207 748 946 698 396 174 438 610 64 519 702 143 219 12 877 927 556 892 69 882 549 736 152 409 996 137 469 932 723 91 428 965 816 413 69 421 337 84 621 358 60 844 916 718 124 199 380 829 269 968 583 74 329 624 165 768 886 944 255 759 121 670 543 148 26 
3
466 479 485 683 772 416 372 83 63 520 558 855 
7
998 562 653 512 762 260 614 780 107 146 743 571 113 985 571 857 840 750 34 289 666 405 889 365 747 148 406 923 
16
956 398 410 557 139 500 851 970 304 564 163 219 77 748 900 768 578 527 872 583 462 373 74 338 832 253 658 586 30 673 388 326 13 251 436 924 129 1 661 230 117 602 640 290 220 57 348 399 820 651 738 210 20 983 229 714 55 61 979 600 837 212 355 4 
5
11 35 640 419 820 810 707 824 42 391 588 46 173 168 577 129 230 856 474 968 
21
989 422 980 577 124 302 910 430 725 26 310 803 11 137 739 507 612 735 412 337 299 806 127 480 209 393 741 493 701 439 698 287 917 37 412 778 181 951 273 992 804 854 736 574 928 694 158 192 657 269 972 481 301 93 899 857 550 156 401 665 853 443 327 631 357 289 96 19 185 630 297 489 462 114 782 979 507 770 930 662 637 611 260 802 
25
401 883 349 41 995 33 103 783 892 324 930 577 956 718 681 579 787 869 323 108 455 860 584 204 724 144 175 866 199 755 537 310 90 338 971 471 655 568 345 906 366 177 842 481 949 211 910 662 439 33 857 481 426 42 554 508 357 529 473 862 912 961 416 249 420 756 658 910 621 237 516 364 575 483 34 653 895 483 299 306 949 644 602 303 507 723 126 30 917 182 945 880 126 75 387 192 424 70 431 573 
7
817 538 346 645 328 365 854 609 201 259 311 373 65 549 62 634 505 84 834 587 666 659 325 582 608 154 735 987 
17
728 195 857 414 806 778 714 221 320 11 657 849 600 867 720 212 244 375 141 974 910 34 375 989 698 794 643 880 393 637 653 75 600 667 550 402 996 789 758 901 342 80 122 532 928 192 513 296 15 562 355 81 448 902 209 648 159 487 634 966 575 738 657 403 11 568 807 144 
13
112 482 228 820 745 918 310 220 100 881 502 945 528 771 892 954 587 153 213 34 228 123 745 26 142 222 319 100 916 512 820 65 849 505 571 686 510 25 969 784 535 983 980 861 310 819 897 937 539 7 396 341 
7
808 877 542 955 25 566 294 285 171 517 644 346 915 626 41 793 574 659 127 146 571 574 815 904 346 175 552 585 
21
839 287 694 373 848 796 866 316 778 93 142 490 751 464 267 44 798 90 829 542 602 929 939 39 31 200 835 354 177 54 528 378 588 200 801 2 831 166 320 882 282 784 647 486 316 423 717 423 575 240 566 103 200 177 698 424 211 185 37 169 779 437 218 323 666 954 595 72 883 280 100 147 620 334 819 746 235 262 534 746 247 862 613 287 
18
992 351 577 161 471 814 221 152 652 811 390 296 693 396 145 546 989 615 703 316 138 814 435 810 745 505 94 251 714 343 658 81 934 424 582 367 76 855 848 814 73 7 594 269 47 524 686 280 943 552 943 186 135 860 702 893 537 241 142 236 844 888 949 696 945 296 943 273 803 518 218 681 
13
413 772 137 744 881 366 471 718 529 93 217 926 158 34 255 722 21 450 876 745 779 430 28 814 620 41 224 938 548 931 349 31 187 815 881 926 605 507 822 475 700 952 614 980 742 494 705 457 270 804 243 137 
1
936 418 746 287 
16
390 778 614 723 791 236 990 903 317 423 238 422 533 5 859 789 834 976 700 917 273 910 674 94 40 758 227 191 244 415 285 704 606 95 363 205 1 829 536 270 30 357 520 668 828 804 515 786 643 820 325 766 675 795 872 805 691 425 202 507 205 899 982 952 
26
504 712 48 252 993 616 38 827 339 375 257 374 735 270 850 111 438 66 178 33 64 754 895 39 503 897 580 385 84 807 318 278 852 684 150 384 96 961 80 208 981 474 665 585 771 682 602 865 712 717 186 448 136 290 936 884 584 382 840 301 531 424 245 634 586 124 895 316 39 499 136 455 621 434 989 536 167 414 540 354 211 177 69 593 483 254 543 354 760 514 35 871 638 785 266 678 828 500 309 851 949 401 964 447 
19
806 57 420 867 841 27 285 878 406 293 436 64 746 754 255 407 546 98 269 809 600 271 460 951 603 438 51 915 389 446 136 178 495 568 860 323 441 216 367 512 898 975 937 53 971 582 491 205 784 37 593 724 827 155 351 13 56 260 677 243 265 445 108 820 334 864 840 840 857 343 289 983 805 634 758 880 
19
427 481 575 410 393 100 593 314 304 870 816 791 742 16 652 826 959 189 698 767 543 693 109 922 774 733 192 556 205 548 938 767 169 358 909 524 598 673 978 435 231 376 394 250 311 723 333 414 720 772 509 697 387 303 978 444 926 669 70 179 37 924 396 480 641 180 640 35 187 219 510 548 204 536 65 167 
2
454 732 978 562 232 788 180 297 
13
851 59 202 565 943 257 375 111 10 955 612 256 235 947 500 59 354 473 69 944 958 14 592 210 959 925 877 950 972 51 262 782 250 141 379 241 944 344 835 556 740 435 419 947 556 690 401 923 627 595 563 792 
17
490 930 64 32 36 257 428 455 708 531 42 338 823 422 139 666 16 260 331 708 889 981 138 172 232 125 578 31 968 435 755 27 355 639 576 715 368 713 119 816 454 905 149 985 674 42 336 384 801 660 242 737 423 695 548 436 265 633 180 249 304 709 914 947 592 535 355 649 
16
3 784 44 238 324 272 396 539 363 968 593 645 628 852 427 548 6 78 150 112 644 319 948 901 836 287 707 277 706 608 701 322 580 255 552 897 628 982 737 259 797 460 614 179 271 215 752 586 582 158 398 591 898 80 787 147 776 398 961 661 298 90 979 937 
3
201 156 740 256 357 611 709 952 894 495 196 188 
30
721 517 251 854 374 836 394 932 951 404 687 744 925 633 574 991 744 594 223 903 833 922 174 10 802 251 765 857 325 847 166 720 603 507 755 482 367 793 58 980 747 795 709 611 135 608 539 362 785 464 737 346 358 790 725 543 818 618 569 957 242 516 47 891 8 102 510 716 427 676 959 358 839 587 344 70 107 37 85 85 548 735 740 898 640 677 869 185 629 504 89 88 824 705 488 977 978 986 475 619 211 83 591 247 217 654 83 789 256 893 786 838 67 651 640 550 23 579 26 37 
28
269 400 121 121 434 211 946 553 317 476 286 960 152 715 42 787 983 839 657 991 947 407 917 80 543 949 245 420 751 774 159 294 341 714 342 647 467 909 610 781 190 132 580 461 713 669 743 217 615 402 808 399 839 383 156 873 687 980 813 909 334 529 717 182 756 727 315 47 148 848 953 416 337 853 718 457 777 614 587 106 639 34 277 175 516 674 151 154 260 983 523 962 462 233 970 93 168 739 238 485 104 583 698 987 710 980 803 724 556 870 299 954 
17
754 800 762 366 471 808 928 696 692 271 471 403 348 672 699 38 736 207 423 709 320 894 829 705 465 541 684 944 522 647 301 125 819 702 857 680 484 649 480 154 832 626 878 518 390 581 63 89 625 481 34 905 952 295 497 437 118 713 825 636 543 978 120 305 28 999 748 273 
20
735 17 125 498 877 364 196 945 106 672 909 855 359 435 78 915 962 270 5 427 686 691 99 885 810 832 400 394 834 620 424 526 793 709 314 339 150 965 934 949 563 216 381 150 525 304 586 515 319 793 30 29 355 309 385 156 208 164 285 174 991 652 697 240 638 281 63 249 160 747 790 501 76 212 832 909 657 829 522 453 
7
759 478 229 904 287 623 52 567 940 749 626 456 59 125 450 580 124 883 825 928 271 325 797 239 915 66 194 998 
17
814 415 430 513 578 979 856 440 123 195 653 535 382 308 496 304 280 485 846 229 571 79 372 993 344 993 812 502 841 410 374 989 491 926 699 119 543 41 87 472 618 417 878 635 285 605 975 848 514 193 909 820 430 32 605 598 114 336 598 355 486 276 93 554 276 130 583 576 
5
810 156 788 140 676 857 697 165 952 954 210 286 724 484 262 110 178 530 318 869 
7
740 74 198 919 168 974 800 61 92 135 908 373 785 310 330 723 768 468 229 413 17 88 403 512 51 93 360 940 
12
287 512 445 917 584 432 626 434 971 853 684 58 437 985 935 674 116 687 374 500 934 476 812 828 587 926 287 319 366 877 740 203 945 278 502 470 496 141 899 156 217 58 460 39 700 329 952 665 
2
220 205 871 961 137 72 603 672 
31
499 988 471 874 910 907 531 656 804 610 999 20 186 756 903 211 840 751 601 301 837 243 826 550 496 615 129 484 81 600 375 456 371 267 48 199 416 433 290 775 991 955 960 137 12 720 283 176 164 677 54 921 780 273 780 111 227 366 927 445 685 17 624 943 487 142 898 867 127 600 956 447 587 769 719 81 624 121 913 325 437 114 406 540 643 567 401 776 128 488 387 20 257 564 16 374 638 434 23 542 220 550 910 622 475 192 420 156 193 142 448 582 196 22 726 469 170 516 267 782 560 908 898 526 
1
317 949 583 719 
31
134 548 476 714 428 298 401 831 81 561 146 927 232 508 905 785 368 184 956 91 507 419 773 676 504 715 175 40 297 827 71 337 126 818 626 37 580 44 588 638 643 904 307 542 812 144 306 123 393 856 103 584 57 234 93 392 545 334 595 936 701 285 768 209 487 321 105 323 353 946 176 289 421 137 454 659 176 310 933 334 549 440 893 477 403 489 726 184 715 721 669 582 894 169 387 820 987 808 596 889 387 290 856 217 362 149 589 32 970 496 599 596 92 395 574 626 436 263 223 935 871 556 549 443 
18
588 545 2 689 977 671 713 429 710 463 529 531 789 761 901 184 264 988 207 76 707 57 966 244 113 734 981 648 174 996 587 222 876 309 47 696 111 451 312 780 369 500 811 126 637 284 720 449 894 24 665 106 469 568 163 647 434 283 847 869 49 755 240 885 533 70 509 761 487 123 851 651 
17
71 39 316 311 45 573 720 212 733 403 241 239 697 435 524 24 653 467 12 484 756 981 450 655 329 72 941 760 329 887 714 6 672 810 834 15 235 271 462 8 493 213 521 921 817 2 938 676 448 62 537 816 391 686 838 877 301 540 815 392 346 579 901 189 659 812 344 924 
7
834 312 544 415 238 606 820 947 731 180 694 320 222 31 630 352 171 135 771 883 56 884 594 101 376 722 493 334 
24
951 367 476 708 880 185 995 354 665 452 829 335 512 109 386 784 2 943 636 434 526 594 502 819 185 364 18 198 25 155 94 771 775 663 542 941 553 774 49 855 749 620 293 41 38 305 413 891 2 823 812 389 200 926 498 856 841 456 84 860 690 896 242 404 130 966 874 975 151 976 82 767 390 578 730 825 942 963 58 171 525 447 624 330 895 340 146 203 506 907 271 336 529 827 219 204 
27
277 733 246 602 338 483 12 938 329 866 989 240 389 719 422 449 822 990 577 622 885 231 655 507 41 340 738 964 648 785 385 571 893 649 711 152 917 63 478 382 87 938 619 300 833 814 558 389 662 682 610 239 167 111 262 975 350 456 5 863 713 974 698 876 719 708 381 266 112 378 374 529 968 942 427 756 243 181 464 456 236 812 836 910 100 719 429 729 992 382 96 704 614 118 646 984 578 584 886 827 759 753 757 947 717 126 911 602 
27
557 913 366 612 512 33 865 915 68 406 574 726 939 758 923 189 849 401 479 455 241 759 84 979 492 977 816 849 239 275 591 550 682 400 385 710 181 707 526 875 999 247 734 277 357 506 220 607 559 79 284 451 972 228 357 405 596 735 511 519 267 348 236 757 927 987 757 756 326 649 859 809 897 781 170 50 209 883 496 531 962 678 709 737 256 467 70 778 653 74 712 12 170 233 846 671 584 175 505 283 228 804 361 845 231 674 825 591 
31
965 919 506 549 149 580 630 582 483 183 611 591 815 699 13 670 897 330 309 767 137 598 718 705 712 464 249 381 470 494 320 435 486 403 542 395 276 897 354 355 703 860 845 580 880 871 756 259 252 438 848 8 317 720 740 445 245 167 318 993 583 902 207 590 284 255 105 510 42 328 269 869 426 74 869 794 939 403 669 420 91 607 721 812 222 838 251 469 983 700 984 958 820 164 747 541 774 583 486 77 44 629 504 846 831 668 487 447 839 217 553 74 955 845 33 487 965 205 280 837 544 463 610 921 
27
3 523 363 253 470 75 651 374 19 752 128 223 927 553 305 206 125 437 732 550 446 125 896 941 30 411 71 940 454 544 516 632 315 776 751 498 936 804 991 912 804 343 867 823 566 68 275 433 189 674 166 247 98 373 747 775 291 238 570 988 80 125 183 434 936 149 800 697 153 937 34 633 602 540 934 896 47 981 39 142 462 3 586 908 467 183 959 983 458 423 79 389 433 191 225 879 383 791 993 708 410 998 436 954 734 896 260 233 
19
178 143 245 876 312 165 686 148 515 477 429 996 291 234 938 375 803 503 351 235 527 878 133 563 550 306 296 217 964 792 639 159 389 565 410 86 424 373 391 731 586 746 841 795 262 725 230 854 802 683 112 455 893 514 941 870 228 215 703 646 612 202 521 523 543 533 566 547 466 961 614 239 123 982 651 96 
34
803 889 291 715 196 384 824 610 498 167 103 509 924 385 810 942 373 773 305 884 280 640 334 256 962 8 293 342 499 959 456 380 54 514 273 360 748 966 354 20 366 400 858 185 300 226 313 12 418 856 551 57 23 107 130 860 191 51 576 598 191 354 876 589 345 247 893 576 9 737 303 933 169 17 645 346 59 459 659 107 833 667 906 937 139 343 43 100 90 854 501 876 622 790 260 499 454 886 665 530 827 541 160 962 378 385 844 560 666 426 286 717 451 317 395 225 256 277 950 874 230 305 681 327 985 916 804 297 878 851 589 398 614 721 840 733 
26
373 611 855 36 37 830 56 332 982 243 170 907 637 293 84 878 161 439 692 224 410 485 553 610 428 684 73 842 134 858 216 157 218 874 388 194 161 698 127 671 144 912 306 997 239 170 342 329 345 180 569 884 26 826 997 712 437 725 983 63 697 854 941 481 940 421 135 603 249 804 65 508 335 337 665 827 20 423 577 999 538 611 678 810 870 321 605 613 196 870 212 412 472 700 252 810 590 574 600 881 11 643 713 371 
34
823 581 621 27 208 291 437 772 186 566 166 739 193 453 170 565 371 317 491 595 943 389 278 667 252 192 662 735 724 625 640 512 135 203 781 67 124 458 165 711 347 485 474 491 323 715 69 314 278 726 423 3 54 266 807 542 367 354 776 60 691 794 811 212 654 29 428 319 25 608 586 816 777 639 944 415 303 493 923 491 523 234 358 448 379 681 658 881 599 176 963 627 489 729 800 417 964 306 279 502 578 174 981 587 268 742 570 356 980 209 424 752 85 115 265 299 735 430 356 687 238 149 577 47 153 776 48 585 148 390 948 304 950 381 451 717 
28
296 984 356 908 315 285 809 665 564 715 31 874 882 645 243 544 176 231 159 432 451 977 521 351 653 902 896 33 118 445 802 337 786 373 734 517 201 45 346 867 618 694 149 351 379 370 195 781 831 458 749 264 647 63 414 678 762 642 580 351 60 688 191 298 250 789 580 660 302 263 375 785 40 24 385 96 148 391 968 313 385 716 260 221 627 758 206 5 949 101 728 846 858 337 178 229 642 949 183 338 873 55 730 233 98 646 529 973 39 392 390 97 
26
477 75 494 388 22 882 33 31 782 244 76 109 746 503 920 569 996 323 121 908 93 975 261 811 623 901 314 168 718 827 601 930 83 194 301 698 251 888 875 813 423 582 451 278 582 280 767 546 575 69 902 790 690 335 165 400 927 1 957 169 383 313 98 501 113 983 982 383 464 673 862 381 359 723 507 613 640 26 794 863 944 877 881 804 667 645 709 21 448 99 729 937 928 225 405 439 438 890 52 726 610 471 866 894 
27
717 663 234 706 179 654 403 423 217 320 333 20 719 188 381 113 380 55 777 940 964 804 796 973 898 870 624 459 980 566 808 13 519 948 479 294 101 957 543 55 424 61 831 735 982 672 673 218 262 716 15 797 614 477 222 430 442 429 446 700 689 604 369 716 19 976 79 12 689 397 435 964 836 145 602 974 672 688 108 655 432 839 228 128 811 871 955 727 728 955 896 723 163 259 648 811 828 235 382 911 97 36 971 157 388 825 423 2 
20
272 779 742 788 591 562 946 434 982 9 280 478 963 695 674 735 208 436 432 440 835 738 201 666 578 518 743 397 177 814 66 139 389 580 397 703 82 605 631 922 989 20 869 690 900 824 445 440 420 21 269 126 956 15 717 100 440 793 581 722 801 656 390 197 836 147 701 304 801 938 530 259 914 928 908 817 48 349 657 520 
8
812 74 589 28 304 642 802 241 881 418 457 37 316 293 104 831 961 593 732 48 757 723 353 31 31 876 174 77 619 294 808 359 
4
872 655 478 773 945 113 29 377 61 66 129 967 978 998 214 747 
22
162 76 216 490 915 991 264 371 470 465 220 650 592 174 95 168 935 870 730 842 369 268 460 53 292 462 231 422 591 273 334 992 215 510 850 366 761 58 417 488 225 165 554 847 945 393 835 476 409 944 821 629 893 901 760 887 195 42 261 707 45 187 109 577 56 809 210 682 771 385 670 653 561 792 965 861 524 352 857 299 338 51 498 820 618 119 323 602 
34
369 619 147 43 436 137 870 834 77 816 148 287 992 454 304 340 367 288 317 472 508 984 343 73 413 222 351 413 104 930 79 58 952 924 746 819 395 896 360 695 418 33 386 986 414 51 648 983 26 884 764 1 467 692 337 600 118 309 850 249 605 847 823 480 509 845 6 69 140 116 921 231 186 920 427 54 658 894 575 51 206 420 353 241 390 656 174 532 741 166 951 758 606 927 470 86 749 122 717 230 879 122 436 401 918 368 987 710 829 766 419 965 908 265 233 593 257 731 153 792 946 239 167 119 953 512 217 803 516 634 232 544 576 399 349 84 
19
780 775 733 479 803 134 942 219 728 642 199 198 890 74 120 3 649 908 338 899 256 706 643 377 172 243 578 254 818 495 867 158 93 817 869 908 275 675 525 6 38 990 104 703 13 200 515 733 491 330 132 926 937 237 325 378 334 346 11 599 287 742 350 589 776 803 541 304 70 703 884 657 890 597 643 920 
2
120 384 208 674 797 429 819 833 
23
583 187 418 236 624 512 795 371 33 219 347 512 377 659 526 52 503 85 530 594 25 920 468 459 765 309 496 925 201 866 881 678 728 827 746 433 998 533 686 579 519 385 939 146 417 10 486 278 662 35 117 337 286 975 256 36 307 246 558 630 361 900 847 52 985 932 69 672 846 868 703 762 227 468 675 663 585 167 210 645 878 932 608 892 843 850 270 821 163 630 351 772 
11
214 780 305 237 706 724 23 804 587 751 314 54 450 543 575 150 638 280 843 269 822 211 369 522 279 924 232 492 877 104 821 405 936 931 135 326 732 753 925 384 913 306 264 433 
10
332 257 749 587 15 317 95 150 407 698 681 392 463 439 150 975 29 878 840 584 731 910 819 517 340 209 689 675 916 81 908 98 214 576 310 296 557 117 610 198 
4
209 462 832 771 930 243 425 585 195 909 409 755 407 462 562 442 
38
728 30 956 894 111 886 229 495 32 190 254 305 333 992 843 740 138 416 317 149 138 994 720 578 468 626 333 753 687 833 349 64 828 381 61 48 309 953 420 369 881 438 741 205 920 467 872 749 222 377 553 254 809 552 477 646 719 797 947 880 423 902 979 154 846 45 134 87 967 553 768 708 96 743 839 697 585 109 585 621 705 455 971 449 20 489 255 60 491 766 184 242 136 190 260 291 458 47 985 913 904 858 931 487 430 476 320 684 11 881 488 73 454 747 442 317 845 705 695 44 835 548 921 725 205 397 865 363 978 977 917 939 73 162 990 712 315 918 493 545 283 435 499 421 693 884 62 391 901 250 518 515 
10
978 390 392 987 464 577 21 95 686 243 167 975 69 513 397 501 255 529 390 470 982 178 592 885 260 80 954 902 446 569 87 190 185 224 229 163 45 709 439 995 
16
802 379 866 248 42 848 768 778 774 766 695 882 449 60 618 351 600 12 235 871 164 840 876 310 619 140 955 123 809 748 653 175 242 592 685 600 106 918 204 312 98 617 886 640 810 347 462 394 546 500 280 56 554 955 188 885 917 499 856 266 403 831 983 318 
12
399 967 917 935 310 632 105 627 600 408 405 25 737 600 76 684 435 915 18 568 591 277 289 591 576 705 974 939 345 162 155 569 662 510 665 452 492 427 599 565 926 148 700 934 325 18 830 161 
29
105 613 413 791 294 251 974 700 290 468 507 493 402 189 137 987 339 932 273 945 798 747 324 853 556 289 338 243 603 723 502 79 908 560 124 731 783 763 430 618 891 343 230 316 316 264 607 729 423 514 931 230 663 383 218 340 182 499 592 149 710 960 581 752 371 158 536 511 256 956 117 198 132 919 918 53 255 370 581 359 729 138 390 59 692 700 774 892 269 999 666 13 204 76 608 197 834 502 27 342 648 116 994 612 248 745 594 504 748 11 747 624 790 867 390 857 
4
173 18 423 590 913 225 161 750 207 966 398 82 492 219 501 223 
31
982 901 594 967 605 517 499 384 888 550 302 905 487 954 216 805 256 767 533 230 709 571 562 36 534 694 691 515 145 666 385 264 91 899 245 197 740 844 417 651 148 10 702 337 939 64 280 548 627 663 277 342 195 129 664 392 668 403 519 68 724 167 329 393 999 889 268 781 321 654 264 184 620 443 164 661 644 56 418 803 612 760 939 876 412 681 957 568 286 690 51 452 957 193 600 248 963 804 651 642 714 83 666 953 793 304 93 22 705 581 445 879 971 504 122 950 666 315 396 780 871 840 153 565 
8
83 540 63 527 917 499 578 918 212 970 301 955 5 167 58 873 499 595 142 895 857 739 94 42 568 454 270 333 503 988 690 724 
13
162 657 743 685 478 315 303 640 334 742 684 850 484 616 108 38 876 171 194 282 737 408 465 838 973 88 234 480 598 207 602 945 680 142 269 35 169 558 965 943 590 279 299 650 282 98 167 316 903 519 994 75 
10
608 420 426 607 178 595 496 872 672 295 130 321 304 417 730 872 910 85 137 792 530 315 184 537 64 793 790 583 470 811 445 556 516 871 663 440 398 88 951 944 
5
106 880 940 965 699 224 322 340 399 51 395 506 484 715 612 613 869 352 787 524 
16
702 661 588 186 201 157 989 445 495 753 273 234 593 282 477 596 324 790 119 348 90 952 330 898 296 517 351 95 701 237 351 422 189 356 528 884 312 621 127 359 872 381 553 338 603 560 276 224 573 928 48 542 473 132 787 374 193 447 718 53 376 422 865 717 
32
525 599 553 192 144 859 307 945 999 588 409 730 362 987 147 413 888 884 360 463 693 983 401 992 618 453 480 566 951 602 264 600 59 63 118 354 275 241 893 302 520 615 600 620 200 142 823 211 297 823 735 666 966 569 498 921 158 247 492 568 626 23 524 831 484 149 625 350 856 404 726 904 222 643 623 546 311 575 509 951 236 419 603 654 44 368 664 660 9 688 843 4 566 263 272 773 402 781 749 398 701 677 881 902 73 657 899 805 638 136 452 865 689 421 625 617 646 800 895 918 424 882 559 731 18 888 2 819 
23
695 905 741 572 782 779 776 45 925 259 181 887 218 254 750 971 795 904 637 662 415 95 351 625 232 369 286 876 603 287 691 665 706 671 537 687 719 796 728 477 895 989 817 509 684 251 210 247 676 302 22 486 803 225 433 74 602 421 899 553 752 542 949 745 627 398 361 318 381 289 239 841 562 568 138 820 917 566 839 166 869 511 29 202 633 890 421 206 234 773 548 324 
12
787 36 500 21 821 826 201 597 405 713 880 534 701 97 319 570 315 797 275 556 650 25 976 603 480 523 95 805 389 940 368 121 819 947 879 775 669 841 259 717 386 705 3 462 986 28 222 124 
14
35 18 921 281 797 237 663 279 901 625 952 936 641 2 389 811 112 199 588 551 187 24 581 29 510 626 868 900 888 848 561 37 363 3 735 652 79 875 283 570 675 910 2 657 311 315 845 210 622 688 639 65 135 261 94 453 
38
962 15 64 344 895 432 556 996 830 882 315 46 473 142 703 993 554 204 940 758 898 480 943 803 289 272 659 805 613 18 975 990 830 748 40 748 422 757 940 215 319 734 611 21 337 603 412 623 619 117 153 923 879 422 612 741 374 621 367 410 416 337 340 510 93 531 896 280 326 829 273 610 561 765 953 234 880 952 828 554 307 932 921 813 911 658 858 906 359 579 760 501 106 591 694 221 508 881 84 85 53 127 237 629 129 566 25 331 470 284 78 588 31 46 680 139 351 202 295 248 569 915 521 319 766 107 69 167 653 125 843 180 196 67 243 330 472 832 605 877 182 648 670 850 910 511 994 916 631 552 965 606 
27
26 492 337 26 695 272 212 428 217 464 279 572 302 571 441 814 829 368 534 867 154 250 239 222 173 523 598 252 244 107 127 964 522 925 977 479 292 983 227 713 227 580 117 749 296 300 825 437 276 644 809 228 585 197 308 630 535 38 579 354 973 162 658 763 419 623 678 26 809 33 481 532 801 960 691 304 472 288 887 717 701 996 121 227 223 832 649 42 760 244 888 771 111 287 515 602 567 25 183 93 861 716 404 133 594 232 211 90 
1
424 789 516 4 
27
298 986 624 728 90 897 338 721 206 480 848 341 420 662 385 568 986 455 117 508 223 176 432 94 485 323 609 176 17 677 690 344 573 427 993 17 468 102 507 253 199 927 537 884 550 441 992 326 93 91 714 569 223 368 27 801 634 66 10 614 434 314 128 139 923 29 886 702 41 373 661 200 423 745 467 253 682 103 724 42 951 855 361 951 525 638 609 780 72 497 365 724 227 883 482 12 737 359 928 103 294 290 641 112 82 562 418 684 
5
564 671 413 408 547 941 893 156 253 243 767 585 278 342 523 494 546 226 24 220 
27
68 574 177 445 494 467 659 912 919 751 842 111 803 356 392 855 260 562 123 544 494 797 111 202 118 964 639 330 570 133 236 558 456 545 234 557 648 28 819 744 483 174 456 347 903 49 476 669 932 8 919 339 695 973 26 103 263 415 516 778 801 319 243 24 516 289 562 604 255 8 753 100 525 173 902 652 434 953 614 175 854 877 791 543 300 993 693 320 409 182 536 195 663 728 656 657 70 454 594 24 113 441 263 913 809 187 609 748 
42
344 593 9 125 681 217 562 162 815 761 944 517 639 855 410 972 95 651 938 336 552 648 991 271 329 382 512 81 449 768 919 746 243 561 580 713 718 260 908 213 958 928 858 189 763 183 332 594 130 917 14 28 385 291 144 939 126 151 362 361 287 704 217 867 864 217 550 923 299 57 296 131 105 963 914 329 503 634 687 212 658 752 877 108 814 465 528 699 389 334 901 227 133 124 630 273 160 903 880 295 887 919 478 206 902 868 885 264 675 652 875 261 38 358 612 592 494 659 708 650 470 989 455 814 268 760 78 137 366 176 862 313 884 3 733 655 623 811 427 973 215 288 836 213 929 955 24 204 424 769 400 701 92 752 216 618 330 664 435 186 226 281 804 310 366 368 153 599 
32
747 67 222 871 754 204 755 383 919 59 818 739 898 367 593 487 651 865 306 480 567 308 428 692 96 539 85 461 251 9 909 854 295 366 656 680 668 885 405 722 80 625 633 193 870 526 558 766 718 928 458 418 992 37 668 471 469 865 285 262 171 714 495 834 148 190 995 430 123 213 142 513 22 91 132 152 474 649 239 357 719 114 835 605 207 385 550 423 852 718 913 592 972 980 621 698 431 732 424 601 560 482 925 720 964 954 108 928 912 980 78 69 602 384 438 75 975 799 123 808 451 541 723 472 264 136 527 763 
4
380 686 172 471 508 435 403 571 396 636 52 384 758 825 265 46 
16
367 617 71 311 700 764 578 182 729 653 960 158 889 166 843 533 483 841 19 999 474 288 202 447 815 994 295 935 397 2 382 593 924 229 76 438 611 50 311 28 100 252 440 516 860 571 1 268 629 228 918 677 447 728 750 619 588 46 90 716 678 853 526 390 
18
832 334 81 324 878 834 805 724 366 922 561 790 718 491 49 190 619 362 349 631 645 964 858 323 312 660 440 411 294 720 481 528 862 527 154 613 214 128 859 908 122 815 388 932 844 115 22 301 328 223 913 765 228 39 682 436 611 438 875 231 554 373 985 86 547 930 976 431 368 185 498 481 
21
351 412 775 232 797 192 209 402 101 642 956 13 533 455 876 857 108 622 256 439 408 892 256 640 356 869 640 484 402 210 421 236 233 544 948 862 40 487 465 608 397 906 663 519 492 310 158 466 935 134 507 721 706 699 142 169 97 648 265 396 981 547 339 127 208 967 893 957 41 777 719 792 436 267 456 735 226 916 389 527 89 795 385 256 
40
233 508 296 469 869 850 751 579 222 570 527 713 801 975 547 140 805 839 859 72 585 918 974 935 674 845 333 703 243 850 75 875 626 492 693 907 228 563 705 9 370 157 571 859 931 373 79 455 634 943 918 400 677 546 66 687 951 139 223 858 831 351 459 199 776 628 274 93 6 394 845 37 458 831 671 597 928 755 174 613 775 86 881 668 786 276 668 893 744 893 352 967 286 533 71 449 453 473 549 726 817 991 190 450 564 648 144 823 53 862 107 460 555 75 938 721 278 405 860 331 408 385 714 721 660 639 851 14 815 92 602 318 905 229 285 575 891 87 760 615 104 363 652 658 984 627 112 396 694 987 948 846 362 177 832 895 380 265 332 117 
8
452 622 89 576 56 543 773 601 121 612 35 837 208 598 952 830 464 594 773 89 921 370 954 832 463 868 404 402 973 317 160 244 
30
273 666 250 345 7 319 994 992 110 181 919 107 246 946 687 896 905 24 887 668 895 979 797 440 58 278 649 253 684 981 709 723 973 768 689 622 546 550 837 702 97 163 979 193 336 289 56 886 392 298 631 340 392 920 290 404 381 543 684 186 911 416 603 721 888 937 488 299 380 165 261 636 863 627 639 656 863 783 662 232 168 218 968 985 103 216 132 520 180 687 59 52 523 110 161 624 770 315 423 602 305 827 837 310 74 76 666 453 351 188 270 200 564 667 420 9 618 100 556 104 
7
518 645 853 653 135 509 154 18 859 549 767 654 754 297 98 218 168 512 382 987 674 356 440 174 808 282 368 74 
20
596 507 559 742 184 870 277 472 516 352 923 137 262 952 713 189 361 865 977 197 369 933 482 626 944 660 172 979 611 406 476 930 337 50 524 850 302 456 152 228 390 900 346 593 394 168 533 947 368 680 851 798 712 495 543 309 625 546 494 447 710 870 940 381 210 478 992 292 865 365 68 519 131 656 411 916 561 463 821 269 
10
462 562 81 686 384 934 670 872 641 700 767 26 63 115 591 227 670 193 406 718 461 396 69 682 62 56 66 101 63 871 187 568 309 898 318 408 101 458 377 661 
8
539 613 818 225 38 273 639 959 625 776 403 940 858 325 982 628 657 582 135 503 483 193 380 573 924 688 798 674 28 428 857 466 
15
308 510 888 123 184 179 495 549 220 220 245 190 546 761 294 682 22 307 992 717 446 834 325 582 264 923 108 901 417 467 21 16 964 931 636 369 670 250 671 932 795 193 509 975 176 426 935 898 535 672 554 881 222 516 47 730 204 49 530 480 
24
889 406 801 278 322 268 431 85 225 976 729 94 357 721 219 254 428 898 842 555 622 71 530 902 662 857 955 166 326 367 904 220 724 664 720 425 728 11 481 86 494 390 57 936 128 920 581 830 403 283 439 274 10 551 192 467 739 753 363 836 157 40 32 969 362 275 294 713 602 779 236 564 696 690 338 530 721 822 837 81 657 255 697 80 47 79 687 657 638 880 578 379 248 833 168 292 
28
265 607 561 798 110 422 47 55 663 932 751 514 401 808 818 92 116 85 137 755 444 136 351 548 648 228 150 922 665 297 125 596 865 243 390 638 633 103 753 802 609 202 723 776 813 163 559 675 337 784 679 395 521 612 605 396 533 781 484 722 948 543 454 470 20 44 480 572 960 961 411 95 10 473 718 279 429 242 136 781 855 714 221 856 279 596 367 911 169 593 580 520 767 773 922 146 936 294 102 469 700 786 37 768 485 476 260 621 44 605 816 640 
14
196 863 999 352 141 683 81 8 835 601 678 505 620 595 659 685 541 524 867 66 967 591 526 556 269 467 656 820 549 574 845 356 569 733 331 645 152 501 592 556 281 413 860 117 420 209 819 48 248 674 467 339 83 147 128 865 
14
725 422 369 72 741 585 286 891 207 889 554 567 988 117 761 34 379 79 400 364 962 796 367 617 431 915 865 823 279 905 602 490 63 391 966 436 942 524 772 913 750 293 971 503 318 328 101 971 285 629 904 251 301 145 970 16 
20
4 828 241 761 634 556 182 284 475 963 886 942 734 586 391 974 770 446 128 843 643 861 249 856 805 169 56 640 798 893 474 864 100 154 646 549 398 74 934 377 407 572 769 880 477 300 439 81 10 537 250 108 703 833 675 220 300 775 387 360 370 301 153 220 934 828 76 928 247 733 845 793 373 465 590 832 953 71 11 679 
32
50 927 959 16 112 718 184 300 677 758 30 565 130 511 658 693 625 152 174 702 819 226 599 19 875 882 68 163 639 857 773 542 595 558 374 920 232 711 733 202 896 913 586 154 559 446 531 9 972 898 142 381 707 460 91 534 777 177 517 376 616 751 531 979 6 132 459 380 110 766 889 569 644 708 606 475 372 554 689 651 261 333 14 932 840 369 836 504 634 246 520 374 599 957 717 879 472 175 297 909 842 237 114 558 380 3 462 919 221 880 545 407 463 604 247 78 798 130 727 561 789 496 836 843 624 10 79 412 
26
952 513 443 63 516 295 892 313 263 342 840 459 846 928 519 804 86 235 996 583 727 537 661 106 509 749 166 642 49 650 205 994 469 369 573 10 375 785 960 201 322 763 975 722 389 608 58 69 166 864 587 547 217 154 960 634 206 91 125 254 486 143 130 729 219 256 931 834 306 987 755 598 555 921 148 545 208 424 70 38 369 378 329 597 717 11 92 121 594 624 576 149 851 805 234 466 328 50 804 515 178 646 917 555 
28
164 521 750 495 241 321 896 11 359 496 957 118 423 534 514 3 531 392 491 343 213 197 234 716 148 722 502 826 178 439 725 539 97 967 562 605 833 408 66 763 453 954 354 380 442 633 520 604 101 993 104 16 124 929 58 526 547 390 909 670 361 988 57 654 150 286 308 477 46 27 897 425 951 765 680 608 133 431 330 924 228 512 428 611 940 785 61 94 468 253 976 509 95 687 159 13 872 374 560 369 460 258 213 226 299 610 356 660 955 352 843 764 
17
405 171 862 919 716 258 674 211 518 993 858 668 17 831 434 642 756 578 432 562 205 459 552 874 183 85 998 899 655 957 488 177 567 10 31 592 798 726 654 284 411 733 717 638 110 102 903 293 906 815 368 152 456 473 948 925 684 728 444 207 599 964 397 599 360 778 481 52 
47
843 848 248 164 397 921 201 642 945 948 199 386 984 259 241 637 333 901 116 294 18 140 933 424 193 543 874 22 235 920 162 417 41 565 120 999 567 736 365 119 777 346 928 426 791 950 605 360 285 144 233 795 176 45 892 829 494 825 645 581 670 62 912 34 894 88 365 963 649 326 233 852 126 928 970 510 614 202 715 791 627 682 985 658 876 215 4 655 951 475 73 763 39 532 989 423 575 436 765 428 687 785 330 385 233 797 386 80 528 602 596 944 33 90 504 635 263 551 342 803 493 158 65 477 520 339 209 843 711 485 202 111 199 860 888 864 81 864 775 257 948 126 380 332 27 425 497 728 158 748 502 739 71 149 843 582 867 586 973 339 211 516 219 945 213 214 276 604 686 469 154 866 93 719 5 572 999 971 97 427 133 349 985 474 978 368 504 317 
35
283 287 756 227 86 190 177 938 421 921 250 839 300 8 926 205 144 743 73 198 110 761 541 470 492 793 207 334 553 530 653 236 365 164 11 264 958 868 390 644 472 974 502 876 462 907 143 630 732 61 963 726 19 859 227 361 450 170 754 528 806 842 148 876 886 384 67 413 17 88 182 273 606 170 632 254 366 66 610 321 132 983 552 172 732 841 676 553 511 517 113 487 233 209 590 446 307 943 175 965 179 293 76 783 776 892 875 507 825 717 471 961 257 128 636 555 957 100 180 954 916 923 12 564 494 850 54 83 768 204 593 869 355 716 984 274 252 233 47 961 
39
498 414 446 839 169 642 524 409 188 691 380 793 193 892 560 995 234 547 327 963 323 733 877 787 330 911 171 429 168 392 564 349 76 282 348 36 523 503 295 361 258 369 547 812 884 580 897 158 592 239 391 790 589 384 316 584 391 230 89 287 165 73 756 147 448 383 344 308 537 791 887 252 186 102 495 711 789 209 463 879 425 178 209 531 703 387 543 737 271 322 674 256 898 445 148 487 487 923 965 339 144 631 676 852 628 99 193 210 858 200 56 737 582 648 522 97 90 642 536 896 782 465 946 476 34 413 312 293 534 624 735 386 19 692 867 830 256 110 494 457 79 988 821 236 328 981 256 601 414 957 367 907 131 189 104 4 
11
188 296 765 887 737 719 68 555 14 782 15 617 850 48 195 569 367 510 555 784 477 606 270 444 36 258 464 745 706 851 643 577 729 111 47 566 286 252 503 467 586 526 768 761 
23
262 994 603 951 693 829 525 761 173 29 359 250 497 865 318 663 101 52 122 332 387 388 828 226 946 866 291 110 61 200 879 546 559 316 857 665 53 398 636 222 704 935 354 603 18 14 702 198 147 296 464 364 330 295 6 866 485 204 474 254 782 830 864 128 591 224 448 123 227 999 394 922 655 914 725 723 172 431 55 852 603 6 836 249 100 619 334 295 927 255 752 414 
3
155 639 648 767 478 992 825 358 285 787 645 183 
16
990 952 380 983 162 883 303 950 356 190 818 553 208 743 273 454 781 638 894 296 173 871 634 419 167 231 282 43 475 300 821 448 200 187 359 82 735 94 596 619 217 742 464 89 195 915 363 920 505 90 94 974 903 25 320 326 424 376 207 864 338 860 245 217 
10
578 1 537 300 627 185 987 774 859 910 740 808 956 521 750 443 501 366 234 265 304 59 727 32 474 629 383 652 632 223 291 818 891 56 90 408 459 117 793 302 
48
208 532 620 837 740 44 908 992 594 141 57 522 437 963 626 249 294 13 616 122 66 596 919 618 980 864 731 291 798 858 543 314 378 463 825 929 34 993 966 66 837 685 192 483 508 789 494 873 39 974 571 78 514 827 517 195 637 689 898 397 974 392 96 586 323 791 824 182 78 670 692 636 416 283 260 218 819 773 709 80 258 452 315 447 498 886 225 792 329 878 666 330 399 550 920 35 735 214 390 623 155 108 986 376 6 651 53 304 454 478 327 749 494 848 118 833 231 510 422 34 964 368 154 951 108 741 207 387 757 440 83 318 35 226 265 177 285 935 819 468 632 241 325 422 594 890 688 760 896 177 132 293 894 822 235 601 444 66 4 16 776 342 923 835 172 846 713 700 405 746 752 994 39 77 607 831 844 731 144 121 835 58 2 329 709 662 637 203 45 262 266 606 
46
990 894 772 492 27 534 947 695 270 872 983 838 892 320 185 678 999 69 513 316 515 364 475 278 460 820 9 178 697 778 398 546 805 417 749 687 923 946 163 440 819 959 153 682 182 21 217 382 348 757 612 636 629 103 579 497 717 984 424 544 945 265 682 784 751 209 670 114 437 769 565 495 554 126 434 678 868 424 685 974 385 956 506 493 591 335 108 987 769 256 461 759 365 860 780 267 633 666 243 123 610 78 226 608 655 707 630 462 421 668 238 877 732 246 137 304 81 396 148 617 832 335 944 320 651 799 971 572 745 924 872 787 378 238 462 422 144 745 976 887 484 369 859 112 605 253 864 932 739 417 266 435 430 169 460 826 100 647 287 683 99 320 628 71 546 845 940 851 341 862 473 513 323 862 775 515 993 60 891 250 844 428 371 180 
33
106 467 346 53 467 774 285 532 302 427 884 142 245 835 956 172 913 452 902 889 525 201 991 152 436 679 203 949 389 540 776 171 70 757 916 853 385 8 760 958 120 191 636 554 835 930 773 979 835 854 655 392 756 502 670 772 297 830 288 54 481 94 967 617 212 143 336 760 948 653 20 474 772 163 692 232 603 187 161 485 159 944 620 767 183 682 874 18 252 543 883 825 630 546 919 209 750 67 36 642 464 722 432 216 123 911 822 886 745 566 249 240 755 65 781 237 13 385 510 684 818 719 204 73 887 446 57 799 60 71 733 616 
16
609 400 402 180 633 18 475 325 256 418 494 396 980 912 258 645 884 721 274 392 841 131 278 467 700 716 102 685 589 331 316 221 706 213 704 126 611 188 40 876 597 63 665 322 808 591 904 286 433 228 183 510 193 520 83 754 447 399 831 747 938 714 777 6 
11
389 668 611 59 863 466 499 532 368 198 61 269 872 684 703 574 841 403 793 948 859 295 117 969 134 61 229 820 474 918 515 480 867 205 774 692 714 306 472 108 347 758 468 946 
4
372 947 277 79 704 921 320 719 286 101 385 440 44 289 880 953 
30
195 844 582 536 741 283 978 727 640 897 588 461 425 779 622 642 862 541 807 284 514 499 271 842 558 17 388 98 485 403 493 55 601 505 982 29 118 282 76 396 262 30 626 365 89 825 135 387 899 12 296 994 706 839 479 669 777 268 106 613 262 962 186 593 185 226 892 428 282 706 307 500 593 185 132 801 701 922 257 151 198 136 954 363 793 117 557 332 609 585 297 751 159 673 334 505 556 115 580 532 287 225 872 429 665 872 412 659 781 827 595 769 92 64 132 75 301 116 349 560 
9
163 865 275 784 203 283 851 676 273 89 7 10 194 389 197 507 418 891 106 798 244 126 764 593 380 824 732 782 314 698 659 311 776 293 593 480 
29
983 569 968 115 721 326 975 232 72 202 264 565 117 665 719 704 193 677 731 535 183 348 639 326 806 209 395 685 234 170 309 585 775 626 701 984 331 731 932 596 906 586 756 754 396 848 449 498 52 577 824 479 870 502 176 126 183 26 159 100 492 549 970 530 817 18 912 877 532 378 502 571 955 919 345 8 486 90 235 681 626 79 828 521 270 498 340 518 854 511 822 807 722 954 848 93 768 235 170 7 674 158 567 658 243 829 738 418 392 790 447 511 31 522 769 601 
39
382 740 602 390 685 632 491 607 835 190 418 484 369 654 771 678 433 169 261 579 99 499 368 216 784 499 618 850 329 86 108 942 820 957 829 723 758 221 892 41 897 274 189 210 511 97 81 817 48 2 803 866 543 116 223 305 263 655 947 88 435 822 420 144 370 747 637 75 858 203 140 992 323 867 514 331 499 8 16 670 22 46 975 55 329 482 61 684 763 51 838 268 825 8 480 86 345 869 989 945 427 702 356 721 227 427 920 717 734 895 826 255 103 340 697 457 519 306 769 79 768 794 181 927 756 543 279 665 296 427 137 288 546 384 311 916 426 236 355 282 242 639 548 508 323 422 903 930 577 206 770 733 438 846 52 200 
6
516 968 157 626 759 856 930 931 762 798 188 39 851 357 898 329 164 792 999 229 526 110 274 743 
13
814 449 925 746 745 879 684 123 588 316 916 786 432 609 72 152 964 579 489 538 429 284 505 111 726 853 596 340 244 948 512 726 456 960 634 285 167 233 945 806 293 19 700 339 556 312 819 374 132 281 470 213 
18
487 187 402 609 849 79 387 677 474 741 266 441 694 865 812 517 769 254 908 489 694 372 834 585 717 261 857 663 489 125 691 754 436 730 202 721 12 96 157 424 377 18 224 870 824 343 816 475 205 717 484 342 527 624 640 163 6 613 116 579 945 192 805 615 283 615 211 363 542 498 347 996 
21
699 643 213 790 555 642 938 955 177 331 567 990 644 921 517 222 161 180 423 155 544 400 583 142 764 669 81 627 673 422 476 585 406 463 238 897 435 159 389 395 217 705 338 823 537 643 157 599 35 825 315 798 651 317 649 490 771 248 136 309 29 225 866 34 668 731 988 446 591 120 701 658 64 563 428 276 998 524 37 950 937 786 508 292 
51
977 22 628 671 806 721 379 575 830 214 479 720 162 675 165 172 48 231 603 428 2 650 764 188 402 319 657 24 90 673 318 428 154 490 773 208 478 728 872 983 849 308 478 279 466 870 29 69 668 223 390 201 370 723 32 490 607 855 837 573 738 514 21 483 273 492 616 59 488 158 592 248 392 885 344 542 854 422 159 399 537 371 631 145 540 808 918 278 803 152 516 797 747 567 644 163 589 104 466 552 994 252 892 474 669 571 197 783 795 347 860 332 642 110 469 82 342 627 813 996 236 71 579 949 403 275 884 909 535 607 865 55 637 427 676 109 141 28 182 601 23 795 727 344 492 843 94 76 228 679 374 855 700 550 76 959 325 237 267 398 232 241 743 887 444 204 560 619 91 342 683 150 578 920 267 64 203 461 518 448 940 269 618 521 86 627 656 400 62 331 422 495 996 399 256 303 367 974 731 391 771 858 866 515 
21
407 344 962 49 641 143 446 170 886 288 945 663 76 899 992 793 873 314 216 745 519 134 976 137 871 872 490 123 511 388 210 918 636 297 883 652 698 507 548 792 276 636 830 498 289 851 722 448 868 271 139 616 408 373 94 278 874 161 956 21 953 962 215 21 443 548 784 348 138 910 398 942 25 853 906 855 763 559 344 957 730 761 541 617 
22
221 161 162 221 245 991 614 684 414 134 961 932 977 329 100 891 472 554 635 258 539 306 737 348 499 422 326 288 457 55 546 236 665 944 825 408 744 956 548 896 722 603 866 24 371 786 659 470 358 300 425 435 331 352 72 787 98 541 80 572 218 265 30 926 437 169 91 729 188 107 500 830 880 246 530 414 999 819 421 96 999 34 778 878 887 566 164 145 
20
68 801 761 729 254 452 928 322 6 191 962 380 84 890 739 612 985 914 411 495 609 754 726 471 72 241 303 737 783 174 779 178 397 83 487 189 272 943 800 943 919 321 670 43 799 148 588 778 259 750 851 102 699 386 916 962 548 459 455 476 381 809 446 911 91 48 709 418 32 903 393 716 277 352 559 185 53 123 561 124 
21
574 853 263 716 449 811 282 33 615 910 110 525 872 449 204 490 667 699 713 97 68 572 492 421 593 110 538 930 385 663 350 221 87 863 578 698 397 217 240 927 842 86 327 76 741 738 278 730 725 162 393 715 164 94 759 697 460 912 797 500 879 422 865 833 413 418 66 851 804 402 747 722 934 835 33 450 618 986 321 749 34 373 773 260 
27
514 210 922 983 824 401 669 490 95 485 630 706 978 966 309 396 946 700 768 542 614 600 730 882 682 853 833 309 385 251 237 948 600 431 472 151 508 468 867 586 560 933 496 655 11 870 801 184 78 970 8 645 836 229 50 381 844 887 277 159 956 729 336 761 664 241 266 790 274 505 208 709 796 688 906 274 459 388 13 63 661 171 322 98 604 172 54 389 746 988 156 439 904 19 728 931 854 162 991 926 402 664 609 234 433 632 616 936 
49
97 720 875 620 144 886 371 756 440 547 501 561 517 869 247 393 172 885 378 445 253 733 441 59 750 891 606 416 935 140 753 438 122 484 766 381 446 107 373 592 560 928 151 199 642 569 867 491 128 929 393 184 174 480 678 138 811 844 450 749 714 584 930 281 514 371 401 754 119 146 419 732 744 7 565 863 453 191 382 590 344 185 744 796 957 775 713 40 30 603 88 356 777 796 646 935 931 374 742 138 513 798 910 930 541 530 370 153 449 790 688 216 427 77 395 440 279 543 774 952 23 932 247 248 873 973 229 425 473 209 257 847 711 164 581 983 388 139 164 241 640 242 396 957 336 429 398 496 109 54 117 857 396 432 569 624 649 998 511 163 285 440 312 549 62 709 21 809 458 159 386 210 468 279 685 741 968 188 889 661 433 968 656 566 529 912 477 424 731 137 13 905 863 830 245 494 
3
133 195 694 542 915 460 168 239 981 158 808 54 
29
740 889 723 922 262 889 323 19 283 269 921 660 397 857 809 176 363 557 169 937 892 469 11 636 811 783 630 692 362 946 658 207 273 935 914 110 254 736 924 385 316 991 995 302 95 109 731 77 505 488 649 711 567 373 278 696 164 968 625 531 530 641 534 352 865 793 595 315 34 120 396 246 129 322 964 219 563 512 380 154 694 873 271 697 88 283 601 160 42 409 147 554 115 412 186 777 561 310 198 876 502 351 108 999 869 686 62 1 567 179 960 416 122 422 533 356 
22
438 436 681 526 230 341 870 401 10 890 621 363 515 387 525 193 846 784 540 319 180 758 735 753 197 509 195 526 432 721 139 591 454 484 364 861 767 875 868 841 571 246 874 760 839 96 793 392 194 540 921 51 815 833 35 815 895 417 149 32 414 412 686 186 826 249 549 442 930 808 789 958 119 604 113 554 369 328 923 205 471 910 941 234 928 538 430 462 
21
877 894 210 257 137 200 694 343 935 783 906 368 581 706 210 818 980 168 88 501 171 104 563 475 12 635 678 221 871 732 957 269 106 337 49 328 535 838 312 614 863 816 661 545 636 969 838 260 152 842 344 976 92 263 684 511 65 198 557 361 931 225 320 592 104 643 536 656 692 342 673 737 498 908 732 746 480 466 550 853 405 573 765 136 
47
946 423 649 796 223 348 919 265 735 398 132 921 547 640 384 870 590 693 14 453 601 168 747 646 513 111 955 492 261 202 850 579 105 6 371 939 249 261 135 598 798 724 3 123 43 810 778 128 669 62 816 949 947 791 829 123 592 627 2 21 278 662 753 410 880 55 170 744 146 11 926 206 911 114 460 103 377 993 392 368 568 475 376 158 622 347 654 996 260 700 250 174 298 717 357 204 853 861 728 645 692 351 277 371 584 747 737 42 397 218 806 685 641 486 741 255 847 630 954 232 356 775 888 684 834 138 567 76 550 499 517 975 452 319 725 806 225 320 102 694 577 552 147 931 603 584 432 761 194 401 615 854 144 346 121 564 363 556 298 667 851 679 457 543 635 661 98 620 316 939 307 444 60 933 593 382 736 761 768 115 968 177 617 428 838 461 944 990 
27
528 580 465 886 528 237 777 681 104 719 952 456 596 389 404 450 869 982 843 210 346 577 273 74 400 470 765 751 381 769 701 264 545 719 69 751 134 436 290 579 332 113 141 124 439 366 218 734 234 463 612 39 939 340 93 703 238 796 164 511 495 806 265 634 462 286 884 907 821 938 207 607 630 676 475 924 591 936 42 44 129 331 126 840 808 640 781 615 389 231 221 765 655 717 747 665 781 239 388 711 651 164 242 423 617 407 294 428 
3
838 714 941 180 124 337 410 770 282 17 284 313 
27
940 772 209 406 900 896 368 992 672 609 178 20 630 523 218 221 324 682 877 29 426 33 432 971 736 387 119 410 631 157 977 908 827 996 103 820 283 653 815 732 590 865 81 41 180 913 973 900 237 597 757 77 714 423 566 745 68 266 901 765 732 444 734 106 584 883 845 249 223 238 327 600 702 921 27 179 132 748 839 1 335 502 722 84 636 23 661 57 107 860 94 112 34 841 737 940 664 931 369 450 598 377 276 702 582 985 38 561 
34
582 122 413 166 319 487 749 533 663 674 303 545 756 492 302 311 692 468 878 431 281 644 973 24 999 440 953 373 423 349 32 837 582 877 959 42 559 142 571 155 74 427 370 44 660 508 340 44 407 349 717 469 100 496 83 55 569 126 827 243 827 235 426 682 721 737 191 704 878 549 507 86 649 127 86 291 556 353 895 485 635 717 213 66 218 751 707 334 936 428 598 575 718 635 273 130 434 808 260 31 712 488 281 589 108 776 921 277 304 22 471 49 349 222 305 431 488 677 706 56 825 728 270 301 617 837 476 372 261 589 704 109 726 748 582 639 
25
706 351 59 810 170 836 711 399 797 133 550 177 244 260 508 998 112 287 915 954 886 23 980 794 108 498 611 873 365 720 468 927 926 71 7 697 162 479 506 34 456 268 182 224 845 572 926 625 339 303 153 109 662 549 143 490 712 966 305 18 615 546 3 861 789 577 960 53 316 228 461 983 420 355 290 373 81 115 170 276 354 548 793 771 525 107 302 846 288 700 386 58 255 932 112 202 220 294 947 770 
54
586 466 24 149 732 68 498 44 5 15 476 304 991 827 282 295 395 881 282 547 251 780 873 928 937 824 374 336 145 523 889 424 855 770 288 289 64 461 322 715 621 276 301 112 57 626 752 75 384 969 89 38 44 411 722 383 394 513 556 190 19 489 279 458 225 757 548 315 49 316 324 806 800 219 965 615 1 916 969 434 257 595 83 279 618 238 573 358 893 33 516 776 206 627 40 935 719 199 775 968 458 103 136 15 192 998 102 501 681 823 356 927 350 806 700 993 136 311 378 689 222 577 606 484 247 737 243 982 456 343 957 417 805 426 373 183 710 625 161 428 352 413 571 979 67 178 116 353 804 703 790 143 241 50 720 419 600 321 799 945 379 589 77 312 288 13 382 86 706 313 802 963 350 894 489 188 215 95 971 310 874 584 380 917 399 890 571 567 671 787 813 911 638 84 412 988 481 980 581 825 249 37 181 323 876 929 745 635 826 71 567 349 36 37 211 511 
14
555 831 759 132 22 187 807 242 408 414 224 253 402 347 316 644 497 338 72 299 7 269 571 190 333 792 739 621 317 525 500 569 345 434 617 363 651 513 18 851 114 753 225 920 759 327 378 994 664 509 405 834 799 604 727 796 
17
975 716 946 542 650 919 914 415 799 7 270 652 620 222 493 998 363 788 139 239 588 447 36 102 82 145 286 481 191 778 771 423 950 138 315 95 615 864 934 457 238 26 945 390 102 293 368 831 220 829 697 955 968 299 314 441 908 6 609 656 395 563 775 760 448 310 838 322 
9
42 152 375 351 738 213 543 787 966 217 612 204 415 179 21 660 37 510 456 875 376 23 153 829 333 785 776 328 722 618 152 211 281 931 799 414 
24
521 137 347 520 280 460 294 660 12 922 410 782 490 726 570 549 53 687 852 35 973 38 898 32 338 316 897 359 780 170 515 71 88 727 649 37 59 881 924 515 343 44 66 885 752 230 408 96 201 834 446 827 477 631 628 546 687 20 535 108 933 284 299 326 833 581 443 374 121 383 294 105 533 754 200 428 876 744 35 682 981 126 134 129 900 595 270 754 386 26 20 944 695 409 490 882 
47
556 572 992 246 302 818 479 37 516 925 464 250 272 474 365 443 305 548 273 690 306 596 259 498 885 895 966 768 811 763 153 379 600 353 123 643 663 619 205 594 35 856 413 491 955 498 684 540 979 866 57 886 263 18 80 849 386 668 282 902 284 845 769 750 75 186 614 361 489 89 195 754 41 463 209 16 439 169 634 630 324 424 317 658 428 459 219 47 621 469 464 340 591 622 949 403 573 475 614 155 479 978 525 611 584 784 436 524 568 219 666 165 993 536 37 349 37 382 991 650 196 689 305 274 76 881 529 772 35 467 111 147 485 88 550 909 8 262 494 201 554 59 816 366 781 760 213 917 753 50 970 9 760 782 369 442 274 255 354 1 722 820 604 427 74 865 775 440 942 906 457 748 511 838 805 520 843 551 267 354 262 343 987 706 830 173 210 86 
17
821 249 383 728 290 3 597 728 931 201 935 741 414 493 213 394 247 95 820 805 718 920 144 591 186 645 288 816 62 736 578 593 320 573 302 278 403 725 978 757 119 653 62 887 512 134 877 158 956 858 979 307 479 206 632 278 534 130 8 492 270 145 61 552 767 226 306 335 
34
127 484 249 676 676 96 335 417 50 3 343 5 514 683 559 265 809 892 258 135 907 475 201 333 552 29 137 870 19 573 835 52 440 270 876 475 490 184 274 287 724 582 747 294 895 678 751 483 476 421 863 271 166 229 214 9 451 37 803 378 439 888 458 46 487 710 203 855 96 670 226 305 384 715 818 133 819 238 675 338 966 350 248 301 471 749 408 221 640 548 224 241 702 443 826 970 685 240 899 786 206 903 116 517 401 852 356 316 482 804 883 539 70 760 14 664 715 39 56 660 821 10 520 80 490 738 497 975 991 580 83 646 722 766 539 112 
36
409 293 816 917 895 208 606 13 459 468 410 171 26 3 247 390 170 944 492 927 356 922 946 330 306 59 178 530 952 751 321 783 162 662 267 839 808 992 71 491 127 591 944 83 494 777 841 604 169 705 368 681 305 468 801 123 82 637 378 686 454 883 36 609 872 501 694 359 463 634 756 153 907 955 231 355 693 935 597 615 76 802 83 831 55 582 348 341 214 532 854 75 434 554 132 590 766 537 319 535 860 463 294 757 536 974 92 568 933 595 456 273 950 379 855 63 448 79 266 548 65 520 648 685 574 641 229 63 342 6 465 194 261 104 591 961 96 98 871 880 269 313 441 601 
35
373 803 556 382 969 772 776 578 744 740 818 221 636 117 244 540 817 261 373 674 26 146 46 107 474 111 320 26 745 47 35 216 840 964 732 485 530 405 736 33 816 789 641 936 374 574 921 440 543 702 260 890 178 661 644 160 763 49 114 754 936 692 41 208 318 960 461 191 688 813 848 703 780 416 958 634 88 877 683 255 621 542 57 617 699 293 107 55 34 237 948 856 61 505 366 429 953 611 854 116 342 890 226 613 964 86 427 333 807 569 86 966 185 430 640 167 135 835 238 722 219 201 749 360 652 960 682 68 919 515 110 986 669 211 899 920 207 292 50 492 
48
378 992 743 851 763 809 402 854 425 161 426 496 519 196 465 963 336 543 953 944 430 455 97 798 436 827 601 830 836 93 520 674 39 992 979 657 244 438 16 346 135 325 381 798 434 628 790 623 29 287 317 549 773 744 507 561 349 50 525 747 565 44 829 628 593 57 1 736 656 545 288 533 947 904 934 763 430 813 449 222 197 379 589 123 125 893 693 731 725 753 54 180 806 778 236 792 406 153 183 311 814 373 674 949 361 101 531 998 661 551 972 624 503 396 447 67 560 199 511 544 239 910 803 127 914 933 892 73 355 806 348 52 411 377 516 628 907 879 754 91 572 949 260 957 269 336 135 927 146 546 236 456 711 123 108 305 693 791 334 25 984 862 719 101 54 565 336 690 358 566 615 51 645 919 943 639 362 823 547 871 136 433 855 27 180 59 341 105 96 24 616 906 
9
962 549 423 786 362 153 778 566 297 985 272 691 565 755 740 180 738 920 80 894 699 433 741 16 500 819 580 586 307 639 440 116 4 661 925 729 
37
134 421 617 936 489 137 468 641 223 154 334 9 424 226 766 264 549 552 727 779 883 628 21 701 716 527 581 554 132 153 6 672 225 500 17 731 741 222 894 322 395 462 318 875 952 679 108 872 788 237 325 225 196 949 280 600 117 873 28 200 387 614 813 840 273 873 408 205 724 698 376 128 468 472 861 729 621 909 674 336 774 548 696 75 994 642 857 508 470 197 291 863 799 357 553 508 52 862 203 345 432 602 446 128 143 675 887 978 412 434 682 221 722 880 131 93 640 125 830 156 104 19 558 14 133 822 659 825 531 546 961 223 737 968 931 698 427 883 797 122 968 148 397 987 729 727 523 938 
24
919 599 739 110 220 402 404 880 641 532 607 677 370 597 784 352 835 698 14 298 218 688 351 263 251 237 649 672 256 229 54 836 141 12 385 444 990 733 44 528 736 406 976 552 565 989 34 711 974 757 290 553 666 599 692 140 726 951 97 545 326 652 883 470 720 800 213 243 616 714 418 929 345 358 357 142 930 655 272 780 485 876 433 632 495 467 262 435 479 181 41 975 195 368 312 193 
49
535 334 895 900 453 772 992 569 452 488 708 495 592 255 573 470 357 431 185 264 998 806 348 595 614 467 335 600 162 503 540 547 902 647 52 560 321 243 290 548 994 87 5 681 672 235 567 155 229 716 264 304 576 949 337 101 970 615 240 181 813 707 260 837 671 681 94 413 230 228 852 571 999 617 833 139 102 670 705 228 664 306 974 661 197 683 761 588 968 881 143 402 490 370 697 257 684 250 101 216 330 376 513 369 125 694 379 397 179 80 766 446 938 143 954 527 319 361 123 893 18 283 329 36 191 2 389 579 917 373 626 762 405 431 495 780 358 858 588 898 47 231 934 863 102 334 339 519 219 898 797 451 896 765 381 900 493 534 412 545 95 620 580 601 698 632 718 146 69 959 180 89 775 825 318 118 27 73 189 725 641 906 622 620 321 463 727 657 168 706 911 386 859 218 50 850 
17
778 475 36 279 810 821 184 740 595 818 890 925 352 589 408 186 814 879 530 323 486 482 981 453 802 440 11 628 639 521 673 220 476 999 919 182 179 597 61 598 205 165 163 505 928 534 106 956 88 420 813 279 276 427 725 39 451 762 190 421 110 259 518 436 930 681 712 318 
53
539 285 866 621 156 951 465 836 487 195 120 920 49 767 577 894 382 981 278 211 14 657 32 519 852 353 822 242 577 20 569 728 859 628 578 478 267 290 50 219 608 662 891 217 330 460 482 547 439 100 712 191 24 62 867 190 503 328 970 447 104 175 678 274 900 268 590 732 190 706 109 424 458 493 66 163 516 489 865 975 67 344 101 369 201 135 438 511 186 603 108 933 841 921 311 509 743 753 96 406 24 211 720 249 353 972 61 930 489 550 191 813 908 474 278 55 628 485 380 118 66 488 735 92 816 462 195 203 738 14 545 640 759 840 619 945 558 431 117 829 860 94 589 520 986 622 407 844 251 205 341 852 159 541 787 831 318 4 507 755 380 713 749 319 238 347 109 622 955 3 896 613 645 527 148 722 961 623 447 808 68 268 388 618 338 425 183 526 619 73 296 563 929 337 661 328 34 79 418 585 896 911 298 450 58 875 593 430 510 803 951 810 
31
286 180 975 255 279 750 774 677 613 632 887 355 810 418 777 960 333 889 286 499 385 650 979 390 202 184 594 838 28 347 782 368 120 105 874 579 328 154 718 304 711 551 570 436 480 865 539 719 792 9 800 868 921 310 943 59 907 192 362 406 23 955 465 54 104 119 847 86 28 47 577 555 99 822 128 641 282 274 526 951 571 435 130 221 848 779 285 611 902 660 654 982 179 112 467 281 288 910 848 647 750 594 931 440 798 443 760 519 503 103 34 890 642 645 558 614 855 51 902 573 531 975 210 735 
16
473 804 454 662 936 745 279 656 174 876 231 333 331 607 565 162 183 415 261 880 746 335 345 702 429 365 966 102 883 1 675 925 863 320 808 883 329 119 320 9 415 255 637 688 944 570 187 62 310 179 891 86 636 656 594 465 618 369 430 871 427 576 520 343 
23
140 881 124 140 975 527 361 954 492 794 52 590 722 825 753 302 554 72 730 132 868 947 100 426 785 219 391 838 166 617 211 984 144 491 194 952 561 855 229 78 395 833 469 179 722 213 54 352 612 150 858 724 912 853 858 907 856 650 866 279 738 684 794 447 356 852 995 590 699 153 551 549 441 539 793 705 381 893 295 650 264 792 886 987 687 584 838 388 893 461 13 519 
30
638 623 658 53 241 376 211 886 99 724 379 761 968 160 637 830 417 156 668 650 301 74 62 424 189 753 158 854 230 722 227 955 739 593 596 234 653 745 690 951 552 398 413 635 559 17 289 280 260 94 124 991 565 939 259 729 669 954 474 684 822 935 528 300 154 488 359 323 91 232 17 247 346 516 987 545 689 314 738 656 584 460 56 787 133 571 63 561 150 284 25 918 299 615 361 912 233 49 876 485 550 715 293 51 996 717 236 248 492 273 610 723 784 6 529 441 667 141 999 365 
37
521 228 745 471 518 171 550 926 9 529 486 177 630 111 365 203 117 730 829 847 376 11 950 711 978 525 873 953 276 389 100 74 163 127 600 909 131 172 110 810 622 560 271 330 941 596 309 205 195 690 886 739 368 597 991 292 679 417 274 856 137 477 860 23 563 836 830 15 814 879 3 125 842 200 659 155 790 5 771 722 161 416 829 94 984 564 822 149 476 761 883 701 238 177 708 280 341 717 465 319 283 471 211 156 311 579 386 563 396 128 891 372 711 995 14 326 300 378 470 766 77 93 825 696 798 980 130 579 366 815 736 589 678 559 31 229 492 204 907 331 165 253 503 603 741 741 919 423 
26
858 441 45 759 781 125 655 433 639 133 715 42 426 929 304 492 763 778 638 787 542 702 31 416 847 129 898 512 768 443 174 199 43 240 406 497 172 388 990 572 633 139 792 918 819 806 829 150 460 9 657 202 718 515 794 813 939 737 497 128 118 547 825 294 221 248 446 612 168 819 48 557 467 371 265 820 421 566 428 336 197 188 389 852 281 356 245 295 819 772 447 470 75 714 648 567 434 132 823 822 499 493 61 529 
44
483 587 128 989 163 714 622 488 512 295 31 358 571 802 159 608 499 397 449 722 819 484 719 988 73 480 882 244 477 183 60 520 703 982 221 685 701 722 68 351 457 850 433 254 340 239 825 773 686 483 84 190 109 84 550 946 27 61 621 317 6 919 396 122 898 186 849 165 233 235 453 306 317 442 377 294 482 684 319 380 321 625 646 37 851 935 695 929 432 940 307 913 606 113 855 95 349 888 682 517 542 266 593 604 511 255 55 16 723 725 910 409 963 301 115 513 385 506 139 660 657 534 204 188 293 25 67 206 827 40 522 563 811 647 313 478 283 771 112 501 143 227 961 976 364 425 566 689 841 213 9 412 578 481 240 932 873 916 475 338 899 635 776 29 928 62 272 341 972 975 371 922 478 415 773 9 
56
283 169 563 850 948 722 59 423 822 762 625 447 727 559 508 972 550 645 900 370 442 730 169 384 255 147 820 865 101 476 390 800 37 331 282 263 565 963 318 923 536 588 492 327 417 712 993 426 605 966 205 688 586 394 574 412 801 219 281 817 932 16 304 911 421 459 260 686 651 507 291 13 670 591 703 431 605 940 728 944 453 838 535 184 511 821 158 916 641 119 762 849 490 726 378 769 145 959 919 925 612 860 345 775 124 713 966 636 952 22 265 171 482 240 4 926 697 886 651 45 339 81 935 533 536 588 115 839 45 170 516 228 710 382 386 252 592 784 185 468 326 276 374 216 798 296 888 827 268 915 111 214 827 80 317 641 247 161 363 350 200 998 104 216 316 122 93 221 442 106 314 74 351 767 790 540 276 359 205 707 567 219 492 668 308 515 123 912 419 973 323 546 543 345 624 692 61 493 411 18 212 499 354 605 277 894 860 553 447 86 35 657 987 85 503 60 724 276 997 117 64 154 528 350 
22
460 676 134 15 980 303 235 933 223 54 612 59 921 292 328 781 280 723 544 858 268 899 486 61 46 210 824 441 372 970 603 79 398 756 134 909 281 697 995 430 110 329 808 310 24 230 141 793 923 442 719 134 955 146 498 396 653 393 54 673 306 64 294 539 142 941 835 533 832 853 542 929 194 629 914 262 509 191 304 728 847 85 937 92 116 373 95 552 
19
617 722 203 452 319 517 200 255 168 515 457 793 720 228 179 141 136 503 670 445 782 914 847 101 479 831 978 338 3 723 11 919 530 927 890 176 800 44 650 344 169 481 956 808 175 723 359 131 383 727 646 106 80 92 645 279 273 106 428 56 872 567 329 311 918 338 116 374 80 137 507 857 868 465 548 100 
53
438 719 667 279 118 327 552 946 478 437 940 60 27 714 733 965 80 59 429 881 81 474 657 908 975 926 622 154 476 518 386 597 939 655 544 546 849 487 127 83 509 331 759 926 147 199 439 831 344 989 375 48 477 840 284 823 883 391 352 553 782 226 116 874 306 105 453 694 749 782 622 403 42 467 359 138 174 343 735 995 517 263 271 461 912 867 963 758 619 648 782 555 504 519 484 27 166 826 566 338 617 460 533 525 853 46 663 160 488 772 196 426 287 360 454 214 740 345 98 609 97 963 569 708 53 752 817 690 446 211 333 982 407 5 716 226 834 796 414 617 54 885 195 414 148 33 43 565 519 178 692 317 931 646 716 266 180 443 553 496 537 651 980 65 980 30 13 27 367 875 737 35 629 64 771 856 944 71 114 216 69 901 417 964 877 836 406 385 899 908 293 678 806 127 684 657 468 602 848 508 201 34 506 959 164 962 382 744 965 714 736 157 
13
618 337 49 157 871 867 10 119 348 691 619 886 605 91 490 633 44 729 644 770 938 546 959 526 598 276 627 773 685 983 953 996 569 950 437 860 761 986 1 302 339 463 160 838 653 665 802 294 853 361 265 899 
57
526 622 486 896 110 153 577 99 860 632 23 359 343 386 998 397 893 923 607 83 556 939 416 595 130 598 229 803 28 556 664 482 80 213 592 490 579 358 905 600 790 33 151 49 43 658 759 943 76 266 106 567 913 811 371 86 785 209 168 184 479 729 754 150 369 980 294 600 101 125 484 849 873 719 266 998 512 542 543 866 449 792 216 199 512 589 81 334 646 899 234 43 913 379 527 843 428 478 51 188 332 708 7 495 738 883 965 835 111 48 697 60 373 812 39 998 910 749 404 573 972 354 666 828 413 602 401 51 228 606 924 773 146 961 673 616 545 480 426 475 256 395 560 493 802 195 657 312 716 931 282 276 676 459 96 321 762 733 310 934 418 560 910 674 193 436 682 916 310 558 179 911 798 635 604 16 286 918 6 78 293 709 41 113 732 956 945 662 28 79 434 50 715 401 344 705 379 917 715 807 275 79 379 433 2 214 767 153 282 85 21 961 159 940 588 479 137 16 771 510 388 118 236 108 976 352 704 607 
31
309 642 509 473 792 790 802 192 217 669 636 210 555 552 238 355 664 866 461 368 880 664 31 850 112 819 928 332 585 137 965 467 676 211 25 489 181 902 171 171 20 399 102 58 180 799 250 426 837 325 484 101 144 869 920 651 603 895 6 496 896 117 346 765 821 403 852 808 473 842 188 461 208 914 171 532 239 108 943 848 243 869 342 191 143 403 917 542 59 758 619 638 14 66 652 370 642 944 983 660 641 604 726 852 467 644 844 493 223 659 176 486 424 62 579 97 553 49 738 189 429 447 382 525 
20
468 305 500 674 562 318 544 755 976 483 25 608 25 470 399 864 998 291 962 790 968 261 698 82 440 337 695 750 847 638 509 962 644 950 615 571 698 703 773 110 113 291 609 95 518 209 622 400 767 803 639 61 516 440 136 375 413 717 434 685 944 279 809 22 7 54 772 327 219 633 601 24 529 972 481 59 857 447 421 331 
42
512 776 528 603 985 344 124 400 939 797 304 823 58 740 786 646 957 174 628 342 697 474 858 203 379 673 974 219 221 542 335 973 370 379 301 226 905 439 984 319 858 543 705 774 975 257 336 439 28 926 23 593 210 935 391 337 78 957 166 266 358 555 549 336 309 292 585 105 982 738 355 437 486 381 766 132 460 571 294 625 356 788 508 612 95 530 61 967 266 590 272 581 198 702 635 663 565 603 668 479 254 302 56 976 729 269 663 509 670 881 238 862 924 998 473 993 280 521 752 706 838 857 399 635 784 498 346 183 342 957 318 801 822 583 85 832 887 848 333 696 43 940 756 901 472 294 477 511 612 687 552 611 770 674 338 488 426 79 255 380 21 173 121 261 689 972 180 76 
34
897 738 180 407 867 798 974 433 786 758 924 34 264 632 813 655 112 391 28 638 955 287 257 54 734 65 427 879 346 569 940 807 268 248 684 659 282 507 427 972 142 717 641 81 955 591 208 74 456 605 60 750 360 761 622 318 327 126 360 858 125 955 375 626 208 185 806 821 772 285 954 335 31 597 347 137 432 714 4 216 43 613 734 235 541 879 168 721 385 23 394 498 718 662 467 38 655 942 61 885 864 223 693 137 94 956 899 772 32 762 492 375 213 777 42 147 635 975 152 707 797 195 354 445 272 78 298 614 980 559 394 435 320 364 368 78 
40
94 161 5 541 609 384 44 524 941 408 752 804 564 482 747 345 534 770 954 354 956 452 124 82 757 424 762 891 533 232 997 144 212 691 720 453 118 346 599 146 144 402 180 784 147 501 781 503 837 845 994 278 446 47 368 88 189 679 823 985 861 838 304 386 923 825 18 20 533 698 114 521 30 972 318 495 511 243 777 21 257 912 260 943 659 980 97 701 856 376 712 200 309 340 823 896 180 31 35 617 301 17 289 494 947 852 60 388 456 436 125 287 20 797 699 110 351 103 254 24 399 423 874 798 8 646 246 123 962 365 681 441 345 77 821 982 529 96 996 394 767 455 174 490 483 951 281 339 382 849 734 12 565 632 9 794 800 71 589 758 
61
194 858 126 51 42 999 444 910 205 346 882 144 691 913 684 348 48 805 536 200 540 604 70 418 446 922 231 478 384 134 14 571 711 478 405 274 36 550 505 340 621 442 189 77 574 435 56 802 35 566 385 114 297 728 762 813 823 361 624 642 726 989 913 203 260 356 406 201 391 922 129 996 29 849 95 331 380 421 975 953 938 320 298 855 930 593 608 338 592 352 802 83 982 5 33 191 72 337 837 343 757 728 713 52 281 590 149 769 56 650 401 67 810 539 796 45 516 898 637 870 136 456 789 70 960 867 918 976 284 468 180 679 728 51 688 268 216 53 109 376 379 296 847 179 288 593 414 206 800 888 286 80 191 545 272 420 119 545 306 86 943 293 500 76 958 882 906 519 434 326 520 924 809 487 715 665 852 136 352 959 438 427 270 842 894 564 835 660 62 713 245 59 60 512 501 886 755 660 460 847 79 579 891 580 109 454 31 203 67 531 59 629 486 581 494 687 783 119 54 905 524 367 750 798 872 40 841 917 443 545 162 730 470 583 21 686 778 394 87 664 579 14 524 135 
15
281 297 926 96 264 951 583 561 837 151 105 204 355 512 502 555 484 761 446 932 742 629 59 942 582 443 755 111 873 932 940 52 165 732 153 64 923 233 26 629 457 980 426 847 470 564 462 121 425 989 607 83 92 606 770 733 143 907 110 749 
33
10 877 23 835 244 144 971 711 425 492 837 316 53 177 692 944 818 243 545 45 679 26 549 992 769 653 299 427 440 694 534 829 997 732 918 396 364 46 628 870 144 982 613 361 981 372 34 31 321 147 224 811 1 997 129 970 712 733 500 69 190 97 770 879 890 609 545 898 224 906 832 657 664 119 68 606 329 888 244 772 424 683 141 390 10 558 105 98 242 271 534 33 648 159 641 994 993 951 415 120 756 60 587 241 19 931 691 518 776 136 232 253 798 553 337 187 811 555 751 469 202 92 208 739 734 57 691 456 701 603 725 340 
30
441 192 932 285 384 332 944 149 162 744 452 900 504 369 341 670 405 565 172 110 501 121 177 359 665 211 202 816 587 636 539 48 653 298 196 294 339 704 680 199 324 822 377 915 74 156 934 734 971 433 878 859 705 677 964 494 650 51 795 398 474 10 173 897 714 656 742 215 355 447 954 65 743 53 974 738 233 932 725 763 59 11 512 535 233 719 516 739 337 244 527 388 777 131 992 842 37 916 729 782 487 673 13 13 942 120 605 306 981 100 540 693 138 365 892 843 383 417 111 300 
22
289 237 820 840 624 135 286 573 759 520 64 530 830 790 876 754 463 505 997 404 811 648 708 901 846 355 972 778 308 368 284 830 118 869 936 543 484 676 222 513 482 846 220 322 956 51 858 733 79 108 604 935 865 765 25 381 387 353 621 326 88 783 371 201 165 306 952 786 336 402 62 394 209 50 931 475 214 13 834 108 874 39 247 59 739 167 250 872 
8
102 191 60 123 327 653 117 451 354 807 885 743 904 743 474 443 761 93 667 690 741 105 417 973 879 419 488 671 82 163 366 441 
11
447 893 752 571 39 311 809 911 825 750 998 86 685 127 968 937 944 698 626 836 461 329 809 608 17 302 927 574 642 97 55 167 396 332 275 274 637 144 937 902 568 751 343 153 
57
344 433 34 524 199 743 693 571 552 142 668 255 249 262 709 598 577 350 429 13 424 382 200 189 448 424 259 601 801 800 189 715 17 189 836 922 949 648 924 761 446 913 48 808 645 910 529 529 339 717 459 333 639 523 787 976 914 463 852 495 498 119 708 463 692 517 554 927 248 729 493 521 219 737 489 932 856 782 588 253 6 206 69 355 230 614 30 326 83 879 920 444 445 746 14 36 722 86 570 414 464 286 645 99 111 255 599 59 459 402 253 468 613 164 843 400 513 385 367 635 36 580 31 269 343 959 572 632 639 637 362 5 756 711 890 884 126 202 685 113 141 127 967 985 872 986 811 596 958 514 718 107 856 704 942 66 84 687 513 718 274 219 788 976 12 358 622 101 430 842 861 470 950 642 93 908 485 568 618 584 953 691 116 362 305 238 364 526 698 434 971 27 281 610 170 594 357 315 849 653 126 438 258 692 293 541 569 138 162 940 296 910 335 284 635 974 808 475 970 271 645 359 367 888 105 948 962 380 
32
786 299 855 877 889 432 149 723 957 545 995 712 441 928 459 901 68 793 56 781 96 366 636 876 195 368 753 188 390 364 115 708 905 7 923 947 377 776 875 888 730 407 455 795 597 964 402 576 940 997 701 407 554 288 184 872 86 279 173 998 306 623 165 441 804 787 354 366 968 526 265 40 842 582 920 285 194 833 584 668 453 65 976 301 255 700 349 972 583 208 549 644 627 123 595 683 444 119 102 250 769 52 619 274 575 4 907 481 388 662 131 483 885 70 654 813 673 639 447 15 329 272 843 482 238 394 905 132 
4
727 340 603 634 84 99 269 825 631 87 236 464 701 355 374 715 
28
116 735 289 352 757 730 464 103 966 74 80 102 375 651 560 925 360 732 787 264 647 725 305 69 963 66 57 679 812 375 768 262 976 126 353 533 596 282 301 995 598 953 606 241 3 172 567 71 896 506 192 30 63 986 530 12 499 105 899 224 20 784 614 885 341 8 933 847 120 583 325 135 560 936 521 761 472 698 361 865 821 43 373 146 610 271 6 175 863 353 87 483 658 816 674 648 146 86 79 302 947 866 466 547 416 669 161 377 89 458 687 278 
33
767 287 875 967 499 831 894 913 233 474 404 299 804 378 468 254 339 207 926 171 784 94 134 431 688 900 867 366 973 575 409 829 468 803 400 119 733 175 639 895 771 535 249 40 280 735 512 754 258 972 651 402 880 939 122 216 217 92 919 329 546 471 321 872 316 747 513 502 174 552 199 697 251 562 663 422 732 559 943 63 203 423 127 159 838 117 8 272 256 154 765 666 449 479 509 828 4 829 843 410 183 672 512 720 769 983 212 259 374 618 582 382 785 506 155 125 63 269 346 661 665 122 851 862 857 371 180 731 591 215 468 87 
2
520 782 354 513 168 641 759 143 
52
224 521 623 599 277 941 206 748 178 611 193 909 158 395 696 902 829 43 861 361 481 963 638 972 910 547 379 346 995 746 971 786 660 808 398 662 428 969 639 646 696 284 100 139 917 702 289 741 648 607 32 135 635 931 761 225 426 156 600 578 895 124 192 884 904 335 409 107 178 15 967 473 391 839 484 82 839 908 893 542 391 460 114 725 500 273 608 381 707 167 41 108 658 545 905 435 716 129 254 918 173 663 20 441 462 247 487 825 64 567 186 73 239 31 316 814 741 627 762 687 846 342 886 24 911 45 263 82 318 209 154 793 157 706 184 589 313 43 666 335 273 135 304 397 898 61 678 82 971 47 644 132 297 210 407 940 169 764 752 292 113 105 95 123 222 83 942 618 314 137 13 695 154 525 354 388 711 542 621 781 986 576 334 175 155 889 182 129 27 202 553 127 348 7 609 329 401 463 639 273 614 471 416 926 362 719 499 73 
51
77 599 462 496 240 870 954 462 42 218 951 364 665 856 986 352 905 158 131 867 229 919 825 491 717 696 491 904 121 688 215 51 284 127 205 765 179 883 259 729 957 942 559 262 469 889 324 916 718 958 553 69 982 944 806 26 227 134 728 157 732 876 317 126 967 78 237 32 815 353 954 587 168 152 457 95 218 428 421 759 981 428 676 619 13 744 343 551 937 135 431 58 437 519 254 282 508 266 321 950 788 562 485 864 232 727 490 214 822 493 3 139 649 503 849 863 55 947 577 435 947 916 526 189 288 750 518 533 229 640 84 664 841 573 530 692 728 47 960 732 152 859 899 260 159 756 682 611 568 456 842 560 978 533 474 902 608 598 78 984 474 130 512 907 778 255 995 704 964 83 556 590 107 557 581 119 541 126 60 33 940 243 3 349 962 565 990 662 315 977 681 695 971 560 494 718 447 828 441 292 591 906 770 275 
45
893 535 761 843 107 640 775 822 514 16 245 480 749 483 673 478 392 187 870 536 517 934 302 378 334 966 361 361 758 565 252 440 690 227 425 823 86 307 206 519 952 20 61 660 633 50 889 539 811 703 432 827 711 390 354 112 285 440 444 889 441 662 363 844 407 925 194 951 575 997 337 842 124 81 489 985 519 478 68 983 155 682 266 587 962 493 369 170 171 397 862 928 159 842 432 597 633 601 312 900 681 773 284 883 71 948 522 437 86 45 353 524 925 353 780 388 591 46 186 388 497 597 90 294 508 223 107 872 425 670 255 928 147 187 985 77 461 85 53 771 636 651 575 925 995 900 137 383 156 763 392 56 652 526 759 461 924 159 320 952 658 918 672 325 59 715 302 769 651 527 197 705 919 286 899 819 832 34 427 602 
15
540 924 548 492 506 971 804 209 5 395 44 816 191 956 427 69 93 77 385 837 463 214 904 35 522 290 79 202 822 333 341 447 590 534 836 777 552 377 426 413 153 991 183 42 324 30 448 458 655 903 345 856 435 575 384 559 975 758 399 463 
64
739 733 825 910 911 304 830 946 323 300 122 737 536 925 676 210 963 869 764 31 739 773 663 330 969 307 156 927 356 307 831 243 123 989 267 462 114 5 685 931 10 770 978 267 136 715 261 976 532 651 886 614 686 161 559 247 492 815 968 711 369 984 96 200 94 583 457 890 613 123 5 27 172 8 600 637 398 888 311 753 317 649 451 881 246 392 572 600 871 42 414 344 736 870 358 988 262 419 660 62 648 620 851 373 173 833 221 546 360 173 334 569 164 622 439 488 178 45 894 515 68 955 115 491 764 558 929 108 861 787 512 13 445 529 531 221 303 135 16 834 38 302 346 73 985 705 487 836 163 361 434 705 983 864 690 240 166 742 710 353 580 679 377 206 20 388 837 682 912 175 397 574 424 286 245 992 853 893 198 606 846 877 983 229 473 174 675 354 148 898 743 388 900 223 22 152 187 422 720 289 189 21 286 496 799 738 229 388 657 61 721 871 250 481 929 989 359 649 881 943 7 340 590 74 690 544 146 321 837 339 272 988 497 794 391 510 394 546 51 997 114 670 458 780 330 638 862 656 516 250 487 139 384 957 461 871 
32
426 990 767 670 529 418 359 987 827 757 475 921 372 787 464 483 939 381 343 653 833 35 674 85 370 311 598 519 247 797 57 942 642 27 922 617 179 220 820 788 279 280 621 154 694 321 635 882 688 906 17 896 60 540 895 503 92 953 753 733 107 844 944 399 45 606 465 908 435 114 397 117 828 97 410 752 653 268 138 961 50 333 271 775 563 817 735 173 762 851 655 731 819 501 439 889 826 739 374 534 897 723 195 476 964 496 915 266 753 247 796 325 660 813 227 293 533 39 994 331 791 329 621 205 932 906 471 709 
41
745 112 234 500 276 784 503 251 104 453 335 939 681 437 221 639 41 989 244 337 755 806 275 739 393 345 730 620 142 839 601 230 461 17 790 757 201 134 433 530 315 698 714 484 181 959 372 22 893 535 385 388 655 325 343 789 965 974 922 460 925 158 48 79 865 837 268 879 306 382 785 371 479 859 850 912 120 899 600 600 176 896 51 8 234 531 39 874 707 937 718 143 150 466 641 912 118 174 380 941 799 249 985 875 369 559 521 671 788 837 121 123 792 256 197 971 972 651 786 154 648 636 627 916 444 264 853 287 988 817 130 459 978 986 751 21 597 188 191 636 481 4 105 899 830 834 247 812 640 886 358 5 139 814 180 779 668 118 103 174 587 863 961 496 
56
150 738 643 329 514 630 555 268 155 969 586 992 378 83 716 945 469 57 610 493 187 45 657 579 805 411 425 92 971 264 406 850 21 562 292 580 581 421 808 163 39 499 35 722 971 260 668 693 398 865 552 13 99 722 144 191 287 237 620 719 118 49 462 594 211 411 857 646 274 739 437 890 317 846 827 15 703 426 692 536 772 26 739 682 88 208 157 160 184 901 256 133 869 627 253 599 552 106 78 781 970 705 505 621 193 424 929 516 863 619 685 94 181 844 891 584 622 312 42 115 210 564 691 795 389 734 99 51 135 583 619 832 696 894 181 58 68 93 282 541 778 620 39 957 892 460 297 151 76 250 102 724 480 938 175 414 743 99 221 191 239 541 612 750 363 233 585 31 12 120 509 241 28 60 56 819 665 766 866 151 353 824 302 769 611 672 953 732 133 763 76 912 137 450 342 423 332 729 669 540 447 691 379 11 27 223 191 798 644 534 205 944 214 110 739 932 409 117 377 623 281 515 570 529 
52
830 713 786 70 267 562 818 88 343 641 18 825 190 775 357 701 733 865 588 103 636 337 79 246 243 164 856 879 434 90 735 670 655 282 84 521 858 781 694 910 237 178 380 459 53 649 128 647 991 484 332 771 669 163 95 879 452 171 240 51 610 593 124 235 677 763 524 264 210 639 932 529 79 718 461 314 623 951 411 823 873 345 227 26 634 935 202 976 479 552 354 395 775 579 527 699 613 459 115 88 367 90 171 182 696 173 719 171 252 200 851 858 843 329 823 296 159 590 805 498 282 811 380 106 253 444 983 726 90 428 119 478 360 619 847 204 957 107 818 578 361 511 788 902 743 878 291 273 87 89 21 86 656 879 863 175 604 784 709 36 682 720 341 664 745 538 175 23 331 37 501 600 154 871 631 258 699 23 255 665 782 864 282 793 997 810 806 19 189 571 98 845 502 689 599 535 656 86 415 657 706 767 477 914 171 181 440 669 
41
482 87 118 751 519 316 193 748 203 122 732 115 537 711 204 950 468 687 481 233 90 119 404 862 895 473 518 699 183 613 256 134 610 792 925 596 331 167 123 205 795 789 809 273 607 705 180 675 900 268 919 60 856 760 682 775 963 869 439 756 103 758 209 907 713 484 295 903 810 852 593 936 113 533 660 626 113 36 234 838 937 688 236 136 650 647 412 867 686 367 99 2 972 48 454 135 945 149 572 18 793 109 825 943 625 872 505 150 299 350 677 260 108 193 350 164 536 628 549 429 10 621 188 695 579 470 481 126 511 555 250 950 793 836 816 19 563 131 767 972 604 457 363 667 246 848 599 971 947 290 358 999 602 564 848 568 24 983 249 810 673 667 252 55 
47
23 443 367 176 152 502 312 495 586 142 353 722 513 307 346 126 338 435 921 376 951 407 533 34 170 185 622 157 944 346 409 170 816 377 434 692 627 511 128 549 695 675 550 517 862 649 475 982 70 167 508 772 35 4 612 932 401 911 374 336 367 45 839 474 911 873 3 907 492 225 313 51 590 141 981 970 23 700 646 59 139 283 854 587 236 942 145 345 834 704 141 155 952 925 883 566 492 618 273 861 591 744 585 289 239 935 866 222 417 97 735 415 892 729 861 732 471 671 609 14 465 917 928 941 765 941 716 368 688 782 393 550 546 212 906 324 783 901 640 105 130 931 382 942 479 89 299 163 789 150 719 259 95 615 399 252 419 112 64 56 784 240 246 112 592 202 800 688 467 541 163 51 551 389 422 594 925 198 768 892 500 65 548 593 990 416 387 580 
59
278 291 603 222 985 975 752 600 920 432 821 110 925 152 129 867 180 568 2 164 427 494 98 527 302 442 422 856 413 530 950 308 43 795 655 59 457 930 488 895 508 961 454 445 707 250 810 395 964 512 422 50 715 549 500 347 361 146 456 347 639 319 892 725 100 788 9 545 330 220 626 690 353 240 739 563 878 447 448 369 738 817 785 943 393 136 698 181 242 224 946 363 1 523 302 599 13 399 179 796 103 817 406 24 231 829 620 67 974 170 807 800 748 542 282 33 673 135 501 361 442 556 188 896 283 55 34 224 324 27 855 632 685 45 504 784 502 841 674 692 184 227 959 76 523 371 49 322 653 23 792 20 987 867 341 211 169 171 899 736 974 596 13 804 33 291 405 359 347 749 540 33 331 5 868 159 808 606 941 983 974 68 397 643 792 807 575 22 448 921 911 990 359 677 748 393 610 449 199 506 272 695 913 155 592 645 548 545 219 741 288 157 113 751 449 864 85 124 921 796 252 917 411 609 330 285 248 678 322 654 384 866 323 682 294 841 
29
143 615 10 126 878 957 453 946 346 757 816 278 662 333 963 230 911 192 498 254 866 912 421 455 50 768 631 668 55 764 862 873 344 678 905 626 185 805 766 979 560 496 665 103 932 757 643 379 91 925 523 598 793 761 741 963 942 230 589 109 12 76 702 195 841 470 792 627 470 498 617 354 68 904 471 936 74 647 160 179 401 327 443 264 154 615 909 823 856 486 706 700 125 168 531 932 165 492 637 474 84 954 891 890 627 509 482 486 728 360 683 928 900 783 553 191 
5
810 656 314 818 474 434 960 622 322 889 267 152 152 581 918 524 843 68 108 404 
48
539 894 862 199 889 132 596 886 718 325 413 891 560 433 156 864 799 439 510 689 117 415 951 797 975 154 888 734 271 748 887 882 122 258 600 937 831 938 96 313 617 485 288 423 622 449 602 142 404 334 155 128 923 936 658 78 34 367 915 550 753 951 541 618 27 583 438 965 440 196 75 232 958 574 570 624 936 688 196 518 332 209 132 888 656 86 324 746 993 172 976 432 937 366 815 910 803 756 182 649 445 345 308 778 674 993 362 607 127 378 100 567 347 576 702 363 907 740 3 827 259 948 940 397 351 455 601 398 701 988 315 118 284 389 888 613 613 838 809 729 878 302 74 539 40 93 555 26 356 58 619 312 939 675 871 640 398 323 932 862 625 851 824 946 783 66 605 52 504 368 561 972 487 608 934 817 310 684 224 245 187 343 113 280 954 796 427 882 436 710 670 335 
58
175 866 869 197 140 752 21 758 635 142 264 134 915 183 81 792 443 972 339 304 699 527 13 92 682 748 5 521 126 25 654 622 719 273 670 592 371 325 681 705 212 197 867 16 697 533 728 133 784 182 384 167 32 387 509 779 529 536 465 240 674 205 193 223 817 500 466 601 139 720 927 187 712 848 887 154 568 582 867 583 893 45 420 144 470 72 706 517 271 720 500 944 25 373 551 617 953 958 667 310 417 887 626 227 519 95 136 151 953 963 82 223 426 550 720 429 119 509 153 886 59 885 10 377 23 796 674 68 765 641 573 755 568 127 677 939 677 412 262 191 728 541 577 736 331 443 263 6 686 682 478 368 792 930 649 215 769 488 258 575 379 527 586 801 813 94 724 128 932 30 274 39 323 287 89 930 964 782 143 305 836 602 417 266 829 829 740 75 456 979 665 170 387 563 746 231 862 280 988 641 938 686 412 671 12 882 804 165 673 970 560 247 329 578 861 845 903 705 555 766 747 175 32 68 331 402 206 717 393 995 237 329 
49
12 97 389 20 709 7 729 61 847 776 33 720 93 937 737 312 522 449 704 67 195 275 400 939 623 447 452 476 492 341 584 690 849 64 87 673 416 722 600 109 148 20 527 64 676 637 892 125 47 141 26 191 501 87 836 775 757 246 490 958 977 504 396 295 392 563 913 221 46 834 741 240 828 57 7 366 936 799 311 512 965 630 468 215 49 861 525 635 379 772 956 477 22 22 248 571 665 188 427 472 231 926 285 622 992 712 956 252 96 491 128 752 852 92 723 485 362 286 90 435 766 704 691 792 97 555 858 631 963 580 412 234 533 824 321 690 106 433 585 771 385 499 590 121 746 125 970 440 889 948 808 614 985 111 414 29 621 815 183 31 98 967 11 412 439 435 597 401 551 955 713 976 957 265 931 146 889 739 725 138 292 722 927 79 210 749 432 452 555 436 420 107 892 628 136 823 
13
708 223 671 853 832 92 369 143 961 63 907 519 596 786 30 365 79 461 371 800 904 313 125 299 62 669 994 439 92 690 380 903 961 36 217 382 241 593 573 215 823 265 627 304 238 173 991 512 19 138 498 59 
9
185 544 287 411 660 851 68 417 598 871 49 441 789 752 94 100 107 585 868 827 850 513 285 229 638 659 846 256 755 323 189 751 432 81 255 166 
45
546 827 737 842 965 760 171 779 961 620 575 913 356 245 531 36 580 871 457 24 887 454 326 593 79 659 931 199 130 911 771 880 954 181 332 71 311 13 454 765 923 977 931 617 475 738 410 943 133 113 759 400 201 488 608 860 813 88 885 467 835 340 807 107 963 993 822 391 811 864 464 353 530 295 937 912 963 602 108 728 129 110 510 443 293 926 907 610 599 382 233 73 746 629 63 935 826 939 619 25 883 534 401 321 749 976 833 60 78 563 145 460 927 204 85 453 439 200 997 651 365 417 990 552 543 43 60 278 755 792 470 401 91 560 905 194 137 629 316 39 682 300 437 293 967 241 750 245 652 6 344 33 526 988 892 857 480 649 201 111 473 499 206 84 668 37 277 753 642 561 730 779 228 617 557 414 629 22 586 963 
