41
1
502 703 160 430 
1
254 464 553 919 
1
741 536 461 529 
1
711 810 861 205 
2
981 987 846 509 436 103 523 927 
2
557 748 214 608 200 264 594 827 
2
849 526 974 758 514 214 86 713 
1
278 674 853 595 
1
68 212 258 233 
2
85 499 987 827 846 854 397 288 
1
783 652 905 231 
2
652 699 655 224 685 702 595 805 
1
784 446 116 992 
1
969 989 644 438 
4
682 356 7 953 173 565 556 327 632 197 352 656 347 302 735 707 
2
973 970 831 434 762 925 442 478 
4
646 322 47 484 653 97 309 370 802 852 88 541 627 50 285 343 
3
329 550 379 943 242 894 173 4 547 818 496 739 
3
404 987 584 786 320 894 375 661 391 829 466 219 
2
993 970 675 555 726 834 700 641 
4
772 236 442 420 635 724 397 328 991 723 862 896 649 725 625 879 
1
119 533 441 596 
5
245 871 448 584 894 537 334 973 184 744 540 500 83 193 912 720 282 185 418 302 
1
693 545 729 139 
2
142 441 716 968 441 478 187 305 
6
590 664 2 731 162 829 283 674 338 581 47 305 986 132 118 466 521 558 643 362 556 553 184 701 
1
707 261 392 278 
6
571 773 261 225 246 716 952 483 626 870 444 739 647 614 994 446 658 662 85 659 903 425 879 759 
4
219 373 475 256 212 859 239 913 282 40 205 736 119 192 905 215 
4
731 316 127 777 655 118 12 493 626 953 940 570 397 140 159 515 
2
831 490 731 499 174 841 943 501 
3
54 739 956 245 708 591 731 556 602 673 553 605 
6
682 482 519 196 491 466 552 92 542 267 2 296 283 735 539 277 755 802 459 894 124 155 667 72 
2
808 769 812 190 447 442 551 681 
8
421 454 543 854 115 406 151 988 589 106 142 501 945 317 563 520 59 278 583 910 591 589 229 267 194 599 803 262 579 499 361 195 
7
903 987 595 428 585 898 348 901 715 684 79 770 770 993 437 481 87 246 511 789 708 657 707 360 212 114 869 596 
3
933 373 32 144 317 484 16 376 64 328 866 765 
3
492 902 937 510 348 21 984 296 690 306 193 410 
1
135 112 224 134 
3
847 368 695 18 611 617 275 732 972 514 571 192 
3
991 65 861 824 284 619 919 42 156 895 382 569 
