51
1
486 833 750 290 
1
150 467 845 934 
1
840 962 275 805 
1
306 540 671 158 
2
730 984 216 987 814 797 247 433 
2
926 629 971 13 944 10 267 144 
2
5 672 819 935 565 903 134 993 
1
695 732 187 863 
2
923 373 983 953 252 58 583 562 
1
287 776 2 854 
2
271 115 236 896 309 531 466 844 
1
701 796 374 140 
2
305 246 163 112 267 127 121 147 
1
100 712 669 509 
3
85 3 232 820 571 617 589 844 151 434 842 227 
1
771 691 476 59 
1
894 389 579 953 
4
818 103 883 944 525 305 438 195 243 34 889 671 147 413 241 309 
1
29 222 86 584 
5
831 265 767 543 551 464 148 606 431 143 405 488 324 783 276 129 981 43 138 328 
5
393 59 365 843 740 456 180 960 863 482 391 771 906 513 1 241 722 503 448 548 
3
365 957 37 814 330 812 362 953 88 948 675 321 
4
340 327 708 269 523 894 602 397 33 874 795 370 432 524 249 114 
4
414 271 414 995 93 737 223 377 557 391 579 551 976 326 699 814 
2
880 386 475 405 936 383 926 204 
1
770 197 315 580 
4
359 35 5 531 256 647 745 53 401 540 774 413 371 378 880 265 
3
311 346 460 641 222 495 570 735 164 216 900 281 
5
363 271 326 868 751 520 585 695 366 434 557 798 503 580 223 354 932 807 44 908 
2
206 678 330 682 791 209 308 698 
6
464 175 436 317 154 271 620 652 741 864 770 527 753 574 438 462 340 644 712 272 557 532 997 250 
5
134 521 120 105 136 864 745 228 988 644 398 966 479 95 516 804 244 409 531 20 
6
935 444 426 928 456 859 627 503 658 968 398 937 709 935 541 740 145 28 330 798 855 456 726 125 
7
154 697 966 729 389 47 901 477 89 517 457 230 347 200 672 17 267 679 257 17 505 318 795 152 858 753 324 190 
7
407 604 703 467 313 307 362 88 590 329 706 353 873 379 608 658 66 567 426 197 409 119 614 661 446 501 594 145 
1
614 682 989 114 
4
38 139 728 896 755 99 783 378 165 301 386 543 458 631 784 537 
7
369 473 381 690 340 756 491 170 312 659 319 356 232 455 864 509 663 247 575 225 964 95 309 9 743 841 183 331 
4
862 629 948 250 710 28 190 635 278 608 272 2 1 338 262 251 
7
883 503 951 52 853 142 572 1 9 183 687 112 344 718 298 263 364 752 241 268 356 307 618 12 647 398 79 37 
4
697 141 318 702 131 785 950 320 308 908 115 349 398 365 863 144 
3
4 69 200 20 201 610 890 439 330 840 376 402 
2
194 106 51 244 701 421 112 506 
7
830 433 175 170 783 803 886 273 315 198 438 961 722 639 831 465 156 193 790 210 606 470 334 232 36 337 613 573 
2
883 572 445 630 756 115 594 952 
3
559 404 812 645 143 389 403 822 709 335 793 419 
4
62 271 824 441 69 712 978 42 174 767 406 846 990 963 144 990 
10
241 668 195 745 254 107 560 364 634 445 326 930 685 418 501 891 735 779 240 484 235 898 861 18 898 16 991 348 71 882 839 207 860 398 631 942 185 552 31 726 
2
191 588 256 261 429 926 58 494 
11
920 246 891 950 851 560 911 11 193 819 817 865 103 731 471 610 964 803 424 999 604 711 357 204 104 465 585 215 188 813 988 633 419 371 542 907 969 763 195 81 57 926 114 669 
11
345 842 829 110 204 634 337 376 824 615 529 483 880 430 250 92 157 287 984 880 57 407 330 988 726 371 317 95 219 307 568 933 962 744 671 294 561 945 350 93 53 262 454 486 
