62
1
765 101 56 768 
1
613 370 115 735 
1
418 464 598 731 
1
962 11 147 481 
2
172 474 726 642 151 229 823 954 
2
728 701 323 541 572 80 912 939 
2
13 893 956 338 254 537 690 993 
2
185 908 13 431 600 439 861 844 
2
7 960 241 537 54 283 111 297 
1
25 32 202 780 
2
704 893 547 727 417 413 951 975 
2
902 20 663 304 574 43 853 227 
3
905 848 48 125 341 441 727 726 791 625 2 497 
2
658 621 700 569 309 928 733 139 
2
7 78 918 427 510 571 77 751 
2
824 233 221 687 44 73 116 11 
1
11 698 703 950 
3
801 799 975 445 927 967 23 658 548 52 877 689 
4
277 685 2 488 908 324 242 54 415 812 423 418 197 887 810 845 
2
345 767 872 383 401 37 15 651 
2
191 67 594 530 934 482 466 94 
2
774 859 394 680 165 562 510 618 
4
911 521 666 518 209 406 830 228 179 939 677 981 301 117 537 80 
1
746 687 703 845 
6
571 365 949 798 978 241 261 518 477 218 977 184 901 295 350 736 73 896 651 590 209 329 555 974 
1
801 217 632 183 
1
124 510 381 694 
3
136 291 137 53 89 105 772 865 195 695 879 953 
1
798 290 678 357 
6
233 596 597 778 889 841 407 707 385 389 182 828 531 116 60 361 866 729 272 614 732 813 704 62 
1
631 832 215 730 
2
90 968 687 986 6 330 893 489 
4
442 366 65 246 678 790 823 537 715 696 337 932 927 579 133 913 
5
322 25 537 332 139 601 223 896 690 91 237 367 41 809 676 706 96 197 464 247 
3
159 355 164 984 602 948 347 139 38 11 58 300 
8
94 934 983 587 560 588 868 985 973 792 400 921 52 299 905 580 559 741 422 598 918 211 908 367 707 307 10 438 815 437 151 367 
6
384 435 413 451 654 597 973 475 844 650 796 282 61 894 652 759 484 441 879 771 132 344 944 455 
7
482 314 399 333 967 201 762 289 827 465 761 557 593 66 687 640 594 859 612 729 199 484 747 903 306 11 494 887 
7
643 642 145 428 384 853 45 416 242 523 603 896 458 836 204 549 174 677 143 550 650 839 881 412 30 483 66 308 
1
109 910 986 947 
4
826 955 547 77 950 504 655 915 303 641 933 735 212 754 474 59 
5
225 149 116 543 667 464 474 912 74 666 678 137 763 229 310 406 192 700 501 255 
6
455 871 905 497 845 613 376 752 483 494 769 366 312 197 563 765 796 250 604 331 392 610 190 677 
6
798 777 990 483 941 763 258 713 89 783 390 596 338 934 957 769 321 444 363 917 952 639 157 86 
7
497 649 405 161 425 729 685 247 327 192 206 862 695 700 970 91 898 403 300 977 779 954 913 485 246 598 469 635 
9
351 629 579 159 895 465 82 803 888 364 470 928 507 68 642 936 573 670 911 285 765 299 731 288 158 239 333 54 806 104 122 927 631 536 737 370 
7
47 287 49 208 345 621 959 626 825 484 238 233 456 118 359 169 937 21 9 135 127 397 265 224 637 423 974 109 
7
252 765 254 266 117 877 853 756 363 396 416 730 847 806 942 12 732 93 258 717 139 392 358 417 448 840 731 160 
4
962 906 971 318 238 689 865 471 261 873 687 35 391 812 782 960 
2
480 591 480 76 280 846 803 658 
9
823 750 716 366 239 962 31 921 264 999 38 286 275 972 811 219 445 120 124 309 24 828 452 675 186 473 231 41 128 448 801 368 223 698 147 915 
6
770 912 543 348 335 566 134 209 485 263 425 557 33 194 350 129 335 18 825 219 573 755 793 768 
10
446 565 219 472 4 137 657 335 594 832 251 174 862 343 754 841 472 710 456 745 433 61 280 773 821 333 69 599 126 989 46 569 545 328 689 154 446 131 901 954 
4
127 214 942 74 510 978 107 391 887 526 827 257 690 494 943 313 
1
117 736 492 375 
12
563 379 230 640 826 374 57 901 288 877 641 198 494 476 59 432 510 860 136 956 174 281 600 494 888 14 833 892 92 809 509 578 628 123 431 231 195 563 557 445 465 82 315 868 507 740 180 551 
9
327 839 713 385 815 582 822 431 867 486 4 210 700 214 370 857 23 463 204 725 402 801 524 986 321 432 875 257 475 279 886 791 249 632 458 569 
9
212 840 40 534 661 978 271 693 248 15 599 760 564 628 424 633 592 555 567 321 602 830 486 76 712 284 537 464 547 436 465 576 434 193 471 710 
5
81 410 100 9 256 322 241 397 246 519 305 180 822 522 365 536 740 429 570 69 
7
392 125 793 32 688 821 337 217 799 342 662 675 963 379 177 133 588 220 939 980 990 332 899 796 246 478 604 480 
1
197 4 443 416 
3
313 418 579 747 137 233 232 425 324 718 912 517 
