72
1
690 957 35 858 
1
963 592 949 470 
1
568 9 480 549 
1
545 110 817 30 
1
34 360 816 870 
2
298 203 372 856 542 40 227 203 
2
910 599 375 588 113 666 493 3 
2
950 692 696 239 313 533 178 657 
2
650 569 801 23 890 84 954 637 
2
456 769 284 240 650 330 738 572 
3
897 206 171 294 689 329 631 447 472 445 814 223 
3
910 723 493 797 701 715 489 516 877 54 83 819 
2
366 699 391 277 205 941 239 43 
3
3 310 564 269 544 516 524 696 616 731 210 672 
3
171 644 291 976 7 966 208 521 376 554 139 662 
1
686 518 108 489 
1
904 903 794 475 
1
545 127 272 339 
3
60 277 162 104 705 914 327 536 555 10 967 605 
1
420 300 111 234 
3
394 573 359 585 687 976 147 973 270 422 427 600 
3
411 656 761 643 515 833 719 385 2 332 620 344 
5
837 572 735 415 603 656 436 663 799 862 243 243 146 330 314 351 923 646 403 594 
1
993 782 269 118 
3
896 160 589 277 661 861 997 436 748 256 329 202 
2
906 739 831 590 144 114 410 691 
6
795 930 588 709 37 477 148 277 657 91 361 37 101 402 779 504 337 535 462 44 839 38 285 383 
2
674 984 490 132 155 636 638 663 
5
531 182 458 281 600 701 842 722 898 671 517 644 591 18 479 655 587 309 437 505 
2
488 324 940 669 70 967 628 464 
6
894 932 665 440 382 283 960 951 974 588 40 919 979 171 116 549 683 483 867 265 641 468 979 669 
7
434 207 58 326 444 1 983 784 735 53 233 544 156 829 435 158 432 964 11 537 315 423 856 725 367 659 607 282 
4
833 449 930 999 253 157 138 675 315 350 571 363 651 599 478 510 
5
126 14 746 933 283 292 686 925 712 806 138 16 795 513 39 717 389 734 856 891 
2
325 182 742 388 277 652 224 687 
7
40 843 155 512 449 738 901 728 220 402 336 154 372 969 100 918 65 832 838 80 806 40 756 478 411 99 935 438 
6
395 804 727 856 994 726 664 62 824 723 335 79 513 450 403 614 697 437 270 571 443 868 356 468 
1
569 699 289 934 
4
244 227 495 394 692 870 124 921 281 77 508 394 561 37 705 525 
9
289 557 754 145 712 778 935 129 153 941 203 143 66 661 828 302 238 342 291 636 951 4 539 623 976 40 251 517 438 986 546 938 909 967 735 518 
1
741 814 855 845 
8
851 768 349 487 402 358 218 333 775 14 806 728 86 912 974 117 891 953 984 545 20 846 868 987 382 211 485 44 471 858 427 829 
4
615 700 111 617 233 354 278 600 76 7 353 675 243 883 4 468 
7
347 518 907 57 960 346 87 711 586 325 388 154 739 845 28 382 308 651 526 120 466 357 386 790 432 708 815 622 
8
471 852 136 526 814 895 537 931 634 508 469 685 5 852 553 30 387 913 335 653 938 930 799 695 955 644 211 117 309 884 406 953 
2
501 415 479 374 977 298 120 972 
3
170 908 973 881 722 821 695 880 585 961 520 573 
5
805 480 460 962 402 432 76 228 188 524 10 539 659 750 212 906 825 121 219 508 
1
498 532 652 361 
8
569 965 641 122 846 669 850 846 661 515 730 822 238 871 798 831 422 833 976 404 139 802 160 646 904 503 319 245 841 426 343 719 
5
928 83 275 751 236 990 811 661 457 86 310 267 725 260 949 616 413 855 521 992 
10
81 128 87 756 496 490 634 791 150 198 192 286 907 463 155 213 4 308 342 100 168 768 597 335 807 176 730 703 2 671 442 840 662 959 578 541 845 958 642 155 
6
969 129 729 60 227 396 787 711 196 869 69 594 666 805 602 767 520 732 7 793 127 623 610 59 
6
277 394 945 703 572 140 525 752 230 799 890 378 478 258 749 149 751 541 771 783 494 422 521 464 
9
410 452 721 184 333 952 625 943 161 481 404 859 704 607 899 396 423 912 810 672 700 328 59 522 333 511 166 856 252 457 885 288 994 301 162 853 
7
199 412 778 319 41 401 712 60 210 76 168 967 471 301 694 366 948 642 235 393 223 42 249 928 302 156 306 137 
7
924 242 756 175 544 561 155 477 571 910 432 884 344 437 313 640 628 557 95 727 98 718 221 994 233 136 687 715 
5
680 43 33 303 20 986 319 914 174 331 954 234 105 584 525 514 507 998 689 7 
10
43 477 291 114 287 979 776 411 636 519 638 24 544 605 603 373 403 154 708 269 215 429 79 123 262 31 932 505 739 211 764 430 735 671 207 566 902 229 444 399 
7
991 771 132 796 254 497 103 697 895 640 694 231 217 200 150 383 855 997 898 60 317 526 814 409 601 769 944 452 
5
824 273 212 399 948 248 919 629 943 907 909 542 531 695 54 593 926 777 671 324 
10
924 909 912 462 593 638 863 928 362 239 519 681 632 440 667 328 92 252 749 721 62 390 702 63 430 928 297 265 310 433 722 845 538 448 653 637 349 399 603 101 
5
605 475 251 179 995 594 343 362 831 674 25 17 516 694 427 597 21 478 562 307 
12
642 619 17 733 637 949 87 47 361 313 89 300 238 887 815 379 326 892 524 292 758 771 229 435 111 672 141 706 210 2 822 302 877 814 395 229 205 431 321 100 587 358 849 804 883 950 521 402 
13
576 847 745 610 142 973 816 934 791 141 647 809 87 131 64 574 235 167 227 927 680 574 120 115 88 508 238 838 582 526 274 586 346 496 732 810 602 146 545 116 160 896 253 632 22 664 119 702 682 667 224 619 
9
617 111 207 10 594 984 871 591 168 262 791 526 19 175 455 818 7 562 484 544 5 855 985 720 148 741 269 63 950 413 535 213 822 926 109 93 
8
240 12 923 272 211 373 939 23 557 554 219 29 363 14 43 347 372 944 894 280 109 651 286 987 463 999 465 323 413 777 761 862 
9
747 699 578 708 133 396 994 56 938 999 19 51 334 186 260 857 904 461 669 21 813 784 593 638 272 411 462 966 384 51 696 101 540 206 722 568 
7
112 323 54 467 878 910 204 430 345 970 930 924 939 637 290 671 491 229 121 21 471 113 913 875 215 492 332 218 
6
500 692 919 314 412 341 310 861 631 238 269 653 732 452 874 712 39 87 617 390 548 298 117 278 
1
186 233 599 690 
9
855 71 808 532 617 82 804 670 628 994 53 424 161 573 98 867 117 764 940 589 430 549 305 160 431 191 882 752 299 610 953 651 300 431 462 53 
