82
1
455 402 664 794 
1
206 947 476 824 
1
471 648 317 259 
1
458 308 717 985 
1
218 442 184 919 
1
254 494 806 289 
1
70 166 249 118 
1
208 787 672 495 
1
704 460 170 487 
1
426 775 635 553 
3
289 5 499 796 70 2 852 499 431 503 608 571 
1
63 961 372 252 
3
324 737 133 593 909 962 764 968 160 689 369 641 
2
925 118 595 207 31 938 701 18 
3
377 976 256 770 622 3 332 665 303 468 34 834 
2
577 793 551 312 694 611 29 605 
2
82 342 847 667 710 947 36 552 
3
830 312 751 792 161 190 945 328 36 271 760 424 
1
384 899 874 42 
3
442 459 717 514 628 342 645 744 873 899 703 155 
4
321 816 251 177 148 67 854 840 923 160 638 44 908 884 328 322 
3
164 553 353 714 596 950 665 192 805 811 732 333 
2
986 941 135 412 861 12 869 558 
1
236 737 693 40 
2
569 153 611 287 356 33 773 318 
2
389 270 402 800 450 56 539 557 
6
8 272 600 33 581 398 965 673 22 285 540 617 772 6 433 340 206 875 336 953 869 91 672 46 
4
127 675 305 396 436 523 398 61 466 982 885 274 644 635 197 929 
6
368 537 680 206 698 102 91 472 239 82 336 572 260 270 624 570 892 257 588 404 742 340 809 670 
7
227 978 627 40 262 729 731 426 671 724 906 187 386 297 724 494 837 439 597 208 545 272 871 652 677 968 36 423 
7
767 706 368 860 799 94 896 83 341 799 649 827 277 349 302 569 75 791 267 307 908 738 89 108 205 699 532 672 
7
418 251 939 86 8 956 428 387 96 730 442 454 664 220 790 302 711 513 501 442 94 854 59 414 478 278 503 216 
5
729 41 743 193 553 635 845 489 807 82 798 393 457 542 857 887 123 311 596 151 
7
391 787 586 922 4 288 474 474 658 959 865 610 446 557 564 49 216 689 463 980 507 270 842 16 558 963 705 673 
1
97 254 14 802 
5
963 535 906 715 552 726 332 975 46 684 803 126 626 443 925 70 318 165 473 370 
6
202 514 235 35 494 97 376 381 557 38 16 443 969 672 917 715 130 134 779 85 540 447 364 935 
1
365 830 371 630 
7
129 591 744 604 911 477 636 785 8 773 512 897 834 560 215 989 946 119 241 186 533 205 182 250 229 899 851 207 
2
724 57 804 428 777 878 485 241 
3
398 321 452 803 274 943 623 85 568 145 35 223 
6
636 60 191 560 710 930 370 111 931 843 567 835 368 39 17 588 945 626 870 598 603 791 324 626 
9
735 725 707 607 858 834 972 689 139 305 562 658 96 36 423 646 873 210 275 654 229 163 347 621 644 787 989 798 433 597 587 508 291 751 728 261 
3
501 413 926 92 627 520 906 858 112 882 192 383 
4
660 102 300 950 965 853 564 581 757 240 761 605 742 583 51 761 
4
984 670 825 787 691 959 481 763 163 522 847 621 783 125 540 799 
3
993 210 927 829 313 88 42 258 14 255 571 153 
6
290 602 374 24 381 763 53 303 515 663 765 661 424 116 791 596 940 912 439 639 94 788 211 642 
7
919 973 264 840 824 260 26 989 426 988 138 866 564 187 770 231 897 214 850 431 561 97 944 91 918 87 238 313 
8
568 503 861 859 468 715 597 725 352 247 803 516 65 826 327 253 746 327 899 273 225 756 974 959 448 395 252 938 821 92 293 62 
9
726 80 586 374 352 568 703 665 961 524 612 787 144 567 179 283 53 359 469 494 234 914 178 891 669 904 886 268 819 821 838 830 224 620 13 705 
7
567 815 997 181 941 293 249 692 404 158 140 272 339 353 262 226 726 858 578 652 656 228 514 667 474 881 37 982 
11
711 395 518 909 957 758 788 409 917 416 953 606 128 350 103 303 414 591 506 709 449 274 321 349 762 420 877 103 650 620 269 469 852 751 38 155 531 491 763 162 710 301 326 703 
1
849 732 974 200 
8
514 597 126 889 209 411 745 771 235 288 144 827 24 658 275 1 301 788 295 177 247 229 149 782 820 709 411 194 417 800 364 4 
12
185 30 223 363 276 710 457 543 513 402 905 325 584 15 768 684 38 174 8 596 401 285 174 723 616 646 34 946 896 762 5 490 49 941 927 196 201 846 431 792 666 455 366 619 425 672 266 180 
1
653 194 187 632 
6
659 510 393 437 622 732 905 518 182 150 135 44 190 498 586 254 929 215 992 445 637 2 650 232 
2
748 252 432 439 18 926 500 627 
3
4 913 814 967 639 614 900 240 385 226 59 893 
13
766 505 990 604 217 535 767 412 4 425 886 836 959 485 258 141 90 287 674 586 598 559 954 860 596 741 605 280 215 814 482 884 20 192 84 268 420 420 215 900 162 332 173 512 691 25 894 484 445 397 447 405 
11
923 886 251 76 765 3 960 508 228 532 129 65 220 52 815 303 344 61 561 224 953 993 128 445 969 330 140 373 622 809 505 214 161 165 511 681 710 502 920 324 691 808 378 998 
8
643 209 332 602 568 976 783 113 272 623 156 266 115 355 865 976 578 190 860 928 765 441 270 80 890 889 989 550 657 726 198 311 
4
415 666 187 604 516 307 103 428 346 176 927 428 796 638 344 113 
7
729 302 908 539 401 568 261 118 89 179 992 735 962 984 270 452 709 463 7 456 924 11 710 701 932 494 595 812 
13
570 24 811 156 612 829 777 108 592 445 75 116 467 33 383 137 67 459 249 444 676 913 829 95 912 415 352 213 391 350 485 420 494 163 688 467 369 620 847 604 428 438 844 636 247 893 347 524 109 250 794 859 
8
983 923 302 945 60 18 529 719 836 215 101 995 29 550 815 822 690 528 623 691 716 624 42 845 942 755 5 364 584 104 224 294 
11
107 26 620 826 366 381 645 604 361 848 417 191 97 749 606 395 9 54 444 300 527 154 404 274 321 237 473 484 320 676 742 158 695 990 968 910 691 142 763 803 339 333 985 263 
12
98 490 972 96 104 461 725 657 764 172 340 667 448 972 216 569 422 934 208 766 11 741 79 954 342 794 68 636 923 159 904 606 460 608 43 833 786 713 833 621 715 716 94 639 790 16 234 939 
14
644 187 484 291 495 765 193 794 705 428 740 683 148 668 418 584 532 290 108 834 681 358 7 698 422 357 803 543 21 158 577 190 373 115 824 912 435 726 19 858 622 336 686 522 317 459 650 842 169 523 271 798 966 574 62 785 
15
229 994 418 724 472 895 673 203 781 647 308 891 943 229 421 261 373 336 579 231 596 35 561 973 454 17 538 273 954 724 33 521 549 413 340 906 250 435 98 169 3 511 318 54 115 974 156 186 459 715 32 258 477 752 989 366 719 131 752 248 
4
557 348 687 21 895 766 709 45 437 120 604 883 859 335 437 739 
9
608 522 284 40 579 554 615 161 850 444 166 366 263 546 882 970 142 234 756 91 461 969 189 878 313 459 394 449 748 746 320 941 99 667 548 546 
1
989 339 445 723 
4
905 363 681 400 461 961 336 178 452 27 705 96 971 493 622 639 
1
456 957 131 130 
16
701 704 968 497 811 36 743 502 716 804 771 870 954 892 790 209 305 955 25 868 633 95 551 649 20 293 331 596 767 562 466 116 568 893 604 207 727 680 169 847 62 840 795 917 156 706 450 84 968 625 452 258 962 411 878 513 689 910 53 852 646 468 559 768 
11
500 224 43 660 26 234 391 459 608 746 376 803 487 602 102 468 639 410 758 463 474 101 428 849 929 498 659 883 161 481 451 441 400 619 247 674 30 901 287 201 82 434 674 911 
4
16 681 690 477 142 795 702 340 172 695 981 521 837 266 582 218 
14
941 237 150 785 996 284 853 876 712 945 780 986 323 324 681 802 873 852 110 21 220 729 742 138 808 252 679 523 206 32 733 822 47 353 31 627 356 744 665 980 426 395 667 631 478 268 631 744 736 786 419 670 305 404 802 514 
13
790 626 766 936 576 647 724 222 897 959 341 45 467 976 240 375 78 241 521 941 862 207 44 939 592 194 997 151 555 926 235 389 619 519 16 174 32 142 707 123 364 811 83 450 251 157 661 131 710 400 462 351 
5
964 318 18 559 180 16 285 292 40 423 900 475 418 744 633 938 857 812 331 343 
