92
1
313 301 590 657 
1
859 552 234 922 
1
203 793 706 100 
1
871 82 176 843 
1
389 77 941 489 
1
8 84 798 135 
1
473 863 311 339 
1
353 803 518 625 
1
175 968 219 134 
2
434 978 25 649 379 86 57 387 
2
572 229 539 631 713 501 419 940 
2
388 613 853 747 344 223 130 685 
1
168 580 353 352 
1
529 839 991 919 
1
380 379 613 959 
4
773 178 46 276 972 463 280 445 135 620 850 221 886 942 907 129 
1
333 917 237 711 
2
926 256 638 587 223 136 57 888 
2
651 488 794 260 738 626 760 496 
3
928 175 296 363 826 973 883 808 457 795 477 754 
4
261 747 785 604 719 91 704 542 580 125 491 624 20 530 57 490 
2
295 883 89 381 739 543 822 857 
2
642 125 528 697 240 177 588 239 
5
918 433 414 310 997 484 701 908 257 48 228 636 936 495 767 28 677 283 422 81 
1
705 970 738 514 
1
167 612 217 62 
3
163 509 58 20 923 978 909 998 93 979 826 103 
3
678 296 196 908 62 916 367 508 256 409 479 105 
6
890 945 781 697 784 657 221 246 765 408 110 592 934 709 159 195 216 663 434 925 402 68 134 252 
1
928 887 48 876 
3
120 282 591 356 871 239 182 971 800 867 869 919 
1
162 615 496 948 
7
60 75 307 835 827 597 203 424 859 322 321 341 2 602 818 357 984 728 908 848 721 531 674 23 418 936 592 812 
1
842 262 68 983 
5
482 625 530 31 491 735 409 995 647 594 397 510 744 548 900 441 642 591 730 640 
6
134 809 870 470 53 443 596 653 824 931 549 118 691 424 665 778 204 271 807 482 392 793 216 390 
5
298 349 307 25 4 28 937 540 735 167 244 591 163 444 262 616 736 780 673 738 
7
912 651 262 664 583 434 443 353 380 688 144 120 168 222 29 619 944 584 602 537 770 726 783 793 892 678 215 360 
4
656 452 255 357 889 144 824 763 615 538 481 478 923 140 961 995 
3
562 572 24 287 803 122 332 449 435 577 802 338 
1
418 998 492 846 
2
422 742 563 909 583 92 741 634 
1
67 125 356 831 
9
443 114 336 357 724 705 941 52 373 217 575 654 452 948 499 889 899 948 368 773 169 203 596 619 653 784 11 375 995 327 744 448 529 638 580 624 
3
630 65 498 596 990 962 642 891 806 171 81 512 
8
301 193 174 263 280 455 332 565 436 426 107 832 99 152 571 290 584 673 139 943 294 946 198 467 745 302 922 196 310 109 753 879 
10
826 110 536 707 345 811 941 290 746 511 988 459 879 697 880 697 118 104 282 368 48 422 397 112 648 920 678 403 425 752 831 697 871 276 752 629 60 597 401 410 
10
653 342 485 233 311 854 272 135 888 696 423 835 539 733 765 388 513 322 443 968 868 984 70 368 179 262 13 544 292 346 319 380 885 211 753 625 338 749 128 389 
3
899 656 665 491 470 358 978 690 780 157 220 615 
5
108 316 620 431 532 318 561 230 307 28 744 564 127 567 823 741 890 732 620 175 
11
198 382 457 635 425 420 743 726 54 596 842 607 115 750 422 259 930 552 989 481 910 419 579 985 898 530 422 262 513 807 155 215 303 718 486 256 769 954 109 892 486 608 979 313 
3
317 697 617 491 543 870 399 673 733 644 198 491 
10
134 65 550 32 777 499 439 433 146 770 271 799 363 6 472 223 621 297 582 962 290 789 18 231 398 533 606 961 391 51 702 7 790 893 472 717 927 632 819 833 
2
442 581 203 42 314 648 64 524 
6
35 354 677 790 758 503 933 478 646 528 568 743 668 852 897 237 929 723 179 206 772 136 321 388 
7
62 364 726 787 350 577 640 594 378 639 741 454 656 263 392 720 789 726 93 529 118 96 37 252 685 26 182 612 
12
370 237 782 464 398 968 360 382 398 542 813 551 984 775 477 891 247 677 69 650 793 906 741 954 674 199 96 812 776 433 776 293 398 278 853 408 475 489 859 662 523 517 362 812 169 600 890 939 
2
479 689 291 337 878 560 7 872 
1
879 617 789 813 
7
148 111 525 893 958 314 728 417 238 170 840 531 839 885 411 481 906 700 502 455 383 90 477 117 836 558 902 401 
12
56 580 234 586 211 644 614 45 820 149 674 635 718 485 266 420 258 527 869 790 534 924 500 44 195 481 757 293 724 941 738 968 433 633 80 165 502 38 135 653 864 876 35 63 261 680 29 836 
5
378 735 807 363 34 607 224 879 87 934 624 736 454 753 997 479 365 839 902 637 
3
262 279 649 10 568 52 225 888 368 995 706 265 
5
622 508 917 415 390 341 990 564 998 128 689 5 876 963 187 218 480 893 78 457 
13
196 817 764 680 142 294 311 264 581 755 931 398 326 458 123 466 577 633 695 603 224 484 87 304 367 471 925 383 548 661 520 8 710 894 373 122 498 598 113 445 547 133 816 981 921 477 919 8 401 473 635 604 
12
147 769 250 25 234 464 847 870 500 556 850 420 96 453 639 747 423 568 376 82 459 801 914 350 527 248 24 855 772 658 580 535 164 696 515 245 170 849 363 46 808 573 413 508 639 636 320 739 
1
108 22 215 776 
13
286 296 77 173 519 591 344 516 61 836 492 227 174 189 225 74 880 388 442 2 432 715 306 122 65 100 560 348 61 558 274 571 261 703 642 494 971 848 311 655 573 781 944 98 513 909 194 105 243 583 121 12 
8
109 821 497 788 455 994 667 431 322 427 482 44 653 567 106 922 571 68 948 630 969 716 551 501 939 459 635 687 131 549 446 895 
14
527 347 679 177 15 680 643 977 642 966 296 267 698 427 665 344 288 244 341 589 323 862 953 470 335 366 416 423 168 113 445 81 143 131 864 167 732 567 206 570 719 369 381 514 696 403 163 504 524 736 515 862 443 47 271 893 
11
876 264 827 240 612 343 880 474 858 433 543 74 827 26 996 422 188 540 398 990 973 928 953 152 180 541 746 359 392 50 747 116 470 611 826 652 830 660 403 653 127 314 292 771 
4
18 272 701 114 394 892 929 917 12 689 715 478 808 422 662 783 
1
341 745 409 625 
15
624 456 691 453 382 309 504 799 949 783 11 430 944 531 258 753 313 563 161 780 476 703 418 184 674 262 728 138 148 731 120 565 828 252 327 939 638 902 532 167 44 450 589 646 771 355 67 88 678 140 327 965 585 75 390 912 300 390 9 680 
7
451 950 697 303 163 946 255 199 132 925 628 873 969 450 21 823 86 712 775 876 660 195 862 620 450 169 174 460 
12
785 323 292 293 358 537 991 597 855 775 383 856 293 89 224 861 855 905 933 835 90 932 943 771 311 84 538 28 626 850 9 434 296 232 834 282 22 947 230 428 185 285 315 510 680 658 889 727 
16
42 540 658 668 81 126 200 80 504 197 836 343 472 947 648 45 267 295 206 324 714 13 15 422 758 739 681 594 816 432 384 850 115 228 723 462 500 401 346 502 544 842 21 571 101 202 242 113 120 81 456 232 863 970 239 241 29 296 283 887 451 1 806 903 
4
164 523 356 930 615 399 694 419 854 167 136 275 101 646 525 236 
6
997 162 90 406 216 644 889 630 79 759 599 5 703 955 107 233 631 237 399 469 849 243 114 82 
16
538 468 590 41 97 19 857 319 433 909 522 735 810 518 601 220 604 892 260 314 480 520 576 590 738 249 322 523 694 105 823 345 918 942 190 350 49 236 11 793 221 429 488 511 368 12 410 386 753 144 389 866 184 129 839 146 45 182 796 572 185 242 245 725 
13
945 181 924 367 280 272 542 671 282 630 805 381 843 440 336 391 334 900 653 123 585 453 605 929 588 763 945 636 913 496 657 104 924 156 56 172 602 325 646 77 174 590 446 512 14 80 805 657 279 111 382 663 
14
448 115 120 413 250 894 131 656 828 29 465 405 230 887 879 785 669 47 932 679 336 265 658 920 692 94 158 458 814 870 828 261 219 949 172 201 100 727 216 864 711 607 133 27 724 932 640 889 12 364 860 250 565 250 400 741 
11
370 264 614 633 695 342 336 755 671 949 241 290 672 290 146 911 407 672 652 25 588 573 51 443 868 778 71 141 874 158 99 643 160 922 889 23 313 876 205 612 513 764 667 676 
7
994 144 656 147 341 92 409 423 25 326 771 545 577 242 825 655 270 581 253 475 316 361 939 538 490 695 304 413 
17
684 541 144 400 419 650 694 541 108 381 777 850 629 940 819 929 841 29 15 124 902 954 759 760 679 257 592 461 742 933 674 445 725 118 981 965 884 867 532 319 407 171 935 402 221 711 266 985 205 133 205 251 353 179 207 816 390 803 969 563 964 777 988 806 53 704 283 42 
1
691 729 808 162 
11
394 254 956 114 498 512 596 124 100 297 613 789 414 456 872 810 381 782 593 308 540 470 953 847 312 580 533 649 177 760 166 684 521 311 317 874 80 267 239 837 657 594 942 436 
11
595 504 34 961 388 477 619 169 470 816 430 407 224 428 659 891 102 957 758 119 523 676 520 380 718 582 171 636 238 370 521 253 435 150 31 927 366 243 762 571 31 983 348 240 
8
624 322 92 455 408 151 896 226 509 975 904 217 696 46 856 387 980 444 973 780 515 771 10 858 168 280 617 525 683 937 208 234 
14
875 269 307 378 101 739 820 319 71 937 252 172 88 450 52 176 24 492 4 664 431 837 419 681 553 846 202 594 279 706 836 870 119 922 454 810 325 643 225 787 824 53 394 624 867 907 434 360 292 424 142 116 917 112 124 748 
5
893 950 804 774 503 523 427 358 618 647 156 896 338 728 467 598 862 200 608 101 
19
470 893 186 989 637 981 285 59 471 539 71 869 145 782 543 306 74 762 289 908 777 835 12 739 711 469 106 44 393 874 194 84 73 191 860 75 434 652 537 612 70 431 496 850 751 103 42 963 350 522 642 484 865 121 636 759 647 333 667 164 347 78 803 650 908 693 979 357 126 597 547 685 902 915 833 550 
