9557 694
6328 1565
6066 9014
7187 4417
2844 8533
1654 2927
7654 2593
4179 7598
562 3088
2492 9177
2588 1187
8776 3324
4462 624
7643 6395
5979 4255
8178 7691
3992 6753
5808 2888
4714 5672
2320 9123
5349 2956
5669 7801
4729 6165
1447 5494
8082 8492
8112 5326
2457 5925
8143 4308
1375 1908
4783 4983
4177 6918
8623 6435
7454 8770
9055 3053
577 3454
4937 7586
7356 8143
8217 6679
2180 1546
9514 6077
7863 5232
461 1145
6289 1060
6365 6969
2863 7893
2302 2116
1117 8205
350 5416
4282 8538
9292 5838
3561 4512
1042 7756
6368 794
8841 5316
3420 1997
8335 1228
3658 2407
6622 290
1183 6947
4473 31
4778 4982
6883 2891
6197 8782
5867 7076
4715 2115
845 5506
7090 4886
2928 8363
1221 1649
7711 6784
3799 3354
8262 2592
7347 6693
4063 6600
2514 2730
2204 722
8199 5669
1427 3978
8291 3785
3618 3862
187 7267
8037 4012
2277 3994
3124 6869
3029 6079
8827 756
549 528
3509 3513
9294 2948
6233 8505
2662 111
4521 8253
8425 4318
4184 115
2221 3084
544 7404
704 1277
9458 5706
6495 2480
5999 997
2950 2523
2574 9251
7115 6145
6129 8490
1920 5183
2564 2705
7167 8314
7132 3782
3421 7182
8472 9187
2640 3320
9395 4366
2445 3211
9334 116
6690 4595
6903 4206
5650 2206
217 5805
7100 449
5761 3349
3366 6274
1582 7085
1761 9229
786 6959
6188 121
8351 2140
4039 5502
3343 5538
528 122
8820 1130
124 2505
1724 3657
4879 7243
9023 2767
7189 6618
8717 8484
2120 2174
7982 6319
4241 4355
1693 7316
7904 5145
5350 7141
419 5613
1750 6740
7517 7866
5115 4907
3758 2455
8222 2027
4013 882
2903 3889
9161 96
7793 6014
7197 9337
6168 590
8380 45
6724 5821
6511 7145
7437 8056
8176 7342
6897 4102
2654 5008
2943 7869
1126 7427
8134 2316
3230 6453
8790 5406
1195 7901
1282 8801
7789 5342
1875 1153
5775 9422
8426 5142
2698 9044
8526 700
9504 317
1378 1670
5820 878
6759 7824
1778 6464
7195 8054
8096 2275
3217 8071
6739 1376
512 9553
1106 9067
8670 2185
9132 802
3312 561
5583 1079
3802 2091
6144 2131
7046 1371
2970 1576
2234 1898
2342 3469
2740 2095
2238 7624
8148 7659
6569 5683
7004 1487
5136 3854
6809 8007
5175 7858
8521 3595
3067 773
4226 4475
174 3374
2198 5215
210 857
3808 5445
3558 5139
1636 1771
1962 430
3145 1419
1440 1382
9314 2289
4527 1964
9494 3531
1061 3533
7448 2178
6873 6386
7701 2497
6069 4407
7805 5862
3224 7294
3775 290
2034 2819
8149 7899
6810 4691
1355 1363
6928 3334
4921 1792
672 428
2284 7830
6809 259
6825 707
1133 8127
5751 4704
4524 9551
1329 2631
7791 5661
4154 6048
5464 6344
4858 3462
7715 1667
440 2121
7487 4365
3110 6222
9411 1769
5357 2558
2841 405
3238 9529
6885 3066
5205 4531
3694 1256
7656 2030
2915 4609
8320 2830
7864 476
1133 1890
8547 2315
8135 3084
7799 3358
3549 902
9346 8373
2118 4514
5455 3831
7927 7809
6066 2705
9399 8880
7154 1212
4097 4403
9484 8868
9490 2584
5480 2015
6182 6564
1011 621
8015 2076
6456 9088
6943 282
3582 1352
1639 9420
275 1753
6293 3354
5992 6392
11 2198
7840 1793
1441 5910
4084 8762
2918 5257
931 1378
4016 2461
6931 8435
3829 7169
2907 1324
3640 4700
6090 7906
2578 3309
5511 54
5697 4204
7547 3205
8620 3517
4885 6493
3930 6251
3830 1713
2486 1624
4261 7634
2534 352
209 3097
4715 7941
7472 4356
6808 4496
7796 6
2058 6119
6241 8169
3719 7966
9347 3901
4186 5144
8418 1481
3668 3668
708 3947
3092 7743
1287 6300
271 2041
9450 8623
4078 9013
3538 464
6460 2419
3679 3289
9185 5537
5958 5659
5859 1936
5670 2307
8439 4843
908 5218
3647 5354
7195 979
4892 3407
6495 298
4398 3325
5369 1528
1515 8666
4948 8440
112 8939
8426 524
1638 4353
6454 8586
4684 7417
2100 651
3463 586
4792 5863
7339 508
1159 6443
7057 4447
1395 7523
552 6248
4022 3267
5627 7371
2506 4336
8971 8316
4127 4886
5903 322
2306 6221
1463 5572
3457 8886
3833 7071
7376 9130
7941 2148
529 4902
9306 8175
7988 5871
4023 5584
1439 6082
6177 8131
6727 3889
908 7227
5456 794
7817 1791
7868 2307
1316 9200
1000 2410
3403 502
8893 3774
5203 1349
4970 2161
3054 3559
5659 5096
7022 9158
3835 6647
7806 7332
7248 8576
1983 8460
4940 2017
8900 2533
372 2998
4029 5620
7587 7275
7353 7330
5469 3011
1308 2865
9144 5432
912 3439
5699 1805
6951 5311
1924 8279
6739 3241
5649 4617
409 846
4976 8718
1282 7655
8937 2967
5240 1095
8936 2785
4576 6811
1451 3199
2078 6623
110 590
2512 1102
3880 3166
5332 1812
9451 2403
6641 6976
7299 6300
7879 4084
7541 2577
6336 878
1383 2627
727 8206
2868 5953
2827 8233
8148 4738
6121 2164
1245 3550
7481 6633
7676 176
1369 125
6798 6384
119 3692
6357 8022
5467 3757
1451 4609
1572 1447
2430 4707
2666 1783
2806 8088
7547 5905
6088 3928
7604 4639
7570 7189
2890 1707
2730 7155
180 3442
581 8840
1654 4397
2581 4604
5806 2919
2805 3451
137 6827
4119 4608
6021 5066
2898 1647
3846 1260
6464 6799
6999 412
478 2019
3233 2158
5676 5848
9118 483
3305 2032
706 7278
3040 2943
1160 417
741 3660
6768 8916
1915 164
4057 7280
4552 6291
6695 6934
8076 5113
7214 7168
6463 1590
2769 434
7439 2092
1657 1507
1068 5455
2838 6573
1422 2366
5507 2225
7720 2146
9148 4063
1081 1373
2419 5131
6727 3917
5940 7740
729 7785
8141 9556
7631 793
2123 2922
268 7852
4247 8770
8833 3842
8976 4219
543 6118
8139 4861
2504 4107
6787 2077
3179 2276
7874 6812
6616 9017
1920 7333
7721 532
9217 135
2646 2969
3340 6238
2241 4743
890 2472
8590 2199
9115 7754
318 7710
4822 8911
7583 4316
2481 9247
1989 6905
258 8726
4806 7953
1519 4152
5081 8812
3102 1029
6061 1803
3592 1527
5448 511
7418 118
6164 6972
5881 7759
769 9046
8166 5040
713 9446
9545 6695
8808 5690
7422 6458
7697 4857
5949 1256
7056 2032
5901 5574
1270 3388
9428 8252
8708 589
2085 1567
1095 3129
7772 5540
6778 6446
1328 7446
2725 8942
6840 3990
5695 3797
6683 958
2940 2209
1114 5654
7661 8533
4786 8822
1721 6619
7084 3239
3015 6875
2342 2414
903 636
9059 4725
5704 206
8263 7404
2978 326
5985 5931
8182 707
7115 1140
9538 3048
2300 8410
8000 3877
1214 8385
5101 3333
8792 6532
6456 9021
9468 7775
6509 7271
9097 8914
237 4269
2231 3785
1157 5866
3370 8792
5575 1166
2166 4296
5895 5772
1477 6412
9140 5058
1000 2583
2568 8491
275 2977
7073 3648
2807 7526
3430 4943
6407 7489
5414 9053
6606 9328
3023 5699
8037 9154
4840 8447
5429 8234
6339 4432
426 1938
5748 5711
509 385
3574 1415
6828 9129
7005 6618
1726 5707
3117 7573
1781 6114
1806 9537
2623 8545
8430 8972
3196 5439
9143 7635
2630 5642
6120 2015
2215 1483
1716 7668
5207 1593
3950 689
711 2549
992 7737
7614 9475
8276 4506
4814 7274
7671 378
9332 5616
9158 4024
3999 5149
6117 1302
5834 6096
1441 4954
2323 2185
1459 2452
1093 7077
7353 2147
1487 3178
3116 2858
4914 6786
7042 5609
4340 7543
316 8548
8575 7117
3630 4678
6730 1704
90 4808
8852 7719
7213 8715
3181 2966
8713 9539
7283 2051
1735 2538
1992 2224
5287 1889
216 2974
5556 2690
1892 2677
4367 7358
420 6844
1218 5302
2572 2284
2862 1335
4403 6817
6492 1739
1616 6954
6573 6629
3708 6214
9521 6883
601 3592
38 8210
9292 2533
7393 7169
7791 7452
1420 3584
1356 9168
9031 1063
1767 3253
8794 4732
3199 8009
1942 203
2601 6355
6314 3411
1774 7145
8550 6866
755 3707
9164 196
6049 705
2709 4876
4385 1260
1895 7463
