8517 857
7809 4788
910 8186
2379 667
7580 3809
1271 7283
1324 74
980 3527
3109 1176
4015 2350
6380 5022
940 261
890 2106
3316 2836
8512 2235
1908 1844
4675 152
1650 3706
7095 6829
7094 5565
6738 7441
5124 1573
433 4096
4291 4007
8308 1060
8348 7589
966 6339
5761 565
1431 6389
8079 3521
682 2051
599 6100
1213 5593
1985 6634
307 6274
2797 6757
3414 7941
7135 5801
4005 5837
135 5197
1592 123
7484 6922
8504 6469
8443 3432
7439 6446
6041 3693
4987 1552
3773 391
5416 6065
3671 7577
1796 1112
4494 573
5727 800
743 6129
4872 7156
30 1160
2127 8271
345 4202
5707 5770
4701 474
460 3935
405 7683
4165 7979
564 7761
1288 5985
525 7329
4322 8004
500 461
4275 4018
140 5858
2721 3544
8225 8140
6546 4167
8370 5994
5009 3571
7047 7966
5519 4150
390 4174
8412 6015
3989 8100
6751 944
3665 1993
6888 4909
1452 5903
5889 1900
2057 4340
1543 595
3458 1379
1584 1043
1796 4713
2226 7571
4580 6345
7876 4569
4999 3720
4146 1340
1566 6336
6873 7249
7038 2771
208 1903
4846 2234
8277 683
6599 1006
5612 5672
1716 914
5056 2112
1236 2696
5891 4030
250 1949
1528 4164
4867 3923
6852 2619
3174 5029
368 4897
7271 856
2184 2392
5689 3979
4780 7118
1716 5192
7351 2970
7073 1550
1481 710
5344 4784
3530 490
3119 7231
6228 4889
2158 4061
2581 2060
4591 2322
8263 839
5437 6474
1345 6943
2540 536
2584 1129
7868 2365
4041 1973
6250 2358
1561 7569
7104 4473
6410 7202
7767 6030
4252 8455
8012 353
2443 5638
3627 2103
1130 983
1935 6586
7323 6719
7125 8383
4940 2210
8474 5730
8424 1588
1565 5466
5223 5743
7524 575
1721 4038
4077 1968
4720 1140
5167 8366
6624 5956
3529 1098
2487 4408
6023 3020
4123 729
938 1655
3140 3183
6365 3107
7875 5880
7554 2963
6636 45
1042 1799
7039 1986
8400 656
1357 2783
1282 2747
6519 7363
6877 1236
1050 7690
4767 767
5320 259
1176 3921
4282 6033
7259 116
7619 6216
7504 7249
1805 1
6792 1986
8265 4633
1219 7568
8365 6843
7765 3723
8111 7340
1731 1032
1619 7503
2467 8356
1280 5009
3932 2306
3388 5127
7916 3684
2170 452
2473 7107
3611 3013
6888 4581
8010 3781
7811 3266
3817 6695
3183 5911
8427 4922
2420 7176
5605 445
3808 7338
1277 8125
3875 4262
3203 8373
3809 6564
4808 5251
7846 5531
883 248
2541 610
7455 393
5615 7122
1104 1382
2901 6481
4071 8331
1525 1953
8037 1287
6637 2461
5023 174
1429 6975
3739 2545
5478 1969
6726 5357
6513 6586
3975 6843
4645 6134
5860 1396
662 4942
7581 2589
5880 1261
6952 1000
3357 1010
6053 6684
3544 6325
162 1087
330 211
8494 259
6665 6838
902 8501
635 3990
8141 7331
6413 6561
5767 7732
8316 7776
3106 2969
7739 2787
1572 3262
2342 1140
7702 5068
2845 7671
5556 2693
8083 999
7688 2096
7707 4338
6780 5337
5453 5624
2942 343
1192 4384
6761 744
8375 1719
4802 4036
8176 3834
8236 100
7316 6014
3124 1352
3192 1638
8502 1778
4407 4379
4126 6994
113 6491
3968 4425
2822 3948
6646 4677
5739 7993
7502 7104
3513 7893
2131 8118
7271 6260
7300 7147
5646 4715
4919 1330
7366 5923
1066 3481
2331 128
3931 8465
1015 4090
3990 7721
280 5213
715 2148
2963 1428
797 5730
308 2441
5569 2372
8226 567
2107 6316
2113 5582
2596 4740
6947 2925
6447 1626
7998 6183
7126 901
3224 77
2488 7056
7201 1980
629 6872
7301 2534
1634 4019
2569 4711
3536 1816
1144 667
4242 561
3501 1622
2043 2020
7892 6202
7595 2223
7845 7173
3356 503
4166 1362
4225 5083
4635 4319
8513 6333
3836 2708
4132 6252
397 3458
140 8376
7607 6643
5600 3238
3016 4113
337 3515
5824 8500
985 6135
724 7607
5275 5677
1764 7615
2316 2795
5525 3982
1280 2191
6252 6730
2869 4759
7403 6497
5337 6187
5511 1959
230 5167
3197 1552
5732 8081
8210 1972
2425 2778
6666 7718
4200 3127
3282 5083
8480 7318
4935 5458
3855 7631
2852 753
833 3916
1774 944
3993 4491
974 6876
4079 903
4529 914
4868 6013
3808 26
4404 6329
7611 4458
3930 4861
5351 7205
4388 6322
8045 3673
3412 8390
748 7877
7931 44
5651 5117
1740 7939
2271 2404
4430 6932
7182 1869
7208 4664
8172 997
5630 3611
5287 2312
6356 1715
5874 8247
4287 5827
2851 7130
7211 2574
962 240
5750 7925
1613 2550
660 1589
7091 4979
244 2644
4 6777
1497 727
3632 2854
5994 3626
1422 7148
5134 3630
3559 3722
1790 1320
5768 4962
7851 5461
1089 1687
4700 193
5893 4308
2338 6122
2086 1149
174 5816
6634 755
4032 5757
1718 8206
3064 4251
5146 539
3532 1325
1634 5484
553 7641
906 1942
4117 6424
6682 6138
2847 6564
5489 5557
2619 6578
6967 5287
1647 3214
7434 7626
5723 7322
189 2756
6609 8301
3202 3517
1875 4843
4500 3205
1338 7997
3197 8463
8109 5841
5355 1097
1750 6100
984 3676
4189 3025
4723 355
1663 652
4373 4204
4469 16
1766 3240
2467 7585
6618 4069
3673 6618
4649 1823
8114 6523
3715 6576
7659 926
7163 7185
1000 763
7252 2513
6937 3923
5831 4368
2287 4928
7013 1659
4394 8483
5036 7809
4621 1054
1919 1018
6897 7655
5656 3284
4201 6518
4779 6134
3440 772
7408 4103
3334 5481
174 7196
6798 3973
8388 6404
2628 1013
2932 3837
5376 6156
3733 1833
6584 7412
506 611
4651 5887
6009 7046
6711 5313
8418 3169
6176 2831
129 2747
5456 4546
2445 6806
1948 2287
1721 6675
8111 4590
657 2887
424 7333
7034 2163
4940 5997
4380 4906
7703 922
7680 5304
488 1862
1981 73
6423 4038
2533 3463
1388 5999
180 5112
4233 3313
6594 2043
1606 1561
7432 3569
5345 3407
2792 4577
3837 389
2627 6625
1471 6750
7674 6245
5549 2462
2208 5594
1084 6240
3792 290
7464 7128
3362 5315
1414 6832
7211 5673
1829 4123
4911 6549
866 2221
1535 2774
2048 6928
746 4333
2642 6761
3134 3437
167 7258
4255 5539
4712 1835
4345 6911
3125 6995
3306 7223
7085 5483
5432 1960
5726 1461
4413 2470
4827 7886
2065 3784
6658 752
3104 344
8023 4331
895 6411
2369 7367
3160 7763
6283 7273
4550 3846
813 6070
5997 7332
1778 3014
7332 4972
2975 8371
1820 1419
4255 6213
2218 6356
7788 6597
6198 5817
5738 376
4253 2510
3028 2041
4866 7406
5943 5153
4646 8314
7183 2277
859 2705
3329 5373
517 4592
3763 2240
8148 6457
1144 7026
4591 4966
7777 6799
1531 2123
1925 2782
6358 4515
1231 7518
6456 7950
7013 911
7682 2055
3786 6189
3125 6539
6206 4715
7808 3157
5192 2722
1048 2692
2181 2117
8058 5686
6873 3286
4871 6217
5412 3159
7826 8026
3752 2569
4464 7613
438 65
331 6114
236 6280
4992 2133
5098 1815
2213 550
1398 6771
1011 8041
934 8396
6398 7341
3760 5153
7450 3090
6222 2765
8059 1310
3778 7631
7156 4445
2038 8404
8430 424
7485 5379
1268 2064
3231 10
6695 7025
6964 4905
2549 4575
4779 4540
4499 5227
427 3160
4696 468
1172 5776
2132 1762
972 8295
3304 8510
8385 4807
5865 6540
4188 5142
366 8088
633 6872
7148 111
6284 915
5366 4097
8104 1199
1962 2120
1340 1256
6316 5015
2127 3964
6150 4833
3310 2335
6450 3193
3720 8085
7882 3161
5124 358
6679 6697
772 7476
7620 2034
226 7541
8093 7314
2100 1235
2968 4534
1883 1846
3081 5613
5580 3082
5934 3910
98 234
7208 3728
7653 4443
1973 893
6806 5304
5192 3441
6520 2069
4255 7573
7122 8414
5417 6825
3196 5618
8501 5955
7906 5789
1798 3742
6759 7629
5174 2172
6577 3185
3674 284
1820 3590
3164 6653
4819 36
1423 2251
1103 2112
4046 2156
255 2013
6950 529
3702 3738
6760 4167
8012 5257
2861 3213
4262 89
4846 4588
6828 119
7717 6414
2134 1964
7893 408
242 7842
133 4860
8320 7662
2728 1719
6012 178
6827 664
3643 2368
5262 1135
8505 2273
5246 5161
8360 6381
2600 533
5309 376
2876 8137
5010 5716
2701 347
1639 2153
4752 5008
5965 2267
6349 8019
7640 955
8074 4483
7327 3503
1185 3213
5434 2689
5969 4072
2389 3748
1193 4894
3396 6114
4130 6593
7883 7137
725 1691
250 2235
1642 5452
5777 7195
4 6943
6649 4985
8287 4950
7258 3183
2196 8296
4219 3473
4849 1123
5216 1016
8496 239
8127 7539
2800 1262
5333 394
6006 2187
7567 1731
3845 5668
241 6266
2392 8263
4500 7443
7322 7993
3442 3028
1401 2805
6939 4541
3034 1130
1569 7995
557 756
3659 5893
7374 3307
7592 7810
4400 4263
1378 4967
8057 6354
6498 7571
2323 4616
4100 4979
2349 6724
2259 1772
6342 5377
7855 459
7511 4230
7955 3581
123 2607
2537 8422
1241 7096
2579 4314
1093 3426
8032 6367
5766 7180
6864 8030
8256 8002
6485 7537
7435 8088
7942 5080
8300 3790
8150 380
8013 6164
7140 4501
4021 6028
2556 6112
4408 95
4860 6576
4836 7520
2713 6229
805 8262
6718 1042
7262 4145
7167 5296
6400 697
6909 3998
5185 1856
7090 7936
968 5649
3943 5170
1493 2954
3974 1695
2699 2000
3134 1856
5840 6404
1108 1725
8498 7946
2234 2386
5107 5220
8500 2443
7391 2684
1065 1728
7546 1167
7735 3758
531 8190
1305 5806
6484 361
1365 7304
2035 166
1510 2490
2649 1153
6818 764
7848 5731
2038 3847
579 8463
5761 7948
1171 5597
2178 7135
1552 7622
6590 8488
5198 5607
6342 2973
1784 4768
3040 5373
8021 6321
855 499
6922 3958
2079 2421
3509 579
246 3139
2638 1446
5473 1154
6725 3672
7873 4144
8075 1939
804 6737
6465 7357
5116 6846
6712 4032
2151 980
4090 6421
6041 950
8002 4207
