10014 959
9224 3213
1774 926
9380 1009
8044 3381
6918 2099
620 5223
5090 3024
5500 2226
478 710
2959 2700
6137 8211
6188 4812
5414 7812
5492 3918
5409 9732
2964 4614
8447 6039
5644 9839
1168 5459
5107 7066
4440 8111
4496 122
185 7560
5494 1796
1172 2517
4404 2204
7305 5665
8099 7693
9137 6447
6138 7400
7571 1325
9780 8935
6351 8629
9875 4617
5814 8206
5233 7994
8020 930
3023 7203
1575 6860
5821 4431
3161 872
5693 3568
7285 525
3917 7920
3231 7250
746 1379
515 9333
6912 3371
2376 5971
1053 249
1861 1987
2169 2321
9716 6044
4988 2616
2923 6821
7589 5763
6739 8414
7159 465
7570 6250
526 3732
6905 2570
6101 8760
1133 7969
6100 7547
9763 8938
249 4881
5465 597
1329 8616
4640 5901
6950 7133
2232 8905
6672 615
4707 167
1398 131
7768 6766
2325 7802
2982 1193
7625 8273
2516 2234
8470 9043
4909 8614
8310 917
2301 2603
7249 4127
9502 1218
8381 169
4836 862
1958 2457
6297 5731
1530 8476
9375 2531
2263 8941
8462 6032
7676 2
2069 5113
2390 2368
2747 1463
4509 6085
466 4260
5940 7325
6271 9572
5171 3420
3839 1561
2954 8264
2285 8236
5536 4017
5902 6951
7886 2427
3612 7484
7562 1357
353 3683
5738 7023
1006 5447
8446 8137
9921 8281
4257 9627
8643 6343
1316 4518
5632 7900
3351 672
1741 3709
4376 9314
8310 6130
4874 4157
5022 8026
7650 1592
7117 2629
3420 1789
1479 2647
2907 8798
8919 5857
6498 3899
757 2558
9617 9608
8058 7619
9221 1020
2972 3578
62 8768
6283 5728
4196 896
6194 4122
8961 5933
2414 8602
3060 7090
9416 1631
8355 9504
6936 9670
8214 9309
3867 9661
9733 1293
95 4494
5980 318
1203 1065
6427 37
567 9536
2569 417
8816 3817
3595 9255
4384 3923
5965 2336
8662 4102
6033 8087
2714 7276
278 2269
2625 9511
9928 5758
6071 8848
58 9491
5545 9747
2490 2542
2725 9785
5682 7793
8793 4494
1345 7909
7516 9724
6551 8060
7266 3095
2198 2234
3905 5176
3555 5038
4956 9359
6637 8649
4669 8962
7032 4150
6385 5700
2200 4633
1200 6672
3806 8007
8658 5516
4046 819
6565 836
7344 8479
5432 7142
9789 5956
4554 190
2459 6543
3789 6372
3355 5282
7066 2837
936 2258
9649 3783
975 2313
845 9470
3585 6718
4244 374
6716 7902
3672 2186
1843 6548
1956 8125
1634 1057
6064 9694
1364 9446
7154 1172
9114 6845
157 6773
990 4232
2012 10005
6755 408
6678 2496
6221 372
1186 794
7342 5865
3816 3286
6436 9075
9576 4935
7023 3677
1853 9547
5331 6564
2275 6090
3060 2695
2567 3738
1242 2287
9357 4857
5984 3947
2847 8416
3002 7225
5926 4637
2949 9281
5400 6556
5836 6765
6146 4081
5466 4453
9116 4158
3817 2865
8502 6597
5897 1794
6615 7294
1620 2963
1581 4378
1630 330
3344 9464
6468 731
3594 1111
3666 5859
1490 5761
3777 9432
1742 8395
6368 5102
1729 2886
4174 5511
5405 8174
4566 1365
1412 3161
2682 1418
8256 7882
7626 2259
5290 1814
1883 7861
2454 1192
5503 1022
7331 1912
3505 8899
7587 5552
9662 7161
4038 3328
421 9445
7188 9778
5472 4783
3647 2376
5594 8901
8317 4380
5826 6032
6460 8116
6111 7163
7545 3442
3188 6876
9075 4375
8095 7750
8949 7982
9849 2462
1936 8321
2584 9738
5088 6348
361 771
2308 8148
6090 9551
2478 1060
3350 680
8860 3479
9607 5014
4475 3684
3816 4062
9851 6634
9642 5924
8978 7422
6637 6235
2642 70
3027 5992
6341 6919
6629 43
3987 1064
675 5519
481 8854
185 317
1655 4750
8542 1936
2560 159
6995 9841
1238 375
6182 5909
1072 6382
4828 4763
5918 2927
4287 3511
2742 1913
8208 306
5953 10004
7935 8484
2630 915
1251 5495
2755 3605
1678 9828
6839 46
6816 1298
9856 7296
9969 8148
2261 8028
4323 5392
8326 9159
2235 3605
5185 1679
5989 9518
5902 4838
1726 5545
809 7734
5391 1590
9951 9500
7788 950
342 9872
9741 3972
2745 7095
9291 3055
7714 5930
4239 4419
9432 7126
5482 9985
9122 9887
7176 4069
4402 6313
9522 6276
9564 9269
3881 3543
7437 3583
233 647
9206 1630
2838 9989
7400 8519
2280 7711
5073 9210
8842 8425
1988 7348
9154 4498
8222 7393
3970 2168
3208 6924
1042 1945
6133 1229
8231 368
284 6402
368 5891
8526 1558
3394 6940
5423 1432
2961 7347
5221 7458
3078 1082
874 2208
7548 1043
5345 5581
2734 3982
3163 6014
1569 2467
966 3580
1882 4379
5914 7756
9326 2729
7768 8555
3659 8179
6631 6563
7260 421
7371 1099
6845 7613
6735 3758
350 3033
3931 8490
8689 5125
2901 9194
4381 2687
8884 5915
141 5836
1254 8311
5515 2685
4411 6449
1621 1840
4617 9805
8500 9426
5930 6448
9054 7728
6 7361
7984 6355
7814 8005
6312 1452
938 8862
7041 9496
3274 6615
4119 1932
4820 6157
4099 3785
6819 1255
1479 57
5055 7176
4488 3746
8334 9588
6614 3664
9772 9453
1406 3556
8821 9086
4423 4985
6579 1509
8966 98
5617 9444
5610 7551
6778 4477
6640 2943
1701 7831
7502 5762
9907 5701
212 5521
353 8687
4800 2168
7539 2478
8869 710
2276 230
4219 8646
9803 6210
6839 1771
7608 2555
2367 1867
7876 7705
2508 8974
4888 2347
9146 241
896 1334
1233 1622
8629 9393
5012 9089
7305 4913
841 564
8393 9753
7217 6018
6892 610
5765 7256
5402 5917
3244 2406
283 8798
5687 7850
341 2028
521 7355
5193 7194
1878 8116
9245 5874
862 9389
9673 4319
8011 3096
3246 377
4557 9042
381 7253
8860 5750
6079 4231
5093 7487
213 6532
1657 2569
3157 9632
3413 6616
1010 3305
7944 4779
1690 3533
1496 5087
854 9343
2321 6011
1054 1134
3286 594
3362 7911
51 8947
305 8288
6399 7713
7330 2326
2771 9875
3897 3026
5859 9731
3440 9281
7306 1489
5083 2495
7992 9023
2493 458
6257 71
2635 9749
3875 8129
589 4518
7340 9485
2423 1191
1766 1790
1541 9408
6997 4228
4287 8327
2229 4435
4046 4193
4525 2202
4044 4676
4015 3261
4603 2832
1378 7368
4867 3026
3301 1856
74 6635
6939 2907
8766 2346
216 1472
7818 9059
5572 4690
3549 2076
9590 8365
1612 6973
4757 145
3458 9112
5970 2779
6166 3272
7156 373
5013 869
3079 4801
8731 759
9704 7273
3297 2574
6818 4058
3255 8867
8839 4405
8166 6442
4407 7129
5647 4678
335 3907
1707 8583
1480 9138
5573 6548
8367 6542
7135 4088
7554 5956
8173 7110
6648 1638
6842 6737
3819 638
8443 8975
9630 1053
1032 6130
8622 5281
8026 8147
1658 5607
9386 3582
2675 6117
5411 8071
5977 6127
7333 380
7978 878
1181 4128
539 8466
1443 3786
3335 3765
4210 131
619 5035
874 4585
341 8446
4710 9070
6570 5356
1859 8614
4539 2363
5220 5279
7443 1918
992 6332
1122 9908
5424 8157
2703 8201
8285 66
4974 3358
8217 6021
1546 8424
7532 4505
3086 3480
2211 2982
3454 3128
2206 8790
9409 3375
5413 1985
9428 7043
3412 6338
9060 7870
1200 7504
2543 9532
6665 8219
2025 9061
6964 8602
7182 5678
5976 4649
8639 4965
8897 8447
4091 3299
6689 7075
3150 9940
2274 4015
6790 322
2014 7636
3591 7393
3961 146
1659 6608
2806 1793
3159 2056
1597 4784
177 7660
537 6732
1537 8075
2690 9536
8716 8398
1244 9413
3812 4788
9126 1007
1689 2957
2652 8214
25 7160
2963 3318
5325 2982
5586 2916
9184 4021
5132 8174
3351 5017
5041 5175
5880 2556
2149 8381
4839 6801
9282 5283
3781 6403
1378 2169
839 4636
9539 9801
5525 3386
5940 4573
8002 7303
5220 3356
3286 844
7923 8889
6727 8038
1148 4929
4413 7842
6170 2736
2693 8659
7810 7608
8389 4022
8549 8130
525 5909
9010 8315
3211 755
6604 1513
6705 1017
4502 2825
4112 850
5695 9678
5806 7471
1110 4675
10013 2727
7687 6950
5907 4311
7131 9899
912 1065
4900 6840
7192 9358
4045 7067
1652 7657
6614 1807
7719 8923
4997 6589
3939 2762
5648 3418
3477 1127
8726 5424
8600 258
52 7089
1959 6605
8558 5615
9147 3501
1631 1629
876 3750
7202 6797
3472 2523
4928 4317
1732 2794
8582 4259
5860 2586
630 6674
555 8542
6716 8811
9829 6397
9468 6582
2866 8205
9914 2513
5628 8111
4839 1839
3558 8739
6461 8490
6102 4781
9719 8564
7320 7541
871 6758
6976 5593
3509 6844
3993 791
284 393
2111 4602
5684 4838
8876 6009
2844 2360
3980 6597
6055 9427
1469 3684
34 5468
816 6874
8266 5181
4572 5997
9421 7700
5861 6936
1682 3491
3626 1890
1386 9492
915 7230
6839 8628
8471 5117
114 1585
9964 301
1028 1116
9290 6795
1435 506
3012 3359
907 6803
3592 3840
3630 5990
7610 8703
765 2709
2098 5299
5974 3277
9920 9869
544 4059
1964 1218
6581 3115
7071 5874
538 888
9107 2237
6516 1916
1536 10013
153 9019
4303 5929
7381 5212
5592 9337
3720 2959
4826 1225
2011 4298
7539 6799
5784 5954
3945 7013
8803 4442
7727 3302
1442 1192
4441 7241
5433 1423
4033 1088
5658 4710
4314 7723
6384 8155
7962 8621
1159 8814
5516 3296
9201 996
7964 9823
2170 9443
9820 6699
172 2431
4280 7801
8158 564
3383 239
9398 1302
485 3477
8512 5816
8284 4906
7839 3617
5973 9156
4763 2339
1297 6724
6727 7968
957 6469
3060 5910
2200 7550
5184 4050
1717 2328
3261 6877
5173 1703
8722 6096
630 8711
8581 1136
2891 5857
3694 593
7681 7618
6349 9613
327 6323
7901 6913
6747 4056
5961 5557
3670 3400
4293 6191
3883 1570
2276 3040
2866 8031
7779 7650
8802 1217
3775 4113
9816 5038
8540 6186
4542 5823
9830 2495
1364 6447
4644 2533
1416 1027
3806 6725
3498 5050
2980 7631
7903 3400
5012 6013
3726 3582
6617 7986
3214 5240
1431 867
8105 7416
7202 1274
4069 3933
1857 7955
9969 9797
8914 6553
5173 7001
5362 8387
5235 6433
4593 5485
1010 9148
4829 2476
912 4777
6336 7357
1222 1740
471 6550
6027 1450
3218 2804
1145 9634
1614 9525
8395 4389
5849 8501
5164 1481
976 422
7195 3619
7614 7056
2817 9763
1593 2776
5306 9370
4199 7417
5628 536
1913 3424
9317 6049
1541 3766
2827 4092
2319 5108
3002 3515
259 7345
9663 3355
6554 3169
8670 4152
467 4611
171 4890
3425 7376
8886 3998
1889 5957
1822 1955
3449 4985
3395 4858
1807 9729
4637 3247
5512 2352
7073 6911
6285 1791
1094 3582
908 4067
4530 1806
2957 352
6325 3229
158 4155
6621 8874
485 3303
3769 9780
9949 4322
3171 7172
6091 2670
5465 1604
876 3338
2973 7767
4348 1629
9415 2328
6580 1598
107 5976
3950 4790
1286 802
3697 2750
7830 2007
1676 9733
6523 5660
2228 1717
2354 4363
496 2785
6744 3402
7478 5374
7306 8219
8605 4727
7708 3701
122 831
7155 4349
8537 264
1909 7388
9320 1441
5001 5848
8125 4473
1963 1745
6618 7421
1498 7229
5495 1058
8958 7991
9827 632
5171 3113
2033 7968
1207 6477
2322 4328
