1635
0 0 0
0 1 0
1 2 2
1 1 0
3 1 0
0 2 5
4 4 4
5 6 4
2 1 4
0 0 4
4 8 6
7 0 11
1 2 6
2 3 11
12 1 6
3 11 1
15 2 7
3 8 5
12 18 14
11 4 15
9 15 4
16 12 15
8 17 5
4 17 19
1 21 14
16 13 16
2 8 5
4 10 17
16 16 2
6 10 23
27 5 15
19 18 14
21 29 27
19 11 13
13 34 14
8 9 1
8 33 8
13 34 3
17 25 17
6 0 38
20 27 22
37 9 36
2 15 20
25 10 35
20 4 44
15 18 34
30 16 41
3 24 2
1 22 44
17 26 18
3 19 18
3 40 0
40 6 45
23 27 10
26 53 35
30 55 24
52 25 50
14 48 27
2 24 50
32 19 40
4 31 19
8 55 54
18 9 18
40 34 4
54 43 37
35 36 32
29 25 26
42 67 60
29 1 16
36 22 9
7 39 2
12 64 11
27 35 60
20 19 33
37 30 55
15 7 39
27 43 52
64 27 35
63 45 44
62 46 26
74 49 57
66 14 54
70 13 43
70 78 48
75 84 34
17 27 59
0 77 8
41 60 79
13 65 23
87 10 35
15 36 32
1 3 11
26 23 19
17 32 9
58 0 10
26 81 27
82 79 6
54 49 24
40 67 43
45 71 38
5 34 46
22 76 53
59 5 37
1 63 69
39 62 76
28 35 84
57 75 74
64 63 40
33 67 31
28 51 109
25 17 19
94 41 0
27 6 83
4 33 96
98 108 33
78 86 112
64 108 46
106 104 43
33 14 73
5 40 11
42 43 84
109 6 109
95 116 112
20 56 48
13 33 36
51 45 117
35 77 114
70 112 95
43 100 49
129 22 34
44 121 93
127 19 56
46 4 129
29 105 44
61 73 109
87 37 52
68 74 63
54 77 80
87 37 109
59 27 22
104 68 94
43 112 32
87 12 35
97 96 20
100 126 7
34 106 80
23 91 73
48 29 24
85 7 18
0 61 41
72 123 95
32 72 7
100 80 52
36 21 83
77 132 108
141 140 35
137 152 27
94 11 136
26 109 93
114 23 157
71 89 79
19 18 61
115 73 46
142 76 138
94 84 41
138 148 104
127 65 134
112 7 147
161 167 28
102 83 129
166 83 37
65 111 73
25 63 26
49 3 77
57 168 3
18 102 14
28 1 13
24 110 138
49 19 90
4 117 105
177 93 163
9 134 110
75 83 7
72 30 71
64 33 64
171 153 143
177 115 28
167 148 4
113 49 143
95 19 30
169 39 39
152 129 86
175 38 143
30 105 91
159 152 133
187 104 33
133 137 162
60 28 127
41 55 79
135 84 125
74 71 75
67 55 11
23 122 111
175 131 190
69 68 139
110 9 152
23 15 172
33 0 169
107 61 166
182 36 87
153 200 194
6 89 33
208 64 163
106 20 38
45 177 181
53 200 148
144 103 61
188 177 124
79 217 112
106 183 41
60 96 208
12 34 201
42 59 193
201 1 148
133 131 134
215 216 64
219 173 76
5 8 106
223 186 163
130 138 126
22 10 3
174 230 78
210 107 78
166 108 189
38 45 231
151 72 215
30 32 27
130 3 12
169 227 25
79 67 65
37 12 201
213 129 169
86 195 194
54 36 237
60 151 202
46 235 138
93 172 159
185 144 106
224 219 81
147 144 170
213 92 46
94 137 3
173 121 83
185 200 3
72 20 1
27 12 6
183 46 219
75 35 208
233 36 191
216 131 241
151 40 127
215 213 46
262 100 206
217 88 54
105 223 212
84 68 248
80 14 265
9 213 58
77 46 229
10 178 58
79 218 6
21 230 151
222 148 44
60 35 210
29 200 193
55 10 126
45 245 98
135 158 254
1 157 31
65 61 276
202 6 211
7 36 209
211 277 40
2 204 2
95 220 118
247 241 157
85 253 247
45 57 32
184 110 1
136 182 113
15 266 16
106 157 161
111 133 11
179 152 259
177 160 32
236 26 107
256 87 85
270 54 51
107 20 179
59 272 280
281 283 235
123 106 274
86 143 72
234 87 232
1 239 61
12 304 183
34 226 182
260 88 283
233 111 45
45 273 199
136 306 123
182 218 162
263 70 291
232 223 155
24 79 158
126 221 287
164 247 42
187 38 82
22 87 4
107 49 290
152 271 273
0 45 292
105 198 60
312 194 153
289 195 100
95 182 299
312 76 234
282 124 244
30 149 133
116 43 259
316 288 316
70 111 239
292 204 160
15 36 216
170 3 21
5 48 334
110 232 250
125 124 12
223 268 101
214 197 135
310 215 71
266 330 159
43 26 337
92 102 310
73 15 164
11 293 147
228 74 67
173 148 154
169 159 71
74 161 216
286 121 188
69 266 197
316 22 200
189 308 305
227 352 351
166 66 2
215 163 143
280 269 113
294 355 158
335 142 128
261 265 262
56 83 255
61 75 179
110 193 179
210 304 206
191 304 279
21 223 217
148 150 70
316 329 39
212 332 297
88 197 271
87 368 301
259 145 210
118 169 57
210 0 355
71 155 241
318 367 167
104 365 83
254 100 291
259 82 295
181 82 325
80 236 22
368 91 127
319 325 308
204 50 96
211 79 143
116 307 174
374 11 377
205 34 376
309 173 103
212 233 268
274 121 90
360 176 174
294 301 215
142 276 245
117 349 23
179 366 112
331 74 68
230 309 243
166 183 144
399 238 233
342 249 58
265 164 276
204 398 362
374 203 134
203 154 350
20 402 91
106 271 9
332 347 251
283 96 19
318 2 13
410 38 215
12 35 54
208 402 395
268 132 408
406 4 31
356 335 192
96 382 161
134 228 7
410 41 269
105 71 258
113 421 40
113 217 153
287 66 43
248 259 367
407 260 375
48 306 10
20 131 150
157 376 367
4 109 31
98 228 34
81 111 132
169 168 70
176 50 73
12 365 218
201 401 300
19 365 310
22 233 218
151 285 332
308 147 320
247 364 360
132 424 328
316 309 170
192 304 30
273 386 443
422 182 68
293 62 234
167 176 311
184 307 443
358 179 325
129 354 206
32 123 92
60 331 349
427 96 243
312 175 171
437 190 412
73 355 40
362 384 351
200 133 403
318 64 432
154 127 338
104 108 13
37 267 382
93 43 126
446 270 419
254 24 171
284 20 410
332 99 207
42 151 184
348 38 359
405 270 62
461 329 107
296 51 241
303 65 281
64 143 415
39 198 167
118 40 469
16 71 3
207 389 354
270 442 350
25 371 420
318 10 75
212 372 384
142 424 90
198 69 170
221 259 403
434 234 365
395 102 229
430 283 94
251 153 395
484 107 205
447 283 93
401 36 126
461 125 94
297 31 4
463 18 484
219 31 149
70 472 46
445 322 189
441 255 25
198 336 96
77 424 424
101 106 143
374 46 260
382 249 350
391 471 280
287 295 374
258 84 356
18 78 408
283 46 378
339 54 60
388 13 279
295 94 292
457 51 398
457 34 216
130 421 426
434 402 39
112 369 113
412 58 378
458 28 314
337 411 99
318 402 291
451 250 488
263 322 96
447 373 136
53 152 445
523 92 286
145 191 449
403 369 70
312 319 321
380 465 0
430 453 46
62 428 393
106 30 357
238 463 394
382 258 105
134 4 413
137 396 281
484 477 319
114 77 318
138 48 229
433 34 207
11 218 81
172 542 423
89 522 337
450 288 11
471 428 42
55 212 226
414 332 45
523 479 216
467 149 467
82 202 481
483 472 425
265 437 131
36 395 283
514 96 553
519 406 334
165 480 177
332 244 98
112 120 126
470 154 143
305 229 503
21 32 51
154 30 26
319 298 398
463 557 557
158 3 541
239 308 404
563 133 108
544 483 162
221 46 174
476 193 265
123 536 135
76 28 518
191 215 144
158 5 541
528 308 205
101 169 204
337 155 68
55 44 370
275 176 105
224 299 390
451 428 183
209 104 305
51 552 145
227 503 523
394 384 14
134 565 575
3 323 4
357 238 292
102 310 572
341 97 147
109 311 563
349 410 8
220 6 352
495 201 337
139 563 43
179 354 208
302 317 50
99 270 135
40 593 24
197 485 512
536 537 526
271 268 123
584 326 169
363 163 113
90 454 99
392 27 119
438 350 46
252 583 390
379 114 370
234 253 40
405 593 167
273 106 258
423 206 608
498 347 168
291 112 232
19 185 391
596 170 502
619 482 166
497 417 370
146 136 96
329 475 439
50 52 89
202 1 58
168 399 60
158 138 6
121 484 47
495 31 60
598 331 149
271 427 140
297 549 158
24 457 355
84 362 264
569 613 115
101 456 392
632 381 428
292 223 631
204 558 297
271 65 58
624 290 243
521 40 448
575 379 170
338 149 60
613 32 38
242 575 524
380 45 390
452 101 428
232 512 401
323 45 48
166 68 358
269 194 602
361 470 58
302 72 545
591 228 105
504 101 325
107 212 253
433 154 560
87 524 46
398 281 444
526 74 305
591 451 433
201 552 14
363 363 308
266 465 255
627 528 378
272 182 634
328 550 590
127 509 188
90 176 373
656 178 542
118 313 210
26 153 344
362 41 452
659 649 600
386 365 109
271 286 654
260 605 588
443 654 404
386 211 517
420 22 636
578 52 278
649 84 156
424 86 225
263 461 4
631 547 681
46 9 257
445 360 536
535 464 212
581 688 606
578 464 234
483 298 615
336 128 596
357 278 298
684 8 559
411 148 381
390 612 6
445 467 665
152 104 93
598 295 295
693 560 174
409 393 347
36 269 108
234 93 54
54 685 196
239 489 563
79 388 695
255 319 134
669 390 519
263 470 12
284 360 76
267 203 117
711 525 525
350 209 538
550 270 216
689 672 570
488 96 431
346 544 92
698 127 654
87 99 400
362 701 326
543 330 485
361 515 405
139 644 96
429 478 131
466 173 113
245 537 276
392 166 629
295 661 117
459 305 405
228 55 88
693 536 571
159 266 349
513 185 303
245 605 42
369 325 650
684 132 79
412 13 309
250 207 194
632 494 306
217 495 640
153 620 12
646 456 595
687 299 597
510 632 124
461 292 656
23 734 567
88 67 39
325 658 624
87 72 379
336 356 88
699 173 439
58 638 105
117 250 576
257 501 316
167 351 667
477 653 115
612 481 518
385 569 640
173 31 257
43 262 247
666 105 182
693 106 57
338 747 310
653 447 648
199 760 415
366 202 707
663 161 620
259 584 606
549 77 67
414 268 22
111 502 576
622 539 440
329 730 655
414 197 742
525 608 416
487 169 245
47 41 185
100 45 422
517 421 90
393 284 524
564 130 705
734 654 698
365 640 531
589 732 519
86 411 335
131 220 476
104 745 27
532 221 272
706 671 647
153 106 767
707 640 551
320 356 657
769 25 249
284 600 542
529 628 691
445 36 774
54 739 716
459 607 339
547 600 244
468 384 795
389 18 309
712 230 770
227 691 264
120 148 404
157 66 35
42 246 518
587 254 358
6 681 122
804 106 693
704 801 244
396 468 467
272 442 6
335 582 87
439 185 204
716 606 279
255 199 749
207 534 470
230 606 100
115 459 58
8 272 162
146 72 255
668 472 613
376 200 526
579 335 13
138 87 801
677 357 381
591 405 526
782 601 163
205 190 481
481 390 247
384 558 104
735 760 591
107 415 819
139 721 472
648 239 36
196 604 270
104 686 571
614 624 588
600 37 252
200 799 821
730 767 697
452 411 664
459 11 132
602 833 128
544 138 725
468 399 735
519 582 166
688 657 387
596 248 823
224 129 545
7 701 690
535 216 846
833 638 589
75 673 40
706 222 536
314 789 452
335 799 360
121 797 682
393 361 826
469 417 645
375 34 320
75 80 362
336 167 184
835 67 778
184 325 345
55 588 200
737 819 531
289 648 630
292 647 540
706 350 407
521 296 96
526 838 288
621 423 4
261 507 62
659 745 795
236 121 608
738 441 217
858 795 300
412 632 573
254 588 182
211 482 156
176 572 183
260 866 466
806 393 384
680 634 862
320 682 534
330 475 809
885 75 657
869 531 572
188 746 329
388 268 75
757 212 187
460 879 519
139 825 692
865 47 695
822 609 374
122 551 26
288 738 236
146 145 686
490 61 308
221 317 80
99 14 778
861 755 25
283 212 904
104 211 7
785 259 703
902 835 780
589 603 81
825 635 109
601 157 136
41 296 546
670 21 722
465 897 487
103 810 801
313 226 341
354 591 44
284 292 557
656 809 522
735 110 523
265 446 29
137 387 482
86 581 78
904 771 621
841 226 219
378 638 73
220 585 706
549 329 702
553 78 737
194 343 578
582 201 135
727 279 196
890 308 896
775 525 466
378 674 229
561 604 555
292 521 76
472 446 51
386 417 282
891 73 873
407 735 94
317 812 214
63 265 420
402 540 455
169 534 443
66 33 182
651 708 444
916 440 20
714 787 79
551 843 501
82 760 411
855 681 528
389 9 160
240 42 305
373 726 785
749 90 361
316 524 231
239 238 300
49 601 798
747 533 804
533 925 396
517 206 245
84 332 264
839 641 611
338 572 835
543 475 268
755 428 624
378 144 309
475 619 367
446 347 693
407 114 184
917 545 883
817 908 428
674 506 794
591 13 346
788 689 869
356 705 962
542 794 565
96 436 746
68 578 825
250 260 311
294 12 654
629 982 389
82 601 721
266 71 659
47 487 976
897 882 289
732 424 563
818 958 155
959 555 566
939 262 70
181 195 169
907 328 211
123 744 221
886 754 669
208 722 817
878 368 132
203 598 611
948 36 450
156 932 896
878 38 390
667 751 300
959 630 31
832 596 902
316 53 969
438 289 653
268 484 484
996 526 756
802 520 456
320 701 141
226 399 976
387 770 481
738 8 1004
346 750 571
112 154 246
2 266 38
861 403 435
102 580 518
386 945 111
307 298 360
945 1009 857
303 271 481
908 545 966
855 209 51
633 615 457
647 433 237
767 963 485
812 405 246
960 74 678
425 182 889
539 532 227
360 922 865
823 506 907
541 216 314
462 680 334
232 394 565
418 348 158
774 39 554
316 394 411
626 811 215
967 882 115
328 946 291
252 177 496
339 1016 629
430 330 534
395 886 826
675 641 757
997 463 673
215 398 915
98 636 951
859 23 336
728 714 823
896 202 125
1023 989 658
642 98 829
974 274 670
2 754 1047
393 997 530
296 807 175
407 223 594
629 360 889
623 705 774
636 80 50
280 976 769
194 849 506
269 454 346
128 62 168
1058 577 498
220 371 1042
894 145 854
1004 489 109
766 216 423
493 1030 516
938 817 481
257 927 361
125 446 502
598 949 100
952 664 476
582 144 144
90 753 96
901 418 59
434 178 85
686 883 236
257 875 584
310 192 581
818 692 608
1000 702 259
118 36 822
895 715 573
903 770 694
255 771 247
1065 965 1005
854 115 90
81 40 427
1036 826 87
371 876 827
49 647 867
403 578 487
662 223 692
671 935 872
915 907 850
85 693 923
868 339 303
685 1041 986
860 23 523
42 659 299
736 60 816
646 149 519
367 204 468
1048 699 551
314 1014 872
690 742 810
218 606 322
589 257 190
352 82 943
942 1024 785
134 477 690
95 531 143
686 555 1098
949 354 928
725 353 485
1115 559 741
957 132 1114
694 218 206
759 185 1022
716 558 402
1108 1028 522
1019 1012 1121
912 748 344
67 231 348
278 284 277
673 748 6
326 360 322
383 110 677
702 199 989
287 178 304
141 779 1038
877 523 268
525 254 941
701 766 660
322 1010 452
158 139 722
643 453 642
860 451 732
783 1121 1133
826 346 244
1079 164 1076
72 631 849
711 236 1122
393 537 892
1129 829 922
75 612 515
630 85 294
173 1109 993
683 265 841
181 22 584
185 746 341
209 1149 313
720 480 632
440 883 281
947 216 651
768 27 1141
1135 266 987
714 455 1129
615 605 1071
311 157 1112
766 1166 1099
53 547 65
997 307 80
1054 146 1020
561 604 105
731 1167 12
100 454 739
344 322 446
221 1037 728
821 1100 202
1056 1060 866
181 784 702
226 228 384
274 328 1147
197 1102 1018
31 423 935
262 894 522
439 329 787
273 474 734
315 986 1001
117 236 980
835 1051 941
640 862 490
784 675 884
157 312 453
757 1038 1182
170 224 912
24 930 1170
1019 190 1151
1033 528 791
32 175 846
827 309 12
832 258 739
442 237 704
465 219 1075
9 946 705
1183 326 291
1147 885 69
338 296 163
881 839 154
778 185 783
16 79 444
443 444 248
535 766 30
868 1150 1004
368 512 898
53 521 561
1196 466 237
1179 121 1123
195 638 83
444 1051 894
1012 730 918
735 511 488
614 972 946
1021 445 256
401 492 297
1044 905 177
667 543 554
1068 553 1065
619 880 939
831 731 1126
216 334 133
1102 260 182
1122 98 531
161 57 1004
430 422 1186
228 623 680
586 1185 150
238 612 204
1012 613 244
1182 811 1227
863 727 986
702 345 1042
364 999 437
1009 958 202
1240 1003 883
72 239 178
452 409 686
525 343 589
126 682 674
1070 1001 476
561 308 761
642 858 493
307 658 91
285 826 598
1139 981 204
836 550 659
623 1221 183
756 718 342
241 1038 1155
284 598 485
286 757 238
13 519 981
739 122 572
341 1174 283
662 797 642
1189 1224 830
870 1248 541
84 449 524
801 801 274
1207 644 283
202 1086 499
411 366 793
211 334 525
727 353 811
617 834 1195
204 1153 1219
204 195 584
1073 869 682
545 271 232
396 79 87
121 586 600
336 410 601
319 744 207
987 155 601
897 1041 1131
989 30 304
496 52 703
492 1059 503
1233 793 709
850 853 1189
888 1099 685
1021 408 435
880 156 782
24 795 297
171 1134 456
327 529 139
171 609 705
1220 485 0
1105 663 901
807 495 1054
110 3 709
1237 1119 1277
81 669 238
504 475 136
1037 258 847
594 900 603
1224 164 80
335 301 207
452 90 227
852 1 257
764 847 460
388 244 279
542 1042 1017
295 1278 107
186 1111 195
6 828 1272
788 637 114
847 575 447
720 1182 1283
746 1186 1044
406 361 424
9 384 1246
287 878 977
459 1313 526
584 589 268
999 651 995
486 467 563
823 600 567
1303 194 526
1317 1225 21
120 797 119
1243 736 1200
825 302 481
246 937 363
882 964 349
974 765 1138
453 1266 985
1285 415 961
1178 959 434
368 548 473
704 896 252
1310 1315 1216
547 902 1279
866 1210 1069
462 832 160
139 1246 1164
164 1331 291
990 926 738
1272 476 200
544 54 451
849 224 1250
1091 131 812
322 616 89
898 33 212
605 906 911
950 980 364
1276 1148 1017
1157 726 143
1057 13 145
144 466 752
647 174 1024
157 164 69
403 1004 7
1226 1111 654
989 1214 303
906 517 829
632 208 616
23 148 861
351 36 1330
61 1301 1258
109 785 347
3 256 210
447 611 439
1143 173 964
494 394 87
1305 90 1184
7 745 1165
1282 80 959
33 748 438
782 502 939
905 1057 593
279 1063 1237
1192 1059 474
6 31 783
911 818 815
572 168 804
449 832 1301
396 828 1326
601 509 1179
173 218 620
265 703 962
1305 430 221
275 219 855
259 621 60
513 223 1387
206 994 820
1329 1178 875
1029 1112 9
463 1342 286
1227 22 110
225 1099 321
435 563 187
1021 469 684
1370 962 915
822 1198 441
816 1003 681
705 248 1075
403 465 986
1039 577 542
363 886 52
486 931 1193
353 999 793
787 1230 875
180 336 465
651 229 177
1088 720 124
1353 756 530
1411 1020 339
1126 1000 1342
1373 533 287
168 12 921
1157 508 1010
1025 922 933
28 498 458
339 799 436
96 341 426
30 265 1387
1120 344 1263
445 917 724
679 1118 458
620 814 299
786 228 132
81 908 236
649 246 907
1195 1019 1351
521 453 794
804 57 805
529 274 440
28 918 1167
305 1114 785
1299 19 574
502 843 514
267 512 335
334 970 991
641 1215 540
274 100 805
437 1085 37
850 390 282
806 1145 697
1354 336 1025
1243 39 296
691 388 427
297 131 57
200 941 1017
609 1224 1296
373 425 1278
536 565 1312
1376 682 979
714 551 736
489 505 751
208 509 1454
1108 1396 1187
1293 1273 610
833 566 749
737 490 1434
224 391 382
440 454 1057
996 1003 684
1435 545 1407
106 670 144
384 1467 451
937 598 962
711 1113 278
171 161 1005
1113 229 421
1359 340 1404
219 378 914
74 1157 940
1464 1156 865
136 208 933
1151 922 647
652 195 772
175 1080 310
569 1029 1112
1329 14 1340
209 1248 1383
1387 153 733
852 907 502
803 372 1019
211 765 792
415 403 450
1337 234 1131
81 885 805
174 639 677
423 888 1054
1487 405 1045
598 1164 553
1057 538 1186
158 1108 977
963 344 439
810 1474 599
433 689 582
1288 338 64
882 883 310
1309 565 274
203 316 1418
212 1327 479
1293 919 933
819 817 504
1109 641 1060
130 537 502
151 653 1402
1184 1326 90
1250 679 797
929 1384 1044
232 303 989
1059 180 1342
756 848 1420
219 563 739
1174 499 804
42 1020 182
673 846 610
1389 1472 295
525 964 17
1020 323 1304
272 391 319
1140 586 1417
739 415 41
903 313 1179
542 853 862
91 927 55
903 702 366
202 967 562
161 226 1350
402 1131 958
132 980 188
1243 1366 685
675 653 539
916 624 1094
1527 1279 591
1113 1346 428
1443 1357 1388
1338 330 57
369 554 788
434 0 762
717 359 742
1496 726 1350
337 173 1538
932 1013 1330
265 552 1199
1334 718 1329
1389 805 755
1484 1291 561
348 80 1157
982 1175 227
291 570 197
27 441 833
1277 428 149
6 457 1053
1111 383 1401
1520 96 147
433 291 806
1103 725 1482
1065 139 917
551 164 1427
624 643 1153
1020 353 1558
652 781 1361
1348 678 331
981 1114 793
1447 742 215
545 430 72
1227 1198 170
1431 1412 952
399 711 713
666 909 1172
1457 63 885
818 75 1384
214 192 13
98 1180 852
26 189 52
1130 66 1294
1405 1080 123
1323 1156 1494
1366 1436 919
1451 1292 64
1490 1393 816
838 305 1522
7 802 670
573 1077 974
740 618 113
1209 48 546
1163 1171 1274
507 841 328
48 873 1301
272 1467 1400
850 594 491
554 128 276
704 430 73
275 289 524
1534 1495 1321
639 641 1504
1288 176 974
94 87 972
734 942 1450
445 525 504
1086 117 753
1221 990 283
647 1533 972
1019 370 380
855 106 858
613 477 470
314 1203 1318
293 1497 1237
1058 13 1168
342 980 580
1324 1127 1500
367 1115 996
532 654 1504
126 252 1301
1124 1183 1509
334 728 1309
171 1297 268
1375 1467 263
1302 1029 1546
966 1013 430
1339 693 1331
905 214 701
869 1272 1598
508 1493 1461
1381 473 712
1620 321 1300
424 308 806
1530 123 1078
446 1356 999
585 243 338
651 1123 1572
489 1202 1290
