3063
0 0 0
1 1 1
2 1 1
2 2 3
4 0 1
4 4 3
0 4 2
2 3 0
2 5 6
6 0 1
0 8 1
6 0 11
11 8 11
0 5 12
10 12 5
8 0 9
9 15 16
0 1 6
18 18 8
4 2 17
8 15 14
12 12 11
13 1 12
14 4 8
12 10 9
0 9 5
11 17 25
4 3 4
16 19 26
28 0 10
18 2 26
27 16 21
27 0 20
30 27 10
2 24 7
9 32 14
20 34 28
12 15 8
9 26 33
1 29 7
10 15 28
1 13 19
37 17 35
31 15 1
29 10 16
29 40 17
40 20 7
0 25 37
28 29 3
31 36 40
32 21 45
10 38 7
13 10 44
1 22 51
40 6 33
18 1 21
52 19 49
53 26 40
15 40 27
41 9 50
18 0 7
45 24 10
6 7 22
61 59 27
49 37 41
53 44 55
7 45 52
15 8 28
29 55 27
68 39 44
10 40 31
10 48 38
72 26 35
54 58 13
21 59 50
39 17 9
48 47 3
7 37 27
9 31 5
15 60 43
77 51 40
5 34 59
24 51 13
3 54 20
12 71 22
49 72 40
79 31 33
56 46 70
25 48 87
61 14 22
25 72 10
82 33 4
10 18 86
50 83 91
10 62 46
26 80 73
28 69 75
95 76 27
53 83 65
21 60 40
78 67 74
99 82 43
15 7 61
22 63 47
54 77 10
59 55 35
88 2 23
79 48 31
94 89 86
23 8 57
16 79 11
4 1 48
66 105 33
93 112 64
111 39 32
12 98 35
109 3 51
61 68 5
61 104 90
113 6 29
108 108 112
66 91 47
74 43 63
69 61 56
110 65 76
78 37 81
100 93 18
22 73 9
67 95 105
22 8 23
60 56 7
83 60 100
38 118 92
81 128 0
113 17 103
36 35 70
21 26 91
17 24 32
20 68 31
115 53 76
68 96 63
16 127 19
59 86 97
2 141 83
144 19 30
33 87 21
12 15 23
55 92 131
102 66 105
2 15 35
124 14 54
3 2 20
148 58 82
100 111 120
68 1 148
127 106 70
57 90 147
127 129 63
47 83 77
16 113 6
128 85 91
76 61 11
106 74 19
154 34 124
60 47 1
0 83 27
52 40 124
47 5 24
27 137 131
51 54 4
160 118 116
94 31 129
94 0 162
56 166 43
163 101 112
37 25 132
155 117 172
65 35 146
51 47 123
39 30 76
26 119 143
40 45 136
139 34 58
165 141 77
162 58 76
7 79 6
20 48 45
70 51 17
50 22 132
107 69 176
185 30 158
115 108 108
8 86 13
182 81 19
47 88 157
69 70 48
3 151 25
101 15 102
198 75 129
199 80 78
193 71 102
135 97 183
185 38 34
181 171 144
32 22 166
127 92 160
55 189 82
75 105 38
36 190 6
153 158 152
86 74 118
142 49 178
59 56 84
86 121 183
133 188 34
83 8 12
210 138 28
153 79 121
207 118 44
24 89 134
59 181 138
208 53 189
191 14 221
39 81 210
38 7 38
105 70 43
197 94 183
144 202 26
220 186 161
160 4 142
146 220 24
129 117 85
147 160 211
73 210 39
153 173 78
164 229 176
191 93 212
61 103 196
125 76 43
202 215 227
230 85 128
35 238 201
184 215 41
2 107 6
109 89 136
239 137 241
169 61 82
16 119 104
1 143 231
106 221 243
51 169 5
74 213 17
192 14 119
239 222 103
101 215 135
250 144 60
143 160 30
232 245 175
176 36 0
151 166 60
47 98 221
63 76 229
161 70 41
53 175 93
79 29 15
117 163 244
56 115 106
235 84 0
199 67 158
235 121 5
110 121 267
132 208 42
48 174 106
101 140 56
147 145 139
187 122 254
122 92 147
37 80 156
15 164 73
59 218 181
35 206 236
29 234 146
43 185 84
11 71 263
13 82 70
1 281 110
207 240 30
74 52 169
1 239 148
203 252 198
93 155 279
186 274 114
106 230 280
200 123 87
214 67 213
138 153 232
189 204 219
281 185 57
257 109 58
11 62 193
198 285 242
13 124 197
267 277 98
199 114 269
72 300 198
291 255 69
197 21 29
256 305 102
143 241 297
212 198 253
1 64 137
179 244 259
111 94 265
142 208 71
292 162 39
177 307 187
86 194 261
92 48 4
210 302 223
284 247 140
5 58 23
244 35 303
223 143 164
230 171 96
271 120 120
277 95 153
320 171 227
102 300 55
78 89 321
259 317 186
322 314 90
175 172 8
140 109 166
84 151 84
177 309 120
209 246 115
190 317 229
316 256 133
233 217 267
300 67 288
161 67 64
252 301 152
187 213 30
116 17 251
337 338 204
19 204 84
0 219 282
281 311 41
152 300 242
261 314 120
331 59 59
141 13 349
8 44 193
136 59 237
206 274 118
19 83 216
266 54 95
329 206 198
97 342 135
39 8 308
155 326 258
288 289 51
130 271 312
229 200 203
292 192 37
264 75 256
359 42 174
282 87 90
239 198 282
332 78 320
370 328 277
286 244 53
361 290 341
189 141 302
310 302 222
0 307 33
290 174 186
29 331 149
249 276 198
152 364 166
254 145 42
62 327 345
34 349 252
9 3 191
241 153 182
14 32 18
294 351 8
51 265 206
83 139 168
230 285 348
20 135 161
331 8 323
375 381 97
79 116 24
120 104 292
250 383 79
380 198 157
28 371 183
230 169 227
196 278 248
302 235 311
387 197 257
226 216 48
15 261 156
74 104 215
171 207 237
214 222 155
350 356 45
81 336 342
234 319 137
50 170 287
89 213 176
92 344 297
260 155 163
363 123 323
283 3 361
318 281 308
158 314 390
79 283 33
38 133 276
10 118 413
70 141 236
327 117 124
214 157 318
392 73 74
3 344 24
224 66 130
235 360 273
62 30 349
56 151 188
164 236 418
266 191 80
341 135 311
308 144 415
163 91 111
106 291 98
356 51 247
296 190 406
311 113 192
336 184 418
103 189 110
56 5 287
14 360 191
10 301 414
124 282 375
376 331 320
162 327 340
307 186 318
57 88 19
272 301 12
26 221 160
100 326 218
247 147 100
127 309 153
307 301 201
387 422 375
120 381 177
66 243 199
311 116 181
367 322 298
79 185 424
242 79 326
410 309 231
58 328 215
112 279 251
389 9 216
267 361 167
128 276 103
127 134 290
187 8 157
308 88 359
352 440 302
113 21 153
22 308 77
92 423 209
81 128 45
362 59 9
14 379 80
194 423 32
439 354 205
278 257 268
260 240 444
36 49 202
171 155 438
38 95 191
470 49 46
436 335 136
355 135 37
485 77 307
266 76 70
309 215 358
292 128 210
272 71 173
339 437 225
84 377 32
116 376 227
409 367 73
21 418 285
456 44 268
262 290 234
416 92 444
389 392 306
317 43 383
182 468 173
154 291 89
168 215 326
141 251 167
140 130 325
229 88 243
437 365 173
43 265 26
435 97 56
271 290 134
504 289 331
420 63 475
59 85 229
285 493 455
470 146 126
203 379 336
430 147 350
163 318 473
154 252 128
167 397 63
415 312 482
31 70 186
467 384 298
0 362 331
401 233 403
367 247 38
106 228 499
324 112 129
301 293 94
172 61 473
291 155 466
295 489 511
326 445 190
235 349 138
256 533 121
373 1 100
239 442 197
162 152 492
391 128 404
213 84 114
387 195 386
118 389 94
455 151 521
203 469 356
538 283 506
176 85 210
399 283 196
43 48 545
537 260 347
277 170 3
122 366 194
113 440 98
192 336 394
93 200 512
451 387 408
140 42 272
28 23 119
16 243 157
436 315 135
292 99 531
274 203 244
215 486 344
164 1 565
140 381 561
552 114 249
82 381 550
366 197 437
184 347 569
118 297 486
537 102 117
486 342 155
116 128 191
240 12 544
80 7 575
290 538 353
28 40 551
267 565 181
404 426 293
488 93 103
566 102 278
307 16 515
216 567 517
232 336 465
258 79 112
356 542 275
67 8 241
298 140 199
459 457 360
418 263 562
362 321 249
226 543 281
21 340 280
396 2 348
136 360 217
447 141 89
195 84 238
295 315 211
222 45 416
155 395 229
287 50 222
389 567 518
426 113 273
182 331 370
206 416 313
278 367 602
393 600 49
24 84 298
139 416 379
541 440 523
611 186 284
575 324 217
338 531 586
465 374 63
347 529 305
237 119 39
213 458 114
77 334 66
138 548 441
91 552 540
550 405 385
597 281 254
266 596 518
240 13 520
444 101 600
506 374 502
393 605 414
225 444 369
125 372 96
3 5 62
510 549 14
326 36 88
34 367 595
571 550 161
492 609 238
61 64 493
57 238 577
611 135 311
361 366 584
44 342 42
85 630 232
638 464 470
446 627 263
266 514 559
193 295 641
227 533 285
14 359 404
384 503 186
370 146 165
534 585 311
407 424 162
241 92 347
227 449 516
459 436 169
172 218 470
302 407 419
53 90 408
500 10 345
232 146 62
651 450 209
243 88 89
484 179 469
11 181 375
351 128 78
162 135 233
415 505 377
648 410 176
435 300 375
608 233 641
81 88 605
422 659 587
205 608 33
109 264 647
107 658 485
551 649 284
644 571 546
669 167 515
273 135 148
516 313 345
671 226 160
478 345 561
65 474 404
10 20 270
206 436 268
425 456 411
645 279 275
99 156 662
205 425 63
227 586 481
0 73 679
66 547 187
674 539 382
519 367 684
587 407 254
4 85 591
94 196 530
403 301 696
160 68 447
120 537 45
102 572 70
671 135 137
321 425 270
553 244 499
705 598 612
509 98 447
329 49 558
692 504 299
593 508 583
704 669 50
258 12 134
126 699 609
60 583 145
484 497 350
334 205 437
630 410 138
22 121 295
114 588 460
62 676 306
332 64 321
120 613 189
231 585 321
619 495 204
274 242 613
137 416 364
537 443 546
355 324 332
681 690 471
189 497 324
272 341 268
517 618 632
63 24 522
91 26 492
213 633 155
21 334 546
219 534 332
464 660 556
705 18 134
530 8 282
319 268 229
430 203 638
143 378 181
248 582 124
359 57 605
360 692 540
12 26 210
336 612 91
432 394 519
122 202 90
418 220 369
406 20 560
182 532 506
251 467 700
752 667 96
141 477 400
396 150 209
30 611 30
171 351 732
385 702 469
428 25 621
36 377 377
229 140 111
493 737 548
353 701 192
318 618 191
504 365 426
667 223 84
685 759 195
454 448 435
484 625 94
223 398 439
396 651 578
745 117 736
772 725 616
264 331 471
594 196 537
526 334 518
448 571 229
348 667 647
235 32 177
56 187 559
172 656 761
628 438 622
782 548 337
41 214 715
740 298 733
648 563 676
58 281 676
624 661 301
72 739 68
508 577 144
51 154 158
714 70 467
417 677 598
684 406 366
762 595 622
437 566 723
137 2 8
360 567 459
785 19 704
748 672 341
139 774 91
334 490 374
72 490 511
162 199 725
624 169 149
349 599 55
641 197 16
779 318 411
160 405 550
435 549 386
473 612 785
640 20 114
394 297 315
122 687 737
328 222 803
301 754 370
584 356 172
375 1 488
737 46 327
257 383 383
256 659 641
601 737 26
495 612 824
182 674 618
795 757 391
118 621 93
108 372 486
19 683 262
447 501 211
651 230 697
98 803 113
703 151 248
832 823 344
270 430 648
586 43 400
791 695 342
515 124 123
609 765 617
325 628 322
184 783 753
75 336 111
226 395 607
657 500 338
711 297 123
97 252 206
766 820 682
729 161 377
549 36 243
4 103 584
818 443 299
771 111 273
62 792 393
138 800 670
853 136 316
414 92 360
280 409 618
265 461 615
334 120 811
27 595 279
179 172 401
560 15 405
187 498 284
770 302 805
525 684 698
841 813 581
378 445 798
227 528 432
796 768 352
51 404 573
28 511 417
89 868 613
26 140 463
729 254 158
210 787 201
661 798 225
499 829 135
322 555 299
181 622 660
177 246 579
67 219 847
141 803 453
55 278 784
452 550 11
520 633 287
246 273 58
23 832 735
303 238 343
784 78 314
144 749 352
484 339 623
548 34 265
95 690 197
69 464 308
259 248 275
550 670 62
603 457 896
826 508 228
126 423 62
765 827 205
559 775 623
120 324 442
288 526 520
439 177 635
15 596 193
506 888 96
91 365 809
621 814 507
34 781 272
167 280 455
792 281 764
588 488 604
77 553 839
491 658 782
776 57 259
721 631 750
562 648 598
196 197 886
69 348 893
474 92 888
185 114 12
119 216 178
383 527 508
370 359 170
418 133 737
437 512 690
749 571 525
604 288 298
431 150 655
163 170 391
667 303 650
690 190 713
113 405 529
240 59 36
700 646 548
104 477 735
89 15 694
712 252 277
713 879 254
803 101 534
743 16 613
942 649 299
579 61 403
181 464 289
203 240 805
617 232 900
606 445 357
716 629 166
599 665 874
846 576 417
373 27 326
420 636 294
843 422 366
422 796 181
258 598 97
881 26 186
729 390 195
69 676 555
823 816 835
847 216 49
496 559 479
786 107 828
194 433 720
145 24 813
74 727 127
264 657 270
458 735 242
750 828 834
827 98 870
933 703 171
436 369 649
9 17 940
385 877 120
46 323 328
474 609 568
687 861 882
648 756 428
813 886 366
497 718 618
697 823 971
866 639 639
29 604 7
816 55 622
358 122 550
700 279 655
454 92 50
272 887 303
896 534 422
729 914 861
329 707 370
17 81 332
848 323 992
230 55 34
85 304 208
753 918 773
183 306 174
861 315 64
962 964 967
81 353 832
569 499 193
795 71 697
936 764 627
146 305 921
757 305 173
693 5 502
521 666 520
38 382 330
491 136 96
642 845 85
568 12 945
171 22 864
102 418 777
504 542 573
758 630 635
341 494 699
850 790 880
178 785 599
128 198 441
326 270 101
231 640 876
900 653 860
986 871 362
513 75 73
451 287 67
697 308 795
845 920 834
175 966 620
436 78 17
854 873 833
929 161 162
566 58 408
70 394 189
161 75 991
679 730 929
1015 474 43
35 437 618
710 862 203
670 531 1025
828 425 42
932 125 626
409 171 386
378 620 682
448 281 537
1007 71 1014
632 307 708
670 756 392
686 452 676
409 178 562
798 970 607
864 230 372
953 635 1030
687 96 496
995 478 976
92 917 599
208 752 919
1034 823 623
387 635 557
869 597 485
643 749 711
53 335 59
1006 314 948
349 864 179
481 668 555
1017 901 271
479 62 953
543 903 555
271 1039 144
981 1037 183
450 695 411
1000 1017 197
568 707 452
841 120 155
414 290 203
1028 1025 625
31 361 243
63 762 721
522 908 583
559 916 161
876 103 572
766 844 444
213 861 943
945 1009 337
309 903 85
758 102 476
129 556 345
547 334 658
554 917 356
7 961 818
980 16 746
435 25 117
276 970 21
424 894 899
271 255 822
312 268 558
91 726 280
179 131 201
140 571 1077
33 253 378
185 196 112
364 1033 219
569 526 793
373 714 581
42 572 348
688 72 1034
924 1007 151
71 293 147
1082 811 705
240 719 602
1081 1020 710
256 657 285
1091 53 254
593 602 95
401 676 451
253 1040 1055
17 99 237
976 868 457
790 942 263
891 279 179
457 933 472
145 164 253
1022 440 539
104 954 717
78 70 971
494 697 86
542 699 876
7 27 392
453 374 583
322 926 277
659 39 785
379 479 402
400 625 853
174 342 1027
101 1120 676
474 258 983
1081 437 1019
322 38 496
810 597 896
518 448 1131
516 175 928
496 934 726
1139 862 758
118 451 975
431 430 258
569 987 225
988 31 404
600 196 921
192 73 145
13 583 233
918 287 786
917 194 538
633 690 76
58 57 422
146 1105 935
464 459 419
609 672 495
355 487 780
176 651 1035
444 59 545
391 286 37
51 678 968
899 983 1104
737 229 723
875 352 72
1067 143 67
436 452 458
628 758 982
1088 1020 300
1155 1071 514
844 5 935
1084 773 892
1085 196 872
661 705 778
14 997 636
999 323 849
905 1060 155
747 218 47
508 278 833
921 405 172
414 336 215
38 1173 1090
471 139 346
549 802 1145
213 608 1087
998 1087 928
405 1 396
700 1094 260
660 369 502
430 450 495
275 843 300
690 778 123
652 1152 140
407 1083 313
1082 265 264
232 790 779
717 980 219
469 782 80
1095 24 164
490 1026 509
973 155 193
381 834 226
17 763 900
983 189 95
510 1081 964
633 1032 174
1040 693 894
1035 419 258
418 746 767
87 16 397
975 605 764
1058 820 924
369 541 100
127 751 1032
18 1030 873
453 736 543
1129 225 75
1197 783 344
799 428 293
1212 803 167
497 710 797
891 735 541
176 841 716
134 65 819
1200 291 1061
147 121 443
1102 1181 365
419 618 692
55 893 759
857 567 811
670 810 744
750 1071 608
1156 157 434
639 78 12
97 548 330
812 890 357
775 260 965
49 614 117
14 420 511
101 294 1090
130 887 627
1239 1112 1072
587 623 924
1121 727 899
941 230 642
1054 1223 154
76 1212 678
1136 538 566
463 1055 971
536 364 152
25 1160 552
586 1133 792
1209 761 778
911 861 1199
97 995 154
920 24 1031
114 1147 867
452 363 1061
400 364 1205
674 472 1224
695 1030 386
231 77 648
188 404 693
57 1012 707
1005 664 959
673 956 589
569 736 159
197 774 338
1131 793 871
1234 4 560
16 555 851
1139 117 532
581 264 88
682 536 548
486 812 602
1054 440 535
848 690 61
911 788 411
475 825 457
366 1148 455
434 255 1134
831 507 920
664 372 734
620 907 153
930 864 262
218 925 344
743 870 670
1213 801 1184
111 1020 724
1085 1160 192
1025 386 261
1258 37 994
931 653 643
269 459 1094
210 61 231
687 911 945
32 101 1147
1291 1039 233
568 945 895
1010 1112 865
1234 753 750
127 571 575
106 1256 393
778 1025 467
138 106 911
855 292 185
923 886 370
1227 180 560
350 276 828
36 1006 730
46 941 688
625 135 158
412 703 294
720 600 100
1127 1295 1144
544 535 1224
95 941 90
833 763 515
413 1135 98
498 1073 4
1069 526 23
757 666 755
256 467 1017
929 61 255
1128 117 621
1113 395 631
325 1100 1177
135 796 985
1187 1072 133
1191 119 751
289 514 156
110 1254 658
1271 529 364
761 140 901
869 1141 406
985 1243 607
1289 843 777
127 1254 1026
1060 1180 475
1251 398 787
236 1045 662
1211 932 0
465 124 1263
396 487 1282
94 133 1312
26 30 576
329 1242 939
572 846 1131
561 1 638
425 713 571
1111 967 1032
1226 1261 999
1125 557 1150
869 841 733
1079 1102 277
851 290 783
1194 399 1103
377 1156 812
901 43 416
508 1202 180
312 450 1269
861 528 716
416 70 1318
124 1022 1341
840 998 1149
356 28 1169
75 1088 1348
337 1025 75
1363 640 1254
596 128 567
23 285 378
681 104 1227
1268 1307 469
574 1036 335
1238 1223 832
303 1163 751
863 1319 138
148 714 484
668 153 1024
1363 1127 715
461 1344 77
192 907 464
1145 770 174
532 1271 797
1179 803 52
1022 154 1032
278 1301 664
955 559 637
555 514 340
821 658 1215
500 281 434
1310 337 175
612 81 263
497 113 59
333 967 1390
317 139 55
880 977 824
511 666 1232
474 323 500
1032 171 473
221 1383 1096
189 157 737
1182 961 424
1342 400 214
219 602 1300
40 1353 1256
1192 1168 374
220 855 709
1272 1308 15
231 1034 178
455 1244 571
586 28 1151
873 973 195
1378 1191 454
641 691 414
1138 1147 1410
165 1285 429
645 570 965
120 693 1299
990 1293 1251
711 509 761
1021 844 583
579 671 1280
1054 807 723
303 738 614
1374 762 1271
1340 1372 1344
1252 892 1152
628 200 117
57 264 922
659 832 468
402 1012 668
201 1004 7
1237 481 124
1364 285 926
951 1147 47
675 527 771
1175 779 1011
599 52 1364
632 1072 83
713 1357 10
56 1399 0
1123 1206 1402
1019 144 942
987 1439 650
723 1416 1366
35 1148 813
462 1127 474
1194 59 1418
841 699 1190
80 1134 1195
523 713 977
1384 1380 1093
1186 315 173
792 758 897
1444 1049 29
159 528 974
257 1446 1398
222 34 659
1331 686 171
657 67 910
782 924 76
574 893 1412
115 448 1404
1120 707 1463
1067 1257 538
1263 1365 1440
1418 443 1033
324 623 212
560 928 655
631 1445 325
1320 414 596
1203 128 367
611 1036 781
1281 946 369
423 776 808
1211 949 113
424 492 838
1081 42 1234
233 68 638
335 171 1262
656 574 821
347 1476 197
1450 386 97
305 942 493
296 1479 1367
96 324 21
242 525 1109
766 633 1116
788 1335 805
1278 373 1114
988 127 328
958 1343 1489
336 412 818
446 6 1332
972 16 494
1440 1276 1083
447 43 1096
918 1330 236
127 614 852
1155 73 76
688 1157 1079
937 445 1022
415 727 413
1283 170 622
94 248 614
1497 314 690
718 1383 656
258 767 343
788 584 329
1194 909 723
1252 529 1252
1160 661 707
885 349 985
523 1035 1152
601 504 433
418 857 115
1188 517 1088
515 871 1403
1434 1379 1273
343 304 1435
285 269 844
872 1342 117
850 1134 425
537 841 217
464 196 1395
680 1460 1058
881 500 311
1471 1510 160
818 83 861
1381 1125 1338
263 864 1363
409 120 1343
207 392 817
834 255 41
1429 1416 381
1171 512 1159
1508 1508 1245
1177 1317 637
406 1458 599
1527 1373 1139
1446 1062 1233
513 827 811
1258 1420 469
1174 870 108
549 930 989
1017 674 699
244 630 258
671 1524 1137
979 311 139
932 1486 314
1267 562 457
1213 1251 175
325 809 1505
674 965 1148
284 120 455
1102 1497 651
1220 1505 910
666 1401 743
1 29 555
19 1286 193
883 499 359
1364 615 552
1324 816 723
1207 288 810
876 799 1320
639 665 335
1126 934 36
1179 527 378
198 1132 1140
832 255 980
205 598 1545
1158 181 622
246 1556 121
938 10 545
429 1519 278
154 80 796
228 1443 937
897 371 155
770 1255 338
828 763 393
1235 926 438
1347 81 759
686 1004 457
953 942 810
42 611 896
1162 1355 26
242 1286 700
726 1464 1509
1468 429 1380
1521 403 1257
434 136 919
390 428 957
1160 1364 328
1315 1153 226
353 1157 496
766 1578 509
530 1479 323
375 789 168
68 266 637
1304 1064 954
949 1347 50
294 1084 92
1322 950 656
1011 1040 583
564 124 1071
1358 1528 1123
1480 518 1284
817 930 1409
1052 1556 972
950 255 985
1004 1172 959
940 1478 907
315 996 801
666 21 820
787 995 414
712 200 1338
690 813 765
113 1131 1208
332 1354 987
624 460 1392
98 1036 255
263 936 818
1530 484 1483
1419 1438 20
143 140 239
1032 130 1530
1106 210 236
458 336 1590
1037 1025 1106
585 626 133
1346 1397 920
1011 317 616
958 1579 1414
491 1470 1497
1093 932 1157
299 837 1463
295 1294 637
814 125 561
788 152 1493
123 616 1280
876 1468 567
551 659 1232
145 1108 1402
868 276 240
616 829 185
388 45 234
1635 1502 71
1522 757 260
947 1408 1121
693 321 1389
850 573 1213
850 574 1058
188 1169 895
1423 1096 1653
1079 808 317
1077 261 1480
1164 1192 1429
1151 85 384
975 1646 1073
794 52 840
980 693 114
727 577 1326
1209 1146 50
1553 747 850
78 250 38
283 600 1419
1634 656 1659
834 819 789
204 28 1549
509 1007 1013
971 1574 888
1153 750 485
1648 127 563
646 841 504
1110 488 1171
800 457 1017
319 1246 1212
351 484 207
241 1451 1655
550 1192 379
13 1050 461
86 995 1652
363 161 1564
1357 1668 1273
888 1001 1173
431 625 253
934 241 606
95 22 1180
548 1014 563
383 50 1145
1470 657 1617
1587 594 1001
742 1653 934
1411 787 365
603 416 102
1030 874 873
1305 353 1695
986 816 1247
1535 138 210
1678 1246 1680
324 623 1326
1106 1473 696
472 169 1269
632 176 1250
1450 1700 866
529 1160 968
704 934 478
1393 272 462
512 1118 69
871 682 499
1680 754 1473
1432 409 1301
280 1683 632
1688 826 484
1335 24 170
1646 443 979
1074 1014 1450
1677 522 1046
1166 650 1593
280 63 1102
157 509 1251
612 25 1180
1314 1332 1175
664 406 1355
1380 1237 1578
153 1053 352
1178 1393 435
485 1628 567
196 332 56
802 871 1232
154 444 151
1235 202 1621
328 30 425
1607 1114 1474
975 1593 715
385 1488 69
290 1562 253
1302 406 1232
112 687 339
1078 1645 1599
1711 183 1565
1215 216 863
522 21 778
583 1702 1593
737 1133 1636
542 1057 512
1711 1737 1724
676 1224 451
1453 1619 780
886 776 974
513 684 738
943 918 80
1256 833 1740
1438 815 1411
1257 1281 136
250 716 570
1246 52 536
1367 608 769
1389 1525 804
519 1000 160
974 891 828
1740 1474 679
955 672 68
707 117 930
1440 1419 1564
249 1196 1670
1519 1057 389
481 6 342
1448 335 564
179 70 446
1477 1278 1664
1739 1681 1047
1700 1235 1671
986 1245 1123
1189 50 324
1360 1524 1622
122 1431 774
1509 469 1399
556 84 138
1613 989 871
1651 968 1537
684 1003 1240
1164 1109 185
104 65 505
1161 729 1357
857 1519 546
982 902 141
1078 1738 1373
436 591 252
943 547 1721
1364 1571 1031
260 847 1227
195 1471 951
708 338 1483
1093 943 648
440 1200 1578
1289 1431 402
400 384 52
1035 1204 397
231 515 1350
829 804 1771
1625 986 61
1498 1593 1628
249 172 382
1772 625 265
265 1446 1305
254 574 201
1357 246 1784
1171 1218 1769
277 199 1603
651 504 241
911 234 100
583 1587 325
1252 916 112
1351 616 481
922 1085 850
504 883 307
309 1764 531
1429 177 836
487 1797 1013
1676 1076 213
990 1230 144
24 167 1288
916 451 913
1766 1523 1250
1759 600 880
377 1176 1138
1308 463 582
522 865 83
1407 1390 136
1151 1489 1511
1132 958 724
780 721 1414
461 507 1024
1800 1059 1073
1025 1073 1506
1132 1544 637
93 1373 1681
150 360 1335
1350 1445 1417
910 612 970
743 534 1564
145 1274 682
1548 343 43
355 736 1750
579 1558 122
369 38 1817
793 1352 839
392 883 1224
1375 279 1175
1014 169 1180
271 579 500
155 529 703
1341 906 1560
614 730 36
225 1752 909
507 1851 1391
217 450 735
1728 806 1253
1140 1473 1081
415 1603 527
1268 1708 145
839 1741 158
1383 410 372
549 75 1034
865 1443 693
1863 635 7
1394 795 1864
11 647 1610
896 1685 1765
1599 1211 330
1346 481 1068
1371 901 927
1198 1214 1184
1182 968 1185
794 1601 760
1646 251 1429
327 792 806
1132 526 1785
1310 513 343
889 1092 1292
837 249 1481
1623 1111 1358
333 1152 35
411 1824 1637
1559 1050 1547
1166 1751 1260
87 294 504
958 324 766
648 1679 1861
876 439 352
1270 1783 1730
1221 1163 1027
1770 515 652
1894 1678 734
1212 698 86
1559 1239 338
118 1151 1841
667 106 924
1284 68 58
929 1598 1187
1138 1339 442
465 1462 1685
1849 203 1628
945 56 1265
50 1496 1348
41 284 1516
626 315 396
381 1162 1522
1131 451 611
1648 105 1869
1546 758 818
1791 1523 1369
684 1050 784
1819 42 1127
756 1217 167
1497 1337 5
1636 902 1093
1245 663 1360
1308 1176 234
826 1538 1830
1510 470 364
545 168 1700
1740 1358 1365
233 1913 600
1201 1493 1437
292 517 1239
515 1087 1230
1007 146 1421
817 1192 198
1683 987 187
53 1379 1113
867 1917 1753
1503 64 84
489 719 1316
1776 426 31
195 189 1084
1163 638 1355
918 963 1414
862 1559 537
1388 509 1708
1710 145 782
34 818 103
924 1174 1907
121 1569 1543
52 1738 919
1145 1638 1797
1901 241 1168
1423 238 1489
889 1336 835
435 572 1764
1320 326 1700
524 1850 564
1376 381 1106
96 1847 1224
714 350 1532
696 1878 609
735 630 1545
840 525 898
477 465 691
1006 1700 1355
647 1669 216
1655 21 1078
712 1349 1318
1881 235 1300
1416 1664 664
1913 621 853
1474 521 1015
582 1891 1939
989 1328 1754
601 1283 1587
467 342 1065
669 718 1161
390 384 618
968 1153 37
1757 1822 1404
1076 846 740
1024 481 1798
320 919 791
358 507 1525
1019 1543 79
1432 77 1642
1556 1702 1481
913 1339 1819
1314 1853 910
1740 1594 530
286 908 166
139 1900 1275
118 454 1580
826 1563 1485
861 618 921
1297 481 696
693 819 746
387 1119 1605
239 846 1049
313 1968 1133
1450 1937 83
294 1319 40
1983 490 18
1820 440 1230
1755 1511 155
1423 1870 541
1191 270 172
165 1830 1642
1872 1733 1079
1412 123 1193
1854 968 214
239 1589 1204
45 1584 847
1950 633 361
1784 1379 1589
1186 623 1381
1750 486 537
1223 508 504
201 184 750
705 126 1156
59 210 1409
1201 1126 1730
1550 1053 576
1423 1340 1177
516 325 1067
1107 1229 1550
1250 1217 1620
101 1749 498
1854 457 1734
1313 1958 1882
1303 1475 1052
1380 0 1858
1163 861 1994
1362 342 146
1738 996 1716
1310 910 1744
547 1059 180
1176 261 410
273 1056 1199
1264 1261 520
835 653 1146
638 1037 822
546 963 1733
1798 1132 491
1531 1059 253
509 1277 1133
875 1531 1523
198 38 373
342 1991 160
440 863 1140
1192 1483 1994
1845 1306 892
2007 1920 953
1836 1212 198
1849 1888 865
121 1500 1530
1690 702 1285
247 487 1884
410 1371 1386
2 102 755
1988 1289 634
423 1664 310
1663 1342 473
558 1757 963
1720 1779 628
920 1955 249
1225 793 1148
424 65 147
574 1387 1111
1922 1203 652
1464 1529 786
1008 987 1041
981 615 1073
365 427 914
1208 2035 860
750 337 904
285 565 1057
792 1182 684
1233 1557 1297
458 651 1746
1500 605 263
960 1792 1998
460 1378 772
1143 1090 1565
1508 936 1739
296 876 1646
1456 1321 1946
1150 1777 1997
164 341 605
1229 1657 174
1643 1300 1967
309 1972 1539
563 1002 1747
1383 1572 365
1786 1829 568
488 686 2020
1474 1489 63
462 1943 1345
541 1484 359
229 633 542
1133 1338 1683
1403 1568 449
583 459 97
558 954 1070
793 497 611
262 834 1679
1606 1945 708
937 1333 1552
818 1544 199
2095 689 1702
298 651 1911
247 115 1039
493 1801 1125
2002 781 1758
427 526 59
308 1767 882
1832 1288 1166
89 521 2111
1710 1622 729
999 565 394
1179 494 1091
1186 1502 162
1832 1313 693
601 509 879
1146 1598 1259
943 1511 148
1520 881 1460
1977 923 1547
623 1512 987
1948 1134 571
1302 490 1609
174 1108 1609
1852 599 306
1608 387 373
588 1091 1296
1157 1023 714
468 1082 2085
1126 1941 1409
249 684 370
974 584 392
886 854 775
312 1195 1080
1207 1825 1035
1370 1563 253
1707 1864 1706
1448 394 159
1495 564 1982
1993 830 880
444 210 1394
945 1018 1011
1221 290 121
721 2027 2008
1654 493 266
703 649 1885
847 112 1334
1804 830 2097
1524 1055 140
1356 1695 1953
633 747 1659
2047 1701 1857
620 1713 1750
1386 1910 369
1344 638 1334
1103 1420 483
350 490 810
160 1356 1016
552 1879 286
1562 1958 2078
533 1402 417
1731 761 72
7 2030 506
928 1250 408
1442 449 2163
482 1751 1960
125 1548 1004
7 73 295
786 1742 25
893 758 639
678 1893 252
1750 959 1382
1482 153 804
1900 649 793
458 2043 715
1350 1912 636
1318 434 707
829 783 147
1432 1752 771
2111 1883 629
725 1981 1152
1833 970 1887
1603 428 1013
382 1925 1288
1007 560 351
936 1199 1987
1020 1201 974
1253 1642 2108
1233 1186 1118
203 1427 803
638 218 219
1320 991 1540
1066 1717 1046
1843 241 1005
1954 747 1160
911 274 1006
1717 1733 774
2117 1717 2195
40 1000 761
1601 400 280
390 956 1903
844 644 1817
344 949 1474
246 1435 1141
1205 621 398
1748 177 1982
467 1923 567
1676 416 1695
1656 1797 1087
1659 1298 555
214 1120 1377
432 2106 212
1657 2110 308
627 1254 1681
657 926 905
239 1198 348
705 1296 131
237 1321 1429
1882 451 771
1921 749 2077
870 1672 1472
563 1570 1113
1320 1495 1714
823 1045 39
1701 539 2056
1000 1319 859
19 2057 494
148 28 1126
992 2021 846
1092 1193 243
1471 743 337
653 1492 2194
1288 493 56
890 384 231
467 150 1801
123 15 1669
1735 1151 474
1386 182 123
674 962 1321
158 740 1309
1432 1398 824
1628 238 1805
359 42 875
1814 800 218
590 1773 1900
1474 1110 2090
1602 2146 1659
314 297 1569
701 855 460
743 893 1159
149 878 1097
2201 1108 1395
47 47 948
729 1125 2217
1377 1757 393
966 2077 1863
1068 406 1226
1452 1033 1241
2138 1211 237
272 1944 1364
123 348 1160
367 799 770
1374 32 1091
1627 1085 1131
1074 1049 1180
359 464 648
1235 443 1038
494 2271 1827
245 806 817
923 2143 130
100 1433 1649
459 1863 554
388 574 288
874 251 185
1437 855 1823
1013 1266 1623
1534 239 1977
1100 2036 30
1783 521 618
2101 76 214
1205 835 1642
164 1109 1006
533 750 1879
65 1661 2179
730 504 1157
1434 173 274
1268 1276 885
325 1684 1463
1291 264 847
1462 852 1750
2174 1056 2137
1912 681 308
1318 146 881
744 855 1567
1138 1070 1550
551 1285 2237
1461 1849 147
939 2029 474
604 1184 376
253 2301 1432
1908 1665 1561
736 1203 472
1097 311 2104
2266 2155 2109
1047 754 1449
1691 1959 1712
682 1762 1462
1730 1053 1839
59 1496 1718
1761 2046 1124
1141 693 1883
164 1359 2108
364 722 73
1079 310 1435
199 1190 1800
80 958 2063
2229 1762 1954
1497 128 777
722 966 480
1818 244 1706
512 831 575
770 2071 1105
10 1597 1116
31 502 1758
787 1789 1632
813 1820 1368
964 1236 1912
1852 1412 205
2021 1924 703
1912 1297 879
1796 10 615
633 664 2302
2133 2075 1069
631 753 176
2090 1768 454
374 492 1799
2139 1792 1083
1813 145 1831
1905 1935 866
46 447 1960
649 2002 2271
2067 191 1059
2049 554 1529
472 758 1617
1241 372 492
1247 975 1173
891 1311 1013
1858 461 1063
1385 791 1412
2238 2072 318
1794 2226 959
381 2171 1382
1516 1265 1795
2275 424 1000
1450 71 1200
1450 578 1756
2187 1067 786
23 1205 1565
1034 325 1553
960 1683 387
596 200 983
1088 471 1185
757 1459 850
1697 62 681
1912 942 333
1224 725 86
53 1740 1595
1300 1319 699
1288 1342 1775
2229 701 1982
3 679 28
1637 1929 236
306 2227 2131
1337 2216 179
1886 615 1690
1207 1547 1630
1825 1746 843
1334 191 1598
552 2052 640
1908 430 1549
400 1559 1963
1414 1701 874
310 1063 458
2313 995 106
1505 1015 2360
2046 121 1695
8 1723 529
1343 395 2309
2010 1287 113
301 2006 1322
114 1770 1886
1231 1448 925
1746 1489 1621
1196 893 1556
2219 2006 383
202 1338 1040
1224 160 1915
944 1879 2061
1949 1088 1990
209 1148 2287
1510 445 283
1493 1181 1921
2097 1485 887
407 918 2310
332 2353 677
2271 1267 974
530 1727 861
2369 1992 1259
2031 455 441
1700 112 997
2264 1531 860
2090 871 1444
1594 2391 1469
114 985 2294
762 783 360
2010 1007 1899
1489 788 10
1566 790 2212
1636 367 1924
1996 1272 2241
889 892 389
2369 375 960
691 65 1558
2252 295 238
2074 2268 47
1850 1024 2121
2176 745 2194
1708 1641 2018
2369 189 2017
2116 1317 642
1638 626 2040
1724 518 48
1317 1742 394
618 1855 2331
1938 700 2001
583 2110 1408
2182 380 1588
87 563 788
1907 2233 126
651 1891 2105
398 144 52
58 1388 2070
929 943 2272
734 862 1025
1023 2375 1195
1293 1901 1403
12 839 1283
2371 2402 47
1064 1012 1630
2321 1752 1544
2201 649 51
1388 1599 2017
1761 1748 695
232 2287 361
1993 2358 1071
617 1059 2349
229 490 1151
447 175 907
1591 680 1584
1033 1217 2057
2342 931 1348
690 1399 396
418 696 495
433 64 2029
1168 2207 835
192 2432 1764
181 603 1392
756 2363 302
1902 1847 897
422 1238 417
1274 629 1321
1710 1680 218
1827 1286 797
1273 1839 323
2283 1686 495
470 1738 579
41 2213 133
1742 906 142
2103 2076 2312
428 209 2413
342 350 1245
1512 2133 1169
1672 1291 740
1229 2008 1100
2194 1013 560
1329 1869 2292
1546 167 1147
1726 1827 654
1169 745 450
618 1524 792
197 643 670
1849 483 513
1467 800 1899
2236 2083 1649
215 2020 912
1311 565 1674
2185 1049 2284
1737 693 1761
467 1387 786
2283 1071 413
991 2206 1164
428 1427 317
892 2113 1848
227 1150 1975
1160 1009 150
1702 1020 456
1537 195 1714
253 1967 2175
2496 938 1008
1 1119 1716
2432 1565 1342
2255 287 867
2481 566 2229
1653 362 1214
2238 1017 1296
53 1821 1329
1973 2137 2130
1647 1003 149
2127 122 1886
2014 1695 1874
854 751 1219
555 92 906
693 2302 546
887 2207 2173
1230 747 468
2452 540 1379
360 1513 1736
2404 2124 1385
981 559 733
1487 2347 1749
2349 140 1842
2533 1132 2243
1324 1912 1267
1681 516 42
1560 73 834
2243 2462 23
1225 692 648
1373 1812 2023
1889 465 2378
1177 1399 2285
826 1505 169
2361 1264 2408
836 1442 1997
2213 1951 257
1832 1357 2493
1018 1173 791
1599 2013 591
2490 1132 282
1993 1393 2147
933 2483 1711
1824 667 1995
1565 1124 470
94 354 1112
2180 1597 2482
884 586 827
2508 1058 363
452 1365 1421
1429 2374 1382
2519 734 2062
2523 324 1707
904 1720 1010
2052 423 1473
831 2270 2232
2058 641 1434
723 1771 1855
1904 429 1021
2447 2243 825
598 1045 2028
1088 94 1389
1072 923 368
776 781 1746
779 1988 740
859 307 563
2145 961 1116
2164 2441 437
239 826 1670
1572 128 2165
519 2559 1472
1268 2072 450
1986 744 1546
976 1401 1731
1349 649 58
719 2376 1102
1676 1566 2325
647 1639 526
2053 2086 1302
2464 1140 1415
1053 458 1693
764 231 2388
2021 845 777
1875 2427 666
1790 1471 121
1428 767 1482
2424 1579 2179
920 2070 2145
1442 1101 1948
2092 1907 1686
599 387 2445
328 2130 2317
1244 1947 1592
1108 1634 1598
107 1952 607
177 94 2018
3 2455 1578
1188 1698 267
2175 2248 290
2254 1526 2239
1951 502 1420
1751 34 1309
1528 2085 231
2520 82 2107
1726 750 2550
2482 1082 750
1638 1825 1938
1998 1988 1944
1663 2505 2559
2358 986 75
1924 2268 1369
2520 2551 1444
396 1815 1409
2401 1333 679
2510 1026 876
1148 1497 1002
1436 848 229
689 221 1189
2179 1440 14
1988 1579 2150
2168 1839 2484
2628 1817 1146
173 514 1392
508 835 1967
259 2447 104
2058 1480 821
292 399 2316
1108 1707 1064
503 1835 389
2231 142 115
296 1216 2474
926 302 1365
664 2277 2259
338 246 671
215 656 2291
109 314 1373
635 1264 1753
1458 603 876
1027 1497 1774
1812 2281 441
2012 208 816
1730 2567 1477
1460 137 302
1372 283 1339
176 215 1631
451 2615 1295
2484 2392 1023
1225 1398 1603
321 2203 2493
1259 2501 1069
2023 867 1364
1940 331 2257
1072 541 956
600 1576 1049
235 1139 384
582 503 1877
556 1735 2643
2497 2422 1434
1630 1612 1653
633 2416 1896
2539 835 1014
663 1134 894
469 1289 1256
658 1795 615
1081 610 1370
636 747 1998
2405 1357 351
77 2201 1640
930 1744 1719
2560 1009 2317
2294 441 2229
1234 636 1068
725 595 1316
406 5 1227
1802 2594 1937
898 72 257
846 1266 564
1318 2394 784
1162 64 1157
778 815 2490
813 2373 2166
848 2572 475
2639 696 2557
168 1820 2307
1006 2336 1036
2455 1490 1140
2239 2369 857
2117 668 1919
1470 2519 496
1821 2328 1963
2417 1036 973
2485 2112 495
1786 1029 2617
15 1121 146
296 360 695
129 2592 2444
1845 631 1113
157 796 2050
2463 852 2132
102 2105 832
658 2094 2380
100 12 1555
1275 1065 2552
1133 1330 14
647 1224 525
46 892 454
2583 2399 1366
2326 1373 2584
2170 537 175
1255 903 1864
1609 111 940
969 132 804
198 1525 192
2667 616 298
1517 1978 1118
1141 166 2437
1164 1926 1574
2076 1317 994
2461 2206 126
2504 674 1656
2491 697 1098
1845 1347 271
2298 401 1929
274 2702 243
2160 2216 112
2683 1960 1784
2020 330 2250
2251 1710 2665
1438 2390 2249
549 1378 761
1065 2082 2520
2045 784 35
1110 2294 1933
2485 996 954
1848 1856 2435
206 518 196
373 767 2182
982 1933 787
2410 2379 2513
1222 655 1687
74 1286 1431
2172 62 604
2539 324 1435
787 253 1073
424 1071 433
687 2241 950
1198 972 1114
723 2624 749
1482 621 885
1459 2323 942
1896 1167 2350
37 607 1539
1037 1805 2202
1117 1276 1823
1740 1668 2597
2123 2729 2443
1657 1593 2425
963 364 2019
765 1582 747
1181 1342 2340
1116 2635 2227
1200 650 454
2599 1441 2170
2717 977 1801
2462 2648 1174
111 2538 1368
2605 1218 193
1612 1207 1630
2488 1187 1224
1477 2289 1712
2097 1306 2244
589 227 309
138 2193 1616
1759 134 33
2222 246 2282
2447 447 1677
735 447 711
1002 1046 1418
1357 2529 2095
1111 1960 1036
1286 1948 805
2469 198 904
2617 56 65
1632 63 1425
556 82 630
2433 505 1441
880 2139 1102
194 1779 1386
401 2041 258
854 452 110
2349 1110 1253
315 923 2604
1093 1552 1456
673 1044 42
1936 101 1529
2252 2040 497
1977 1193 1407
244 207 2562
1189 1254 108
232 1461 1685
1856 2545 2588
1461 1374 1721
649 1840 952
836 2745 789
1964 1933 675
702 414 1471
663 1031 1780
345 1122 521
751 1952 879
2274 89 2494
672 638 1699
657 1368 1496
2368 387 35
1814 819 670
2373 1728 2265
650 1253 2413
1390 1129 1902
1397 404 2048
411 2324 1724
1200 1852 694
42 1946 124
1886 254 1284
347 556 2359
2484 995 1121
182 616 2060
2093 1500 1958
1767 2531 1345
1885 322 2589
1498 2063 745
1655 1042 140
2766 1261 2056
181 177 1333
463 2195 492
2497 1767 1783
2368 2559 2787
195 2366 841
1766 1795 2620
2299 1918 147
1126 445 1017
280 1407 2109
1843 663 2819
429 350 267
255 1991 2678
1993 1630 1439
701 2298 1869
1349 471 1699
1449 1761 188
504 1314 1855
1705 2072 2543
2595 423 1162
644 2682 689
1844 2350 258
1771 1020 1648
849 1613 2496
146 778 311
1749 2649 1642
959 473 2296
2469 1542 2120
2758 2641 1037
1574 1072 814
994 151 888
1489 2163 378
2397 2320 767
2686 2804 400
2482 2166 1167
1122 8 2000
672 636 1140
2156 806 860
2167 2488 1323
831 2768 1922
2084 1845 829
2403 2253 1446
538 2828 418
1556 1932 1417
603 625 90
2673 282 42
1873 1077 2881
916 1715 1007
2713 1854 1982
1136 287 2715
1544 1648 1505
1020 2797 977
565 1810 2370
2206 2618 2673
2786 1446 1555
684 2552 1879
879 1893 2178
2788 1069 2599
111 366 122
2415 1289 1860
2733 570 1381
1799 1214 2665
1440 2280 160
2880 300 539
934 874 1428
232 8 476
1458 598 2622
2284 1778 257
1495 1644 354
838 1243 1891
2228 892 413
1698 2555 101
1332 2443 1704
2696 1860 1459
629 2307 1181
346 2294 1932
2076 459 2568
1846 2218 1534
282 1473 878
2092 2356 489
933 231 1649
1075 1804 1654
2073 1036 2300
481 1933 1333
945 1549 1883
2822 1323 1097
2266 118 314
1659 1575 886
1993 2717 504
2268 2569 570
51 2135 681
1819 1934 2598
262 1560 305
1697 1981 432
537 65 1947
212 2419 230
1150 1790 1437
2091 1202 907
1356 63 2126
127 211 2608
2346 420 168
123 2410 1345
1372 969 469
542 1129 771
581 562 1174
234 479 1451
1591 2007 533
408 1868 1175
1285 1570 1096
526 200 521
2324 742 2040
980 2575 794
1366 1621 236
2453 486 2628
2297 2159 128
2557 1311 908
1069 2541 259
741 1266 2196
340 409 1488
497 2529 2398
1250 1551 660
2000 944 2560
2619 1704 144
397 1386 1277
566 803 483
852 1841 622
20 1864 1503
1142 457 394
877 518 1445
1435 1538 1595
461 1515 1864
1553 2848 597
277 1378 222
676 1583 1280
202 1576 2311
2720 1628 978
315 1271 2487
2457 311 296
313 468 2716
2233 2258 12
2166 1617 422
391 1893 500
25 1655 2251
501 2230 1405
1516 95 627
938 634 1969
631 1310 1286
1372 1784 6
317 586 2196
96 2907 980
646 519 1677
221 1624 548
301 1838 37
2189 1086 2032
66 1986 1809
1902 859 320
864 1397 1202
710 2126 2580
108 2516 915
2660 26 189
1671 1117 4
1997 2103 1059
574 1182 1586
2664 1187 539
1443 2652 1677
2817 762 2939
776 1475 2995
2189 820 504
1691 1543 416
395 461 776
2920 2689 328
976 1482 2945
2143 540 504
1067 2899 1787
649 1390 732
296 79 430
1752 2471 147
750 2113 2995
2822 1387 518
893 392 2552
826 505 1890
2963 60 939
644 2874 2633
1217 1459 1022
954 1401 1454
416 2140 1992
2428 452 835
1852 479 316
2735 1437 300
2669 2308 719
1319 1121 2557
2519 2845 2047
2391 1698 2872
1611 2189 1036
3016 482 1634
1871 2226 2528
744 2124 1053
2789 2877 2037
2736 2308 1385
484 1491 2820
20 493 353
2953 79 1895
1890 226 2825
1063 448 1954
1972 133 1521
1281 2512 1093
1809 2577 2654
304 1769 2856
2011 387 1583
673 2729 524
1292 1674 70
1149 1804 333
147 1576 868
2783 2772 3043
917 2899 436
839 654 1141
1419 1767 2377
1406 695 1055
2398 17 2628
2797 1879 2637
2564 644 2265
392 1110 1950
