3267
0 0 0
1 0 0
1 2 0
1 0 3
0 3 2
5 4 0
5 6 0
6 4 1
6 0 0
5 9 0
7 0 3
9 3 11
10 6 10
3 8 9
4 0 2
5 11 9
12 8 0
5 6 5
4 10 2
17 15 5
4 15 12
14 16 8
22 4 13
23 23 17
16 11 5
19 21 4
14 5 6
12 8 19
4 12 7
21 21 26
25 0 21
26 15 13
6 19 25
17 25 32
33 3 20
16 24 15
23 35 9
21 10 20
5 12 0
1 13 4
7 14 8
13 10 40
19 12 6
22 40 21
24 9 29
16 32 6
6 41 1
33 31 2
18 10 2
5 43 48
39 1 26
43 27 12
14 37 30
14 10 18
39 16 29
47 54 55
48 26 56
40 11 26
50 22 33
45 31 36
8 0 34
37 13 18
10 52 30
31 5 38
44 24 48
46 37 25
53 26 48
43 35 63
68 52 43
38 60 5
21 35 48
8 34 60
49 37 15
58 43 41
51 4 59
42 38 20
1 33 29
5 62 2
20 55 14
37 77 65
70 46 72
14 21 13
45 50 64
16 57 49
36 66 20
53 12 16
86 36 35
21 60 39
65 21 45
24 0 69
46 78 84
2 1 31
43 66 79
89 89 37
64 25 41
64 1 26
90 14 87
68 5 37
76 63 22
93 16 19
12 39 77
21 71 15
63 34 5
2 62 78
35 40 48
88 49 21
94 28 79
98 99 8
18 102 27
5 37 19
92 49 77
72 82 54
89 58 106
40 97 59
19 20 100
53 56 20
76 63 2
55 61 97
90 77 75
38 56 8
89 80 51
3 72 87
11 4 115
98 114 14
0 96 70
32 67 10
96 100 66
33 107 35
88 85 61
6 32 112
95 59 9
65 99 112
119 95 90
89 103 101
55 87 70
45 47 17
3 131 134
130 44 62
55 46 120
57 62 91
48 124 114
39 43 47
32 75 78
87 117 104
15 94 41
43 97 57
136 56 13
77 41 139
49 145 70
8 57 2
116 61 117
147 84 22
8 60 66
78 135 130
146 53 34
153 69 8
5 47 36
52 130 97
18 101 92
113 95 90
113 35 81
149 129 3
150 141 145
66 147 45
108 50 103
57 75 32
23 95 50
87 55 41
16 74 127
48 30 162
151 28 20
72 20 92
109 165 38
70 173 148
48 92 9
141 81 104
97 34 156
100 41 148
58 177 70
47 120 12
1 45 141
58 102 153
2 30 133
7 150 33
42 25 57
95 140 145
81 90 165
73 50 178
150 71 48
10 32 10
150 69 38
179 83 53
101 15 149
147 190 90
189 17 192
158 165 56
112 6 4
148 60 52
76 182 120
181 138 196
3 14 89
200 163 108
38 186 19
88 161 118
21 204 185
157 38 41
168 78 31
145 72 20
173 104 76
200 46 2
9 70 74
19 55 79
178 40 138
114 19 126
210 16 54
125 2 82
66 216 159
72 108 22
206 151 44
193 144 111
89 95 204
52 200 168
133 125 57
102 16 142
171 144 92
62 9 71
71 79 84
133 216 103
161 34 92
86 99 124
46 82 74
93 91 137
154 173 188
6 140 134
15 136 123
61 116 235
155 143 163
130 102 76
156 143 101
94 94 203
8 218 154
139 59 165
65 4 83
96 234 27
191 145 106
88 72 154
37 23 195
218 160 196
209 1 191
246 9 124
181 6 188
235 39 113
80 199 198
115 15 202
0 23 81
108 216 225
197 126 123
188 22 204
54 61 156
118 91 43
76 200 113
236 31 76
159 100 107
263 35 202
126 56 204
129 263 161
256 14 33
43 149 167
167 77 39
162 157 265
226 230 63
17 121 14
187 1 165
170 122 155
88 117 10
162 188 263
187 33 70
223 30 124
249 108 78
12 55 23
5 217 32
137 91 7
8 25 17
258 52 175
26 31 71
50 189 236
216 284 163
216 12 1
109 284 148
134 176 31
184 161 243
15 61 286
280 157 254
23 163 139
150 109 181
276 47 28
253 154 34
206 258 43
273 178 104
134 93 277
103 71 52
116 179 42
126 135 265
6 63 21
129 29 230
285 207 7
79 222 39
283 13 302
18 186 67
98 43 226
267 72 208
214 226 40
217 146 297
0 36 105
75 212 289
283 284 231
308 241 233
94 144 215
252 41 85
150 19 263
293 107 138
198 207 62
108 178 182
114 201 300
279 306 165
98 179 45
234 147 189
181 257 265
0 15 323
114 230 37
45 270 222
84 328 278
158 20 111
296 206 16
66 270 32
126 54 131
291 238 108
198 219 217
287 20 8
153 321 330
229 316 35
246 253 300
60 90 247
197 93 95
165 110 138
260 8 39
78 188 121
239 28 96
219 153 140
185 233 301
36 278 60
87 119 110
287 162 167
128 137 244
248 208 323
308 237 252
3 230 6
42 302 31
175 155 70
274 59 100
282 306 327
38 325 160
189 128 96
153 313 44
155 39 259
285 311 73
329 239 346
186 162 174
184 19 149
189 135 81
132 239 370
193 278 65
174 301 214
334 234 173
116 356 200
329 364 287
248 336 279
42 277 296
324 127 121
54 276 288
11 144 146
139 294 173
239 246 59
303 284 287
236 201 106
371 153 143
143 310 92
380 45 203
108 266 318
131 343 194
152 6 358
61 204 245
8 12 47
259 295 253
240 387 37
338 77 55
112 183 69
13 32 118
352 256 247
93 133 193
89 221 354
39 219 170
97 158 321
367 274 26
14 116 44
173 131 201
135 303 101
22 391 12
17 109 282
380 241 3
290 278 200
365 3 355
289 378 149
279 197 388
44 306 36
187 23 47
109 181 351
348 374 242
271 179 309
248 237 352
111 9 269
234 306 16
105 28 85
144 384 16
166 255 387
192 285 89
356 342 244
25 48 112
380 391 405
9 291 29
240 200 77
70 199 7
68 141 337
93 353 372
5 323 249
82 82 264
97 204 420
436 130 246
438 186 181
361 344 87
40 228 295
290 292 123
305 4 326
308 436 398
242 88 116
156 207 85
156 207 148
189 33 332
246 91 183
441 158 116
348 7 46
84 40 97
188 330 294
146 6 269
423 248 450
122 225 307
63 349 441
261 49 447
179 98 221
433 165 122
418 96 159
435 334 226
36 371 171
73 273 205
256 148 332
224 380 324
462 365 268
53 429 58
82 218 77
19 374 120
194 337 14
208 204 415
188 76 135
304 470 46
275 369 153
177 385 406
335 242 293
400 33 246
419 3 158
220 294 367
342 279 12
320 254 7
381 34 36
25 420 179
181 276 9
312 71 154
392 122 301
155 146 61
96 109 54
472 279 207
52 261 127
86 393 290
458 470 141
373 270 348
386 431 421
275 436 261
317 355 296
184 23 371
21 321 455
416 355 400
165 269 62
405 38 343
199 457 8
160 94 114
176 237 83
82 226 236
330 357 81
507 144 474
377 485 273
249 123 13
125 242 46
6 129 326
85 298 173
129 345 139
500 261 250
235 383 109
318 108 127
281 171 380
88 40 71
136 166 359
148 468 502
323 68 86
151 355 250
380 104 176
470 271 364
376 81 314
179 151 255
114 514 18
221 13 10
252 219 348
343 442 237
277 184 480
120 392 78
145 78 471
387 420 25
118 349 349
417 261 261
193 515 94
317 207 96
272 40 470
429 119 165
444 410 379
203 414 138
336 126 13
262 429 142
47 92 117
53 417 146
407 142 530
466 341 58
168 21 59
306 209 91
520 213 509
355 333 250
445 396 243
148 169 244
111 489 145
294 71 394
106 407 481
99 257 461
300 293 296
22 41 198
404 436 3
169 432 203
435 294 330
302 534 88
238 408 131
348 1 380
165 442 422
33 317 448
199 236 315
445 495 455
502 203 315
54 496 43
421 122 335
433 58 573
557 331 412
143 572 236
10 65 437
402 100 106
146 386 262
324 428 31
205 297 320
128 520 259
440 38 503
65 162 203
434 559 433
584 199 487
443 157 71
4 120 93
116 289 18
201 562 201
266 106 402
411 167 378
60 476 267
413 562 162
293 212 144
28 214 269
362 347 554
308 366 373
312 148 242
595 174 214
516 266 580
126 79 83
569 370 5
136 584 105
171 458 98
476 261 35
88 264 109
92 487 579
450 105 401
371 487 249
205 529 517
532 418 297
65 299 97
499 204 334
151 410 306
170 422 214
66 227 558
123 128 425
47 147 182
110 453 510
589 106 225
575 533 517
450 539 433
33 37 137
121 470 520
136 542 290
426 584 617
624 277 225
177 13 473
528 585 318
278 319 533
0 116 284
426 254 89
426 377 27
218 489 317
123 550 534
74 37 340
579 106 367
239 47 429
359 636 381
415 597 196
62 92 108
212 399 244
371 290 413
645 271 471
465 608 619
140 617 176
560 129 49
501 598 94
26 543 613
415 60 66
651 100 21
268 77 384
564 559 342
392 634 281
73 113 381
537 373 106
495 599 531
562 153 16
500 139 244
89 68 337
639 607 282
610 287 60
140 627 663
393 350 515
482 226 354
125 371 604
276 622 12
61 274 269
196 186 557
634 378 385
117 655 7
180 58 465
477 663 600
467 562 0
222 378 526
477 377 82
160 307 590
315 479 179
372 365 397
197 55 40
644 286 218
431 211 519
199 159 151
437 576 111
174 245 391
131 481 482
38 517 84
547 633 418
373 497 675
147 510 6
145 125 67
184 352 560
606 624 617
176 525 408
290 464 660
83 602 238
489 128 110
265 384 295
350 104 98
277 31 323
660 443 226
382 368 270
684 545 187
96 585 272
69 138 319
461 386 130
577 453 238
475 555 557
38 480 355
210 608 491
425 156 51
381 539 674
414 106 389
533 676 211
646 396 401
269 319 69
97 690 511
240 150 284
369 54 185
435 393 680
606 423 145
637 616 717
2 623 352
245 429 687
134 652 152
17 325 484
197 661 584
706 308 636
213 706 63
174 481 684
138 667 604
499 630 183
525 448 540
219 31 150
449 34 553
198 64 24
264 458 209
297 342 513
324 107 379
207 162 574
706 273 289
111 716 518
586 439 20
385 476 372
636 446 351
159 554 482
322 82 589
103 187 255
529 9 739
413 750 346
8 233 548
541 107 229
373 733 687
32 222 485
543 351 236
388 708 271
160 56 652
628 59 217
399 336 278
568 497 671
332 630 681
586 292 387
481 582 652
41 666 411
674 348 184
530 731 621
274 595 382
246 50 96
530 382 468
642 740 329
472 752 750
125 496 614
5 671 761
3 12 176
569 448 42
755 62 216
496 350 184
576 623 317
572 351 718
34 47 646
709 30 200
259 139 53
736 314 769
556 376 399
214 581 748
166 105 175
716 93 62
40 587 697
333 154 174
71 505 64
290 787 198
504 665 110
237 581 367
492 306 585
91 523 12
151 238 491
521 639 554
2 159 340
413 670 333
472 180 289
589 567 377
341 634 423
136 273 329
495 484 559
489 569 339
2 288 702
439 713 488
106 39 148
182 232 128
487 555 121
737 277 650
662 624 427
83 630 219
198 425 513
767 726 28
636 749 535
94 103 441
381 589 30
580 601 242
264 9 0
701 425 391
255 465 358
574 290 578
570 272 16
769 177 222
827 655 780
372 616 817
243 315 443
381 697 520
278 253 715
242 582 775
686 354 475
94 698 435
152 509 122
437 127 60
17 613 684
73 364 206
1 619 348
77 414 316
284 458 593
568 89 766
424 773 602
107 683 415
752 106 561
30 672 437
752 539 570
267 509 277
659 762 290
671 379 166
638 101 320
351 723 337
621 215 470
484 36 752
668 23 748
692 722 750
651 128 219
331 26 561
11 66 78
442 496 355
246 670 633
849 199 810
600 365 105
519 269 140
476 407 767
294 14 614
503 235 402
262 535 416
346 612 862
279 55 659
818 335 830
311 453 257
566 550 600
237 509 832
834 516 678
189 458 121
322 156 307
239 546 137
440 102 258
536 538 536
877 434 244
37 751 181
522 613 524
594 771 725
500 316 874
760 152 349
31 304 640
228 87 856
799 412 471
88 41 321
130 237 659
859 607 620
609 360 167
637 565 685
631 769 168
214 484 17
438 32 523
138 258 641
525 637 444
297 452 504
317 614 819
435 701 33
209 804 137
71 641 852
728 535 858
113 714 865
519 44 214
344 31 374
494 821 870
667 660 39
49 646 32
829 413 403
91 46 251
826 180 641
458 861 206
49 740 789
912 314 720
902 23 202
754 682 542
74 615 210
917 476 759
230 859 192
114 753 148
112 404 464
507 260 402
138 472 821
327 797 181
13 301 728
207 273 32
102 642 891
23 926 363
217 663 144
118 475 89
831 285 919
520 272 753
924 126 376
95 339 704
57 590 587
687 549 773
189 1 654
170 658 745
213 24 652
331 137 622
273 868 11
704 209 366
554 114 838
134 671 30
815 304 704
127 573 143
366 299 641
865 196 549
768 881 741
873 292 832
313 695 841
290 580 23
362 765 746
5 62 10
415 920 689
110 646 747
620 884 494
409 776 889
316 679 764
219 735 679
814 694 444
931 132 4
840 89 467
22 641 498
853 939 836
474 165 693
778 297 655
204 56 228
160 610 320
17 863 711
256 739 355
242 705 273
188 695 961
655 962 886
915 45 561
728 666 971
960 862 855
612 238 609
706 308 982
233 162 662
102 365 739
739 151 128
941 504 369
964 230 267
611 541 680
684 435 355
496 86 223
455 199 43
133 895 260
327 765 661
729 373 540
436 304 138
495 497 696
660 987 841
343 811 177
274 846 924
982 84 435
458 431 419
168 281 912
168 926 528
289 734 265
620 981 287
809 809 252
249 803 450
798 60 792
393 29 32
470 632 287
388 858 334
864 31 92
187 885 718
430 510 630
692 813 956
567 481 349
260 414 950
897 366 949
717 115 126
631 399 178
816 497 258
684 773 718
835 595 768
413 992 315
166 143 257
910 220 751
414 489 440
614 453 426
43 670 140
363 362 348
934 344 670
687 498 130
70 229 320
854 420 9
765 595 281
239 343 649
1007 135 11
205 793 939
1036 485 32
254 690 930
885 924 569
621 806 439
145 1027 324
306 331 248
766 430 603
316 704 90
255 594 899
746 77 124
967 831 542
971 647 12
1044 339 99
627 692 732
437 870 1020
423 1027 151
525 491 753
174 419 309
778 434 893
638 906 1028
770 498 725
872 212 63
367 1004 1018
322 359 37
918 613 989
356 539 137
330 574 546
970 573 479
592 888 207
688 957 205
686 991 688
929 768 373
386 781 636
399 709 652
632 703 574
578 46 438
130 696 770
160 1004 377
501 859 218
644 519 812
172 364 714
575 246 449
997 209 323
733 852 955
647 582 699
1053 422 779
270 991 718
40 546 851
160 873 1071
342 996 1004
802 238 82
305 768 410
158 75 132
469 261 544
131 246 41
149 1079 210
573 10 815
152 964 901
511 496 868
602 159 223
682 376 92
793 570 966
515 878 576
359 923 626
821 764 713
157 704 793
548 163 833
351 622 614
208 937 745
195 74 447
973 882 1004
654 892 185
248 74 495
768 332 682
1013 1052 26
76 723 238
593 941 414
960 643 393
362 808 735
361 533 405
856 618 143
450 60 706
1030 947 961
302 690 1102
1011 954 523
596 486 856
403 364 113
449 1105 237
829 70 847
20 1032 100
347 199 136
860 517 322
274 495 428
465 677 57
77 855 366
802 127 823
161 616 1064
453 372 83
10 140 113
626 1063 69
642 253 404
479 616 515
168 675 552
1030 782 999
25 633 559
952 536 294
952 782 1031
36 860 779
980 1108 1113
345 1052 29
178 634 696
768 972 930
269 464 121
74 45 1129
532 1115 577
488 1131 1091
101 1046 498
1013 791 326
1123 802 640
563 851 759
259 106 208
565 998 861
591 299 287
583 557 483
211 583 144
539 1106 655
994 107 547
779 301 1078
130 314 64
854 178 1070
1166 65 558
1112 102 189
1159 503 1058
974 555 777
550 334 11
238 740 1044
907 832 743
869 577 453
991 675 811
1062 315 439
91 653 965
500 31 168
395 405 861
1134 727 874
1028 832 175
516 216 965
676 92 547
285 514 345
179 613 238
1098 548 1113
1181 14 140
564 633 447
687 482 730
250 869 525
743 551 1180
525 500 1112
419 599 937
1005 747 820
903 91 1126
387 974 600
1098 443 22
801 314 407
779 1187 813
484 1187 2
141 414 435
633 1096 381
1004 918 840
801 312 1099
1000 927 1122
970 726 828
623 401 399
824 991 810
740 195 1176
1117 522 477
580 166 737
744 206 1126
588 923 547
411 18 159
636 751 997
379 1080 1198
279 22 703
1213 480 830
552 129 660
95 337 1026
1110 147 820
223 725 626
778 1048 228
1120 179 980
284 870 605
854 983 1197
763 418 120
932 473 414
273 222 283
344 184 37
478 502 1010
266 118 1158
86 127 1164
289 1224 236
554 687 1232
919 907 940
685 293 634
260 973 645
121 736 1131
547 592 253
1066 144 880
798 501 575
886 802 993
335 684 343
1226 240 538
309 63 1149
909 863 542
849 752 772
342 871 0
472 498 331
904 952 1112
506 704 1087
898 1170 825
948 277 615
203 652 777
662 601 863
217 125 1096
968 885 769
923 62 496
624 1173 936
1010 795 58
35 922 1172
300 136 1243
78 847 1028
678 1189 53
1138 533 1218
798 1040 627
48 501 611
525 1192 933
1226 71 159
344 802 5
200 123 724
4 323 472
613 375 954
12 566 1052
805 897 897
1223 1169 39
543 1049 859
659 230 581
1146 820 49
841 381 80
343 827 1267
261 196 789
964 1076 1163
441 742 1260
703 768 911
1001 1103 25
421 861 520
326 1163 960
650 1109 886
771 1276 1077
818 255 971
1137 335 843
417 607 148
942 736 653
1069 1046 471
598 740 124
739 341 912
751 1032 988
620 1064 677
282 65 1284
189 710 229
56 395 694
1239 623 922
881 687 78
1116 1266 1147
235 131 486
566 645 182
138 395 307
683 358 821
659 779 1053
983 1214 1020
486 751 119
896 1148 1174
274 719 299
55 1058 267
433 405 288
332 452 976
155 1167 566
945 1019 1281
831 1281 68
247 262 314
927 144 658
327 127 446
1126 827 635
1126 471 578
429 993 1275
1133 355 1267
1216 615 552
998 147 393
739 1313 75
547 604 87
443 925 486
445 1275 1002
385 212 834
911 865 615
487 1019 700
347 676 144
38 791 988
864 916 642
651 1151 61
1212 385 368
889 858 217
272 322 708
311 435 521
1224 381 151
125 1194 306
569 567 35
44 394 68
43 931 1040
330 1165 957
564 609 868
14 468 678
732 893 516
1052 1027 681
168 692 349
995 1294 643
882 492 963
463 1218 298
230 16 777
361 368 206
302 105 697
233 31 750
1117 1184 893
56 450 1065
339 1004 388
1037 1229 1249
496 84 865
1131 226 1258
1270 1233 16
63 770 62
235 683 518
417 589 1080
399 737 589
1145 1067 647
347 1026 219
398 283 41
807 1295 951
245 890 770
619 597 697
1129 33 525
373 505 567
351 337 1260
596 1041 215
1326 632 528
1191 902 322
128 395 124
893 959 1204
375 591 792
1239 74 160
701 1279 214
123 524 418
452 851 972
1159 525 874
1311 626 611
471 618 902
227 12 924
712 240 1221
1374 456 1337
1366 39 481
508 1384 458
262 1375 627
1088 359 182
725 293 72
818 686 989
388 880 785
866 4 524
1286 122 218
1336 138 162
320 955 356
673 1404 170
839 1302 293
1319 375 1317
1317 616 422
370 955 1378
1015 1071 659
889 890 904
638 570 396
464 560 638
377 722 46
736 1020 713
38 430 988
228 333 1205
538 280 1262
21 535 32
705 692 784
906 253 998
1006 1331 1187
504 42 527
354 848 704
1341 1419 494
133 816 556
947 837 1133
939 1235 490
111 775 1244
512 677 502
227 2 1118
37 1296 990
627 1018 537
720 1186 596
1263 448 730
1217 418 908
503 483 563
564 114 1344
169 768 1005
571 869 708
512 1296 256
1226 611 756
226 1438 357
182 646 1303
1169 1223 1086
882 539 550
714 537 323
340 912 1048
1403 212 1171
1380 1434 1358
1258 682 1444
863 542 133
1012 1406 682
449 1075 1278
95 1448 503
452 946 285
13 1305 1439
1358 537 1036
897 237 229
1086 446 19
681 130 1393
1178 1044 696
503 1187 652
461 1442 971
495 477 655
730 840 650
821 90 397
311 324 1220
295 1125 274
1334 367 890
634 189 227
1471 248 1291
515 998 118
744 1357 735
811 768 1234
1355 1418 123
472 156 622
1398 399 309
214 1115 1289
270 1402 213
1188 906 244
1129 313 938
1259 410 822
753 1202 819
812 123 407
598 1439 1413
227 1178 1149
458 1249 1067
1309 1368 1153
93 1394 18
106 607 1485
69 989 243
589 869 338
1367 76 953
532 766 1458
1073 557 1021
191 466 394
236 143 153
978 1357 377
368 1483 1253
333 759 262
196 1275 208
1109 1492 517
322 795 358
898 287 549
125 835 61
540 144 1429
664 1395 263
1018 1380 1335
394 868 989
530 1495 298
587 248 968
501 1285 1475
178 1475 412
46 507 398
1090 1260 13
262 593 747
618 721 311
1397 1119 369
1172 82 490
1434 714 577
385 1482 108
661 240 407
271 867 686
331 84 991
757 1155 1373
401 1308 644
212 181 63
523 1394 1517
839 97 167
630 98 951
157 34 829
1539 1458 1031
449 738 25
1328 1427 424
377 1131 730
107 1270 114
1015 1040 416
700 1220 754
1098 1535 1544
678 1543 138
482 772 1462
326 38 704
448 907 858
1227 553 1384
1268 647 883
1316 271 1373
697 764 1083
549 797 701
615 153 559
93 876 1096
1020 904 668
764 1459 894
1496 815 168
1434 977 678
1239 41 647
885 1108 628
1516 133 1546
950 1122 578
30 20 1507
275 1486 30
714 538 1405
1272 722 433
302 1321 20
1199 1133 97
609 1000 1520
955 398 755
996 909 899
238 1305 1477
984 260 505
1462 867 786
948 1466 991
675 1136 171
1155 271 1203
811 499 1530
709 484 419
1086 878 51
1407 1392 964
1068 606 1124
1427 1098 687
1185 131 1045
1001 55 65
1482 972 858
1350 1513 1160
727 58 1333
799 154 460
432 1032 367
1213 843 319
88 1061 1184
922 889 1139
1034 588 788
418 842 1527
63 1230 171
864 1165 195
695 604 349
1495 1355 908
1332 27 1469
731 978 1103
686 816 138
1478 1171 1282
464 1481 800
1043 88 571
981 796 1177
819 802 711
849 1367 425
214 230 161
1099 635 1307
646 526 855
191 78 1039
1377 832 369
1549 1567 1606
114 734 1104
762 44 1153
1068 772 1531
484 1458 1184
70 564 73
1015 1538 325
229 1499 823
430 1557 1310
532 749 1044
611 54 199
943 525 726
1394 1051 326
1027 528 700
703 409 259
81 81 674
495 346 1296
1457 688 116
1181 781 1509
253 127 169
814 1525 274
159 472 975
1113 1358 39
1556 632 464
1213 1072 1212
26 665 94
458 1633 778
203 150 1168
1372 467 1566
1098 827 1053
799 1617 1570
628 364 204
287 1152 165
450 1085 410
1212 685 1417
1518 163 988
437 635 651
772 1050 229
1380 641 212
1024 1000 641
1473 1234 1067
1275 1257 123
122 1640 697
283 46 1616
3 730 43
970 1501 1594
831 1325 909
22 136 22
121 1173 1022
1452 989 1518
727 1112 1362
411 184 1429
1398 234 707
122 1572 1509
740 1616 99
1194 1223 43
1169 510 1289
1423 1540 1110
928 217 19
126 698 1096
755 729 218
456 476 1345
545 190 954
1087 1136 1599
67 574 1241
1255 263 359
675 1223 1458
713 141 1057
162 493 322
1125 1038 353
1495 1234 1486
768 439 1677
1306 1429 377
734 1033 217
14 1643 1095
547 743 91
1045 63 862
284 1536 436
545 219 1623
869 1389 1018
46 1049 37
224 1401 362
396 871 307
829 607 1512
449 1412 138
926 1303 1236
1031 1590 1302
6 407 1062
230 323 1704
1177 681 669
951 1261 1119
1423 610 1085
1076 1452 455
1420 440 1039
969 488 522
1447 630 844
1200 1003 596
119 831 410
682 627 1024
315 794 1621
556 312 1541
1292 891 246
899 1260 172
25 787 643
278 765 162
1415 363 738
1603 269 1331
1640 1162 1259
863 266 805
1599 1230 817
1195 1363 1554
240 1304 971
553 806 908
741 709 505
335 1019 157
438 1369 381
268 1476 572
833 857 158
933 477 1603
732 1003 95
1172 1408 640
1124 617 621
484 1199 276
133 1269 529
328 1727 1639
1311 128 639
370 346 1342
120 1098 296
535 941 1047
8 1375 282
1719 369 333
640 818 168
1060 1039 1018
323 1653 718
561 1214 1079
1381 299 113
1161 254 160
757 669 663
1261 1094 476
501 565 538
245 352 399
474 539 739
54 733 1226
1015 84 1294
1389 1760 662
1405 766 434
1178 270 606
642 1375 485
481 1000 1226
791 405 901
18 428 1364
705 243 68
966 1681 1508
267 47 1273
439 1434 1289
554 14 850
1325 1430 1609
1146 1470 303
1605 880 573
1121 95 871
1073 1288 278
786 579 1688
960 1591 936
646 1531 1331
818 847 138
117 288 1547
1616 491 695
1101 1104 372
322 910 1421
388 1757 1217
1607 1015 1738
1641 988 967
981 1062 830
1377 702 838
297 363 431
369 1734 1703
937 1597 707
345 921 791
556 1773 1484
616 293 754
1020 185 1119
371 70 352
941 734 1622
281 1416 1262
1773 1077 813
100 935 398
567 1205 1397
634 385 421
871 1017 784
1465 342 1282
497 698 411
1255 721 1592
1723 1383 757
642 920 479
1776 1052 827
1042 1331 297
1029 35 1333
1805 1337 875
738 528 1069
44 292 1530
163 1633 984
830 812 1649
722 917 130
1029 874 613
306 1072 283
1498 803 1611
1543 654 753
1780 57 1462
593 1378 377
919 474 890
429 161 870
1445 95 1817
1389 877 1363
146 1599 200
1380 239 741
1407 161 519
854 1246 836
661 1437 1150
512 1575 602
336 469 425
151 192 1135
1673 1379 1775
1228 573 1485
1727 1603 498
4 879 422
1317 1296 869
1093 97 1551
1569 303 909
282 1284 870
1768 801 813
777 183 1549
1403 1183 1569
1758 1217 1707
416 648 267
507 1422 848
1819 1572 9
1372 1012 1582
1654 1384 312
700 1594 185
1115 885 1716
627 213 429
272 58 1766
1138 110 382
39 1234 663
1045 81 1274
584 1769 1380
836 247 1660
973 1621 1097
1158 142 284
566 1766 329
378 24 1023
602 1064 625
410 196 170
1766 753 1206
360 91 475
1583 1847 559
837 523 719
1320 1400 162
241 241 383
654 968 1135
1605 41 407
1301 963 762
148 684 598
735 1137 514
1427 688 1291
1544 683 322
1572 1474 852
1356 528 469
1295 224 1391
1589 600 1682
243 1111 136
686 1083 880
1365 335 1776
418 297 1178
1537 995 939
1644 1118 266
1670 142 1504
1847 714 806
1109 70 0
1303 295 1862
107 394 494
1790 1382 984
501 1294 1882
1500 291 1064
1106 1646 1387
166 1336 532
1282 1548 1239
1609 1203 137
1388 1376 607
1023 541 195
633 861 207
1087 741 39
940 1163 878
923 293 339
1426 834 1175
1496 451 1514
357 1162 38
1764 800 1511
28 1092 1651
1637 879 251
702 1848 438
924 231 490
1783 1576 864
1842 580 1769
1097 582 1416
466 673 842
1381 1563 756
1408 1516 756
316 1113 49
1631 1578 639
980 179 133
846 1869 1604
408 1179 238
1272 317 440
1286 110 33
204 1674 1565
585 282 1121
1550 443 1812
1676 549 25
811 727 577
661 70 1749
1447 1381 149
1096 1369 1011
1449 838 704
1130 1574 1801
655 60 563
1893 1198 34
925 1411 212
678 1843 1316
1175 1143 767
220 1163 1171
365 1949 50
1530 1334 1117
83 800 93
1209 1869 1535
833 1873 861
144 156 1232
1546 1932 1382
1872 1766 1793
1822 382 616
1354 719 486
1533 1350 1656
1539 1404 267
934 518 1028
40 1430 285
534 656 763
1377 438 782
1038 345 813
1461 1315 1946
1353 1335 1066
504 19 1307
703 1840 1599
757 713 1831
1514 34 1400
105 1565 579
735 1797 1784
472 1074 1764
1000 414 1443
1597 476 888
1311 1286 1910
883 1783 1276
239 1329 946
1341 64 1876
647 732 213
1431 1744 218
1696 1434 832
1731 812 932
1815 1440 230
612 922 726
1817 247 903
1190 106 1863
1905 250 599
396 1426 1332
872 1414 899
781 1227 33
1540 1496 799
1449 1935 1491
366 663 1169
655 1679 556
1343 1842 1175
1127 63 845
225 629 1533
201 589 1459
1325 1412 1652
1774 1940 685
1257 1495 578
1843 224 1692
1463 1553 1613
295 12 57
1537 147 367
1387 1131 1483
650 592 133
273 492 12
324 1272 1145
904 861 597
666 1770 1002
976 1797 116
884 919 1861
219 711 370
10 1690 39
1668 434 805
493 1437 381
421 478 245
395 1445 783
1913 1175 1472
1766 1540 917
665 1293 558
1183 577 432
424 22 971
1426 217 647
104 2001 521
416 1598 752
1611 1482 1767
63 1972 1471
1415 384 1290
867 94 431
33 405 1882
957 791 1555
92 91 1988
130 1437 1777
111 455 1674
1339 1350 1874
894 509 944
1136 113 1174
1416 81 1209
1398 558 1400
69 1578 469
674 944 1691
1944 1886 2022
1894 2046 1764
1526 1480 874
632 1317 1034
500 1308 727
1790 785 848
969 131 1794
884 1180 2053
280 173 760
682 1310 1317
1976 665 921
1172 1314 1314
1356 970 1854
1119 761 662
360 96 1704
1052 869 1215
334 644 974
291 1672 1760
1467 1770 119
1726 80 828
179 1246 1185
1309 193 1938
2039 1822 1926
1394 1604 1830
162 1815 457
1516 1307 803
1745 1708 1612
1365 649 874
297 470 687
1092 2071 1205
56 304 1813
138 1117 233
1589 916 24
1742 281 926
2027 308 1461
1951 1825 1781
1173 1513 626
994 1179 590
1168 1412 631
1310 2002 1822
1884 360 2078
112 1030 231
662 1803 610
1615 1382 1580
820 818 228
529 475 820
235 1660 504
464 669 867
925 2034 1212
1940 334 1690
1648 1333 1605
1209 1382 100
679 210 1663
1600 1110 2031
1923 2048 650
798 1003 1951
694 1356 229
1920 979 121
13 1749 603
974 1340 259
579 1196 38
1378 303 1441
507 1398 546
1803 888 220
1491 728 1864
1342 1368 1916
1595 1621 1309
2047 657 956
462 149 785
1562 1196 976
1081 1982 807
1383 1104 1707
1745 908 923
1751 250 390
793 971 1768
1359 847 701
213 682 74
376 1883 121
1815 145 685
1471 1750 2114
1710 1653 1860
528 844 665
295 567 1106
3 881 1206
1390 866 2126
1905 98 998
824 200 1366
772 928 1696
646 489 1804
2037 665 926
2001 269 358
130 1765 1306
2027 723 1286
169 1598 5
757 436 1651
421 1836 1135
1607 705 234
1438 1994 1177
601 1415 1993
1308 1902 1196
1173 1444 386
125 1016 1901
1383 1755 542
167 571 801
111 1655 1250
1130 239 670
1183 1543 298
790 2080 809
1872 2057 1014
2120 55 207
1440 2032 351
1361 857 1484
250 1103 1225
325 464 448
456 910 1257
1543 1783 590
1305 1134 1761
1193 466 1894
346 115 1454
57 1630 280
700 1265 1789
1682 51 210
307 733 1806
2034 873 163
213 673 2156
1041 2059 1302
50 1836 985
1340 671 1436
412 418 1082
1598 411 1629
313 808 1744
1457 441 873
1151 1725 1711
95 1843 246
2052 296 1173
1512 2055 2013
486 1309 336
1933 1560 232
1147 261 2161
805 1577 2000
529 1536 1207
1464 1262 134
1375 882 238
847 119 698
1817 1476 785
2129 1346 1572
360 839 1000
517 263 1549
1760 730 311
783 1340 855
68 1364 8
624 406 1597
562 1907 1183
1571 1461 2134
1914 426 1877
1146 2010 1230
660 1818 521
1389 251 657
1241 976 1639
1562 1196 862
2166 1486 179
862 1016 868
736 1239 2108
1976 1142 266
1679 1526 1538
188 130 2119
233 1261 811
1814 1633 1079
1213 1235 547
1431 1711 1404
1602 368 694
268 1880 553
1577 1843 447
144 1002 207
1430 2217 227
352 560 794
383 1650 951
556 283 224
492 919 1700
1526 954 687
666 1421 688
1806 924 286
1346 1007 459
243 335 1779
1383 1146 871
888 674 1933
1161 95 301
932 662 177
1703 531 1133
1564 605 303
1221 915 193
464 37 636
1353 1881 1907
665 1022 1111
1175 1189 826
1125 1644 102
93 569 863
718 1983 1538
1184 1903 14
1264 973 1290
417 61 104
1454 1225 1644
1466 707 1147
229 127 5
1503 947 786
1014 758 219
907 1291 1683
2045 1324 491
1590 2245 336
858 1984 2005
428 383 1707
1974 912 1933
338 962 450
606 806 65
998 710 738
2120 898 1331
2008 1580 588
959 1098 377
592 1705 1971
1638 42 2226
490 764 1363
1502 1067 993
1562 462 320
395 1028 1894
1948 971 2016
1576 1976 787
873 753 342
322 1341 2096
225 1942 1161
1891 433 316
1513 766 1486
1097 1865 2269
1223 1720 1318
155 857 1253
2270 2087 2066
993 424 1389
1112 589 193
232 1236 2052
610 2240 990
1702 1132 1063
2164 859 1422
23 1566 317
2224 659 493
317 310 1613
1016 284 1560
1514 1897 992
2016 1694 1462
2263 753 1865
1039 1491 660
1674 1600 2020
2217 325 2147
1138 1433 956
1072 444 1915
1286 1717 179
1220 1562 234
1290 962 789
1773 501 1854
1336 340 376
685 737 1565
1900 2109 2069
100 398 2199
1252 1986 1690
2060 1039 1075
657 1028 1098
2001 304 120
2093 1801 796
1165 411 252
722 15 530
1570 2258 1908
1825 1773 251
1408 2055 2160
1755 1836 473
1032 924 1906
2315 1868 536
2027 1071 2046
256 1217 1245
910 719 600
2104 663 2030
992 124 2266
1592 2030 439
2081 1740 253
2174 643 256
1320 18 1794
316 1077 1071
1506 2266 1418
1199 987 1517
2183 983 2053
939 676 1184
1084 820 273
1269 526 992
1011 2119 309
1390 1587 1123
1170 780 70
1862 1395 427
1608 1244 1377
1765 79 679
1099 371 821
288 1104 817
2179 633 235
2045 1806 986
1788 2216 1051
1664 1132 1819
285 1806 1213
1939 1840 1240
380 1126 1123
836 4 1887
1529 263 1485
1268 808 1223
89 1548 2007
30 2009 1595
492 2074 2202
460 1147 818
655 1524 1872
954 214 1301
693 1818 836
1315 1499 1751
2223 583 650
1447 1580 529
464 2301 1828
1648 222 604
792 734 1763
1152 743 118
318 2122 522
2321 784 1229
192 332 811
1254 502 203
1751 1997 1185
237 126 983
1442 339 5
337 2024 1816
1860 770 2227
2145 1249 2179
2057 338 201
2024 1734 107
2365 1909 2000
484 1962 1848
1450 320 258
1673 746 143
162 706 1329
1804 1757 471
130 34 1726
775 1526 600
521 1677 1444
579 2042 2335
1651 1303 1182
2087 721 111
681 879 2039
2183 1776 1165
212 2036 481
1524 374 306
623 908 833
863 91 224
2288 2203 2033
2057 1280 397
953 2244 1984
645 2069 224
1724 1295 51
1430 1370 1266
853 1356 1775
1110 1017 1348
1917 997 2393
938 768 1135
2144 1928 2077
357 118 1668
1745 2350 549
842 2146 2263
417 201 2375
2235 746 252
1290 1482 540
1469 1709 1607
917 910 920
1328 480 342
623 1511 1161
1461 2314 2115
2180 2123 1061
2023 1467 593
422 1931 764
203 1642 4
1685 2273 552
107 90 1751
1600 1777 555
436 2121 305
1058 52 1158
1723 344 2214
127 154 1667
163 2067 1730
787 1254 1477
1666 1747 749
1836 1383 1607
316 1542 285
1244 1477 2109
1109 1410 2082
1499 1864 1623
1437 1068 1918
1459 384 1076
1873 691 895
56 241 841
155 1949 2397
399 2263 1960
509 776 2062
1913 2022 1340
1512 1418 452
1790 1211 1432
741 618 2360
720 2010 224
1754 784 1511
670 1620 1829
1834 1827 1795
2005 1281 1612
1087 2243 2021
768 1218 1112
1679 2399 801
1210 760 1375
745 1532 642
1779 2177 1048
757 499 1620
2019 642 827
544 963 1222
1998 1978 744
977 2267 2272
1152 1905 2013
187 597 530
1083 1444 2316
322 2118 1593
1778 2166 1710
1632 2471 861
1472 425 1146
567 1492 1676
1757 336 2014
1825 1797 198
2431 1555 1245
1326 1310 1078
1529 2380 457
388 2135 797
725 1779 887
1969 2140 572
1350 2060 570
1096 2344 984
970 741 650
1700 513 2436
1373 2039 344
2456 1913 1237
1642 2400 1499
2070 1313 2145
2271 2009 2012
1027 2055 320
1754 1602 786
2410 54 1034
16 197 2459
133 1369 1525
1211 772 2279
1621 2234 274
1677 1342 2466
2104 2467 487
221 1650 849
2128 284 774
206 932 2231
1424 1037 1462
1031 1717 1645
1037 953 1826
641 1794 1637
2210 2109 784
1540 419 2341
923 2402 847
1615 836 1765
2435 1063 976
1676 2142 427
326 2200 2410
674 897 1918
986 200 1798
118 1 853
2069 1944 1057
1311 1469 804
797 1810 1035
2355 1435 397
1373 2017 1809
776 1995 266
1192 499 969
429 1122 1901
882 496 21
1185 1948 1895
2445 1715 1162
1572 1637 740
1013 1704 403
1114 1237 752
159 186 201
2238 681 730
845 1852 1399
2398 1167 762
955 791 1219
564 2228 1619
2180 1145 1004
970 2506 2298
1372 524 1214
2133 529 476
1384 843 729
1408 1341 1803
51 2009 506
811 1381 1720
1473 1165 1674
199 1172 1118
372 792 1377
1666 1311 2188
2405 1860 2464
1523 149 263
286 1517 1727
2261 867 478
1075 154 564
813 1197 210
1279 2545 965
1047 178 61
345 1717 613
2533 451 1824
2115 482 1232
626 819 783
19 594 1007
2347 48 883
2404 1026 423
530 234 964
975 94 827
1126 2028 115
1216 166 253
2247 1457 1145
1481 1707 2505
598 2463 1066
1913 2563 866
2433 1626 1078
1291 292 1386
1365 449 1601
143 1067 1668
213 2013 637
789 1644 1611
403 2461 347
1267 132 2569
1054 938 105
52 23 1534
1255 2041 922
693 45 122
1 1805 1106
1636 1193 1487
1373 1909 1130
1316 1313 75
1085 2231 15
786 46 325
1836 1947 1175
629 920 2426
1412 2346 604
963 583 1587
2056 2373 886
1035 1260 871
652 96 140
2261 250 658
1178 885 872
2334 1588 1998
719 1477 1080
2449 1302 2031
685 852 229
2424 791 155
2312 716 365
1892 1857 2578
734 2005 1756
1500 838 1012
389 2167 1546
2592 1657 2206
937 2200 536
2234 440 1909
1956 2236 1116
1148 2585 977
713 1406 2516
2247 2166 365
2074 2403 1726
1302 1060 1857
1040 394 251
2311 1339 233
202 1685 1014
1709 2204 24
2530 2308 1333
20 2247 1089
2009 1825 2174
2453 2081 863
121 1634 315
1214 1596 2112
1227 113 243
1956 2070 1697
226 1655 2505
2325 1477 1228
2182 793 1548
2326 437 2384
214 2040 707
760 1252 1650
566 2435 2205
2263 499 1635
2159 2056 1257
306 2591 1779
2326 582 660
144 2489 384
2626 135 1336
1098 21 1307
1579 302 88
1693 2432 2619
1252 335 1753
454 377 1463
1311 949 471
1839 990 1026
1494 146 593
1623 540 1326
1468 850 998
2581 1225 1387
670 1561 478
2502 1520 1627
2415 149 1049
1563 269 1659
1274 1103 1770
133 325 2222
1391 583 621
2167 1992 94
416 1913 647
1158 2078 96
2026 372 1996
1257 1382 2548
1597 2255 640
2204 136 1752
219 770 1355
1728 2329 1867
1265 434 1716
1084 286 158
128 2390 2324
1636 2050 1382
1499 2052 1853
683 1841 2638
1106 1708 1943
523 1020 2448
779 303 97
2200 2625 2144
1428 603 1942
1961 1432 566
2195 666 1391
906 2181 2314
2588 329 1200
1632 281 1572
1504 1194 1553
204 2663 2486
39 575 217
1311 1965 1082
417 2080 378
1183 1435 471
1823 2156 1843
831 439 103
1907 1749 1919
687 1827 2437
624 677 2062
1014 1549 296
2693 76 2226
1498 610 1612
1208 197 2501
1205 1325 691
960 443 1264
1400 1579 511
1811 762 2341
830 621 674
1204 998 86
1974 1161 1376
1749 2332 1912
2100 333 1620
2324 2212 624
2542 309 253
499 471 2087
1914 2037 1800
215 664 9
2016 1561 377
1814 886 2554
2376 705 170
130 69 1268
1396 1622 1145
2565 1642 263
2579 1377 1273
2428 899 2386
1570 588 952
257 1352 200
1813 2167 788
932 953 1024
61 2569 1558
97 2671 2178
2637 2361 1705
1219 434 536
1811 276 2165
2321 1004 879
2715 396 1015
2001 421 447
1452 1669 1971
51 2456 2198
1557 1819 212
557 1568 2074
1172 2357 372
2560 984 1506
1395 17 776
1711 2722 236
168 1966 1197
385 1911 703
56 2574 2722
2639 1390 2512
1003 687 1526
2317 819 2437
2571 2072 2177
814 612 1609
2550 802 879
803 2393 2272
1744 335 871
2159 861 304
2067 1422 969
1065 536 569
1868 203 977
2468 1532 2255
1518 702 2716
2107 1868 2460
1087 483 1583
1220 2149 830
798 134 1409
880 1579 723
2559 144 399
1200 1035 1063
1854 2094 2635
827 155 1515
1970 1601 1896
1283 1596 1982
1355 2480 120
986 2304 2272
494 2217 877
2361 1401 1713
2707 815 744
1867 2047 2691
843 451 2198
1802 1947 1815
1247 2070 313
960 1556 858
188 1982 1326
2210 1647 2291
2044 2281 584
1380 1374 2496
2025 2444 2467
2303 633 40
1990 37 241
1516 1763 493
712 2665 2578
1106 1475 1111
2558 98 2055
945 2073 161
1166 2752 1506
1321 88 1763
1870 864 2401
743 2203 2752
1112 155 1294
2435 2469 767
748 2582 148
306 1497 1279
2729 160 2781
1185 198 2801
2542 603 2322
2511 192 257
1740 930 1279
724 344 1573
442 420 2305
2350 1874 2368
1468 150 2353
488 2281 429
1683 1193 234
1068 230 1140
434 2119 2295
1060 484 1706
2010 84 2265
791 532 1883
788 787 2115
1028 1971 2073
439 903 1887
684 1502 1402
104 2203 7
2504 1846 2405
2754 832 2159
1392 1986 750
894 878 1124
811 2109 1488
1522 1409 97
645 1655 1347
793 1838 1107
1889 372 2095
1376 2171 1007
2464 791 633
2422 2128 1769
942 2664 2774
1965 2667 1608
269 1763 921
2007 2144 615
846 2473 1581
1607 2670 450
2485 2553 2565
2381 102 630
293 1376 71
2823 1362 1534
1626 2197 2109
111 1182 1337
1525 1334 1090
1043 1094 685
2738 568 2099
133 1165 390
2506 2703 2114
2510 2136 213
412 218 1107
216 866 46
1358 514 2548
540 2722 1153
2339 1395 2320
1402 2333 2707
2514 2185 1571
2401 220 970
1736 2203 666
1094 684 815
1472 1398 644
1984 1469 2788
2514 1428 483
1439 1498 2860
1062 1050 8
2364 428 1622
2533 1233 1968
259 1445 1385
2602 994 1405
1391 1281 2392
1482 1443 1141
2256 1569 2582
797 478 1494
1460 2393 863
507 2141 2738
1196 489 391
953 2743 2764
1355 974 616
625 1350 1985
1050 949 769
2339 2030 1366
2239 1508 1584
286 2725 1562
1595 1417 2349
2880 2368 1289
1676 1932 2534
642 1354 840
2076 59 1241
1913 1146 119
1642 2179 2710
288 2070 1718
1128 2025 1703
2368 852 2295
541 573 764
1302 1483 2276
1788 2764 2334
1627 2591 1209
594 910 1246
2325 2011 2027
1474 2179 2734
721 484 179
959 1586 2253
2009 256 371
1445 2700 1281
1572 1036 1303
1022 1182 2254
2089 1792 221
2545 2065 1661
1288 851 916
221 992 281
1744 2296 937
3 1662 2335
1389 863 176
471 2703 1601
1136 949 564
960 908 1280
1450 2321 1584
1296 1515 1631
1131 1963 1076
1973 1492 2429
673 1095 1204
2501 1735 639
2902 116 1475
1407 2548 1744
2354 220 255
1642 2905 2617
459 354 2349
1240 1480 1276
1839 455 811
2157 219 1856
2578 1148 1081
384 346 1774
1125 2854 2104
2011 586 1457
2115 1523 2598
1331 2733 131
2011 1117 884
1688 698 237
2938 1679 1216
22 2661 830
2774 1759 1405
635 2153 748
2828 831 2729
177 2480 1874
1050 2712 1314
2520 1237 1770
2321 784 627
1909 1550 2653
2668 356 42
218 360 637
1046 262 881
23 1251 2000
1161 2352 738
1020 1131 1229
1910 820 1304
677 2228 286
308 10 767
1816 3 2516
2139 133 154
2483 1052 2055
461 858 958
695 2745 1892
534 308 1448
2518 2488 403
857 1733 1286
562 2101 896
1281 2692 2804
1085 1990 1600
1134 320 292
2877 412 2623
2030 453 1693
1031 2935 1727
936 219 494
1939 1927 196
508 664 1638
962 2398 2826
2425 2443 934
2314 2090 2027
2599 2173 673
2553 1101 1663
2883 1635 1991
1520 1152 1265
1033 1238 1600
490 2533 2157
1463 537 1572
1879 895 296
2598 641 845
2459 1237 1635
824 2099 1173
585 1681 34
2614 1455 1564
819 822 791
1734 2179 2908
2138 1779 1597
43 2084 893
1821 1201 2078
2229 573 1637
422 1032 2877
633 2318 1219
1494 912 1098
2341 421 496
2950 1288 2378
1175 459 2623
462 2959 2155
1088 1580 1109
840 1241 2428
483 496 596
379 2022 1893
906 1944 1533
2882 1392 1458
1746 2025 2750
40 603 2979
2104 2159 2239
309 1821 2864
2052 658 320
2231 760 1226
2056 141 1784
2704 3017 2771
1624 1039 2779
1014 1089 839
1158 1130 220
1837 3000 2402
2793 2701 616
2368 2595 764
2220 2625 2849
1063 2872 2811
1792 1718 2356
251 2120 349
2384 953 2895
2277 1256 1211
1465 1082 2845
1709 1528 111
1923 960 2070
1066 2879 1459
124 397 2000
1636 1058 928
2587 1934 2264
1171 2451 995
1223 460 682
2671 2878 1493
1125 292 3025
2956 2456 2741
2654 1202 270
1100 2163 93
434 29 1579
1491 365 2549
2189 1659 1438
315 1500 1692
2265 201 2698
961 809 759
2818 1058 2152
710 876 571
2539 2756 2308
1646 336 953
849 2002 218
1401 1399 2720
1242 1354 1261
1826 1930 2771
2603 94 1783
1302 169 637
2950 2772 1647
1358 2941 1321
2033 1677 1553
476 1992 1445
103 2780 2774
2288 3030 2414
854 2752 1981
1328 1591 1632
3056 3066 2305
1923 2305 610
2081 802 223
616 177 309
2769 1877 890
3062 2846 756
237 2324 664
360 670 83
2642 2200 1785
367 1617 1126
1511 486 1407
2164 1197 2659
330 550 606
879 365 512
2349 1760 914
1016 619 2105
1696 2717 622
1847 1504 2019
418 3083 1301
2773 2845 2795
760 1954 691
590 2706 597
987 868 954
1597 2199 1478
2396 1686 2361
742 1499 1658
1898 1485 3027
376 1555 50
475 2466 1935
599 1441 13
2539 1249 1284
1830 1976 2804
527 233 176
1964 2171 1404
1321 957 108
2224 2105 304
1644 818 2465
2134 2246 2250
1149 363 2431
3083 1815 2568
890 1996 1942
367 1105 151
1734 3046 685
2036 2649 1658
687 1054 2879
2235 2188 980
2650 1730 2084
1335 760 2862
180 126 1068
60 1031 2513
1924 452 2256
2504 2564 2785
1560 854 1993
769 551 1523
1754 903 1881
921 1673 2400
2601 2405 1373
657 2370 1084
1869 537 2477
583 412 1297
2009 2091 1083
2113 2244 1109
1225 584 2310
2771 2717 2349
9 2628 736
173 1128 1390
3052 2541 2654
1899 859 1794
1984 2386 38
1910 2592 1832
2630 266 2135
1543 2237 2926
2242 2095 1574
3040 3036 715
757 1261 403
1099 1232 388
1461 1945 1754
1974 1074 1588
1563 2051 1566
2820 3079 689
438 1930 574
1709 49 2452
1250 11 109
822 53 2080
662 1016 249
1821 1224 2642
602 1276 47
1373 991 1567
90 425 2339
2288 3009 676
2372 2571 1481
2768 236 999
1501 2141 1663
1875 1168 1407
1414 3003 558
2261 2292 1517
1910 232 3149
1860 2900 1419
2020 1572 1926
1289 366 267
953 1825 2829
2071 136 2967
465 2306 2120
96 2038 460
603 566 1328
2033 889 3000
2316 2436 1469
1342 1997 786
1630 2455 1327
661 2445 693
892 620 2833
2742 2998 3043
2433 100 378
2016 188 1240
1072 2150 2333
2966 2619 2981
1739 2197 1920
1138 2631 3057
1388 1133 3089
2249 2667 2114
2576 2649 2275
1454 2335 1463
279 2473 1947
424 172 433
2490 1255 1962
212 1978 3094
1319 1628 1023
333 2027 396
1903 1662 1619
1980 1334 1190
2199 1213 640
572 2657 2896
1503 2129 1631
1021 414 2957
2276 343 2561
470 542 2494
326 1518 1694
1715 326 1961
936 765 1524
482 2531 99
2640 2988 54
486 714 1535
2624 1046 1520
782 1216 2619
1804 2266 687
2196 2841 68
3170 626 2997
2842 2549 2212
431 1529 1100
960 1023 2305
928 2654 1127
3217 1742 3181
2840 1258 2114
2856 2224 2027
1394 1856 2252
1549 675 1804
912 1776 494
2481 970 2448
25 1478 2566
3135 1532 2281
1486 722 2265
208 1935 2253
1214 1167 1731
1396 2557 3140
488 723 822
702 2223 1381
362 2446 2596
112 1739 2763
3065 1711 2140
2568 1923 519
2333 1410 2979
2678 536 2314
2356 1921 347
1297 356 2813
1148 2165 1305
584 125 2816
2091 1880 532
2470 2677 2989
915 2967 1206
1906 476 893
75 3087 1953
151 371 2880
1516 2167 1786
756 2623 79
1869 499 2219
1541 393 1479
129 25 372
678 2483 424
3153 29 2876
305 2296 1117
905 284 758
1137 2357 2964
926 571 2607
2807 406 2271
2327 834 3016
743 3048 1349
