3471
0 0 0
1 0 0
1 0 1
3 3 0
0 2 3
1 3 5
3 1 6
1 6 5
2 3 7
8 5 9
6 7 4
4 8 2
4 11 9
7 2 12
7 12 7
5 15 15
8 1 7
15 14 9
17 10 0
14 6 18
5 13 6
15 6 11
4 18 15
0 19 19
18 2 23
1 13 6
25 8 0
19 15 10
16 10 5
20 0 17
7 1 11
24 20 28
14 6 4
31 28 4
12 23 16
25 12 7
21 3 5
4 8 15
1 27 17
33 33 39
1 22 37
5 37 0
32 5 41
13 0 6
15 2 43
10 2 21
36 10 27
13 35 27
25 3 2
23 25 28
41 3 34
40 37 38
9 38 1
14 18 0
48 5 20
49 54 6
6 33 11
16 15 51
37 44 19
59 38 35
19 37 46
35 47 15
32 12 37
59 3 16
19 23 1
3 20 23
61 20 16
32 2 14
40 0 21
46 2 61
45 24 20
30 11 31
71 6 38
15 33 0
48 74 57
22 54 2
31 55 26
24 56 2
27 38 42
61 35 12
52 57 25
40 67 31
27 11 9
13 1 50
22 40 32
0 36 51
34 1 18
32 82 19
9 35 1
80 69 62
70 47 56
85 51 81
16 92 59
73 11 52
45 88 29
4 91 71
68 44 80
50 11 69
42 94 69
53 24 1
82 26 91
67 82 75
21 5 48
1 41 2
6 73 7
69 32 13
15 73 34
83 86 32
11 4 58
68 81 104
15 61 88
78 31 10
1 78 1
98 105 59
33 55 54
102 48 96
36 13 45
58 100 111
83 83 96
95 118 11
2 57 71
71 26 115
89 112 82
52 66 108
78 79 21
40 59 75
85 51 15
28 0 82
96 46 32
19 123 90
72 4 72
30 108 18
39 78 31
44 121 97
107 13 16
77 135 90
94 8 37
70 40 32
3 36 24
95 22 34
14 58 138
18 83 98
126 8 30
69 44 118
10 46 12
142 11 84
1 3 9
77 45 144
88 93 30
70 42 19
53 29 18
33 11 42
52 44 1
149 11 123
58 12 145
18 126 127
154 76 100
144 133 62
61 91 28
146 40 65
20 115 132
159 85 80
34 58 8
9 61 97
73 137 107
47 149 135
39 138 116
14 134 76
157 6 133
81 162 54
9 15 75
84 13 138
53 67 167
159 6 162
156 53 57
59 69 173
106 169 126
41 94 61
41 177 104
140 139 147
29 127 54
120 17 94
97 28 108
82 75 115
10 29 138
42 36 58
15 4 53
20 139 150
146 122 149
164 173 127
10 174 114
167 176 106
47 185 154
4 136 107
182 68 140
54 146 60
2 109 52
119 3 6
24 170 74
168 83 138
80 3 191
49 79 113
194 188 126
83 145 200
140 16 59
92 204 134
148 136 14
7 50 153
120 51 44
37 7 69
170 126 152
58 140 31
42 96 202
193 10 167
147 108 10
27 35 148
182 56 22
190 92 119
33 202 86
184 159 131
96 184 90
164 145 152
135 4 122
35 5 184
60 18 32
172 153 135
221 26 92
96 120 60
125 141 206
156 99 29
227 222 46
176 199 197
145 120 111
108 86 224
169 129 147
160 122 168
222 189 151
98 129 147
46 219 183
93 120 143
143 204 214
182 65 88
230 25 168
109 91 207
77 143 75
136 196 166
19 180 125
81 50 101
158 100 194
208 154 226
47 123 170
97 72 76
47 166 85
0 70 51
101 149 193
212 11 138
208 127 81
110 151 134
200 56 28
41 2 149
86 215 246
164 2 10
121 113 147
43 227 72
98 192 117
60 109 51
162 22 245
140 232 204
187 239 213
181 43 92
216 240 55
40 103 50
31 164 179
88 18 224
152 100 246
104 203 140
15 160 211
257 121 218
12 156 49
106 77 162
105 53 247
157 136 161
262 257 125
207 60 108
2 47 121
15 249 204
147 31 109
27 141 277
1 26 69
260 254 30
212 132 182
120 164 188
284 96 283
247 265 100
212 224 237
124 1 180
58 133 254
252 151 11
203 136 153
103 265 37
174 189 268
243 83 173
280 57 78
192 32 71
208 162 98
80 182 46
54 190 7
236 257 92
67 183 48
52 82 290
145 179 36
145 57 201
49 199 225
295 210 99
294 138 283
9 55 281
152 134 276
237 167 34
122 257 219
131 272 253
49 196 88
82 301 50
124 289 254
159 98 149
123 126 135
244 151 284
203 127 6
92 8 141
291 220 139
95 92 180
26 168 114
226 307 188
147 330 180
57 137 211
295 248 200
332 2 292
46 132 251
293 19 178
329 322 25
53 194 339
140 290 67
87 172 257
74 32 164
332 239 337
184 90 210
208 70 322
338 202 186
35 276 268
264 261 310
211 31 284
256 139 53
231 323 266
89 30 247
322 127 141
6 278 243
0 114 265
312 40 290
85 169 157
132 31 274
293 232 184
79 214 332
285 202 114
58 103 244
53 169 307
227 361 86
328 78 11
91 44 88
302 194 198
250 322 178
222 148 187
289 245 346
338 20 366
349 291 38
264 233 19
121 94 221
191 263 228
323 102 321
96 269 175
202 287 21
15 47 33
378 7 108
56 79 292
333 74 309
35 91 240
26 77 11
336 29 41
19 136 233
79 214 209
81 331 209
127 149 112
383 322 233
25 71 265
184 201 218
386 365 255
198 237 234
91 25 68
210 322 95
371 344 366
171 307 16
0 371 209
288 316 4
77 318 104
71 382 73
320 123 102
175 338 74
193 214 207
375 100 75
80 397 297
271 85 406
100 359 361
309 307 103
244 79 182
258 400 142
64 156 381
258 133 264
84 230 279
189 239 324
21 3 305
388 398 90
17 20 55
129 102 408
320 94 299
114 293 346
127 72 69
29 210 4
254 350 402
338 313 164
126 28 165
351 138 2
314 383 343
362 16 179
385 426 159
181 251 157
19 420 354
148 275 345
419 405 264
344 358 130
375 122 108
123 134 315
329 68 180
256 396 170
143 283 317
1 89 102
55 139 237
265 177 23
26 323 416
327 351 237
28 417 420
343 425 283
218 386 329
30 158 85
351 184 362
46 121 359
143 398 157
236 327 201
396 275 328
339 328 2
258 312 437
407 42 57
399 16 165
276 131 322
202 109 254
144 279 96
404 101 429
165 53 146
104 64 462
337 18 69
18 76 340
312 274 221
236 373 228
427 414 237
44 57 376
440 75 395
404 154 210
269 450 224
164 193 461
261 132 202
439 164 184
252 335 151
313 360 180
288 126 432
5 306 405
233 480 382
419 191 346
237 155 63
247 92 52
307 196 280
308 294 252
234 347 421
189 315 179
387 139 479
192 391 262
11 139 421
201 128 427
425 371 368
51 256 80
142 40 200
287 68 189
48 158 200
216 200 50
30 122 450
380 36 385
289 309 370
295 308 370
387 284 161
194 458 231
304 346 366
86 338 324
387 174 507
485 409 475
326 508 224
167 86 44
332 23 155
61 237 229
114 213 429
102 297 131
145 374 463
202 56 311
501 86 378
84 483 509
132 419 150
217 413 53
452 442 410
129 76 444
395 444 183
416 37 270
319 83 128
173 237 188
218 27 306
314 217 320
358 59 241
380 355 50
41 253 472
424 171 346
416 198 167
77 532 403
54 370 450
355 301 225
87 447 172
537 82 57
405 191 92
169 337 184
329 311 75
364 107 161
294 16 283
468 187 315
277 533 409
130 343 450
286 494 299
413 367 108
84 459 384
278 97 127
105 319 222
412 157 445
194 554 549
232 227 245
64 471 551
234 175 540
418 207 450
353 278 512
539 503 343
356 108 66
64 487 98
5 171 223
99 159 224
219 373 301
112 436 69
195 501 404
263 281 9
263 145 147
317 124 112
146 454 401
521 285 477
199 442 167
376 129 460
375 288 370
260 35 367
327 338 261
98 165 438
26 397 57
343 398 549
568 351 47
451 72 65
349 459 340
136 320 337
1 147 81
216 81 542
396 526 457
286 220 214
100 576 532
579 328 321
398 369 260
407 261 222
183 586 248
348 468 397
3 96 334
544 411 44
565 180 511
569 191 398
194 120 235
227 154 176
36 491 222
557 489 378
546 340 378
202 399 146
289 107 327
270 152 129
491 334 96
299 153 564
552 134 513
119 9 550
262 14 562
302 315 401
227 519 395
129 213 23
362 479 593
70 411 185
10 150 500
534 67 382
385 522 394
0 308 286
397 205 558
414 455 575
609 108 214
579 101 278
501 336 293
615 286 506
570 5 3
122 226 300
291 135 256
119 540 56
539 151 350
429 397 519
355 200 110
484 615 233
119 611 254
225 353 540
277 125 316
48 464 584
548 407 275
263 274 439
323 218 270
536 377 452
145 554 584
467 118 529
640 591 366
556 278 125
521 562 85
457 339 444
158 292 522
264 516 562
541 566 407
362 15 409
326 204 216
55 446 91
529 15 284
345 219 386
436 297 63
308 147 142
377 216 249
56 333 582
192 18 464
372 430 511
220 141 333
357 194 210
171 416 35
101 658 582
95 595 110
287 99 629
510 546 582
250 166 663
530 531 27
94 659 508
527 289 487
44 136 112
170 54 307
619 237 634
436 114 491
569 87 364
506 23 482
78 623 494
269 546 647
250 531 15
239 368 271
188 338 591
326 163 336
267 190 164
409 507 595
228 652 572
359 451 26
260 678 102
377 220 56
193 417 14
534 443 626
164 197 104
650 625 445
518 580 382
398 76 291
316 209 399
16 572 13
518 477 133
336 162 194
542 237 133
678 435 189
667 216 684
452 269 536
271 325 276
658 245 553
549 55 632
53 616 511
684 219 163
50 178 537
391 514 615
178 202 346
328 625 528
683 631 530
621 157 617
37 502 488
526 178 63
487 302 66
32 449 677
237 577 511
138 566 676
650 677 22
578 263 281
233 725 575
450 473 619
174 15 676
556 569 539
636 216 490
222 461 52
73 653 75
460 217 614
492 329 136
340 732 541
383 84 15
545 636 31
268 204 249
118 422 430
177 78 303
97 621 647
43 669 645
642 523 128
579 32 727
29 559 677
234 221 377
506 49 507
69 433 288
251 187 552
474 539 235
686 36 329
745 337 362
690 462 539
40 641 143
240 690 421
723 642 738
185 172 230
420 14 357
731 166 137
713 432 491
363 409 174
648 610 752
643 682 687
368 560 626
255 281 671
336 164 248
421 604 217
668 575 192
153 514 274
282 119 220
764 754 176
667 582 597
340 242 77
735 177 482
121 519 133
269 342 233
765 70 83
472 516 773
126 134 502
264 259 530
581 121 766
277 779 70
269 579 397
271 506 309
481 460 252
460 708 27
655 130 452
171 8 247
539 226 402
281 75 594
77 449 1
574 183 427
351 44 97
350 657 727
333 489 766
543 332 578
129 475 71
270 63 678
502 109 252
382 69 402
55 430 681
262 138 285
99 736 544
47 190 529
272 729 720
77 243 661
504 18 585
407 729 353
580 664 364
616 642 469
431 609 254
37 736 301
321 313 652
794 233 680
428 77 469
710 719 514
98 311 811
566 416 807
471 613 613
686 615 767
586 49 766
674 282 358
243 480 258
412 417 33
752 597 653
715 16 535
34 400 748
602 105 644
151 681 643
26 394 306
806 800 215
637 80 444
435 574 86
377 194 410
475 527 233
123 503 252
327 208 106
337 798 529
495 640 312
796 752 407
758 838 269
189 447 124
589 481 754
528 50 488
98 660 301
659 833 351
336 125 571
627 779 783
198 270 119
271 672 82
370 590 367
623 754 514
469 235 718
297 149 443
67 206 736
506 560 851
660 272 295
855 8 140
210 405 851
544 555 81
160 798 783
479 857 488
660 56 830
529 851 370
341 136 406
782 602 676
319 46 833
157 28 172
705 298 735
225 528 334
32 146 601
558 337 627
646 634 76
108 442 334
789 858 510
332 667 735
687 294 200
291 505 709
595 467 374
291 460 647
118 505 366
779 4 247
199 554 667
698 549 218
16 284 181
719 787 622
107 809 322
62 607 504
208 211 260
827 668 704
885 195 642
727 389 115
761 725 448
784 812 265
290 870 620
612 635 461
558 620 405
694 380 838
236 319 770
308 221 179
731 796 203
30 102 763
552 106 430
214 82 287
180 211 153
581 307 628
761 9 444
482 34 795
295 469 659
535 654 901
356 306 271
596 564 587
257 824 412
815 725 105
895 885 312
285 590 826
518 418 560
610 634 527
221 886 453
256 894 800
278 312 245
240 705 32
921 533 525
525 591 260
687 196 281
0 467 498
388 2 586
151 152 904
30 763 900
778 721 469
60 208 298
370 151 113
685 834 445
865 865 29
932 476 434
439 11 49
931 215 280
234 31 900
620 888 787
689 409 2
122 344 219
408 512 329
28 173 200
487 166 20
131 876 933
887 446 426
384 935 212
700 892 256
801 470 707
592 417 558
549 685 240
216 329 936
564 677 286
507 809 125
465 893 366
818 887 574
549 393 127
138 101 865
228 778 18
688 783 494
446 614 930
638 435 670
202 895 564
51 304 483
784 297 681
783 828 13
852 375 533
710 629 709
834 718 88
20 776 623
858 399 11
515 540 256
238 894 69
633 251 513
65 508 106
5 237 357
798 402 33
194 517 298
338 746 665
625 960 258
561 532 411
878 418 195
84 1 448
184 477 538
303 759 190
253 638 464
174 790 45
632 159 736
246 101 421
56 462 409
481 837 650
278 497 606
84 130 762
876 92 978
591 890 254
423 155 680
39 710 583
973 699 562
16 373 363
321 321 406
736 660 969
635 319 402
623 6 634
240 824 525
528 276 389
607 541 2
114 677 1000
410 562 519
486 741 793
10 70 965
589 290 880
786 436 807
304 764 794
219 207 55
868 168 554
16 85 648
883 967 308
462 364 420
289 986 797
141 565 295
9 325 796
940 271 834
490 446 592
374 531 1006
991 470 911
632 939 250
1014 544 574
87 248 605
221 163 94
32 926 215
223 822 778
887 439 792
817 5 760
450 421 782
213 579 107
838 400 580
67 841 406
305 162 216
178 484 391
834 859 462
405 527 424
448 180 302
600 180 263
419 1004 787
374 567 48
45 678 52
859 32 288
550 16 639
880 1033 533
173 189 709
886 667 168
895 851 710
739 426 742
75 713 671
621 1011 352
954 238 419
32 332 995
762 541 990
204 773 560
406 975 805
1022 230 136
506 412 1047
898 109 36
286 72 218
887 938 679
328 87 913
553 174 261
46 741 940
512 199 1035
827 181 416
963 422 747
559 410 602
29 298 365
652 799 313
992 658 367
530 439 1041
648 754 400
629 298 847
957 668 224
937 449 180
553 809 154
102 935 309
707 80 756
886 562 487
36 598 985
213 885 1001
840 685 28
0 349 435
955 1010 144
322 36 307
771 664 429
780 758 509
128 323 266
44 591 244
866 816 860
399 1056 102
359 110 453
1090 198 493
751 200 613
838 181 660
0 490 431
991 340 381
393 985 454
306 697 42
793 742 374
728 511 798
290 267 235
558 490 423
574 717 1004
738 831 996
127 1089 666
781 260 825
838 407 532
514 15 588
1023 663 867
263 275 146
400 80 61
1064 323 117
191 728 391
1110 806 577
98 1036 784
780 582 492
385 937 303
631 280 184
344 306 619
913 532 516
601 674 579
676 382 684
294 237 99
106 907 355
730 43 1021
700 1087 778
1121 624 398
364 608 240
487 637 554
261 943 880
413 1082 242
956 1062 124
133 199 241
128 575 949
631 884 640
974 812 565
95 733 234
783 84 1086
807 261 369
1099 86 325
1105 282 75
713 101 809
465 748 1074
621 433 973
570 67 87
992 496 333
28 374 712
613 335 840
587 855 227
918 448 1155
157 788 451
606 288 184
248 697 1106
846 506 809
983 75 798
838 924 3
1034 511 681
633 295 161
786 154 807
118 910 395
442 295 366
812 760 1020
617 161 872
549 1061 776
348 1071 984
154 1001 794
825 858 230
966 608 651
739 590 132
885 817 447
631 539 1120
1112 199 852
768 484 828
1128 147 647
509 302 1074
103 61 448
364 60 1026
1110 310 295
473 686 1146
510 406 1185
991 367 565
193 1134 617
420 1028 44
1027 864 775
867 882 205
558 4 168
621 226 552
446 1117 507
891 652 923
557 1105 1174
646 573 556
572 483 183
1053 544 109
87 417 911
1152 190 677
325 758 324
5 994 1159
1169 359 34
355 442 789
165 20 772
86 50 42
851 1139 904
1059 741 3
900 523 241
725 22 1101
997 392 6
1208 1204 173
531 993 865
1054 1159 472
701 130 571
357 594 779
1013 967 878
352 64 57
1196 263 1043
810 1151 891
447 491 545
223 293 475
543 125 1211
939 294 302
1214 911 224
337 725 650
734 201 265
563 980 653
93 548 797
1223 1217 550
1081 436 123
1038 227 575
288 426 820
707 521 904
1094 799 537
923 385 646
135 1087 206
539 183 904
476 1217 282
490 50 807
953 839 1044
1150 492 356
2 517 1114
713 907 1244
682 139 262
1133 1127 302
812 518 1197
230 744 980
405 957 264
227 861 1062
963 968 917
1237 358 1246
229 31 1172
1093 567 425
0 910 946
194 435 878
1189 128 1125
328 132 1132
354 45 634
541 638 1012
1138 547 703
241 944 927
311 1175 308
603 310 1093
380 1059 674
115 925 1184
942 293 415
1107 579 568
971 500 592
846 1127 1246
633 715 833
986 801 332
857 700 713
623 1188 607
151 1120 304
15 691 750
795 1128 232
1183 30 741
563 701 1214
259 1261 158
282 307 517
1219 351 439
75 129 652
1256 938 128
1201 1003 899
742 388 746
959 556 1286
995 1164 1241
1049 523 543
489 1008 900
229 453 687
117 75 284
859 1267 702
1187 206 248
341 243 647
399 512 559
906 1234 976
334 816 888
198 31 487
1180 214 1228
1289 767 388
418 692 539
707 1139 303
1165 80 377
1056 975 1211
160 1246 235
1215 340 743
463 787 21
676 138 1245
428 140 1047
1211 645 842
1245 1191 287
124 289 1162
702 76 524
410 1051 1018
720 999 1262
999 542 631
701 64 1151
547 264 1198
1210 489 1027
1053 893 46
281 1274 612
251 377 831
1003 591 1315
915 1182 45
584 468 677
298 741 1038
786 45 467
258 477 1121
516 1159 700
717 853 323
469 1134 280
642 30 660
344 937 742
1156 1227 1157
369 118 1262
1203 438 531
198 126 1182
354 463 329
199 1022 231
258 1292 149
428 273 586
1247 632 135
345 709 115
665 729 194
1188 13 1041
96 301 237
706 901 1182
404 133 227
741 87 1081
21 1037 254
1331 1143 669
1132 609 705
547 1203 531
430 559 444
804 841 817
1175 264 1338
1344 359 905
461 119 526
1131 364 1230
5 424 849
48 1319 631
53 304 589
1054 283 607
243 597 152
825 1231 397
252 325 251
998 429 648
300 222 772
357 344 550
801 479 706
927 622 1249
416 100 125
27 683 365
481 287 172
464 830 881
626 555 529
1054 854 766
1360 1152 1335
818 86 280
106 1150 1346
296 405 518
1193 1066 303
570 272 1349
121 719 672
168 444 1004
1043 835 131
310 1318 493
832 81 187
1153 102 581
147 1292 1349
530 1231 1203
1229 658 118
162 1198 1178
328 1286 396
1190 1117 502
1228 1248 506
1100 307 512
947 413 305
308 1284 838
283 875 1281
1398 695 339
262 1284 182
109 580 1003
1092 787 960
837 668 238
1273 1250 1296
636 298 664
726 478 799
758 269 982
287 735 1190
1275 1104 1291
918 1022 769
991 470 1104
793 857 823
459 838 297
889 1311 413
1063 457 1046
96 772 1291
682 65 65
292 813 288
876 1417 34
818 560 1001
891 1374 616
81 1220 675
102 1166 1292
882 182 788
1254 429 380
889 950 95
738 742 1320
483 620 1166
449 1360 454
200 1086 665
391 68 76
1273 1404 435
508 1138 1195
930 599 403
470 1292 1212
552 1403 1008
253 635 1199
656 200 578
1212 984 1381
846 969 514
907 950 1101
936 168 752
49 29 315
1443 1144 1076
1425 226 333
1415 1230 1338
1004 1281 1183
350 688 1416
1242 1439 791
1221 348 549
1059 898 863
1120 649 528
116 956 846
1240 202 248
261 24 1280
1094 911 1280
308 29 569
1235 200 1349
757 657 1035
816 1229 1370
231 381 662
986 633 178
623 1043 908
1443 1397 106
449 947 529
479 1213 295
386 500 1375
51 498 844
1468 765 469
568 722 267
1015 1315 279
674 1123 1015
108 222 1316
254 1054 317
357 921 1240
494 51 212
635 53 332
991 1441 202
252 481 1352
533 1078 1422
170 654 882
807 955 81
1043 181 415
1189 476 173
918 928 197
1238 1003 1045
337 878 300
83 725 131
406 769 631
878 1092 423
1182 383 671
517 569 1223
1444 328 967
199 906 911
898 952 798
711 432 1383
811 180 66
1065 317 910
602 817 1176
1147 637 887
1480 51 1115
1237 922 618
1043 611 1131
160 831 539
151 1104 577
455 340 1436
1256 967 717
888 1028 666
1247 450 713
1483 915 771
1068 309 1392
1194 1206 288
1288 486 1351
576 1152 923
410 132 1467
186 1417 818
891 686 1495
11 1048 1125
685 1328 36
550 406 1191
1107 1364 254
199 881 545
1315 1154 206
932 1072 912
1118 1320 743
339 367 1280
860 1249 1019
350 533 618
1124 55 154
151 311 639
444 134 844
1239 251 664
74 1461 1324
256 238 586
779 755 1259
974 595 35
1125 1390 614
421 791 586
743 1335 1375
183 620 277
361 106 902
695 1505 363
582 168 169
1485 201 433
193 789 407
899 265 369
644 1499 351
220 707 710
780 619 255
1483 1474 380
220 517 1173
878 325 1086
1108 1302 193
1464 990 858
975 1294 1443
1428 144 322
1467 1 1064
974 2 1141
1133 586 368
432 1500 1435
862 1012 1379
566 1311 93
815 1217 1459
919 617 111
442 60 314
1127 77 72
554 556 1327
548 372 465
605 93 1442
273 28 1456
1167 200 642
1532 1566 503
1114 577 937
703 1101 1090
1437 851 1500
375 415 912
785 1198 56
1477 1107 1101
1028 1082 970
369 199 786
459 1148 186
253 1225 90
706 1553 811
209 1441 1135
1505 1084 1205
189 1140 336
1394 910 317
1452 1401 441
496 1580 723
855 1518 32
1211 1219 1431
396 306 1472
1196 29 25
140 17 673
975 1273 1458
1262 651 155
865 856 1141
822 1250 1232
1367 83 1009
1462 885 1019
944 883 1220
1306 1030 1274
787 1095 627
1141 992 1481
255 618 1066
19 694 1540
516 31 1512
606 1371 1206
652 1171 182
899 836 1440
923 1527 1260
776 302 1215
542 1159 617
427 695 405
1402 505 275
828 1600 257
1503 183 1475
750 1195 86
939 1239 921
682 316 763
1271 1158 376
964 838 706
71 906 622
308 1253 340
1057 1548 882
662 1179 1059
27 237 963
976 242 271
1070 951 1425
405 1020 927
842 1427 1435
1270 1387 157
795 1288 16
1115 308 982
233 1286 1291
692 1250 429
1323 667 884
1291 293 750
526 528 1131
1544 755 1495
939 362 1083
1641 1484 381
888 241 936
278 1436 560
1319 1091 582
860 982 844
1337 1637 894
167 849 411
445 515 1339
59 884 1129
406 1305 1032
1496 867 1563
781 466 676
1640 5 100
643 897 911
837 1370 1463
594 62 927
624 534 243
1260 1622 762
491 306 524
457 161 176
1444 616 1623
515 1222 1575
403 676 1171
781 1533 553
710 1459 1290
1443 1418 4
186 1575 524
741 726 577
734 406 740
212 284 1282
559 231 1484
475 409 735
1325 664 1189
873 1535 1063
1048 119 1011
123 950 1248
1249 303 616
449 211 849
234 1268 324
502 469 735
1611 1285 458
927 915 103
1143 213 1680
844 519 1274
651 687 845
901 1662 1456
1350 898 9
1277 1664 1486
1392 1253 723
1467 799 570
1373 457 1088
468 220 1058
45 674 524
1457 1263 387
1604 1270 1595
1212 56 272
946 1083 735
1226 397 62
966 272 1497
1295 889 116
240 1102 1292
216 512 1452
141 977 807
195 1414 312
183 88 539
1309 328 448
1634 1532 1149
150 1644 1024
1084 1189 872
1702 1203 950
807 568 1046
472 526 542
1491 677 783
362 1674 1506
883 883 393
761 308 1021
1693 1433 190
201 155 1574
551 693 127
857 1261 636
1482 288 537
1226 458 1654
194 1589 1149
1104 1075 656
1247 396 658
496 977 425
224 1419 1189
515 597 719
246 1708 442
749 1278 534
1482 743 1626
425 452 1203
1549 932 87
1480 812 563
838 1052 1603
280 1388 860
730 512 506
190 379 1268
1170 1173 607
1451 1028 520
78 178 575
795 1500 124
1537 191 96
570 1074 757
647 1573 760
513 120 1339
1123 251 1590
1630 1271 18
803 1298 951
1337 1138 473
972 1555 1437
12 87 682
808 1532 303
1215 1742 79
1552 1208 591
1277 773 110
564 1273 738
758 39 142
850 884 1611
1534 1156 1441
594 413 698
1009 1508 389
1748 598 102
1070 319 206
1621 1241 665
1652 976 1517
1662 232 1723
1230 1671 877
908 1245 1326
1108 1360 1003
809 1669 1006
1169 972 1242
1704 1430 1527
1606 204 481
1120 646 14
1613 499 333
810 568 1358
1105 647 630
1780 1283 1401
1025 881 1673
1311 1363 147
179 391 179
725 991 330
1075 1437 1252
1478 198 1346
286 1561 1056
1207 1456 479
557 44 1239
696 750 1445
1671 1054 615
1448 189 243
1390 209 9
1045 1598 124
555 800 283
1236 207 1112
662 591 1560
639 1645 129
1325 1618 1395
1599 1153 772
344 987 752
1612 1645 1151
460 568 539
672 1108 356
1474 172 1626
1593 1089 1286
42 643 143
1565 402 646
575 949 1403
715 1292 899
1037 294 300
1690 1592 325
424 803 840
830 1814 1721
1238 1604 1495
1454 1297 522
513 955 1713
611 1347 368
891 1347 1690
1404 19 1792
1088 971 1512
520 435 786
1324 784 569
456 409 15
1282 1462 142
217 1357 1318
1543 131 820
163 235 1644
820 869 490
310 432 974
1710 1305 1267
1174 518 1766
1621 359 237
1304 187 1837
838 603 26
1181 20 651
1112 1787 1464
638 1804 114
708 321 1402
804 319 998
1016 560 1105
547 1049 518
699 1776 376
691 1774 1670
98 513 1198
498 832 1134
385 840 272
530 1165 242
394 1666 72
815 194 300
742 1169 1092
335 57 1425
701 1129 742
460 1614 136
1791 1154 319
776 707 506
456 402 1395
1403 1035 160
1644 5 1388
1650 401 1312
1805 1436 1112
541 853 10
852 119 1021
570 1016 1357
1560 1498 421
1416 1780 691
1367 1322 698
1376 625 1785
230 1439 586
982 410 949
1155 517 358
1548 273 964
1649 1262 1691
257 1081 956
1218 1228 1475
916 1599 600
1264 1268 768
870 1215 429
330 1690 1063
1279 599 137
1754 876 337
1571 184 1052
1313 768 1799
50 990 1491
1619 1151 1442
762 1694 724
448 850 489
267 1668 964
1658 1845 283
830 440 468
1629 1692 762
103 1668 554
1746 260 753
696 497 1836
294 402 122
1673 1849 971
1413 1670 826
1733 1321 198
1102 1132 621
499 730 83
296 1486 1011
910 1198 1720
1403 1897 1693
98 1718 1113
944 1103 946
258 1339 1406
963 1758 1068
292 677 1369
191 227 1452
1238 1368 1257
1239 306 1428
1779 1178 826
1815 1611 601
1573 1449 1340
81 1034 1361
915 1227 699
1065 284 1305
1456 211 7
237 1450 122
1913 9 1798
204 28 1076
540 240 1028
1083 337 1633
156 1640 1443
960 1409 17
41 962 331
845 65 714
1284 968 1422
1792 1072 438
1125 298 1474
203 89 1056
1005 381 11
148 111 1911
1009 1145 148
847 906 686
1048 16 1184
1696 105 1255
636 1248 55
935 96 729
566 1319 1771
761 1884 942
1525 1199 317
1883 1643 1026
1917 85 1372
1360 936 710
707 219 1530
1544 1121 866
884 884 562
260 1866 1212
962 952 1179
774 825 342
86 1166 309
661 482 539
1045 6 1753
1896 985 310
1327 1080 1007
1392 9 1408
1647 1018 1727
927 262 43
941 1179 288
46 388 456
677 221 1805
320 406 126
819 1626 308
1389 226 1256
1043 718 1736
801 1924 881
1867 834 133
124 1531 1681
517 1295 450
1079 1745 1220
816 239 1259
418 930 523
1810 1721 16
201 1974 495
868 1065 689
283 1322 1352
1670 77 520
731 997 660
1306 1781 1803
560 170 1217
208 261 968
1332 1232 1827
82 1058 1177
1569 1645 480
1359 1467 824
882 1263 1415
325 1973 1518
723 1632 205
395 649 599
27 731 266
824 448 375
1929 949 1901
224 1205 1407
1004 1513 1200
865 243 510
1772 1440 1077
612 1008 868
942 1812 149
640 1988 1082
1173 1364 1776
1154 617 450
1899 426 246
186 451 635
173 1224 770
1876 727 853
1544 641 120
929 533 1655
1310 687 174
450 304 890
1727 765 1140
189 140 1271
1421 269 1410
91 846 1278
940 44 1053
1744 862 697
1512 1750 124
588 1231 1082
763 1446 632
192 319 928
455 1839 945
1459 367 828
1051 1280 524
906 1416 620
260 48 165
164 1123 623
146 141 65
1869 559 261
780 1599 1889
1484 781 60
369 1822 455
1733 1676 774
1732 554 1174
962 103 457
181 831 529
347 501 1822
1273 840 1140
114 907 1012
971 142 672
1363 897 575
1245 291 1063
1683 1741 1057
1843 534 404
795 218 953
1364 142 1840
691 149 11
1163 1649 2007
938 884 342
1702 915 985
370 1042 1598
2030 1027 530
805 405 1658
396 1506 828
132 2056 334
819 1275 1359
1657 215 1858
534 966 1233
1408 1540 1194
1614 469 530
419 1051 432
680 789 1438
1139 1218 666
972 488 331
583 1718 1896
1459 1940 599
1905 45 366
273 298 887
704 376 1006
122 1930 2012
1565 1026 1916
1862 857 591
798 313 288
422 818 771
1765 484 412
220 273 1009
1974 68 249
1623 1839 790
822 1142 1658
1061 938 478
569 190 868
515 847 1755
247 1141 1859
1955 1926 70
1627 1353 66
1162 61 1113
1463 240 1274
1066 327 1934
1908 1416 1244
1983 2042 1316
1933 1342 1738
1896 49 1687
946 150 1486
1398 1920 460
1269 758 1671
1361 118 92
1818 1328 1646
664 91 1133
106 1990 864
486 1490 1458
11 569 1840
1602 606 388
455 1848 1725
928 69 1972
1785 1659 1417
1534 1234 833
2021 10 528
1158 1655 1846
848 657 1367
1608 598 912
182 1015 93
1893 1786 777
1409 2019 168
1367 996 76
1920 679 662
1549 1685 961
1506 373 429
1805 1486 1138
138 36 545
1249 1567 1365
675 949 457
1041 1826 61
1813 697 177
1486 1053 140
43 753 1255
15 621 1321
584 2057 694
1545 209 507
604 1174 323
1130 2120 1333
2000 37 93
699 299 2093
86 200 133
1683 16 439
268 1697 1458
1762 1892 145
1760 35 480
1073 1561 384
1036 1730 600
1415 1776 450
645 74 646
728 1807 1959
1699 1651 1154
511 194 1330
113 1183 1540
1156 1030 1258
299 1991 1864
675 390 1262
1383 546 1047
1092 753 1315
1291 623 866
1678 1295 536
341 500 257
1874 112 264
836 555 1107
648 542 1777
1417 626 1452
1695 1032 1096
1962 1492 1196
25 1396 883
1790 1933 373
1939 135 1909
43 974 342
404 94 796
74 1559 25
1511 1342 1855
990 488 1583
1106 1886 145
339 1573 1195
1838 18 187
729 691 1628
864 721 1565
199 1218 143
2062 695 985
183 955 444
299 1100 88
1459 772 2062
1213 351 148
896 2072 1772
1237 374 1365
1772 132 775
1583 59 1239
1 708 1678
1278 726 2072
526 1451 284
1106 1980 2170
119 2025 1143
201 773 1407
650 2059 190
884 314 2012
1822 1149 1729
1053 757 475
9 91 1465
655 1356 425
103 304 1346
1573 1134 962
1790 1404 1620
610 845 2096
262 1801 1035
1318 2132 2159
860 745 279
1994 269 1914
1086 835 1964
1486 1386 233
1175 1083 716
1759 1397 57
495 1260 722
565 1304 1466
1493 1447 227
182 108 702
504 2185 649
152 311 1097
469 596 2099
1389 779 51
1851 1138 1440
1764 1382 1404
2080 1678 302
1092 1186 1228
153 705 2158
499 1158 1992
2179 272 191
207 2001 1250
1684 434 98
1858 1842 477
2205 922 1154
1688 2217 632
1586 114 240
1318 855 2074
1455 847 626
135 1874 1130
2155 851 138
1531 730 297
2026 610 617
32 169 269
1852 1474 569
1296 2152 2194
1517 1862 991
455 1374 1394
1667 1452 1263
1760 103 686
1473 627 842
1660 740 1282
703 1657 428
935 979 140
1916 181 2181
761 226 2238
1082 1924 1485
802 1348 1368
127 1930 1826
1534 819 1985
1431 144 557
174 1175 62
797 1579 542
862 2200 1642
41 1629 1332
1849 1578 464
509 1183 507
1227 2131 1108
624 1014 1964
91 1259 655
1903 217 280
2078 819 935
675 2238 1326
1349 148 1322
1266 2035 2261
672 850 669
174 1625 1551
1528 314 288
1285 1125 1105
494 203 333
879 1696 78
769 2254 1993
1414 1943 1015
1365 1660 640
967 1378 216
936 903 1192
946 1562 2217
937 702 1632
1999 1017 537
1086 1849 276
441 1536 539
801 1512 2
1241 1784 124
2250 1708 795
1221 405 1321
309 1143 1611
1066 2063 1112
1360 1703 1405
1520 330 565
217 885 1064
2196 1603 1664
952 219 1520
12 1917 813
1287 730 724
1977 831 754
526 53 1280
1461 517 1369
2102 2101 1393
1645 681 1649
2041 1995 1128
1559 1058 1526
1886 1708 372
160 1349 92
270 2188 1795
72 2027 1076
523 2196 523
373 1603 2111
870 1623 157
1733 1908 1851
1979 776 2206
1250 533 234
1470 579 1121
1924 85 365
964 1365 1709
1608 1216 1725
1976 1819 2274
41 1346 1074
936 141 1580
2116 1888 405
1066 576 190
1759 501 1668
1564 869 1172
1413 1379 338
1763 1632 1266
289 2303 313
881 906 1861
1729 1322 834
1388 1390 275
1976 1582 1341
77 1682 99
1526 2123 2109
1667 1555 1249
799 329 562
1145 1348 179
1466 1098 1286
944 731 518
2034 1166 1438
1445 393 1684
1671 439 1989
482 1960 1140
1685 2024 1624
1691 946 663
504 92 697
920 1015 1903
474 2312 1947
478 1225 1847
979 1860 698
1830 1811 35
166 1228 431
751 585 1061
1439 1035 2301
597 2135 2263
580 821 771
2331 2328 476
515 27 629
62 187 617
2206 869 1354
1806 55 1176
1051 1657 2181
319 411 132
1564 579 1268
848 1058 2141
1069 1026 2180
76 1423 1249
1812 834 1647
1607 625 408
1391 1520 77
1381 728 650
1478 521 226
371 96 1244
1938 527 1684
680 530 2091
1279 202 1344
767 632 150
460 392 47
1125 238 450
2144 1305 434
172 767 862
2099 237 274
1998 2332 2347
453 1633 744
147 2098 754
1322 406 2117
1329 2 1332
1593 688 871
59 297 621
1954 2381 1525
1429 2299 1120
1073 844 348
1020 782 1539
2240 1517 458
1970 1375 271
1489 805 1421
1315 1161 1888
195 367 1873
323 2123 2322
1908 621 882
1894 1828 1729
139 2128 332
1981 1659 1621
779 2206 1929
1486 1587 372
707 1609 2028
1873 476 621
2080 1581 1794
1909 689 951
347 643 273
2212 2173 116
1997 2041 172
2051 1086 744
1640 337 445
2125 1247 2277
1926 274 503
599 1808 1053
1960 645 1350
1148 775 1577
1016 531 1221
1785 800 2126
2231 671 2062
1764 1998 2111
93 1939 2155
944 293 2253
339 2224 778
529 192 372
1289 97 1692
2360 174 1845
426 1418 2093
1027 1008 125
140 701 947
1097 1953 776
829 2058 1455
1765 512 497
389 1792 290
2179 200 959
1746 1981 629
256 1540 2287
1992 995 2281
1218 2135 1103
496 947 1609
656 1497 2267
190 790 1056
171 545 1910
658 1296 1609
906 1355 1347
154 2285 813
1756 2080 2264
1857 2210 142
1519 1742 565
1447 331 1944
2063 313 854
2222 1023 161
167 1287 1511
1162 2264 1209
117 1424 571
1577 2017 1682
1558 2410 186
1876 2186 680
113 432 1197
1853 1263 666
1749 2447 2398
2052 596 1449
1349 56 418
1236 1024 1222
146 538 1149
1442 6 1225
1711 1588 163
1774 1151 848
1995 1610 1436
1648 2143 70
1433 934 1622
1487 326 1871
446 1970 2453
216 218 1147
290 1179 2312
724 709 155
34 1262 645
1169 841 2123
210 271 1713
586 89 2374
153 1061 366
417 1168 492
2232 2414 1873
237 330 2480
1112 1281 1888
1730 1066 1566
1352 2373 1282
1812 265 1120
1614 887 978
735 296 492
1530 1640 214
95 818 683
2097 861 2368
783 1580 1665
1665 415 2409
231 1050 915
515 311 1499
859 1592 1096
1287 1869 379
1550 741 995
1595 1139 1748
1110 835 942
1024 2279 1238
338 1691 437
1832 22 1930
1093 862 2165
1911 2143 1641
444 662 2273
660 565 535
1054 846 918
1971 1417 1885
721 2320 543
1077 786 477
1646 2151 2409
851 2086 2210
235 549 1987
261 1228 1086
2479 1147 705
409 1151 2511
701 1810 1766
2246 287 1440
328 786 1796
162 633 1919
1602 1806 676
2312 2077 221
2456 800 557
2436 618 731
1863 991 1601
111 2248 490
471 1973 1581
807 547 1255
379 1122 1925
1920 675 891
968 2156 1494
1257 1988 2229
1551 2258 754
839 983 2073
1775 1523 163
1885 1180 1180
1645 821 2312
1978 2261 1911
1061 2290 1977
1439 2265 1055
2397 403 1979
2414 2496 1964
768 1771 2178
2300 173 512
843 1716 1232
908 2279 2515
702 1122 2063
1329 1972 394
1148 2327 2114
564 1394 1385
1618 959 2161
2118 2254 316
2506 13 2278
889 1865 1960
331 1382 2059
2343 1447 2250
1640 1022 477
1640 1250 587
106 659 2458
1787 1570 701
727 2380 512
1152 1018 1998
1745 613 2416
270 780 1326
810 14 2446
2462 980 1702
706 1651 1029
1624 456 1569
829 2381 2197
897 560 1529
1608 829 2500
308 933 1768
2429 469 2224
10 411 1012
133 2035 402
760 69 1129
431 369 1349
1347 440 1983
1678 598 115
2429 707 853
2560 1497 265
1182 2090 1737
279 850 2203
1003 715 251
1127 845 80
2302 677 1437
1156 2247 786
158 2376 1679
2108 1361 1661
1904 383 654
1152 1419 1585
1168 340 1601
2070 228 2417
2005 2501 1445
1279 1824 2279
2409 1160 1119
2245 2061 988
381 2498 2474
2006 1047 2125
722 1777 307
1112 1932 1203
212 1024 1617
224 2599 2607
1864 653 32
2013 1722 59
9 2255 195
1730 95 2071
732 500 1876
2464 1524 1799
1393 1152 1029
291 2061 12
1449 2442 898
736 2607 1397
1856 550 1482
963 937 570
542 2382 1721
1647 1069 791
1218 1859 2001
1260 824 1168
1037 26 747
1955 728 2544
1269 2216 242
2152 1939 1852
2329 554 879
1332 52 2527
684 2563 1306
356 266 115
276 1292 1540
2315 1909 1491
2303 586 2369
553 2396 2286
1946 338 2342
711 1324 1075
649 717 858
1436 2084 663
1351 1817 2060
398 328 757
634 1444 839
634 444 1455
716 1859 812
2634 2090 677
1391 388 1925
1343 745 641
1750 1062 1346
439 2379 1970
2101 956 2331
1669 450 1267
951 1793 1374
168 2417 439
832 1062 1553
1793 856 1139
687 74 1116
1648 2017 486
2285 483 750
1492 1371 94
525 2504 1566
1563 611 1631
1564 2441 2465
1087 281 647
2450 170 2648
848 1642 2013
1412 2035 1669
273 2097 665
506 20 1869
2000 1360 1242
602 996 1997
957 1162 1292
2659 235 1549
2147 1993 1212
1904 1752 2324
1625 1789 2161
2576 306 2488
295 1504 1365
1180 1150 816
31 2604 2537
47 957 539
869 579 1367
2459 336 295
65 1062 1506
1250 744 352
357 2204 1684
2504 1147 1366
1423 883 1894
224 308 1821
1044 2204 1066
274 123 2506
1113 132 1817
1895 2265 995
1930 2217 1821
2573 638 944
2118 502 788
530 2435 436
2506 1985 1283
1280 1208 1166
1550 1014 1178
148 2254 234
599 23 2094
933 730 108
1951 1620 659
1154 594 1383
1118 1717 2632
1928 261 2162
701 2424 865
183 139 1223
1854 2690 540
894 2101 311
29 2513 2599
26 1169 1493
2352 1356 1993
2646 2657 2302
164 1695 1947
2653 423 856
856 2386 994
98 1779 2642
1694 1388 1354
409 555 632
2298 869 1165
1441 2405 2083
2624 960 177
1476 2514 203
1591 695 8
1298 1814 1440
2687 2052 189
389 1391 2503
1606 2320 1876
807 2656 1704
96 124 1496
2536 644 2298
159 2550 934
739 2551 2603
1731 2286 596
1317 1912 456
2375 2213 2112
522 1571 53
180 60 1460
901 1813 473
1342 2030 1076
2623 53 2455
1184 1894 2282
2519 554 1213
2195 912 1750
1776 1082 2674
2225 1133 870
1376 1768 647
2602 2322 1694
1413 539 787
746 1261 2735
2111 1516 1198
475 2600 2547
671 988 1696
332 1227 810
1459 2265 291
710 1256 780
1682 1928 264
525 1884 2373
294 2250 1669
1666 903 1114
304 2684 1486
2352 1575 429
466 1576 1624
551 2362 98
749 320 1132
2614 1788 1980
651 1998 2255
2183 758 2695
1449 636 611
932 2454 853
799 2600 1992
2422 315 1268
981 2706 582
1379 561 1029
1030 2337 1752
835 2410 1948
191 2729 1161
2416 1414 1900
2717 1273 465
643 2363 2409
1211 239 634
1374 363 2028
2404 1930 217
1428 947 2111
2452 424 1604
577 2393 1542
2626 2622 158
244 468 695
851 1096 2407
2633 1868 2635
1276 461 1483
1573 1598 2511
2492 253 2083
1040 361 259
1321 1141 2007
1787 2776 457
1706 332 2720
1959 491 1009
2733 1546 1500
2353 1247 71
33 1142 232
1471 581 1479
932 422 1694
923 159 2038
1216 2121 588
1381 2531 2380
2637 1381 1895
2232 1832 1824
2760 545 2075
1193 1741 733
1240 1027 1019
1434 78 2777
1062 2779 1923
674 850 2504
1461 858 584
1118 1231 1275
1331 1108 755
618 659 2606
400 1846 2795
1768 2044 2241
2335 1507 793
1524 436 445
2382 695 638
1737 468 2207
2583 1603 1245
2011 1768 1274
2224 467 1070
906 179 373
188 11 2810
1440 8 1483
1068 539 1670
608 767 241
578 1865 1401
1054 763 1992
1565 65 1862
2182 787 1976
2043 2472 2681
93 1727 1130
1755 422 225
2336 448 1851
1261 1195 135
2777 2488 1270
1438 1127 740
2226 832 1630
2297 2485 830
1711 1198 2504
934 466 2417
2012 1781 1076
2358 1438 178
2831 1174 2073
820 652 2193
1330 1274 855
83 927 823
2280 2454 1924
1730 644 1702
591 395 1634
815 1605 1397
2492 1148 2278
1371 2218 1952
1866 263 353
2776 643 1523
1939 1922 356
2843 1676 2234
1319 1984 1399
2293 1161 927
2709 2474 2070
2706 1936 2752
150 2188 287
1210 725 897
314 2428 1551
251 1911 2216
1035 1272 2624
2713 278 29
2024 2085 1829
1797 2187 1533
2465 643 783
1939 2661 875
1999 680 1711
1925 1121 2176
1070 2848 1452
1561 2372 1256
260 1490 1832
1905 2598 853
31 1468 2232
2770 985 54
866 144 1490
440 1726 2694
573 2673 1489
2605 1199 882
666 2758 506
1262 2347 536
604 675 435
91 273 2016
140 436 228
1673 2441 1567
1674 292 1076
2012 822 768
1077 1352 1802
2674 682 1352
2211 1918 2186
1 2133 370
2017 1508 1485
1642 1989 1490
16 2274 2254
560 935 2452
1229 1720 762
1838 2505 1261
1549 1660 2350
256 2627 467
2104 376 2597
1781 140 1935
1706 1493 77
2529 1071 271
627 905 1550
1831 157 650
634 586 2322
1865 730 2235
2038 885 2681
1346 1574 1900
1103 2484 2257
1562 54 926
15 2268 491
1222 1413 1157
1153 815 1124
1313 1100 1242
1043 1873 1867
802 1763 550
1491 580 1376
410 2824 1802
743 2818 1156
2392 606 59
703 1647 766
1316 2322 884
1706 1690 1979
2554 2209 1478
2084 734 1224
2220 163 1238
2192 1931 2656
1897 1313 222
1740 2422 932
2493 1159 1608
2886 480 6
2651 964 158
773 1545 2081
405 2934 1836
100 2186 179
2453 762 65
2823 2352 742
1219 2434 1062
675 1971 2696
2437 573 1119
259 2710 188
1954 752 237
1959 1536 125
2574 275 1160
2875 2044 2587
1868 1029 1818
2363 1563 1955
688 827 558
1121 2287 320
682 994 432
2017 1673 2531
873 799 1914
2111 1267 916
1411 725 2896
2401 2815 2008
2303 1116 980
988 1008 215
598 2251 2613
469 2868 2768
1211 2176 113
955 2212 739
2160 1163 2331
2511 987 1548
1846 403 1378
1206 1430 2217
966 2527 2593
633 2127 407
1441 2823 123
2283 2262 572
2599 1704 2888
654 2110 1645
466 2816 373
796 1935 2158
1301 2488 1665
2477 735 1094
160 2495 2844
1635 2872 2892
1215 111 983
2900 136 604
1786 2625 663
1921 340 1674
184 1922 1247
2938 1322 2231
510 430 2625
1326 1613 2253
2092 129 793
658 1099 1109
264 450 785
1227 2571 1830
2237 633 1797
1107 2864 2792
2069 2493 2752
74 882 2713
1714 2878 932
1203 899 58
1255 2923 908
1871 2992 2110
1938 586 420
660 625 2977
1832 525 1063
1830 506 2801
1285 33 637
803 2868 2836
2518 2608 104
391 2533 1251
2347 2110 2216
326 1 1596
2799 1932 1502
691 1848 1222
2338 2321 1800
2681 1623 2805
1441 753 602
2002 1780 1738
2426 764 697
1416 1485 1735
274 1815 2918
152 2927 2779
300 14 2017
1302 2804 1412
1842 1648 1734
2226 2155 865
1483 1277 1549
356 704 2292
3012 1057 685
2738 2405 2545
547 345 1529
2667 1397 1638
2933 210 1428
1973 749 3005
750 1305 1815
1469 1480 1514
2989 2065 322
1524 2756 1472
1639 1656 2262
729 495 862
2700 1906 2580
1318 236 1411
2399 2026 1751
1543 546 1440
2370 1852 427
2969 1090 2751
1032 1311 430
1405 2784 1611
1296 1305 2954
1890 1814 656
2945 1913 2620
1453 1439 143
2446 2673 2904
1660 2178 1851
1394 502 2258
2191 501 1152
2825 345 1249
2659 294 2020
758 3008 230
2766 853 1746
24 1199 743
43 1222 325
766 2254 515
1953 2205 1162
534 1692 363
2673 991 1366
293 2599 2301
2112 1510 2042
3022 2074 3073
512 2937 1946
2137 1568 1199
328 1369 358
642 2541 601
916 326 1731
1119 245 437
1395 2848 2688
2807 2065 634
211 1450 1517
973 1229 597
1315 1830 348
807 1961 1096
1495 2831 699
3020 2838 2456
630 1204 787
2721 478 520
2944 747 1671
1951 786 2711
2107 361 810
2147 398 72
3029 2874 3024
2917 400 2597
2192 2389 925
895 523 1653
90 352 1588
324 745 1548
180 2664 2037
986 1859 1851
186 1129 2287
1067 657 2313
2249 1392 334
2207 2772 1119
2 1906 179
14 2922 1615
806 2011 1709
1187 2215 1986
1910 2010 2479
1530 2684 342
1130 2793 768
1214 2083 1599
1555 2857 1373
1946 1994 1284
426 379 359
772 794 2208
1110 2319 1487
2449 247 473
579 334 1497
1519 1164 888
992 1771 1695
2451 1927 3069
3067 2156 1921
336 2623 426
2668 921 798
1483 2783 2099
243 732 1823
1287 509 1239
2936 1740 2942
1460 149 378
1803 2332 484
2316 670 1847
1686 1532 1911
2014 1393 3021
1002 135 1477
1004 1532 2220
1086 861 2579
1084 866 453
2906 750 1130
1260 536 2745
677 716 328
919 939 627
362 767 1001
1366 949 1911
3083 1768 1571
2294 1601 2838
1361 2937 1676
159 1528 2187
384 330 2831
1503 2260 78
1646 3062 244
175 386 1188
876 458 2293
2553 2803 2934
1481 2827 1781
3024 1494 377
925 2659 1000
2166 2903 2711
1723 312 639
515 128 44
876 184 1223
2079 1047 2464
2318 2576 2532
779 2540 1353
425 1550 1555
1802 3039 1126
2396 968 2273
780 2907 1659
1549 2693 3016
865 2215 2825
2408 2745 2625
1387 2879 3049
1409 2890 88
419 1222 5
962 986 1570
2927 738 2026
985 572 2825
1920 1882 1418
2368 609 13
2753 578 1630
1950 2541 2262
1578 790 2380
1272 2995 1376
1981 311 514
1644 1406 2267
2182 1125 3023
2188 2832 159
989 1473 713
2710 3149 500
753 398 83
3121 231 1914
1221 2342 2511
1571 3040 2159
1088 1397 736
85 256 2317
3092 2685 264
2969 2219 17
630 1154 1543
2007 46 1773
957 1385 3095
1921 1160 2057
742 868 1813
820 1018 1283
1155 1135 2156
605 1530 526
1702 699 2580
464 136 2013
1841 944 1925
516 1877 662
2667 2269 2480
1231 1024 387
2526 3159 857
1774 2226 620
105 2578 2546
480 2234 2147
3034 1890 638
54 825 1387
2539 1787 1876
577 2358 557
1236 2213 2439
392 915 3115
2274 2997 1440
765 1421 499
977 2619 1380
1337 1248 2928
2145 2065 1476
920 2112 2713
1424 2057 1406
2100 678 1179
2259 1562 1545
3145 2004 2247
1647 2612 310
731 1939 1320
282 179 1352
1818 1500 1118
139 1930 1007
999 2121 1234
1490 699 345
281 2031 3015
1396 1394 1929
2733 817 371
749 46 1606
2276 2122 239
1811 2311 324
878 1768 586
3148 1087 2551
1908 203 1854
2193 3035 1973
2828 639 545
1886 1468 1000
1383 47 1104
3222 2731 2450
1409 886 1245
2699 1013 3126
2407 2516 1468
755 2858 1201
3072 2631 2939
218 236 2888
1097 2378 1558
275 354 2360
1243 1311 2909
1801 2423 3155
3127 1336 3009
1619 539 239
567 1938 448
2703 1100 2547
446 1920 2985
3030 2076 2490
1693 1838 1151
2544 641 307
771 1951 710
2682 2396 2283
519 512 662
3058 2419 2780
474 886 2774
2270 1073 2185
2326 2143 1680
991 1034 1391
2132 1762 951
909 1749 1340
1250 1246 1010
1978 2379 1799
1926 3091 1253
2645 1768 1722
1378 2686 524
3265 112 608
3094 1629 974
2137 2798 706
3036 2870 1048
2598 1065 821
2118 1598 1638
701 535 915
37 1203 1922
778 726 1139
2163 1717 781
146 125 1055
2171 1310 3068
2857 1519 2263
751 2694 1811
576 2633 3194
2957 2908 1175
730 2278 320
1357 1444 2486
739 2013 525
36 1091 1236
2665 68 1049
1961 2399 335
2588 1128 1063
1454 3046 1885
1633 2629 732
2628 3083 626
1436 2463 1265
1779 228 1523
1114 2894 2901
20 354 1195
45 2683 448
3229 3024 2497
223 841 1493
2923 366 152
676 2677 2959
113 203 860
2362 2468 3125
1491 2888 2176
2235 1301 2576
1789 3088 3246
425 1265 1991
1735 523 2511
923 213 1458
1416 525 811
2877 449 457
1542 334 607
1058 484 2406
415 2421 295
2544 926 911
2854 1483 1523
1038 645 1880
2663 2650 2357
2529 519 1584
2356 3134 2301
2228 1036 1521
276 2117 1971
3229 2019 1790
1943 699 2867
3212 1672 2434
437 1970 84
1117 362 2867
258 237 1230
575 269 35
2812 1658 683
2808 2332 273
99 1077 3231
1559 1280 2056
2760 1407 3154
1494 1723 2069
2084 1938 1454
2401 690 2329
196 125 1745
3032 2385 2669
617 75 2804
1878 2745 1106
2466 2322 2286
3341 2292 1303
953 899 1742
2801 301 1412
1200 2152 2041
833 1777 865
290 3230 419
1938 555 2765
195 960 800
1265 3335 1106
580 1150 2141
2511 2782 3253
2090 1703 3055
880 540 2667
67 3298 2593
1300 3154 606
856 633 1273
3083 152 71
1031 487 2158
1494 2677 2264
1257 294 1735
502 445 2762
596 2461 3377
1174 198 1704
2350 3292 3166
1043 83 1689
603 2776 631
2141 3348 1479
23 1837 2560
2476 2860 229
2120 1510 442
2338 2424 1486
3055 2530 1897
792 1267 1097
1423 1092 2294
1987 1525 169
2690 2915 1160
1679 412 2561
2159 3134 2219
2939 200 968
2234 2700 3065
529 1460 134
2692 1139 63
485 986 1873
3151 843 802
2684 2924 469
302 1551 1680
847 392 492
691 1210 2216
1994 66 3121
2150 3099 2141
2553 289 1567
3224 2938 35
2013 616 2734
667 1545 2865
1118 514 1259
2499 294 2387
755 3142 1842
83 320 3262
2422 1083 1234
538 851 179
1876 628 1416
5 1044 132
10 2028 1976
2514 1839 2503
1676 2383 2768
1084 2894 2198
2753 3381 2287
1927 55 220
1393 41 3419
968 3186 2431
2229 1311 1649
1467 1701 463
1488 1064 1985
1797 2807 2129
566 1806 2887
2091 2915 2247
1696 2602 2514
2302 3190 2627
380 3103 167
3043 819 2409
2764 3266 1494
1317 1911 683
2058 2263 2557
2988 934 2206
1945 1554 2101
2340 435 325
3112 516 146
642 729 896
3417 2758 559
2935 2010 2437
1205 1263 1148
3062 694 2388
1977 3145 2362
2936 3376 2935
1105 3090 418
2134 1964 2788
428 2793 3026
564 2888 916
2239 3320 3458
3427 266 611
260 1971 2497
1681 476 878
3343 674 2494
969 1773 80
2755 592 1841
