3879
0 0 0
1 0 1
1 1 2
0 3 3
0 4 2
0 3 1
5 2 0
0 0 4
8 0 3
6 1 9
5 8 10
11 3 1
3 5 7
2 2 13
7 3 7
14 11 6
2 14 8
4 9 13
17 11 17
5 10 12
14 0 0
8 21 21
16 11 6
16 17 6
8 24 2
14 3 12
6 7 6
0 1 0
18 8 12
9 0 23
5 8 4
21 16 18
31 3 20
33 9 12
24 30 20
3 25 3
16 22 12
35 36 32
19 5 27
34 21 0
28 29 19
1 19 28
19 20 17
16 40 16
22 36 30
31 10 24
6 14 5
12 21 44
5 26 37
26 3 3
13 36 45
17 45 39
38 15 49
44 4 8
36 16 42
29 24 48
25 1 35
55 8 49
19 49 37
25 25 35
45 1 37
39 9 11
37 5 24
17 50 54
37 32 8
9 6 60
40 14 7
3 51 33
53 39 2
39 55 61
39 11 69
33 21 17
64 21 16
60 56 42
27 72 53
4 7 0
39 71 53
58 11 3
51 59 20
41 48 28
34 27 34
69 23 39
66 11 56
25 70 80
76 49 73
60 48 35
3 40 31
20 26 70
5 55 8
23 34 10
10 57 24
1 83 77
60 71 21
92 85 46
34 45 23
76 47 62
65 25 5
96 18 12
77 49 78
72 47 40
56 8 64
50 91 68
39 11 65
43 68 29
66 62 60
37 29 98
43 51 38
79 49 51
22 61 94
28 93 94
91 106 10
69 50 22
101 29 34
94 33 95
7 106 73
61 60 84
80 16 4
46 112 1
27 115 14
20 85 75
102 3 93
58 19 36
94 16 114
7 75 68
4 43 115
15 87 26
85 4 105
59 80 66
9 18 54
68 89 77
67 70 21
88 67 76
2 3 64
57 57 61
59 51 48
122 35 66
61 99 35
76 108 7
46 10 116
1 132 119
29 94 51
118 83 3
99 93 110
79 14 71
8 62 47
93 103 118
45 84 120
71 147 66
22 1 114
93 59 81
113 26 34
120 13 32
143 121 143
97 37 120
128 16 121
68 42 82
24 27 96
78 156 144
101 24 1
4 134 118
9 132 55
8 54 88
3 47 120
123 81 140
121 78 158
127 100 49
73 57 113
58 110 39
127 37 85
131 26 156
16 81 134
161 40 130
106 96 42
161 43 119
141 103 115
21 122 15
10 91 115
80 51 146
44 140 65
21 116 9
59 33 133
162 158 95
46 106 54
13 168 137
182 152 83
7 126 124
103 175 11
147 28 154
58 10 176
95 72 12
159 39 77
91 162 65
145 30 56
189 193 97
63 43 148
188 92 86
91 108 99
115 34 129
138 164 54
182 11 126
55 73 5
155 24 2
130 29 82
190 156 24
144 172 75
11 196 199
171 157 124
10 168 68
89 169 155
94 178 131
134 31 181
121 58 51
0 191 85
118 205 87
116 31 87
5 45 49
118 130 73
124 116 73
14 115 127
52 23 60
78 208 35
68 187 185
211 186 38
191 96 101
92 215 27
44 85 28
5 159 33
89 55 186
26 227 54
212 156 41
62 222 213
96 155 8
110 67 108
230 27 17
170 98 118
131 63 78
203 37 223
22 178 138
174 160 178
221 232 181
136 140 106
102 226 167
220 234 221
34 108 144
77 158 210
26 34 44
68 50 238
43 190 61
223 86 186
202 196 245
179 193 176
78 246 68
190 222 134
105 160 61
44 59 96
5 24 86
57 62 85
231 49 98
141 229 193
259 113 116
172 44 33
5 218 91
33 1 219
168 89 183
8 223 239
208 201 143
165 246 216
249 213 173
260 220 44
155 186 82
101 234 151
263 261 45
128 59 75
240 40 13
2 177 164
110 44 187
62 93 252
58 72 133
2 259 156
245 196 221
131 156 45
237 107 254
137 178 261
179 270 145
130 25 127
216 218 22
264 144 95
157 77 38
204 115 93
67 215 257
27 26 89
107 248 290
133 24 221
283 213 232
186 183 91
178 113 267
121 287 6
26 25 62
295 271 18
131 290 106
268 253 185
190 50 58
18 40 70
239 26 271
293 88 52
252 83 11
104 69 124
145 77 257
1 205 233
52 301 83
19 170 185
52 231 85
41 202 232
81 185 39
26 63 260
264 213 14
121 147 250
253 21 165
154 149 142
119 224 5
225 142 82
113 265 72
26 315 7
150 210 143
157 54 219
24 311 264
100 42 314
47 261 311
186 326 28
82 79 253
300 116 21
116 10 293
293 126 38
287 115 230
64 89 85
208 52 328
193 132 105
306 275 191
131 338 136
4 31 110
326 37 90
24 184 287
313 53 145
40 53 249
253 12 34
258 209 46
23 256 18
296 225 220
139 34 114
122 194 63
197 311 106
189 243 204
123 288 232
233 255 343
210 44 3
231 123 164
200 158 19
2 272 290
85 350 218
156 43 110
270 183 232
42 350 204
302 64 109
108 79 92
255 276 44
280 360 290
128 258 293
279 356 142
296 104 178
287 25 119
306 309 80
87 200 82
237 14 199
6 161 337
336 25 260
177 372 337
184 305 24
191 284 214
316 97 271
124 343 25
80 349 317
151 121 281
73 285 195
64 14 104
200 173 79
382 190 331
200 160 305
312 40 95
30 167 340
5 381 32
321 174 254
148 259 2
386 364 60
116 337 87
349 137 344
169 0 345
254 245 269
378 91 145
169 43 373
27 244 303
39 306 184
393 340 324
204 299 297
206 356 245
381 283 151
365 139 248
273 271 400
133 366 313
123 78 169
170 96 62
251 55 166
165 238 304
68 157 310
248 87 259
378 315 25
137 275 9
294 212 195
227 51 108
396 82 334
268 415 274
397 62 214
412 271 65
307 232 62
315 422 190
184 322 109
191 246 92
268 374 210
175 6 229
277 112 353
234 174 31
293 215 105
197 427 57
182 142 126
332 123 399
391 118 273
54 397 220
245 383 277
291 123 373
107 344 245
29 7 289
160 34 153
75 19 90
295 173 154
204 375 30
282 322 84
331 163 361
386 445 255
336 327 128
158 308 169
312 223 179
115 90 235
265 16 113
190 203 72
388 408 416
208 447 418
265 167 425
261 161 252
370 28 98
341 249 7
234 77 106
392 205 427
321 249 203
55 298 44
35 305 12
458 312 53
47 21 20
160 25 340
199 161 118
378 15 213
418 363 294
410 249 194
15 275 189
71 344 465
357 221 128
440 171 405
205 302 462
321 424 152
378 310 50
257 159 256
209 380 258
158 10 335
187 359 67
390 77 193
377 161 28
82 151 454
162 382 371
3 108 438
88 263 483
335 419 433
343 366 323
293 159 296
366 242 404
369 63 194
382 244 390
25 213 310
407 34 201
144 465 87
56 273 424
121 278 168
199 219 110
45 443 7
270 446 364
298 30 106
120 335 249
502 190 20
129 291 488
63 405 190
432 373 289
31 395 432
371 394 149
477 249 413
489 109 230
96 232 422
371 121 493
186 456 13
474 199 509
204 428 487
51 4 76
52 399 461
234 224 42
493 421 48
0 519 13
188 267 293
474 93 228
420 418 140
523 361 146
333 189 184
51 128 404
86 505 359
356 266 287
387 462 145
343 144 82
99 157 463
39 377 400
135 291 339
165 61 169
366 67 419
254 13 40
67 320 530
516 161 402
235 498 172
446 170 285
64 88 115
516 462 203
43 325 457
403 69 515
166 110 28
357 232 69
386 20 450
79 2 108
382 293 494
199 169 132
516 386 165
352 408 521
409 170 75
176 339 415
183 387 458
135 397 535
467 496 515
448 262 275
360 409 92
522 412 132
270 552 492
396 69 7
264 336 523
296 447 121
170 213 34
126 276 37
236 100 325
386 503 234
26 512 440
222 64 106
234 428 502
324 562 27
331 460 572
386 127 453
524 224 170
80 502 69
360 226 299
179 530 518
180 407 366
278 471 349
40 490 452
328 560 140
560 521 259
87 333 510
562 412 380
400 163 262
530 197 354
389 536 559
26 55 494
452 315 530
305 514 5
246 513 213
117 561 447
515 199 482
281 493 344
103 327 347
503 357 574
242 468 574
564 383 184
423 571 86
578 391 35
123 285 393
442 13 205
193 186 408
594 327 327
186 409 357
158 458 202
304 137 214
63 572 223
218 216 397
570 449 554
436 534 195
452 184 370
115 118 94
31 547 13
490 225 53
611 213 530
90 435 8
592 147 538
38 28 417
27 489 159
272 65 248
234 108 169
373 112 573
325 201 613
191 105 232
159 338 327
185 158 356
69 572 615
516 558 566
284 434 131
179 359 50
63 382 97
604 388 493
122 224 222
626 593 582
298 38 154
406 158 121
341 293 71
159 492 96
391 145 99
64 512 390
29 7 102
270 326 500
438 379 575
221 94 24
276 454 70
304 292 405
586 541 513
514 527 576
530 162 303
89 382 429
513 568 235
146 436 176
410 100 189
197 635 483
259 304 272
263 368 77
518 308 449
268 114 162
252 27 438
381 648 652
549 221 82
237 621 360
644 339 102
626 263 125
392 216 78
604 158 368
403 128 127
68 489 26
272 342 242
368 261 397
260 471 87
278 166 525
441 193 210
595 95 382
602 273 47
67 199 316
208 168 285
356 459 670
32 474 87
495 242 192
156 538 510
430 384 269
13 634 241
187 42 111
545 507 530
51 220 413
330 277 647
210 157 247
327 304 675
489 169 47
629 111 315
525 355 103
688 11 46
663 473 276
79 642 632
350 410 555
668 203 130
552 444 381
224 581 614
19 321 584
158 303 228
626 637 456
153 562 513
548 103 4
335 439 704
606 478 109
686 485 242
676 261 550
436 658 303
398 335 576
480 243 163
5 436 73
42 424 581
410 148 699
585 442 59
90 604 695
148 536 446
127 378 567
574 343 272
531 4 408
185 130 301
79 441 281
89 663 289
380 362 119
311 33 470
16 555 66
380 472 219
5 664 445
495 265 460
63 627 75
514 422 279
486 587 630
498 110 326
566 522 476
16 458 309
79 253 80
274 465 665
608 107 259
484 148 716
418 197 391
399 290 299
380 412 590
176 639 138
643 706 529
429 21 626
648 393 641
110 516 487
78 355 547
77 547 254
744 694 621
536 148 149
412 607 610
488 419 572
148 3 520
237 322 540
42 617 65
675 147 646
209 439 404
723 106 212
99 278 203
137 237 324
663 523 58
396 424 553
274 503 183
152 97 618
206 216 391
58 133 24
400 271 512
520 181 131
268 31 600
609 313 78
385 440 597
459 579 289
768 657 577
177 606 99
758 154 379
273 470 658
382 535 341
725 370 222
96 41 718
574 606 599
717 304 107
613 570 647
144 539 587
227 613 754
239 732 397
83 34 721
303 648 548
556 17 101
158 753 741
370 285 316
404 539 563
408 398 577
625 340 45
11 107 646
665 194 642
143 602 677
662 235 309
385 101 516
654 557 253
201 680 93
300 289 216
703 749 564
701 333 514
60 252 92
236 373 745
387 225 194
13 564 723
148 343 708
620 205 105
126 670 807
410 22 285
285 485 15
622 252 70
661 152 754
701 219 671
360 241 682
784 316 334
720 640 690
711 261 743
329 535 667
396 504 176
0 138 76
459 703 699
105 67 189
267 606 495
772 343 442
526 214 38
825 159 573
555 535 513
124 376 242
41 221 45
834 28 106
446 711 92
119 392 662
435 95 216
172 13 307
190 36 342
3 652 119
371 314 411
51 825 713
342 309 442
724 315 272
425 505 308
180 676 570
604 353 50
767 694 599
300 161 769
84 689 140
710 389 429
118 29 532
520 439 201
147 580 169
415 563 665
147 543 536
262 269 55
629 381 740
152 479 512
422 171 759
738 821 574
353 130 455
186 757 691
297 654 381
713 821 807
791 224 455
309 786 431
840 815 55
529 584 566
871 12 21
750 406 679
111 651 386
423 608 317
477 375 389
240 532 708
699 64 31
308 168 801
227 755 138
625 136 541
267 601 163
791 800 110
70 493 550
157 197 650
215 276 178
110 435 277
887 683 237
103 515 143
541 657 639
859 431 598
48 860 364
377 267 545
872 100 851
441 438 293
17 412 674
761 896 680
129 739 530
527 794 523
286 426 375
602 523 269
288 222 558
214 847 900
245 91 532
270 663 210
270 515 783
863 349 289
240 19 594
746 623 662
609 773 138
31 416 394
604 642 162
239 605 387
244 300 315
618 368 848
645 26 524
687 914 447
509 569 426
911 491 794
473 305 220
618 241 184
741 144 392
689 854 695
178 131 302
335 674 236
869 313 540
12 8 92
351 713 690
441 621 103
451 168 597
766 21 917
678 110 80
578 902 373
832 457 796
452 719 667
510 716 873
189 366 601
504 254 531
683 180 136
344 493 79
339 783 855
605 230 851
435 407 740
232 731 257
228 114 707
683 679 339
410 436 50
532 25 295
240 883 559
89 913 283
438 484 513
686 176 175
215 89 845
540 824 221
508 122 778
779 389 906
320 198 882
848 558 220
930 723 414
91 386 3
570 752 615
933 848 773
525 923 340
750 416 356
590 36 711
240 458 550
34 818 219
735 406 510
254 334 888
455 379 780
120 474 8
881 201 471
739 363 528
435 82 180
905 961 959
910 954 190
948 751 537
785 548 35
716 415 245
711 978 699
14 971 453
277 136 150
900 920 561
330 276 61
163 873 608
324 209 721
957 750 47
408 666 101
956 497 521
746 59 839
298 206 321
77 123 259
779 702 284
524 334 461
119 834 376
601 384 419
304 509 701
965 574 41
895 539 399
438 828 73
953 298 550
440 757 398
78 531 841
772 918 847
730 784 136
530 185 39
738 946 434
49 829 122
253 291 1005
963 30 36
369 848 858
914 298 756
103 160 44
436 147 271
856 569 442
489 236 405
761 400 538
473 153 603
190 920 956
502 14 778
725 681 920
853 321 297
960 998 927
716 256 555
394 987 340
141 223 628
939 825 986
86 562 1013
703 960 1000
557 351 460
494 468 371
408 48 821
258 799 883
766 591 1008
1000 752 456
731 692 670
806 1027 264
851 148 1034
845 550 792
684 892 862
182 1028 249
350 136 562
550 721 851
422 771 802
209 444 204
124 963 588
941 928 464
1047 65 8
263 589 12
151 284 383
101 127 223
826 1045 150
797 169 702
264 815 505
578 338 207
516 275 505
415 714 86
953 209 913
93 80 819
753 260 503
1050 896 213
46 83 233
43 317 376
864 1005 963
857 395 977
322 548 918
901 204 40
567 628 831
794 509 374
722 656 1017
772 98 1052
433 715 766
624 965 703
376 760 363
130 184 764
534 288 370
327 540 804
370 12 328
368 769 578
517 912 4
983 795 297
8 443 532
1011 189 690
712 516 261
222 513 446
563 601 960
170 151 365
303 1079 547
366 540 73
26 173 42
317 819 65
594 592 90
894 32 480
658 528 752
956 1010 734
106 498 919
499 484 804
17 0 1006
1077 225 118
311 107 8
400 397 931
440 868 247
1030 335 589
1043 646 452
494 753 335
559 157 237
225 1104 811
552 98 682
679 758 579
697 434 486
408 26 33
647 806 1097
440 433 777
29 325 1031
452 868 308
844 110 954
906 952 58
779 1118 24
769 124 226
443 598 576
36 615 897
201 660 1002
915 725 172
1111 198 545
848 833 565
217 675 861
841 667 174
786 568 1108
968 252 574
919 72 781
764 1131 931
1064 830 1114
249 1037 692
1101 582 1059
798 971 242
548 484 1115
1019 1071 758
1011 868 897
1084 1123 1138
1097 1093 708
136 145 408
928 1118 449
677 555 480
1024 718 886
688 609 1133
567 501 45
246 393 432
918 985 159
18 1026 209
1031 1002 138
879 907 318
457 276 556
524 212 11
432 197 615
211 255 701
35 935 401
506 945 691
844 301 163
832 592 501
342 696 10
572 568 1094
419 383 943
89 0 809
1034 1127 396
706 742 117
458 836 332
704 240 618
1012 1009 706
451 1143 903
1165 1010 615
274 226 136
576 605 340
766 763 737
47 502 828
134 408 936
1038 897 192
641 651 519
23 263 162
765 1116 314
454 548 755
102 67 261
960 781 1068
569 111 605
621 254 472
986 735 1001
1120 175 819
230 832 920
1053 253 277
1168 306 982
743 850 642
1175 569 423
1056 751 77
604 535 392
577 86 805
336 922 191
591 697 1043
1124 558 46
138 206 875
1056 1099 224
321 836 631
443 222 113
1065 944 444
195 247 948
776 599 992
693 483 557
343 252 98
768 628 588
131 1089 1199
537 714 124
59 41 159
855 406 845
175 39 505
719 1200 514
661 267 377
144 1075 594
845 62 700
701 868 1094
126 775 544
1205 411 151
872 282 587
922 305 155
1114 521 358
1153 981 850
568 9 422
1160 682 1037
146 925 816
830 1164 325
71 228 212
632 249 555
826 803 186
574 301 1047
298 609 598
1039 444 160
203 668 640
295 149 432
1155 655 998
972 711 834
850 708 272
182 610 1113
955 1240 126
388 33 1192
1179 718 1207
355 423 882
633 307 253
204 57 93
823 975 856
941 1152 481
1126 439 702
250 544 1076
644 304 1153
31 477 586
1113 323 385
919 1217 247
969 1003 439
937 1168 127
661 752 95
426 728 1241
951 243 932
498 767 1090
323 714 343
1254 52 359
984 401 791
274 272 20
1115 705 508
253 18 321
490 452 289
1191 895 1129
479 842 179
125 222 303
1079 580 172
807 215 1116
338 888 720
358 755 374
856 816 811
819 247 113
268 766 828
606 579 1026
195 595 550
920 648 855
414 161 297
968 1165 1081
859 696 889
1137 47 549
984 609 901
1166 976 820
968 292 1047
802 740 821
795 85 89
742 159 49
653 508 80
1240 757 1080
279 366 1175
1051 687 123
81 540 541
871 896 765
965 705 837
76 914 1230
10 697 768
1141 734 1070
323 214 737
1078 732 759
1074 52 543
640 430 1126
267 1068 24
310 192 68
236 53 340
756 1006 594
1100 573 966
37 558 129
1267 235 555
483 402 912
46 141 900
559 111 477
1146 405 105
1193 875 938
775 388 535
475 1039 1202
187 552 1091
177 861 805
41 1304 260
343 1149 229
956 1286 10
202 463 868
701 830 358
566 305 84
782 458 1097
734 71 1112
1110 93 921
351 192 201
498 717 701
546 505 993
481 210 845
505 368 1235
94 441 285
1143 213 899
164 284 178
592 193 981
747 215 655
760 346 454
1208 297 982
51 153 65
887 812 1096
906 1240 344
1072 711 426
503 728 613
461 342 212
74 138 809
853 412 408
82 0 154
589 986 919
51 667 1093
820 349 1070
411 530 34
1143 1169 365
851 575 159
405 994 1215
22 1060 517
507 815 529
94 1073 994
1061 954 257
284 47 136
363 1345 762
8 805 523
607 184 1341
680 1033 280
239 192 542
207 568 374
1130 82 991
122 32 105
814 847 767
441 912 1215
59 791 467
1118 1017 316
707 711 1298
1363 1323 343
20 843 1017
586 90 275
243 235 832
35 1294 809
1143 1296 452
1238 807 1054
1294 622 555
1027 438 138
534 382 1213
991 1127 302
173 387 556
538 401 705
545 503 748
279 514 188
506 1106 269
963 1200 958
1092 788 1349
1106 957 313
20 512 1302
282 23 212
606 781 788
46 383 1392
1388 635 486
593 782 1035
1212 1026 132
1338 1182 630
450 1216 830
127 1227 603
1238 173 1009
172 802 1320
194 886 1259
90 1134 1212
1141 822 937
1322 1311 153
126 1275 528
1287 1375 823
112 1329 475
949 580 38
874 1124 1252
388 264 39
226 501 201
669 521 469
595 20 1080
66 191 1194
305 1251 512
473 1338 1207
1416 21 591
176 663 566
134 1228 382
1333 509 1313
722 126 298
321 1362 78
614 1395 1305
907 1394 1276
894 1367 1056
654 201 587
472 955 255
854 453 856
400 423 386
476 416 439
756 290 490
1350 709 277
1073 105 87
1391 821 669
1167 970 889
868 185 520
1063 645 823
506 1269 322
96 1326 556
417 417 106
33 1183 849
1099 516 613
1242 430 255
926 970 666
91 259 554
174 867 1116
824 977 44
229 339 1385
455 935 927
21 144 529
1323 664 1436
850 1167 515
529 36 186
1019 1310 709
389 476 77
339 908 1319
740 454 378
113 311 71
15 272 661
1459 1127 177
1043 873 1408
1171 587 700
1183 1302 1334
1157 857 107
1155 613 1251
1467 1012 1356
33 550 1286
1216 988 962
1040 670 915
1278 659 225
21 170 472
564 812 178
1117 849 671
1143 1466 1176
541 912 1457
936 1367 1115
555 851 328
429 580 1205
535 97 888
378 517 686
59 142 437
435 233 170
1434 1035 498
1424 389 228
23 1077 838
295 948 465
382 945 1359
1407 154 42
932 854 20
371 497 420
957 1261 1060
273 608 1247
853 1306 1123
1356 879 563
265 1224 944
582 417 321
1384 1274 893
861 788 1039
912 1170 1341
283 517 1360
1181 331 857
326 707 556
34 1188 813
1306 1371 822
80 921 835
1142 1423 1449
1352 1419 901
706 739 1407
1092 530 641
307 796 639
1192 1075 393
805 41 1456
945 1103 1281
813 482 881
486 512 1253
895 1495 1079
50 116 995
1293 1372 796
418 204 1288
191 1374 206
1404 1069 1238
1293 550 957
999 237 95
1314 930 1359
10 985 335
827 482 650
142 133 475
717 579 1500
717 231 1043
1028 1045 346
569 93 1299
1 605 1227
559 912 671
701 1154 1492
712 171 298
1458 1516 524
739 483 1087
1159 225 968
1314 273 1305
583 1329 827
28 1250 1080
1451 994 1007
57 572 689
24 252 278
536 714 1331
596 43 341
807 1498 1039
1170 10 154
914 1395 1330
395 591 1107
1384 568 847
688 878 1366
1304 490 1343
1407 1159 867
1456 120 618
1029 117 407
119 116 475
130 935 503
682 425 475
704 618 832
623 1339 48
68 1156 1320
802 320 1433
254 554 1352
260 239 1231
326 1365 55
974 1259 74
855 221 1368
479 1089 129
855 928 1096
1033 1442 399
842 1558 442
1525 956 297
161 9 1266
1067 562 1534
802 143 1308
1479 376 1266
41 208 1287
1238 695 1060
120 1356 1306
122 786 1291
242 374 836
446 411 431
1494 230 1121
538 281 355
1469 1459 823
1049 1269 1179
891 227 1392
963 97 1394
974 459 193
1210 1470 1124
1280 1472 1593
1016 892 1427
1428 1448 1129
1308 718 1407
327 1144 1235
1404 944 888
366 1068 1170
1583 1256 1383
1569 779 1337
613 1327 523
53 225 856
1229 52 814
257 394 532
575 212 293
1471 1323 1165
1420 737 599
892 1348 621
1435 1079 819
69 1223 960
130 794 99
1289 564 385
3 973 1609
949 278 1390
1075 299 1205
1022 1042 1191
995 936 1169
307 1206 309
932 179 407
1450 1489 1072
279 1380 621
394 666 26
541 816 517
577 795 25
819 56 307
951 897 1350
921 1007 748
157 992 1566
132 510 358
34 1323 465
90 1585 1535
625 89 803
737 691 858
115 778 1082
957 1153 1289
143 1417 511
346 1635 1480
152 905 805
330 1050 943
1453 575 1360
729 1199 1081
785 1415 67
307 469 1267
468 14 479
297 1462 882
46 527 1312
1558 411 1582
1318 697 1245
278 1065 860
312 791 189
921 182 1163
1081 333 1141
1396 152 1075
620 291 327
1480 822 1271
1032 1054 1333
306 809 1307
1158 344 1236
1083 829 1197
383 216 991
711 1026 1422
613 424 751
928 1453 594
549 423 1584
578 899 1264
396 1078 360
1211 208 368
364 352 437
119 449 934
1391 964 1080
1282 1614 799
1403 1233 165
360 955 18
1486 857 49
160 421 1555
1386 837 1677
331 223 1229
1376 765 1182
668 912 150
258 260 191
1300 1515 1152
1202 78 1102
299 451 848
1149 977 890
1040 1073 592
55 570 779
1255 864 268
197 432 1593
1006 673 114
899 586 197
545 1537 1600
659 1362 1115
395 1357 525
1643 1662 968
879 178 734
1631 223 475
419 1397 1165
184 903 408
1216 1229 1418
1031 1110 373
1044 1327 1292
203 720 1037
49 51 1522
1637 763 1181
373 1065 533
1057 1624 421
909 43 1613
259 1262 1497
132 1578 859
1212 1692 1085
152 1375 1171
1007 220 253
1045 1007 813
970 1297 789
549 405 1389
1661 249 946
697 243 524
215 476 188
1356 241 830
885 333 779
1070 64 641
370 1531 65
1591 1487 1084
842 94 1296
1246 1321 1122
1709 1492 1616
890 777 774
110 1470 43
709 977 1047
1610 974 163
433 672 297
443 120 242
761 1192 361
373 1369 987
1574 1038 1317
1461 1058 716
857 1680 212
61 1537 1602
1314 970 594
1161 651 1029
832 1300 673
82 226 65
630 1509 267
272 1033 755
1278 641 1359
1351 453 1404
239 384 1139
1378 1047 21
641 97 1347
962 1519 1104
83 1279 1672
1138 178 503
1316 1385 1117
1596 1662 787
1603 186 132
1383 613 406
1686 1095 349
765 1412 1268
1306 386 1338
1506 331 1061
83 1032 344
1158 1650 426
1718 60 505
679 307 689
819 693 1335
634 466 1200
607 138 1237
156 947 300
915 776 827
1060 1658 53
486 481 43
988 767 1140
302 273 1233
99 1347 506
1678 424 1239
1176 849 1526
1744 1226 666
125 1221 40
167 163 1679
612 1288 513
761 384 432
1087 1468 1153
1452 1712 267
1397 207 499
439 948 84
271 1260 736
1361 1164 401
1259 187 1281
1224 8 463
1536 1028 1378
721 1218 1026
15 1139 1636
480 898 190
874 699 1320
248 832 1364
389 21 701
1692 1275 1176
154 1089 590
1033 1122 181
21 720 1604
450 468 1323
1069 484 408
841 690 929
1453 1054 1664
1586 642 199
1066 6 1050
1630 1334 1534
607 1649 107
64 182 883
1311 1490 512
705 1598 1401
1706 378 1440
649 903 1073
1227 891 1788
619 1255 1321
979 855 1499
214 1671 300
107 338 1088
752 653 1136
1739 1494 146
131 1556 1297
64 105 223
536 51 274
697 844 1404
745 854 135
183 963 1541
1108 1081 1182
1374 706 1066
285 959 279
594 122 383
1619 847 911
975 449 475
1239 1208 938
111 502 1615
203 362 1840
1545 1092 1031
463 86 1532
1250 174 828
1001 1176 864
1548 229 947
237 1116 361
657 1026 107
1741 873 1313
309 1780 736
221 1365 239
196 1224 915
1677 1620 1689
1645 1411 1082
508 1648 1107
135 1425 787
885 1308 18
422 651 1138
45 1754 1448
1699 664 478
575 1018 711
1326 1507 243
1323 1652 574
1021 6 71
721 562 1245
1036 812 94
777 1507 1535
1414 1247 693
580 784 1763
189 1694 954
53 745 631
1330 554 1238
1536 282 1120
1805 904 622
933 191 259
1329 1801 552
157 47 1600
629 522 369
1024 943 980
15 654 524
1828 432 360
988 1706 823
344 971 1589
869 1769 1077
1326 1253 1237
358 483 626
1614 575 1847
29 917 1204
1777 1024 456
1209 1497 980
1122 1876 1353
1671 1209 830
1378 134 1085
1244 399 866
1072 899 1281
520 697 561
1094 566 1113
837 925 647
213 1424 1292
211 1099 840
1483 176 1689
1549 909 1746
1613 1252 1709
560 729 246
1821 625 1584
1135 1260 451
1326 875 423
443 332 1442
1810 1638 33
191 1593 383
235 1784 1153
261 1212 850
909 665 1383
1669 1135 133
1117 740 1830
696 1680 78
1626 1388 1026
193 832 1281
697 1158 1021
1505 588 1086
1349 1202 775
1277 592 1759
1781 697 635
1080 1029 1096
1810 407 1516
122 317 1156
893 1325 1455
199 342 768
295 1811 1878
258 160 1500
968 248 1762
728 1521 47
1208 424 1319
1674 1756 1308
898 221 680
1036 1652 1200
1261 123 1933
1885 1071 139
729 898 1466
1162 605 512
1431 1713 527
406 347 649
1000 406 1642
1109 1801 161
1575 1922 697
1547 1333 1858
165 292 445
425 1399 745
1543 1498 214
1067 135 336
1400 1459 419
1362 486 1866
1544 1892 1798
695 1144 98
719 1485 100
679 703 676
1795 548 995
838 525 1244
1901 1478 1270
1343 144 297
1499 1332 1361
309 1908 1565
493 1762 190
493 1214 835
1878 1857 393
908 1063 1458
941 169 1093
392 943 460
1798 95 1354
1491 864 239
1390 97 894
869 1641 1856
443 1960 1569
1161 57 506
1760 1043 331
1298 843 1652
76 468 1175
823 1662 333
1813 1657 12
947 1127 667
433 569 207
1386 1173 82
840 755 171
1949 715 1025
859 1449 1593
1110 1254 1662
131 906 571
1393 1388 426
176 1535 448
81 1432 203
1766 1666 675
681 211 564
1922 250 941
1774 1496 1675
1259 1491 1461
1825 1944 521
1764 1153 280
1366 687 1874
1009 1183 797
184 1611 1558
20 425 28
1340 1320 1987
1042 651 178
728 749 716
588 429 693
767 882 565
163 1585 189
426 1726 937
1299 226 1184
1672 1547 1310
342 1484 316
1140 231 1820
1841 1154 1605
305 1716 1818
211 412 1236
1007 1457 1985
804 1922 1055
256 762 172
1633 633 371
1755 215 1481
1450 134 1128
1260 1521 946
587 37 1163
399 1812 1075
1490 37 612
1138 260 1145
514 1987 538
834 1323 1011
35 1152 837
175 260 1408
927 1542 530
348 1261 1994
1992 352 979
1205 1227 1258
289 1234 1661
733 546 1980
265 83 830
927 1908 796
761 1160 1180
151 1917 305
951 772 1705
991 1946 986
960 1964 1559
1750 1895 369
151 1352 1463
240 1930 1363
584 1091 286
1223 579 1419
287 2035 1074
469 1430 14
1685 88 1958
907 2039 1364
1187 1825 872
1007 840 868
981 1385 1094
785 159 1025
640 77 297
345 930 1615
1543 1932 909
526 107 1079
1354 807 2016
855 866 1637
1708 1858 1892
139 1404 926
70 474 263
8 1995 1669
1431 278 797
1835 1351 1804
1804 1496 1540
713 969 572
119 186 500
606 1695 1242
1292 249 1518
1628 374 1174
1261 318 197
2067 1498 757
1913 145 2051
733 775 816
88 795 1744
394 947 439
1542 1565 965
1889 955 1530
387 1078 210
212 990 1828
660 1873 889
652 1977 551
1543 1569 988
495 334 998
2064 64 611
1514 322 365
281 1788 1498
469 1461 1070
235 312 1765
111 838 1410
725 1888 1482
418 370 1772
1416 512 1820
1081 1437 575
2045 1957 1303
431 1251 1954
1243 1539 1040
240 255 2070
757 1043 1120
804 1792 2076
1480 982 663
299 1519 934
1051 796 1360
1738 576 2084
1145 205 1487
1924 1159 309
247 1184 1699
2021 618 691
1539 1798 1312
261 885 1735
292 603 1065
845 749 858
403 1845 192
2099 525 796
1840 1986 1718
59 1848 2050
1399 1419 552
373 1585 327
1269 158 839
663 561 1062
1398 21 120
1718 191 691
624 591 288
1813 508 754
142 1344 1390
924 104 1355
1701 243 1188
1884 817 1311
1769 799 1945
1792 1069 1764
783 1159 637
218 1451 1450
30 541 1425
202 1329 599
1454 623 208
353 1673 1193
66 466 1423
1469 252 1726
1660 1956 1017
93 2063 1542
1833 1347 1460
339 1990 1063
1136 1727 189
1579 1801 1555
425 1227 1403
291 1967 634
2054 1277 1631
1354 841 1837
263 2071 967
2093 242 1259
1357 942 2126
1830 1333 1495
704 1610 2115
1016 1637 1034
1799 520 1593
321 223 858
1454 1259 1324
37 1578 787
1206 379 625
1504 1696 181
1546 1115 990
719 1845 1243
248 1241 125
584 2049 334
269 1342 132
975 283 1563
2091 1563 1872
255 263 1120
346 1935 1889
309 882 936
468 1072 1936
1033 833 969
1837 881 1139
1872 165 908
731 704 1906
618 882 141
1843 398 785
41 1304 1464
642 8 1356
362 1389 2086
409 1523 1205
225 85 521
1785 511 1200
1174 383 378
1883 699 81
660 1260 1632
574 69 1150
62 1754 2105
1999 1339 477
512 214 1296
1984 1159 448
714 120 1703
1498 1270 1150
2066 1928 407
1471 1104 548
585 1360 1944
1056 1959 988
2046 1712 518
1868 2029 1430
1826 839 1289
1143 1935 1567
2017 1467 752
95 1947 1480
221 1376 1253
1357 1597 1807
904 1235 430
1756 286 802
2115 678 161
1506 909 124
100 1820 1479
1165 516 149
969 532 879
1706 1213 701
369 1339 1669
1124 787 2065
4 1795 379
1594 1577 1077
1482 43 1363
1800 1196 132
2135 108 1024
1639 1802 935
1226 2043 952
1768 903 140
128 1291 169
703 829 214
1810 1894 1784
163 1931 912
247 204 933
633 1296 1775
830 894 1912
882 1610 1666
1207 480 841
1983 413 1217
2230 389 227
1219 1026 1550
697 20 300
945 257 1589
966 1266 1003
683 899 574
1980 45 326
2215 1649 775
485 1633 1346
1722 969 1589
1195 1059 693
2125 1379 46
1417 792 355
2163 1865 861
1222 264 96
946 1044 1362
76 13 637
701 830 1335
161 1801 1506
1268 1793 203
200 807 624
133 1569 1342
556 1528 985
399 132 1400
44 1357 904
676 436 1487
54 97 2060
2252 1511 274
1304 1988 169
1862 1745 800
565 643 1540
1806 567 489
951 1847 1098
1135 2232 726
779 29 744
1146 898 271
1304 1440 207
2046 184 1240
173 1913 1539
119 330 2052
2236 220 712
874 2121 2006
991 1356 1741
1915 2099 1770
898 310 1102
2228 850 801
489 2269 1705
1773 1422 534
847 1823 1986
282 148 1925
94 1325 393
974 376 1076
604 1064 1164
2179 1362 883
147 1207 1524
44 584 1173
1237 116 2007
1009 454 15
1667 1756 2256
1838 1417 2096
552 263 335
1079 1175 542
410 40 1335
2175 1845 1604
1071 1430 195
1964 478 1054
1833 1915 1364
656 773 1949
1629 1747 1221
1896 1542 1513
116 1707 1581
571 991 1817
214 2302 1223
370 2107 859
1110 1105 864
1316 339 2236
613 2059 1176
1681 699 1879
1632 247 420
1425 501 872
1657 512 1755
1292 451 1229
375 410 1094
1201 959 1295
1070 840 544
1560 515 1735
1102 576 1189
1436 334 1096
2312 892 55
26 662 380
737 1482 1348
1494 2151 163
2320 843 692
1904 690 2247
2204 1133 569
1665 1707 1670
1783 308 315
1993 1912 2010
570 1127 1402
1186 385 2162
1264 54 1945
1895 834 445
1204 2161 2161
411 559 1088
598 1186 2014
1219 2189 2326
328 435 1650
144 176 190
1598 799 1310
2157 1028 1284
2182 260 532
1191 650 1634
2045 2335 962
802 976 2313
742 2011 1091
1174 15 453
213 1174 840
1530 1654 58
76 1833 817
542 906 835
1787 1351 898
757 157 1170
1695 1792 2196
1447 358 880
2072 2061 2247
619 2257 1546
1469 52 761
2038 69 1677
1031 927 1090
2247 1379 1311
1945 1504 731
1904 1950 1827
1570 2262 2193
883 252 269
287 857 220
673 547 2082
2052 1368 1547
495 1987 1085
2081 800 511
647 833 2049
1105 1222 569
1210 162 1558
1208 1132 2327
664 1833 185
2033 901 963
2382 1839 1600
1801 86 1489
984 1447 2061
1597 1159 1301
821 2193 459
2091 154 2027
1295 902 1336
1483 2197 269
2114 1119 2139
2024 1672 1032
2253 1991 750
1942 1309 271
1570 1188 277
1659 235 191
2131 849 2001
714 622 1566
2080 1811 1733
728 1579 2099
657 131 1720
1667 2005 2375
1012 1833 2327
1294 1510 2298
1635 863 574
1538 206 1663
1786 1056 634
2105 2012 459
1553 918 992
258 1257 1987
612 1636 1113
1298 2240 1886
802 1351 736
828 466 359
472 1319 1851
1434 389 269
1926 467 611
1208 812 639
2339 252 54
740 2051 427
1723 325 368
2373 1813 371
505 1158 1028
1315 1198 2131
1107 2224 151
215 2059 864
1762 136 390
1365 607 1564
1651 530 1722
642 636 2385
1860 1034 2259
633 3 355
2229 1534 1794
1171 708 264
1470 2414 1834
327 2172 1722
2191 133 2387
186 1082 2041
197 431 2278
1426 2330 1818
687 480 2386
695 1080 710
990 1798 1507
2303 317 1912
2099 1081 2135
1868 469 1336
558 272 2187
1574 113 1628
858 2085 1341
184 1735 267
376 2187 312
969 150 229
1554 659 1534
42 84 1851
413 2447 1608
2361 1251 354
1866 82 2098
2284 40 279
480 130 1153
162 1089 2209
738 1907 128
133 2403 1110
2122 1968 647
1234 2227 1581
1412 483 849
2348 1960 740
2360 273 1681
527 1297 757
2334 577 671
2100 1440 1333
1061 931 2183
1116 2177 939
96 1611 1397
951 826 264
2227 30 1841
2371 2270 504
1741 1560 1377
2020 1994 257
1276 211 1444
1943 1619 578
726 929 1394
1338 527 880
124 2480 2386
1056 360 1750
267 876 1859
489 979 417
1313 122 1841
1243 794 1686
1521 815 667
2329 1586 1081
1918 965 1717
1933 1590 574
631 580 1332
168 1346 1291
2083 926 2453
1500 1078 559
2268 1154 511
148 2109 2126
740 1026 427
1207 2459 2408
55 1790 460
799 1968 758
2106 2248 2396
991 2412 266
856 45 500
2311 316 1171
664 2470 843
984 1666 1250
2274 2281 2082
1318 1536 2429
1559 1480 1918
398 1374 1029
332 1401 2269
958 1427 127
1995 1730 819
561 1801 1535
632 866 672
1243 2188 331
2017 1597 724
1355 1396 2293
2313 2249 2016
2252 1598 2375
693 1112 498
1137 2415 507
574 1930 2450
2419 1348 2151
1065 1520 1493
1846 1302 401
2303 372 2160
1456 554 501
2331 1943 2353
1327 926 1384
553 1266 1946
747 2017 1248
1323 593 70
1564 1241 1203
1915 1449 1464
1278 1648 80
892 301 2515
2206 1830 2373
362 789 700
941 104 2387
877 2280 546
2200 463 920
239 185 2354
1751 1107 1458
2126 467 836
769 2071 2059
479 1161 1122
2406 279 880
1961 675 975
984 624 1322
103 2371 2441
2207 628 1158
337 786 199
40 729 535
1136 2293 291
224 758 1641
255 447 883
725 828 2241
2432 101 237
1728 2494 1504
1325 1869 35
1576 896 877
1605 2435 1933
2070 897 596
1811 1659 2229
2376 942 1736
2090 562 1593
489 269 1109
1836 132 2023
1848 861 840
2013 2247 1843
645 2307 453
735 414 636
1640 1955 1928
392 990 37
1557 1375 644
2131 1700 1156
902 1810 2031
1207 1991 1759
2546 2441 1729
2102 1470 116
2273 496 596
658 778 569
825 862 2029
1637 2565 423
1149 456 1478
1935 1321 899
415 2463 780
495 50 918
266 1620 1678
188 2487 1910
1990 1272 1375
2544 2358 2414
1707 1512 1042
777 1020 33
1677 1411 1172
2097 898 2244
3 1916 1704
1799 600 1002
2576 265 336
1706 1051 1379
2252 2041 1409
2081 1890 800
2161 1977 1396
1017 352 952
1419 2413 1103
2566 2300 2095
992 1374 1806
837 2516 1844
874 1361 2278
2282 1686 998
434 1969 1881
2547 989 1687
1978 381 599
470 1045 691
2187 887 1175
1496 2260 931
969 1691 1994
173 904 1243
1497 2471 2597
2314 1641 837
2160 1758 585
1981 942 2594
2105 2591 102
970 1227 366
2470 432 1034
2508 2450 91
1680 1092 1607
2385 613 2604
1808 2365 1361
890 1774 1884
934 776 292
2579 159 1474
1621 199 2264
1894 1007 801
31 1720 496
313 1232 1812
1023 234 2202
751 1858 860
477 1131 81
2191 2445 619
1250 1128 847
1837 2641 2537
1343 1646 1434
2477 619 2478
1016 2401 1047
1050 2223 1159
173 1419 1252
2050 16 468
1070 1202 2520
2278 2458 403
2113 41 1124
692 2622 501
826 2119 209
1000 1400 1237
481 869 1755
414 1680 1940
209 2518 1889
520 2632 511
426 353 262
37 1771 1142
1023 2463 1546
2221 1567 545
2663 1145 1907
215 144 2245
431 1475 196
1477 1695 325
1036 1768 34
290 221 369
1780 2304 438
1441 38 750
1990 1442 158
625 1987 400
1735 2399 1648
2049 531 656
1928 1246 1815
631 2472 1210
1771 2018 1314
545 2539 1769
1360 2 2290
2097 159 31
1839 1546 206
121 928 2284
1285 2606 1375
1494 1397 2154
2441 59 2534
426 1357 2543
1192 2090 240
2650 1623 1357
2610 1085 578
1686 2657 457
1367 1420 372
107 2569 2008
1303 225 2369
79 2681 936
565 999 2508
2547 1232 1305
134 2255 2140
2291 16 1361
1763 166 642
1046 114 1156
1314 2116 100
1671 2228 921
1353 2266 2030
926 2556 694
1396 798 125
2257 940 1163
1628 1107 738
885 192 1595
1581 2548 79
961 2239 2023
714 1385 2654
1768 2424 139
2402 1233 1712
1240 1443 1903
372 2316 1983
429 280 249
1702 1312 930
871 1641 2596
1404 2052 1429
1796 1432 1788
2461 329 1653
2330 1962 1422
1728 1515 1377
948 1667 849
963 461 1778
2045 519 2449
1526 1280 328
2672 995 1101
289 143 2049
2383 1357 1493
176 526 1269
432 1321 843
1473 1988 255
994 641 1813
110 1816 1079
1119 499 1984
1303 591 353
324 2154 1540
1290 2549 599
1500 379 1849
1182 50 2005
531 1861 2407
139 1432 1008
2245 2512 55
1298 516 708
1089 1474 725
2515 634 983
401 1504 250
1777 1022 1627
780 929 1578
1433 1877 2264
1193 2357 2057
1323 1506 1606
2627 2229 1109
373 731 523
1678 922 1606
1894 1357 386
2432 2446 1115
2748 2169 2148
2414 1685 1676
1819 2147 1704
1453 1276 1100
2584 1839 591
691 946 2618
1308 491 383
2022 2159 782
531 1762 195
1132 1747 1060
1863 2344 21
2072 2131 1226
468 1995 1721
1157 1559 1985
1644 1949 2603
1142 829 1249
480 217 2371
246 756 2403
1980 1387 498
2286 1368 705
2002 1818 601
2112 2018 1974
1555 1407 2124
1688 659 2524
272 2384 2312
2230 1547 1355
945 404 2192
2099 2517 1653
50 1465 1994
438 1990 2017
937 1718 646
1364 1117 2169
2789 2628 1687
975 625 1660
527 117 2534
701 2216 723
2653 255 752
1551 552 664
488 2573 2425
1432 1901 2734
748 2566 2046
2381 36 396
150 1857 888
876 706 2572
2007 2466 1133
1788 1511 2338
44 2675 579
2316 1741 1015
692 1260 1991
954 1064 2146
2597 2071 666
911 1380 2074
2119 2278 2244
1117 1752 1426
1526 2183 2197
815 567 2375
356 27 487
1227 500 237
304 1913 135
698 2381 150
1303 438 627
1593 1489 784
1104 247 2427
810 2251 1158
1019 394 67
2636 2480 1966
631 1360 2724
950 393 1345
1940 1120 1203
2557 1659 1791
996 1388 1543
1276 2727 2571
83 2015 1266
1758 2766 1383
1300 163 2789
1669 629 1597
491 507 991
1279 2239 1524
1825 0 2835
553 821 2132
740 732 1572
1641 153 1713
1602 1754 548
2091 2185 2833
2220 940 1966
731 1525 1214
215 448 801
1227 1059 2569
1270 674 2525
1198 2403 1544
142 2514 2618
283 1155 1534
224 2106 2606
1099 62 2227
487 1747 2324
1723 1188 815
338 2453 1206
2052 1287 1014
2710 2574 374
700 77 35
1577 2309 1301
974 2639 776
1039 408 1205
2684 892 294
2305 2306 491
2725 1486 2300
2613 2681 2144
1646 1329 176
2769 2173 940
785 1697 2706
1602 1659 2456
685 1883 2437
2296 2212 1150
1554 2656 2566
1567 435 1841
62 2072 710
2089 2765 1227
2089 2081 998
2129 2829 30
1334 751 2680
800 290 1927
976 1822 2576
378 946 1288
1926 266 2315
956 121 1159
2184 1655 2854
1435 1458 35
1787 551 357
998 2686 1110
159 527 2331
2646 145 1646
818 757 2368
35 2672 123
1182 764 2468
410 1246 1216
187 717 2213
2010 604 31
2289 1612 1506
307 1801 604
574 2140 2867
2458 907 1610
715 1091 1220
1298 1461 1093
239 2717 1780
320 119 2092
2317 932 897
1831 2223 881
1915 1967 1588
1072 1357 2513
1348 108 2602
1710 1198 237
2241 2511 1746
2636 2136 1154
1350 6 2131
1982 1135 2597
2556 2903 1844
2872 1136 216
669 2851 2311
1308 234 2389
1846 1547 934
411 950 679
2233 665 1458
1718 1684 1528
252 241 1431
2220 691 350
1379 2664 1405
1547 2313 179
1023 2345 1692
2406 1788 2056
428 2140 1946
1367 1804 922
2117 556 1634
2326 2054 686
2264 576 2783
1177 1638 2439
1650 1745 1916
2673 653 1448
2892 913 1866
1016 1476 1370
1476 882 1710
2276 1478 1206
1129 1363 482
113 1141 1564
249 1261 548
1837 1984 1504
2495 401 1321
2249 35 661
1893 1530 1292
1156 2069 1754
686 411 2060
1498 18 1157
2010 847 400
2741 1276 1874
78 1840 2197
699 427 2793
2635 2743 532
744 242 2605
245 1908 714
1005 839 2230
1002 1364 631
2171 309 2496
1012 580 1121
2136 1836 943
1803 2420 2333
1329 948 714
362 1037 188
2320 2670 989
2487 309 1772
2113 2262 1241
708 2295 1030
2146 105 1698
74 612 1852
2078 1557 1255
694 1220 2562
1511 153 1400
2900 331 1180
2104 1620 1581
887 753 1902
1170 2887 280
2179 2498 1561
842 482 1030
1528 1263 2604
2831 35 2654
1393 472 1861
1831 319 48
498 2843 944
2909 1145 1583
11 704 962
322 2353 2351
480 2465 1008
1838 1288 924
1704 1151 18
2656 422 1413
290 1117 2992
657 2782 1566
2750 2710 2898
2349 1078 925
1134 1699 2014
1537 157 1101
2783 2488 2693
604 2920 442
2391 2895 591
2768 2366 1350
2818 1305 354
2534 2221 3003
1534 101 798
2676 1793 1196
702 2513 1249
1707 218 1228
2647 686 2238
1668 1905 784
380 2647 168
891 2210 2777
2097 84 1993
1146 1761 1135
340 1094 2971
1043 54 675
2754 1048 273
1508 1491 1852
1629 1935 2180
1535 1352 1904
2138 2733 1158
1214 993 601
2646 2442 1620
1976 1203 2746
1849 370 1755
2078 1093 130
1028 2395 937
1172 2463 2778
1513 2997 509
2895 1185 1940
1575 1543 1866
2733 2685 287
2475 1359 1358
200 187 853
2453 1388 2957
710 1267 1012
1288 829 2792
3037 1882 2026
1173 1671 146
3021 1884 2352
336 641 2895
1695 2268 3030
1663 2813 937
1252 247 835
2631 1219 2977
2713 2656 2211
2426 2940 292
945 1407 191
1761 2060 1483
402 1285 697
2517 1509 2589
1958 58 1630
987 2894 2982
96 2110 1467
1872 1268 512
2327 2777 1266
1898 1061 2719
1452 413 484
1963 766 2471
2308 1951 2332
2709 797 1795
968 567 1571
815 2107 2450
2082 1825 1595
535 1078 2041
2090 2951 110
1047 676 1743
293 155 1321
2919 2851 1281
2709 588 909
1590 1050 1750
74 924 1417
2682 1285 59
1390 1728 1960
2975 3061 249
336 2400 813
1171 1568 2155
2082 2396 294
2708 2547 686
2640 2514 3
2253 474 519
133 2007 2643
1737 22 2293
2259 2864 454
2737 2553 572
2156 1101 911
1707 2622 954
1562 360 1447
535 867 489
1790 996 1828
335 2765 2073
495 705 1424
2114 2513 367
410 46 2
529 1054 1576
3057 299 37
417 277 2969
881 419 1555
594 3061 2453
2959 1760 1370
1637 2350 2910
314 1196 1761
1506 2743 1789
860 1765 2925
1504 771 770
2589 293 2947
2721 2005 358
1361 1936 414
2508 34 156
2290 2239 2554
1737 727 2679
1067 2983 2796
1770 603 524
2671 1027 2037
1290 237 322
3105 713 1533
2238 1655 1979
784 1289 3023
3091 1812 220
1368 663 1999
71 443 759
487 1253 1381
1427 1186 2953
1011 2655 1591
229 726 2144
2753 1195 79
1204 1385 195
1032 182 2252
688 2883 1135
1595 517 893
933 1339 1692
878 2768 2583
1179 327 1681
2474 542 1863
3127 2259 23
2817 955 2172
124 644 50
2318 546 278
514 1518 1735
2921 930 1354
1853 2652 76
781 765 2809
2610 477 1660
2247 622 2460
1188 257 260
1479 1691 1097
2343 910 2128
726 2516 1038
45 1047 1432
2527 1088 1471
2878 2335 182
865 808 2768
2951 2983 486
1656 3049 945
166 2327 794
931 2154 976
3004 3093 2591
730 470 1291
1831 978 2036
299 2715 2758
2702 2510 2266
2670 2544 2716
2068 634 2015
2698 3128 1382
975 189 622
956 1488 1617
475 762 3047
1224 3058 1582
400 2658 2631
1057 342 738
3028 2536 341
688 1726 2043
3137 866 1198
972 1064 317
2285 1158 1044
11 1695 1941
2174 2542 528
2721 830 959
820 2179 2956
1833 656 814
2027 123 3082
3133 2922 150
1951 2730 1123
2977 1099 2542
1555 2369 1015
1435 444 822
2949 2657 890
1932 2692 2113
1042 2820 653
2321 268 2863
1148 154 1864
2764 2229 1015
2442 2434 973
353 1178 3049
2682 939 2717
2356 492 1886
1022 1854 955
78 2034 51
2727 2257 593
404 1465 199
1028 2521 2772
98 732 2856
98 3086 1347
720 59 2477
1701 577 2991
1839 3205 274
2689 2956 978
1788 255 1424
2569 3006 2019
2969 2120 825
2561 2803 1357
286 2439 855
1410 916 1589
162 1617 1283
66 134 2967
3062 2246 2506
1631 551 2295
2411 1668 1926
1244 2983 998
109 1899 2882
1622 2875 2626
2861 884 682
41 404 172
2315 916 1993
2415 1147 3156
2181 1486 80
3212 677 706
2570 297 2792
2289 30 1752
423 1413 2454
509 3026 848
2284 10 2098
2698 1343 434
1332 2475 2797
2939 1804 1991
2954 1550 3014
809 1136 859
488 1042 2705
3014 36 2173
491 1651 2571
1907 135 769
2272 2618 561
344 2130 26
2565 742 1048
2110 3234 349
101 2039 662
1029 1151 2851
1058 2810 1969
1345 1234 946
1025 1542 642
3001 3158 436
2594 1520 2605
396 416 963
1853 1176 285
1066 2066 2540
2585 2011 2650
669 2614 529
2490 1796 2303
848 434 2243
1648 722 1942
2039 3240 951
1121 2511 27
472 637 315
93 1166 1561
934 692 2972
574 2706 1112
2514 999 234
2524 2582 678
1603 3154 388
404 646 1846
1024 196 1604
1316 1502 2411
1488 2626 941
2139 956 2393
2193 2823 1413
2862 1404 1634
2013 472 3080
2554 586 2567
1339 1332 2873
857 989 2999
2059 2628 2272
2550 2606 553
2363 578 1937
2315 1352 1071
1856 2125 3253
211 2112 1785
1348 861 1910
2113 1985 1072
98 1547 1865
2608 599 1250
2082 3186 1265
1706 1721 1548
2343 1653 636
2755 415 1846
1392 536 2639
1772 1488 3196
1326 2446 1420
2349 706 579
69 1453 1882
1669 1520 2658
3233 2779 2417
2753 1286 2230
2787 2912 497
2488 771 1866
1081 359 936
3140 2514 1160
808 1763 2622
3192 2923 715
2319 3241 713
951 2995 154
1406 2875 757
2996 2745 1650
1821 261 471
1281 2406 246
2786 203 1023
2293 2464 888
1498 1457 3158
1799 1099 514
927 1565 2264
2788 601 2877
2856 1050 2100
681 1511 1792
1118 311 2072
2678 321 2043
455 1757 2082
2069 1063 2387
2196 2402 12
108 1486 253
1572 3089 612
1981 2921 1987
510 947 126
2620 419 66
1216 2803 1668
2773 539 2501
827 738 742
3001 1099 2353
46 1063 2644
2085 3266 3187
580 1262 19
115 1456 2637
496 1378 3272
1632 1240 2652
1928 1980 967
2725 2034 1713
2639 1401 3088
1947 3327 1505
465 3273 306
952 3167 436
178 2298 2739
2811 1330 1035
1242 1566 2755
2250 1484 2633
2324 1511 1229
1833 417 2746
574 2726 1805
119 1510 2464
3153 2214 1940
303 1224 3222
1241 3343 1235
3231 45 726
974 1748 527
2898 373 2984
1607 17 157
2403 429 2010
2581 1301 1182
878 3127 220
1289 3184 1070
572 3037 1693
3287 1664 1179
1289 2404 2908
2092 2537 2113
279 33 2870
2216 1035 884
1008 1763 1332
2561 34 321
2464 1087 2524
945 1643 114
1845 476 1647
1737 1305 1092
743 2166 1599
993 1658 721
1986 1686 1232
855 796 2748
343 1932 402
2115 100 786
622 1354 892
3019 2508 3053
1333 124 678
1628 1984 1923
126 2690 2474
2162 3304 3050
2522 1530 2160
2136 250 2042
1382 2808 219
1391 3096 1344
207 2726 2500
1434 1415 2851
748 2293 2410
1365 1893 2303
549 147 1520
2933 1068 1554
1247 1812 833
3144 1101 1220
1119 1351 1600
1779 220 2350
1059 1541 2634
33 3058 2517
2072 2708 2774
2864 927 2564
2106 734 842
2982 1041 2525
267 2056 1794
2542 2151 1709
332 146 739
1210 1616 508
2246 522 1140
2697 790 3402
2791 1127 1571
3223 1892 1020
783 1655 587
3228 1850 47
1658 1722 2826
2349 1930 1209
3077 2653 390
667 2696 1535
495 1539 1504
268 2730 2908
1006 945 1282
2034 543 1577
2458 1311 1430
3406 1176 791
1804 74 1392
2444 2626 2831
2936 1910 780
1112 3039 2238
549 2232 3393
221 1882 1161
1971 1122 582
3367 3040 2519
3397 1461 2632
2343 101 1564
3145 512 3382
2475 2928 2454
1157 537 2644
2638 1485 693
3122 2515 1186
2981 272 2276
1756 210 387
348 443 1071
1857 1082 2245
1529 1320 1287
1169 3427 887
2945 2679 2111
2237 995 2471
2905 3323 762
911 1450 2384
772 1413 1691
2171 2074 481
1508 2665 3021
2740 1276 52
2660 1967 3388
2028 1471 248
1370 2945 2839
2898 27 222
3035 3464 607
1195 23 2759
1911 2911 2839
2896 1661 1478
3247 3239 1792
695 1809 822
149 995 2843
3306 296 308
978 2193 139
3472 1970 73
2675 2187 2047
459 1779 48
709 3357 2237
1440 1743 3397
1687 50 1521
2853 278 2587
789 2141 1351
309 1503 2380
678 227 2731
333 1231 1938
2297 2180 1142
1907 2233 1297
1540 2433 1144
2138 1748 1344
696 215 3101
1244 2987 159
820 2658 1295
1336 1846 1926
1820 2477 985
1115 1668 3179
1228 2820 1432
2627 2471 1762
617 3378 633
2800 1287 44
1847 2104 2697
2253 3420 3346
82 2148 1445
478 1943 234
1931 1581 270
1776 1967 2473
1677 3290 2976
3196 3204 3102
2554 1432 849
2142 2780 1974
1107 4 1327
1734 2251 2643
3461 1993 266
1216 619 903
1814 1916 685
2045 3303 1522
3195 291 1325
1547 1523 3001
3231 1770 616
3463 2919 1197
421 1572 1441
2990 2516 1174
2529 1710 540
800 1371 2687
1448 1420 327
900 2369 2137
1726 2938 1529
1527 224 867
3021 146 2279
912 3479 2486
1220 2435 3158
1182 230 2228
1659 1025 2023
2170 1780 3040
3295 2908 1522
1733 343 1655
1425 1123 879
3303 1608 143
1871 2989 357
1709 2062 2662
970 3173 516
1388 3060 2187
474 516 1989
1202 1911 113
2981 658 739
2819 2235 871
2267 1683 307
2462 1995 2934
1518 2271 1995
2322 1938 2100
1610 3244 2038
3255 2120 1448
1184 2950 3414
1947 1392 2861
1758 1876 1922
3478 1809 3273
2737 1529 2770
1683 690 1063
3196 2860 2383
1084 83 2792
2532 2818 699
3323 1815 2903
1488 1870 3498
1030 3454 1392
501 3360 2853
1015 2600 2648
1761 3553 295
2449 1644 475
830 1618 879
2759 1507 2603
397 1506 2082
505 2559 3296
3482 2685 1029
382 1255 740
2876 384 1876
1353 282 2249
2554 691 604
243 604 1382
3206 2688 78
3524 2232 3421
1743 2296 3234
2414 653 467
2246 2703 2335
1273 1305 2921
2054 2304 2470
193 765 2950
2085 2821 861
2120 497 3221
337 742 2930
1706 1619 2300
1627 2199 8
1953 3473 2950
968 2845 915
3495 1525 2635
1116 2839 2185
292 3528 3311
2435 143 2000
2752 1429 3494
1569 2640 1893
867 1691 1739
2723 896 1532
453 2464 3265
3205 2240 2378
1608 3051 1061
2001 3569 3559
1857 1113 1923
3021 2157 2299
1814 1792 656
2313 1921 1258
3265 3462 7
2236 1347 1016
173 1189 1196
134 406 2854
2371 729 1062
1535 2832 2994
1437 1953 3603
3196 68 1510
2869 2928 1774
1789 1255 1698
192 2010 290
1127 1736 3174
1377 1427 1544
721 2357 145
1363 2963 1605
3443 3269 2913
1404 1800 2652
2008 3473 2368
2360 3394 3156
1003 314 1262
2215 1415 667
1372 2681 2241
2751 649 3536
2866 1445 1800
991 1377 955
2155 2131 1200
647 279 1383
2402 2136 620
1667 2673 362
2774 2356 2383
1739 2629 311
1974 3218 2866
1836 1541 873
529 2183 750
2397 613 2997
1517 747 552
307 265 208
966 2971 1892
3297 384 171
1783 3054 426
2534 560 181
1601 2308 2284
996 2127 1308
3562 1079 1914
3570 1027 310
2936 845 2448
3340 641 3375
580 271 1768
1005 2060 3539
1938 553 3024
1711 3307 1727
906 2395 1308
1545 2124 2751
705 1084 3421
918 1268 1074
222 722 3482
2455 3544 76
3386 1302 2655
1908 480 2568
689 3474 1264
3105 246 2222
974 778 3363
811 712 3040
1486 753 2940
2761 846 276
2570 2982 1869
1770 571 1752
1153 311 786
3433 3650 1629
1443 640 3438
1019 2177 1892
2755 2543 2150
1937 3145 2987
1145 2815 1062
214 3397 563
2174 1575 827
27 167 3287
474 888 2668
1367 2622 806
2332 3102 768
3290 972 1146
164 1149 231
1875 1631 2560
2990 609 1507
1020 563 2971
2388 1498 1785
568 1472 2255
2547 36 3426
2028 1734 670
1476 1439 1158
844 347 1663
974 3422 2934
2643 293 828
261 197 1925
379 708 2328
2796 2750 1475
1553 2603 3039
3271 3257 2480
2803 1299 2995
2974 3686 2032
3591 1509 3600
2223 513 3581
3621 3538 2216
2473 466 1899
886 179 3671
2406 329 1366
741 2346 2633
3670 1660 1241
849 626 982
2509 3618 4
164 2821 1693
2971 545 674
3532 2298 124
620 731 1570
455 3047 398
2496 3221 3096
3672 2162 1586
550 2486 3313
2632 2257 697
835 3384 316
3146 797 485
335 3631 2966
2903 365 1836
958 2895 2927
206 3300 1500
1854 2971 1770
1107 277 2023
1649 3280 3497
1724 2195 2875
327 1620 3665
2263 1282 1145
539 1575 2799
3328 1936 1353
1895 3168 1378
512 3006 2485
1057 186 2803
1655 1161 3278
3177 415 1841
661 270 359
1495 1259 1563
797 1875 2697
1621 2794 3093
117 1019 988
1865 1891 770
1304 50 851
3001 1170 1069
1428 3722 530
2409 3289 453
2035 143 1747
1131 2216 3122
1358 3079 1444
1473 3428 279
1470 1381 287
3133 3185 2538
929 2002 2790
1614 3117 605
1571 958 807
496 1910 2519
2231 702 1402
532 743 2581
1290 341 1156
2287 1322 2237
340 1899 3213
1489 1122 3556
679 208 510
638 98 1851
3597 932 2749
2279 1147 2279
2263 912 14
1660 3561 825
1203 1098 3665
2603 2151 1737
1547 1828 2233
2907 2519 2030
346 117 870
1085 3673 1607
2085 1263 646
675 1710 1430
277 1841 1720
2866 2015 3729
178 1006 3664
1900 1633 1264
2615 2920 2877
2467 2134 679
3761 1513 392
1036 3789 2728
48 3416 3373
427 1533 854
2096 936 1967
1776 3347 1024
1512 2627 3057
937 2467 1468
2466 2932 1582
3666 2759 2645
1145 2921 3587
2279 3513 735
1375 2708 766
3699 3063 1812
2966 25 3578
1340 3304 1780
1652 642 783
1548 2161 3324
2563 3085 1402
945 2865 2978
2582 1848 549
1314 733 942
20 3487 426
439 1245 1252
2194 1847 955
211 452 1497
2217 3689 3753
685 1486 1080
3652 768 3448
1705 2647 1429
161 698 2992
870 2635 2021
3629 1150 1719
3204 1768 817
1294 199 3666
2499 1560 2417
344 2348 3808
2519 2748 3187
2001 509 2076
3062 3825 3373
183 81 1344
3047 509 2280
3679 3594 3168
2675 1454 708
1740 2309 3231
3762 169 3485
46 2906 857
1237 1199 1630
910 1241 1115
2302 1472 3369
2901 2622 21
2579 2868 3332
2642 1065 1226
535 1341 2935
1574 532 197
2589 2531 926
3717 415 2620
3446 3780 3477
1903 3534 1427
1052 741 1722
678 3378 657
963 128 387
335 3811 3804
1418 1460 2137
2680 2176 3720
3276 2650 685
3777 1464 2719
471 3541 1658
3405 3825 620
2383 3499 2289
1224 3630 272
368 1280 3793
2739 1896 455
1289 1613 358
18 3139 3608
1219 3038 2372
3310 204 2030
3607 2217 2748
802 1923 3269
1832 2630 1862
656 1268 1287
1773 3078 1009
1764 523 1387
1938 2051 1047
3677 1734 3440
2349 3263 3792
