4083
0 0 0
0 0 0
1 1 2
0 0 2
0 0 0
1 0 1
6 3 0
5 0 4
1 2 7
4 6 3
10 8 4
2 6 8
11 11 2
8 10 10
5 10 6
3 2 2
15 1 16
6 14 3
9 5 8
1 3 17
8 2 4
5 14 15
2 20 9
14 12 18
22 6 24
22 0 23
6 7 1
0 1 24
22 23 10
20 24 20
20 27 15
28 7 20
25 5 27
17 7 4
15 19 12
22 28 8
8 26 6
17 11 13
13 31 17
10 24 11
18 1 19
30 5 12
22 16 18
26 33 22
5 7 7
13 34 16
3 20 15
0 23 6
13 36 23
30 23 2
18 8 29
26 51 26
12 3 42
42 23 46
7 23 49
26 54 11
55 45 14
47 47 33
49 6 6
17 40 54
6 34 38
52 13 49
52 56 39
63 35 19
30 17 36
2 20 27
61 21 9
30 25 28
15 24 68
20 67 57
6 5 31
38 24 11
32 51 65
7 68 37
66 47 45
60 42 19
72 20 2
67 4 54
25 4 47
16 67 64
71 24 5
81 25 61
49 47 5
25 36 26
18 57 45
23 77 34
41 0 33
84 59 82
43 22 4
33 33 79
38 83 55
14 51 78
20 52 27
57 80 36
67 77 92
63 10 14
30 84 67
13 45 69
77 96 35
19 67 41
45 49 50
99 98 48
24 69 43
29 22 62
10 81 48
59 53 81
49 83 54
66 75 96
7 81 40
47 57 33
26 97 20
90 48 39
82 46 12
99 52 89
11 63 85
97 58 50
49 28 40
83 105 54
27 47 42
34 78 85
1 38 11
85 75 91
64 12 27
84 114 14
44 59 113
83 119 93
60 93 11
103 122 76
71 27 1
115 124 40
53 90 11
67 130 62
124 0 78
98 11 113
74 53 45
50 105 59
115 24 42
6 56 105
91 35 77
93 11 29
66 80 0
15 132 93
87 13 59
70 36 7
24 107 43
66 3 127
60 74 104
42 145 142
46 104 118
121 91 6
50 34 13
82 69 9
33 35 142
68 64 91
110 120 117
17 127 125
8 54 119
49 127 157
9 46 127
138 17 143
141 12 69
119 51 13
10 4 60
100 90 46
33 35 17
48 79 8
9 22 128
80 15 105
51 25 161
22 62 83
60 116 94
10 107 2
42 51 155
8 95 10
137 166 148
128 6 7
114 118 53
13 55 121
162 158 108
1 32 30
20 28 79
4 11 139
146 149 93
130 147 0
156 57 8
96 31 107
36 180 129
42 13 7
168 172 13
47 25 144
58 27 169
90 85 68
184 164 135
80 81 24
138 33 128
61 173 80
77 16 48
150 166 46
46 177 11
145 9 158
68 8 18
30 46 23
135 155 157
31 151 31
90 44 14
18 47 10
128 64 118
102 100 132
56 99 197
24 110 119
57 194 149
65 71 174
34 137 166
70 70 204
200 166 164
53 101 150
121 101 16
14 80 48
124 48 127
73 190 196
109 203 116
131 146 91
128 211 110
10 111 22
174 83 153
159 95 209
8 50 50
205 223 18
199 92 144
128 133 229
32 221 74
68 74 91
217 227 182
83 169 20
3 201 83
77 158 195
234 13 22
108 5 111
5 105 52
133 172 89
97 91 59
56 45 180
55 84 100
68 226 234
218 61 102
227 147 151
244 239 201
37 85 75
57 234 177
111 183 26
36 81 39
136 158 234
132 39 163
176 245 50
122 54 175
230 144 112
91 212 65
233 152 71
108 133 112
165 74 27
51 190 112
233 164 91
33 202 207
55 103 59
219 128 250
184 71 148
155 248 234
119 4 100
68 43 214
214 101 39
163 248 227
111 194 136
180 52 127
64 243 172
183 186 44
26 233 212
247 82 266
269 209 266
150 120 230
276 86 126
236 163 12
53 25 23
135 196 52
98 149 122
255 176 236
2 227 166
173 203 10
59 47 216
49 76 0
81 58 167
50 100 268
64 272 274
172 275 196
78 249 89
82 48 68
131 136 86
204 290 295
15 4 275
253 141 240
23 16 107
59 205 281
226 250 120
88 88 14
239 223 253
216 4 150
298 305 146
25 55 105
14 130 293
304 242 19
84 159 92
301 43 136
10 307 138
62 311 47
177 289 281
237 155 59
238 310 283
314 210 5
107 115 3
151 212 65
274 189 35
95 316 145
191 291 105
94 254 285
44 47 76
322 48 211
265 87 65
250 263 113
137 81 17
169 201 254
297 110 303
181 23 17
227 22 33
184 177 265
96 246 261
36 103 150
109 295 45
223 274 218
162 29 189
319 325 210
131 209 115
95 232 220
244 186 288
66 118 290
292 31 149
284 87 1
269 34 45
163 26 146
326 131 318
105 172 116
175 321 338
311 232 140
282 280 65
323 131 252
309 257 21
231 275 222
155 258 267
152 110 130
237 155 221
201 194 302
202 267 200
203 320 70
41 61 229
16 180 126
187 165 25
158 47 226
88 81 14
318 339 48
84 235 137
237 202 195
161 333 92
267 167 166
51 31 0
165 355 118
250 98 101
127 88 154
280 351 354
31 103 294
323 255 341
255 32 368
65 273 184
380 64 107
314 65 243
140 157 55
172 276 87
227 160 119
135 303 81
104 378 233
258 6 47
353 354 188
143 346 205
252 210 1
188 380 10
249 61 329
192 255 386
274 248 250
66 203 303
35 119 253
171 129 384
299 118 43
22 194 200
381 224 248
154 210 160
221 147 30
141 400 202
119 174 98
236 9 112
74 38 127
368 29 172
264 173 273
41 294 341
121 95 60
130 31 51
288 312 315
217 39 106
194 374 0
38 400 184
150 73 70
30 158 299
119 188 6
265 1 299
33 346 303
77 388 109
222 173 41
315 109 87
379 422 63
271 33 54
281 419 240
292 259 348
142 353 265
319 406 151
171 40 430
213 70 396
90 24 307
130 50 142
398 211 197
298 236 225
336 364 187
160 365 261
262 353 422
399 388 225
19 434 216
416 199 73
109 269 292
164 367 158
180 281 325
259 7 56
52 351 289
66 119 425
165 341 330
409 355 325
43 366 145
110 344 67
98 85 289
56 115 16
404 172 405
336 282 120
424 176 349
335 216 164
42 185 318
109 113 186
256 447 374
25 393 400
298 188 328
286 161 238
58 368 248
461 122 89
418 448 4
184 223 87
156 96 221
277 463 416
463 306 42
264 204 307
341 439 70
416 219 217
370 314 77
72 161 254
257 98 320
286 461 26
160 67 429
140 175 202
448 61 25
325 217 244
239 299 108
69 472 364
428 369 255
310 200 220
397 16 299
340 13 221
247 296 69
40 284 214
233 330 292
114 23 255
421 111 16
394 239 120
372 440 432
338 289 55
16 101 475
130 482 58
164 137 240
367 493 200
420 359 66
43 32 359
109 379 259
307 420 61
312 95 413
32 125 158
284 34 181
304 80 80
275 17 191
382 138 472
192 343 338
113 269 486
244 316 92
124 158 120
438 320 265
486 395 185
502 83 373
290 482 483
469 177 351
174 482 92
79 488 194
373 22 98
309 338 358
377 274 210
132 28 497
503 175 286
134 352 139
206 434 370
189 279 163
523 389 233
30 70 350
220 239 176
340 220 229
115 378 89
410 195 263
178 164 118
176 388 401
3 15 51
484 111 426
152 526 465
274 371 155
221 270 353
360 370 236
478 205 126
17 237 448
277 172 369
271 292 536
222 242 92
10 37 314
183 176 64
397 191 104
518 230 271
390 424 545
499 546 540
508 399 410
383 167 75
23 328 556
438 295 204
379 194 211
100 539 153
347 539 512
424 122 93
259 407 419
419 204 545
174 529 510
519 383 102
533 541 389
8 83 199
39 433 331
23 485 40
217 287 432
50 162 205
185 23 271
274 150 203
541 454 78
137 479 73
190 40 158
539 172 268
264 153 53
277 72 536
265 112 380
42 467 188
272 100 345
43 563 575
6 175 292
437 18 464
137 398 470
1 105 471
145 388 437
144 476 203
209 511 123
458 367 309
297 519 410
181 159 281
5 349 430
183 487 554
504 187 54
324 475 357
512 269 424
186 350 287
539 141 180
140 600 509
267 9 286
131 221 436
315 435 274
384 315 490
109 336 247
371 509 433
127 586 538
311 480 263
320 166 115
340 442 469
489 388 494
249 547 369
388 107 69
233 489 242
464 561 413
116 277 373
242 497 34
300 560 68
257 201 55
568 206 355
380 42 432
21 419 431
117 155 410
134 552 241
169 588 534
485 120 583
409 550 509
376 313 590
209 551 297
108 501 536
178 474 261
397 482 249
382 5 330
163 450 483
23 369 589
513 399 21
88 106 325
507 638 536
176 112 361
203 533 370
417 192 311
451 19 604
66 63 376
143 349 467
638 638 508
605 269 383
6 514 435
571 428 252
232 82 224
231 145 227
471 278 574
605 577 366
32 277 580
547 406 402
340 561 471
113 22 183
138 42 12
496 272 359
480 385 243
257 423 428
279 581 474
114 606 356
440 178 367
176 341 164
417 151 106
312 50 648
186 137 301
623 226 246
578 138 330
131 231 269
580 66 96
256 231 287
423 582 24
227 609 171
413 616 602
575 641 297
78 534 197
76 672 43
467 394 266
305 61 524
244 339 525
512 581 588
293 334 305
184 450 248
63 31 428
519 165 638
376 364 159
68 265 671
284 41 246
221 341 662
402 77 175
20 486 125
264 583 261
247 500 356
305 607 105
310 403 114
115 633 423
635 498 113
10 434 551
365 356 331
53 349 573
487 407 62
412 547 653
140 652 684
380 188 93
486 502 188
11 414 204
207 611 3
99 102 500
440 282 481
213 564 169
303 415 709
568 182 595
108 127 103
550 214 35
174 485 285
529 670 176
149 627 263
42 205 265
185 89 135
486 528 598
513 575 603
617 32 723
38 316 132
403 214 474
350 499 511
631 65 587
101 68 694
626 585 197
187 129 213
247 254 235
338 291 407
537 36 479
534 116 32
385 336 355
720 172 57
389 702 243
697 576 90
202 491 402
117 162 120
199 178 179
316 152 86
596 333 651
546 699 674
506 458 733
545 683 713
361 164 366
269 641 459
656 158 357
503 9 417
752 276 408
83 74 101
215 61 160
472 95 508
636 209 171
574 577 418
101 423 388
111 476 703
314 549 444
151 8 655
550 101 91
344 438 93
308 74 337
144 563 230
20 8 756
480 42 346
79 66 284
456 710 414
509 716 459
515 262 473
234 690 331
767 336 641
100 741 707
281 267 71
112 221 345
266 687 421
650 471 201
183 158 578
386 283 596
146 703 265
499 133 668
507 755 125
378 359 459
88 448 244
531 323 14
229 749 126
229 425 344
648 79 671
509 753 751
239 766 9
364 746 464
546 316 711
611 379 268
36 776 739
268 260 704
449 596 370
227 160 587
240 536 325
401 566 261
265 72 594
798 715 288
746 643 189
175 407 520
739 77 485
419 445 775
628 688 247
402 415 611
513 476 170
561 528 734
109 631 171
422 380 310
759 272 708
215 667 752
282 627 344
605 678 560
441 752 477
36 605 368
571 435 94
569 219 338
607 63 359
240 822 778
769 25 674
11 564 573
605 109 158
200 419 482
98 125 370
760 40 2
477 431 200
751 134 13
75 46 362
32 271 663
631 356 631
464 656 346
586 494 570
733 552 671
667 16 627
176 157 524
414 497 398
760 668 224
11 20 115
365 9 5
649 616 772
253 828 709
642 19 240
162 749 256
58 169 660
492 204 749
592 842 747
735 148 425
518 45 284
5 47 110
384 388 110
22 160 459
765 141 473
700 706 432
678 195 581
609 832 193
112 523 754
22 764 572
159 632 192
501 608 627
237 412 57
240 197 346
667 150 129
772 514 299
467 626 238
465 86 111
843 262 61
525 536 96
576 651 746
793 818 395
87 468 31
833 513 580
343 689 112
698 790 648
631 683 768
797 310 762
748 385 591
324 107 809
380 792 500
176 834 546
617 727 141
553 47 135
857 462 235
751 591 27
575 348 442
853 436 286
823 109 234
385 77 303
708 518 291
373 822 527
734 413 198
203 453 306
831 239 868
623 616 629
805 113 369
827 694 200
558 193 883
429 876 753
724 325 311
516 381 426
419 319 135
416 114 359
73 100 645
39 151 765
475 171 684
383 718 759
612 340 123
500 897 901
733 220 293
141 541 800
72 322 266
99 335 664
621 650 712
521 511 231
195 611 829
278 401 648
60 118 820
858 362 243
205 303 210
344 765 18
732 457 289
617 194 699
915 344 757
8 506 716
52 680 212
301 91 203
717 486 760
721 911 523
243 617 122
539 620 435
755 645 657
298 572 567
721 896 673
687 192 116
11 690 419
858 249 537
489 853 561
665 27 776
503 242 847
142 742 167
933 686 836
589 844 942
149 249 619
19 337 574
130 298 319
741 877 589
483 701 406
112 432 242
581 942 91
302 591 640
840 290 210
553 206 318
948 301 294
596 206 323
427 21 892
389 168 929
69 693 737
419 408 128
837 794 500
449 504 518
606 672 154
303 625 238
925 271 409
935 650 75
591 470 571
467 902 615
900 33 130
425 744 360
85 393 129
263 335 73
61 183 961
700 239 126
99 897 430
428 459 472
844 946 50
587 837 790
582 539 87
408 481 520
69 535 166
344 419 955
804 721 179
52 386 875
762 201 77
206 314 373
694 224 66
573 471 644
116 356 92
832 540 963
247 538 907
572 886 115
904 536 593
516 891 188
413 771 674
974 546 864
747 996 648
515 819 371
54 111 292
568 94 446
841 873 732
253 747 653
861 326 95
7 239 0
658 26 792
201 129 993
472 17 21
120 728 355
163 113 555
799 723 249
590 987 824
923 712 616
855 976 1000
534 605 175
463 858 228
991 193 726
822 896 208
144 906 110
339 286 923
808 481 288
1016 764 691
625 159 969
832 851 306
811 366 626
930 941 67
772 363 759
946 670 466
239 659 189
102 737 164
627 892 152
810 981 693
848 891 986
578 561 672
37 957 732
517 534 262
927 0 999
176 28 723
362 13 790
769 628 227
838 1025 540
839 701 392
68 896 786
416 64 403
599 568 531
1013 277 706
509 608 226
792 146 98
270 334 626
1014 281 321
535 740 64
112 168 225
175 207 557
773 913 463
385 144 769
812 707 633
856 733 715
225 934 1037
507 387 716
90 592 995
42 791 747
296 149 1024
191 820 156
449 710 972
408 674 309
37 922 893
850 19 72
41 942 207
429 173 740
888 1045 458
454 495 566
309 725 314
1018 1 668
508 939 761
1040 413 156
846 821 564
737 502 212
229 414 513
462 43 1019
813 736 722
801 752 869
84 585 883
1076 56 550
233 889 487
389 875 623
951 1078 1052
1033 366 597
123 146 985
87 757 410
523 877 301
836 1036 49
418 559 612
773 722 948
206 959 883
783 342 489
661 548 731
493 382 160
446 908 438
730 905 735
872 582 339
972 538 1097
1073 219 483
710 368 892
440 399 832
527 95 560
364 79 906
348 698 804
186 204 849
258 244 247
991 805 1057
1104 856 293
556 430 1101
684 1057 240
154 803 998
130 613 14
324 1045 230
959 289 765
809 705 470
472 1079 302
833 959 313
177 942 0
78 189 869
648 71 560
325 56 265
876 133 913
149 1 17
762 899 964
337 222 676
396 340 318
605 720 766
43 788 453
763 0 202
208 869 629
951 208 119
1063 164 773
597 976 1090
311 294 414
879 714 580
114 438 628
149 560 981
454 818 394
1087 764 276
807 97 252
142 984 815
1103 29 69
981 648 518
510 959 424
1125 567 371
218 397 826
1078 1100 28
1069 30 524
1151 187 391
467 400 1094
246 1117 1091
535 783 76
758 245 592
1086 825 760
554 262 814
904 876 888
196 636 1053
626 921 349
604 799 857
12 695 540
264 145 529
400 407 284
772 833 1145
401 236 797
1083 749 583
519 457 730
1012 999 1010
407 561 1039
567 667 1049
922 260 424
589 719 316
450 149 532
1171 657 956
535 324 991
964 542 202
554 143 492
230 683 335
100 610 1061
751 67 866
1087 1082 176
278 774 585
529 1005 238
997 1178 760
562 102 856
29 881 1142
697 1096 510
648 210 819
322 1023 144
940 131 1105
208 589 498
1088 5 382
804 1058 882
474 984 926
562 23 1191
340 347 820
346 675 566
1043 828 642
72 276 501
639 52 666
219 1061 328
308 494 26
532 985 1165
1088 396 1094
340 308 647
506 126 92
1060 402 548
340 964 1098
330 118 738
217 786 926
193 242 58
847 188 724
321 338 208
373 48 445
746 10 566
1183 924 228
20 1019 22
570 323 182
1097 1187 874
1219 286 630
1169 615 633
785 997 904
961 6 159
29 37 156
240 608 1018
415 347 614
557 725 579
700 900 1209
213 531 1217
839 1229 689
89 369 1036
1103 771 759
919 171 471
53 710 617
132 911 639
487 149 63
439 3 308
41 10 1223
40 246 339
1046 1175 328
1002 230 228
672 926 634
1001 403 849
90 744 154
1139 1024 1062
994 149 605
971 1228 74
295 184 1066
361 550 304
633 444 969
169 143 1041
621 186 930
1003 540 1046
7 81 666
899 945 1023
1052 1070 508
807 1137 132
1115 241 932
682 1091 35
84 933 1007
409 902 854
794 787 996
1178 931 0
877 903 325
578 613 1005
201 949 115
919 950 189
829 1158 698
696 786 57
484 1022 700
863 33 882
410 81 462
1220 922 1202
765 477 286
657 576 303
411 782 52
473 501 690
338 953 275
495 874 169
70 87 398
565 397 1166
689 76 1071
150 667 1074
384 519 981
359 598 759
456 1109 352
732 656 1076
1125 127 185
708 1145 59
319 312 1147
203 1247 981
121 421 830
44 780 999
1243 266 1015
996 372 380
54 912 1099
977 253 665
929 1076 168
477 609 971
1128 132 1040
6 941 120
436 765 1137
1220 610 1060
1298 476 746
1266 953 32
1253 580 58
459 932 643
91 488 82
870 371 804
409 828 1141
624 227 31
534 562 188
705 789 464
924 314 851
1046 1312 222
215 365 963
1244 517 460
714 1285 1192
1218 427 957
1221 1156 1172
1192 1110 662
524 876 294
396 1131 586
491 116 856
1069 429 330
187 1297 29
1211 819 750
1311 609 1067
1247 511 1
455 405 461
799 454 1082
194 629 848
739 553 1263
1243 983 722
1021 614 373
465 1007 892
723 445 396
199 85 746
426 228 179
145 872 1317
178 666 450
719 1012 1229
884 467 1091
557 947 389
277 999 807
1103 185 888
38 1136 112
146 408 333
596 78 1130
816 1268 375
162 1296 208
1351 1112 951
684 1204 750
1272 762 880
359 657 111
1313 337 847
406 644 1284
918 297 718
464 836 1100
1352 245 631
3 913 251
412 995 168
874 806 891
68 21 26
939 1359 1337
1197 1306 1285
1035 616 41
1079 569 833
748 1153 944
650 949 154
872 836 956
1131 452 1218
525 438 209
405 1145 230
514 451 113
1364 764 805
867 1165 1158
294 1346 905
935 1232 1193
847 983 823
628 940 507
553 213 492
776 1057 471
419 536 278
81 666 46
176 80 1107
1255 694 257
1271 243 104
443 675 1056
111 1132 1348
295 1326 1000
615 859 982
210 868 1285
895 1369 57
1061 88 276
479 1330 1270
963 506 1030
47 536 462
287 722 1123
158 342 938
667 1154 430
717 1096 786
1385 718 1141
793 941 134
553 1263 1032
348 65 197
1164 935 739
651 870 32
453 536 497
82 440 710
731 1385 993
417 1287 551
861 681 500
1022 304 201
434 403 244
583 118 1147
502 860 883
243 864 1269
827 1181 448
691 1134 200
875 875 704
1175 63 606
571 257 576
420 624 242
757 56 1151
1337 609 683
924 242 1143
494 141 632
196 712 35
759 83 22
1371 803 260
1249 1068 400
185 1285 893
903 462 409
259 997 1238
711 208 745
91 676 1417
761 290 604
83 1 830
352 1353 38
574 546 824
1072 1198 438
1033 510 710
98 1160 20
411 18 800
546 543 721
1409 551 1259
879 647 1343
439 1371 848
1304 478 1219
970 1041 1123
824 459 1272
307 1226 749
640 1265 1318
1167 1120 853
1331 835 1154
1267 251 153
1225 1168 850
894 913 1199
1115 332 226
285 1007 1440
802 1365 1366
1017 585 200
1011 1382 1130
609 494 766
883 714 1163
122 409 613
63 1073 363
926 240 154
1385 681 1221
150 818 875
620 664 1320
99 1430 1317
849 893 1164
498 626 1339
1477 175 1255
171 1379 572
1201 571 415
489 1237 982
977 378 709
1280 137 1470
456 1075 632
623 605 331
290 1451 193
1479 1175 73
1307 22 1166
80 383 261
678 1128 360
1051 874 699
72 216 1102
226 704 88
480 172 1067
212 580 587
620 1096 297
983 1099 1418
1434 77 524
787 378 162
712 314 64
892 1170 1430
875 1499 572
154 333 449
790 932 270
1408 1152 715
1045 1497 226
966 960 1135
921 789 417
1506 1442 35
1463 562 884
554 493 1476
602 403 1335
138 1102 57
92 1007 218
667 1398 533
1424 1506 1313
400 1384 1071
772 816 1102
1103 1499 428
76 8 830
138 1112 12
297 396 1365
636 556 1033
359 1450 1153
326 1270 142
365 1156 1038
1111 799 1022
1255 1138 928
369 888 1018
1275 1361 431
904 953 702
1435 877 814
1361 130 1145
662 722 274
1335 1289 1018
1261 1517 750
1106 272 364
728 361 1145
1505 1258 828
198 1518 946
1404 1094 16
519 273 222
782 355 852
982 1425 579
228 1385 321
803 1003 1404
204 460 184
741 273 1432
104 576 561
262 1295 579
60 1227 70
1323 935 2
1298 1250 1059
771 719 654
830 1388 59
457 128 653
1310 753 30
1034 962 402
706 1137 418
7 1017 628
1345 547 673
987 253 482
1149 675 598
775 823 362
993 713 1263
505 32 486
685 1440 438
1067 984 1079
485 1416 510
11 572 782
1189 1464 88
1232 1395 7
680 1434 1025
367 427 837
909 45 477
1017 75 1279
1489 531 1135
15 738 1545
1106 1321 1052
394 1491 109
893 696 698
1428 206 1510
1056 231 672
1222 191 43
576 1226 469
1145 721 338
1490 969 1201
404 34 783
1446 626 445
810 308 1544
49 541 1563
1056 1026 368
475 925 756
267 1161 1309
1044 1339 1577
25 1211 1384
949 795 1096
747 729 136
1514 513 8
1260 968 29
1085 1107 1092
848 234 727
1414 351 420
1090 1207 1181
944 554 797
24 83 121
1078 1521 73
988 823 68
127 720 1150
1287 926 322
762 1345 1249
689 1091 1152
1084 984 108
825 1447 863
1304 812 1010
1116 520 570
1488 1274 44
1195 538 189
642 1512 221
806 957 1485
1356 1439 1248
1394 1324 186
1343 1235 375
366 1210 21
806 1425 409
658 1536 1166
646 61 977
532 340 867
605 244 934
1045 467 489
973 1162 1314
365 446 1358
445 866 1423
1630 995 1127
207 705 1585
227 1294 443
1329 1431 1005
723 1460 1628
1453 992 459
705 726 1355
1261 922 1494
288 1418 809
962 772 904
559 615 1280
1250 805 1190
35 156 1218
1600 261 699
352 7 1149
1017 1044 240
1070 417 340
848 612 862
940 1533 40
799 802 808
30 175 987
1467 122 29
196 1010 866
187 124 282
1268 1245 837
1632 243 1109
245 1234 56
1333 1469 1309
770 5 730
309 857 554
1048 225 1127
1426 499 858
68 476 1404
877 847 105
1610 809 205
1527 245 1441
1024 619 27
1165 928 777
277 1029 811
1263 1553 830
711 259 841
807 229 91
211 1005 1092
634 897 491
1628 840 1441
989 1653 1647
1072 325 1434
1103 708 1579
1411 728 1183
554 502 61
1188 29 447
233 244 78
469 680 410
188 1408 1338
599 254 1685
585 307 1000
505 321 1287
1096 345 805
353 437 651
1301 1543 119
1090 480 1257
649 286 33
1627 474 230
1617 821 3
362 1136 1434
1659 1661 734
523 1040 499
1683 807 250
172 284 1251
464 373 14
743 1036 1261
318 1375 1566
826 128 692
832 55 295
808 142 303
1210 462 1540
1241 531 96
711 837 489
661 1353 767
669 691 1141
975 1328 1301
1385 1505 1190
408 983 1673
1123 1014 1587
1288 493 515
1709 1504 1185
1335 426 1156
686 800 157
1146 986 1152
798 633 304
1184 1354 586
1276 1654 1242
1688 1692 168
548 724 1376
1422 876 522
377 837 1456
192 45 987
391 323 1362
1006 689 1688
490 85 919
188 1127 404
1479 1723 725
1215 739 418
180 364 475
962 1282 68
1728 673 1643
1650 572 1372
1436 1644 1471
630 1108 931
950 34 202
791 1248 1532
1214 1625 1416
1248 26 281
400 336 638
1361 1496 1356
315 904 832
960 798 32
375 977 1628
247 1175 1092
624 1306 775
1287 1525 927
327 84 1364
267 263 732
157 1750 1071
1194 1641 94
1595 1640 1588
15 910 1643
599 794 1102
707 979 16
465 166 1575
710 126 1136
130 969 1471
475 1272 813
1587 705 303
289 1587 1689
716 1116 452
934 877 1157
114 174 1036
1611 62 772
989 1094 637
54 93 997
357 309 812
1543 159 719
1671 1565 1157
481 1748 1055
1506 180 412
1089 1629 1669
1040 851 144
443 453 322
274 733 1355
951 1226 326
1102 165 348
629 197 839
1190 746 762
1375 404 429
801 1160 1260
799 1486 1073
802 752 1223
858 1098 243
384 1747 704
173 764 98
376 351 421
805 1759 1128
95 984 1298
1699 1309 1540
1619 1627 1008
123 177 194
1611 504 1310
1151 457 1273
32 1705 691
1698 1023 1458
1653 1211 1190
862 1470 667
180 766 346
1378 38 1203
1660 149 923
583 265 1661
352 974 311
1302 1489 964
1754 112 47
1518 383 728
1461 1073 147
204 117 1179
1501 735 1469
1417 985 1595
589 1146 1406
443 1644 479
1771 993 952
1353 1020 1363
488 1386 5
1332 788 1584
141 786 1049
1117 864 1632
49 314 310
1786 1143 1202
1393 1324 1460
611 782 385
391 1641 19
1764 1771 1430
678 676 876
698 980 1102
1369 204 964
296 1651 893
1412 12 727
522 861 1517
419 274 1778
1483 777 587
1804 1380 394
764 1763 646
1833 817 1781
49 121 856
1494 869 826
234 667 875
1327 160 857
477 701 1211
985 987 264
29 1220 171
1841 663 1766
1563 631 703
831 852 975
182 1652 1007
1751 144 729
1037 999 731
210 1002 941
774 1621 365
241 1073 585
176 1834 1374
1829 278 1089
750 51 1782
1677 1332 1487
783 1772 519
1080 512 1160
1421 1358 751
1018 1596 351
1246 963 865
509 1472 552
467 1785 1311
1866 1224 494
290 745 118
1282 165 1289
1693 1565 745
22 802 218
648 1431 206
1874 612 1154
842 1163 861
1140 890 125
566 270 265
809 15 585
1855 1696 13
911 993 1442
7 785 230
257 1607 1871
13 1711 570
563 1313 823
1221 9 1011
1679 656 1018
1609 256 1251
1073 1139 1305
845 59 366
263 82 1380
1178 309 829
47 1465 224
1056 1708 1048
181 442 1412
1437 167 1587
1037 1741 1444
732 1277 514
1016 1127 61
1895 73 215
753 2 644
1460 1427 967
1227 1527 1766
1760 119 688
1433 696 1625
1603 282 399
404 1608 461
914 189 247
1305 1191 305
808 553 1231
1876 58 1788
1689 1174 1240
1892 195 113
235 1091 180
285 1911 961
13 1746 245
206 567 148
1293 1599 753
103 1405 35
948 625 253
454 1059 1001
471 1368 1072
1320 162 168
857 699 1742
1600 1622 1582
1412 1430 887
478 1576 857
926 618 145
389 539 1663
899 822 1696
194 898 1562
757 863 377
469 887 1535
532 144 53
514 417 1017
449 78 814
1781 27 721
12 399 1326
976 1315 87
1571 1724 940
1276 1126 1544
1625 1274 1172
221 290 385
1406 1770 1237
1623 1739 1456
999 1506 892
904 1059 435
299 816 330
141 1344 1806
1391 499 511
1545 559 703
462 904 963
1084 1051 511
809 1457 1007
1722 1522 751
1103 1942 981
416 1202 580
1495 372 658
1417 1858 541
883 761 1273
804 1084 1900
1310 1493 497
1050 1639 1517
65 316 1513
1590 1339 623
220 444 1155
1104 1883 430
1649 118 375
1473 878 1205
668 712 1651
1790 1129 1213
1849 165 1644
342 1928 1279
1502 1817 1320
583 1924 1308
507 275 1805
1485 1829 10
912 197 1923
43 1052 1150
1268 174 21
1736 1778 1083
176 1236 868
942 369 1389
899 485 922
490 952 1080
1983 222 604
1577 1760 854
1035 5 708
462 1351 1877
319 1228 1132
491 594 291
120 940 875
1009 17 663
1360 798 945
620 1863 666
176 677 1171
14 1438 1554
1572 342 908
73 1672 53
338 1956 1728
1437 946 993
1218 1850 1658
1735 839 636
10 857 1341
1485 1484 1005
335 180 1503
452 1764 204
815 1876 774
703 1504 165
1521 124 151
1289 1752 747
1023 1062 103
1909 1116 919
851 1669 1631
1923 1160 1922
1486 154 568
99 1836 674
1882 1978 621
38 7 776
1852 1076 840
269 501 997
1577 756 205
163 249 972
156 862 294
973 1277 1757
238 1464 1681
1629 92 1112
1775 1977 164
626 870 647
295 1674 1174
1195 620 1189
1104 1924 1219
1343 2003 1863
812 626 1366
1955 164 1019
1545 536 288
1084 822 1920
535 198 97
1082 1978 308
1467 965 1779
236 1261 156
1807 1337 1370
1128 1818 1735
1536 1985 2019
429 115 1684
1751 1012 798
994 1983 1426
310 389 1059
1278 678 508
1006 618 1245
321 237 1951
1114 855 1780
808 1153 850
165 848 1318
461 1332 880
703 92 899
1921 1636 189
1991 1557 1644
864 1057 61
1113 765 870
1699 1525 521
1709 2031 1022
1210 1702 1474
98 1357 796
284 993 204
1486 1567 1456
202 1176 727
768 1459 116
1412 418 807
1235 84 654
1239 1147 1277
1648 1332 670
1325 1638 1310
1162 2001 1831
1665 414 696
1199 247 1821
1874 656 474
1368 1152 1469
257 1433 767
844 842 309
1934 1114 675
1003 1270 1613
608 1935 371
1801 465 1802
150 1589 970
44 1373 1724
1845 1098 681
699 1762 666
16 1056 1689
238 1798 649
1470 839 1632
99 1373 1845
1744 1330 1743
799 1774 79
1947 720 1639
1793 1726 1089
537 1799 1049
1356 324 1819
1345 208 1844
614 1488 1174
347 2051 292
14 1599 1499
923 1079 1052
1315 725 563
984 1387 1701
1454 2066 1529
1248 976 1579
1155 927 1862
2070 172 1712
1675 1973 642
2088 390 691
1980 1349 954
591 1588 1110
996 160 1073
717 1430 1980
1164 1349 1646
825 804 720
154 1826 1615
404 1976 546
1830 971 1827
649 1683 1
1456 1878 843
704 604 1268
1942 648 742
675 733 1307
1694 1164 759
1857 451 642
175 896 224
383 1040 1391
1343 386 1459
1666 1278 365
548 1564 526
1610 317 493
2007 1943 338
1660 1327 449
1810 377 134
898 621 579
1776 2080 344
153 944 1954
618 528 1185
822 1858 1806
593 250 1780
199 991 96
867 1263 1587
432 276 1429
1220 1412 2109
1975 532 1795
351 1019 623
1873 595 1600
864 1912 221
500 872 1977
2020 1944 1370
1008 315 1697
593 1320 919
1223 62 572
2027 1785 684
1233 408 1257
1205 264 1365
1274 1275 418
2081 1984 838
812 596 1051
2155 44 948
261 1586 2153
233 439 357
379 607 966
547 1208 1185
1914 1396 178
401 2121 985
1491 1610 721
244 222 149
1326 1677 1387
214 1359 2097
838 1360 110
702 1309 1437
1236 511 690
1172 745 1022
373 1668 1337
334 1909 516
1900 1303 390
2042 424 1528
2046 1764 175
2175 1080 323
696 595 1477
1397 1312 215
2077 1690 1007
1563 1835 1535
1223 327 107
1962 1256 1013
692 1125 1252
1780 1843 290
1628 2145 458
1432 1707 1767
1775 743 148
2140 362 321
1082 1907 1968
2044 2 1199
1200 547 233
1924 2161 2013
612 1873 1197
1657 2143 37
2116 600 831
172 1164 674
236 1592 1726
875 1925 577
1571 1607 1687
276 1377 345
1670 1609 1499
1225 1705 804
369 1740 747
1646 294 135
1952 602 304
2073 697 554
1323 1801 1427
413 1760 929
580 1107 284
1618 1577 1755
392 73 1858
315 37 665
821 1140 1125
1176 522 2108
2066 715 560
1886 332 1480
891 1078 1675
1885 1830 794
1933 415 1400
1716 180 945
413 1245 48
300 897 1443
1436 177 1999
522 1094 1064
1243 2151 1166
651 1874 483
278 732 506
298 388 1994
1693 1185 561
1153 1943 2182
2056 213 1537
1087 1924 1706
2084 3 2191
852 582 485
308 1830 726
932 40 1235
1202 673 155
1670 316 1440
1303 2195 1601
1648 1582 808
1234 1360 150
1304 827 413
173 934 1710
417 235 591
2069 834 794
1224 1976 1849
147 1036 148
1735 1614 237
1295 1950 1003
2011 1199 1699
1948 1063 358
566 1125 985
1469 820 211
758 433 2252
1399 1988 361
256 676 646
1308 1632 2060
1106 500 1488
1495 1417 525
202 2084 582
1364 2009 1338
2198 673 1903
336 184 821
2003 1562 1562
1158 608 1852
1684 1002 1826
1745 509 1836
2271 369 988
1192 2106 1150
1120 1718 1396
1776 1382 34
1214 680 403
202 1612 2114
844 443 1210
807 281 2227
961 1832 303
462 2271 1582
155 2093 233
1590 562 78
581 1205 17
2256 2159 366
1854 1023 2063
1855 917 1815
1895 895 1062
538 1788 1557
1266 1430 1446
1629 785 308
2202 554 1793
2265 2296 1089
1083 289 533
1365 1182 2282
237 1248 1202
1175 25 2046
10 1448 1188
1537 1782 416
1033 142 1159
118 221 1155
1371 747 1547
493 960 1272
1963 1077 1811
2033 1613 1674
836 1849 740
24 1334 1279
112 123 849
2038 1007 34
1998 1266 1156
807 1625 968
812 1687 962
909 448 1913
24 1331 1398
1991 1944 1869
1685 1769 969
2099 873 847
553 586 669
290 889 281
1369 520 2256
968 954 1160
456 1564 1805
1589 1838 842
622 2150 1449
455 1352 1675
1306 352 2321
1173 1463 339
2126 103 2294
1771 520 734
2235 331 2236
378 1965 353
2246 1941 2317
723 693 1748
553 1667 237
2024 529 859
569 884 1264
1480 602 2202
1991 370 810
1696 2325 2256
914 2003 1491
2206 270 1313
1556 1561 1797
1724 1666 2154
0 1554 1874
962 1488 1042
1397 1373 791
1786 1437 1225
1980 1816 2035
1948 1959 2093
299 1434 455
1338 2224 1968
1683 2332 1319
388 934 1835
345 1226 2198
2232 1869 1000
1171 100 565
959 2084 1801
1616 1812 631
1582 943 1833
675 514 2288
1519 773 1556
819 132 545
340 651 385
2067 583 1327
2024 79 686
335 1362 1548
1197 2018 1707
1734 2207 242
745 2271 790
528 2192 199
1321 1347 1914
1802 953 1356
347 1451 186
157 1485 1979
1471 201 2292
2118 1859 2137
1281 204 650
1448 1413 2378
598 1879 27
1266 151 39
1081 714 1013
991 264 1525
419 1013 1753
1039 194 76
636 1221 115
944 1289 2376
413 409 1047
1411 2185 806
1987 1951 1253
668 724 1402
1120 2329 2306
76 1081 768
1764 449 2088
2126 1245 2396
1569 2270 612
29 1570 1525
49 1239 425
1426 1799 2084
383 1668 1945
1164 861 688
1516 2379 1134
1152 316 740
2294 219 1826
1068 1190 242
1671 940 248
2265 1111 737
1901 2055 2203
791 2009 774
160 2217 2192
1579 2203 1059
2358 270 1244
1734 1976 2184
1439 706 801
403 1822 2081
649 1816 844
1584 1933 141
282 2028 1370
1032 1092 807
1846 808 123
1787 1842 470
1834 1049 564
1986 1744 621
958 2393 1533
1637 520 2219
1300 218 957
211 2138 1571
1996 1581 1847
620 857 1156
2186 533 41
533 1662 562
28 1883 1357
1750 1292 1457
238 2359 628
306 971 1432
387 12 2236
2110 1063 420
23 1519 2079
1507 270 1320
1991 2318 1380
1486 894 1846
819 1273 884
1344 1261 1349
243 1827 214
405 1851 1822
2063 842 1868
1738 1149 670
1629 1745 755
2218 1827 1417
2299 2040 2413
491 299 1401
1150 1080 139
1 1459 1162
218 282 1266
2068 429 1967
1766 1557 2222
246 1350 109
1375 1724 1616
64 1884 2266
17 2117 744
2056 590 898
1355 1676 1450
880 162 1568
2187 1091 1988
1952 2294 133
1919 1434 533
1600 927 2340
1681 126 2234
1511 1112 620
1293 1986 673
685 57 1811
738 905 2128
892 757 305
2096 170 917
665 2335 24
218 2314 1615
47 783 1956
2204 435 1325
311 1444 1703
1324 925 1233
2252 2433 2126
1483 1741 1249
1215 833 2084
1794 2331 1033
45 1961 583
185 1629 959
1632 1165 1175
792 1642 2192
94 1267 1410
558 2041 1640
1906 2428 1611
1378 1824 2294
752 1898 1985
568 593 1406
2428 551 2126
2195 1078 250
1356 2108 949
2002 2473 1576
803 1362 1289
2306 147 2157
2416 1225 651
2315 787 717
1791 495 659
1475 638 1135
2273 532 1250
2171 2237 1721
1667 506 2212
820 1028 812
877 1163 2169
641 1220 1284
852 786 1929
2452 2501 9
2147 526 1218
1682 763 2421
1488 1719 1115
555 2427 40
293 638 422
1733 576 1158
141 1552 1799
613 1339 534
702 1606 396
680 1398 246
8 1299 1963
1871 1875 2377
2287 1042 151
617 831 118
2148 1363 1554
139 1070 674
2257 221 1651
1586 350 177
44 1403 2100
1943 524 1494
740 1958 1419
794 2226 2000
1539 1316 643
500 939 1960
383 406 1238
994 2438 712
670 26 2524
1472 697 1101
1226 1209 110
398 924 940
731 612 1954
37 2056 2277
1622 2203 993
107 1703 867
1943 2220 643
768 1538 984
2005 231 1793
2527 485 1819
949 663 2421
73 1453 1305
1288 1107 2476
1796 2231 649
558 1272 2020
2110 2369 1440
291 1847 41
380 1682 41
2336 529 250
961 1621 1469
197 700 1749
435 2116 2177
190 908 1115
871 2322 1173
1998 293 386
1378 595 172
120 1187 595
1970 898 1536
713 1942 2438
1571 638 263
119 2130 1168
1683 469 1141
1823 330 1744
28 2160 1925
2402 371 1778
203 906 1353
890 2205 1295
1763 544 1481
1516 1422 988
1840 1451 928
2334 459 1572
2312 1665 771
1230 277 1852
1206 1422 2034
1102 1892 2401
2040 335 2202
86 1363 72
1646 1483 1492
299 2291 349
1927 946 128
577 1505 1093
805 1658 357
801 1528 153
2318 1001 1274
140 2234 194
1118 2289 1182
929 999 1160
1671 675 1010
646 1690 1944
323 1495 1588
199 1647 1857
2393 1054 373
243 1838 2176
1150 2393 2588
2114 2591 780
2046 1580 1386
2420 2185 2266
1247 824 2010
2396 2420 1923
669 144 699
79 1494 664
147 1744 2307
1304 443 1428
2221 2271 577
1659 583 344
2386 2122 2317
1696 872 75
2309 1244 2050
125 2207 2350
92 1034 2051
2156 2120 1028
398 1882 548
368 2586 26
1976 821 1450
968 914 344
1051 1722 793
708 2016 439
1349 401 542
51 1008 72
353 1434 1648
1027 2467 925
1639 1925 407
1137 2090 2263
1880 2553 140
2040 1438 1783
2163 1988 204
673 2486 1782
2250 194 257
969 753 2106
415 2534 500
884 2297 1771
2055 1743 1578
1215 2534 755
541 1747 2326
189 1009 1143
2074 1833 889
1737 582 1902
2169 186 1447
1302 2127 1264
1741 2587 72
1334 1517 544
455 2327 2548
2553 2078 219
1010 1314 2152
1922 656 2480
1348 656 96
2341 520 1487
25 1138 1221
2240 1026 1692
631 1306 2598
1946 2005 721
1675 2492 2541
2327 150 1769
2188 2241 928
1930 2537 579
1405 62 1312
1090 675 1611
1399 327 2549
1583 1800 2230
1368 393 550
1274 1791 572
2310 1459 1319
2085 1207 759
2095 302 318
2174 639 991
887 1569 2330
2308 2330 1478
314 1708 2176
2446 336 1524
2405 1322 1107
145 2181 1417
2175 2498 1978
354 1167 2150
1693 2579 1650
1376 1132 608
1186 812 947
593 1643 1610
2077 93 191
1426 277 1027
2356 342 2551
1364 434 2350
2168 1918 2277
656 1011 2322
114 1236 1273
2412 596 443
981 1836 2039
201 467 2235
2100 942 1794
875 1313 1394
411 126 1168
729 210 1145
1622 1594 1752
723 2385 719
2123 2705 408
2284 423 861
469 1988 2637
1600 2103 1225
1286 2149 2208
2578 870 907
185 2468 774
399 1745 2010
2321 200 1958
2161 2311 2416
1806 168 1978
218 203 374
734 489 2236
1259 353 1279
266 945 1238
2497 2158 564
552 2477 2026
2019 1610 406
1756 1028 2025
772 1839 759
674 579 648
2346 1793 1118
1055 1512 2088
286 2631 2070
972 554 1698
1208 2236 983
1988 1145 220
731 2566 161
2384 1321 627
699 101 2250
447 2693 364
255 1665 2324
2055 2438 2325
324 905 126
1401 191 2714
1245 1137 2492
2736 1010 2608
103 1278 2184
390 1988 2613
282 1685 1019
1029 1596 1743
1276 2156 849
1182 2167 932
1445 518 2024
2091 642 1125
2733 1547 2010
111 508 1840
1063 512 1860
2424 148 1335
1282 2532 1548
1723 1341 2622
1479 653 620
1837 1531 1349
2346 2395 2202
307 1700 969
991 2334 30
627 1267 2161
1068 686 947
244 1190 440
973 992 407
818 788 549
2306 2490 2601
398 2334 1151
1877 2394 2036
1660 790 686
2699 2083 1546
1066 1100 1643
2735 1355 845
1814 2231 2408
1347 2591 482
248 2570 970
2297 2682 1467
733 1644 1394
2032 2694 1093
2461 1442 1440
955 385 682
1194 1009 2733
2245 1382 2212
633 2446 103
2655 1462 2703
2337 2664 1197
624 576 2662
414 2782 2196
2164 81 85
2624 2668 1127
2281 1536 49
1113 2406 822
1894 483 2017
505 1830 225
1004 2395 899
1258 2677 245
2236 551 1296
871 2042 333
321 976 2525
726 2354 2614
604 899 2238
900 1470 1990
2422 411 1611
445 2617 1824
817 2727 1933
2108 2490 405
865 2806 2448
914 2617 2215
1525 1162 2260
435 1630 2361
2740 926 2133
78 1601 1280
701 1026 2291
555 43 1017
1735 2010 1732
908 1919 1169
2254 525 1352
579 1542 1253
2301 1597 589
1241 2308 2028
362 2562 1214
2600 630 136
13 1185 1154
652 460 2783
1876 2814 323
1208 661 256
1256 2592 2188
614 2182 1474
2184 413 1000
2110 735 2303
388 128 2736
1686 407 2321
932 188 1254
1981 2807 1254
1551 1347 1882
199 633 2756
1889 429 644
977 2148 969
1286 1321 879
2544 821 1195
2297 1964 428
669 315 2063
1134 23 2070
784 1999 2379
122 2462 2537
106 1318 1503
518 2555 2776
1458 1050 2680
300 739 1186
2356 1841 375
1770 307 267
322 2345 2224
725 2844 2433
1453 2604 2706
1960 168 2045
2741 712 1923
1997 2673 2421
2824 1463 935
390 847 1422
2412 2449 1303
969 2481 2587
1742 2576 1394
1014 2418 403
311 1456 549
1768 204 1885
1759 1317 819
517 1322 2423
978 1996 138
2067 701 2326
1138 2550 868
1485 970 1022
1875 1807 2591
452 2163 31
2760 1998 762
1960 852 67
2361 155 2825
2452 1311 2180
2158 1763 1931
1241 569 2815
338 148 902
1321 2170 1516
1100 1136 1559
1163 1162 2253
224 393 2073
560 2775 2760
1000 66 2535
1596 960 1780
1706 2417 1650
733 233 818
876 814 1650
2771 347 351
2649 2205 319
793 1412 1094
329 1861 804
2085 1443 760
2075 2162 372
1680 2457 2788
1668 2418 67
1817 2656 2211
1335 896 1595
170 19 2065
1397 2785 2591
1629 2263 972
1205 1954 383
2486 906 1238
773 407 496
268 1485 95
2136 371 1533
1452 903 1729
848 2741 942
1185 241 1487
1786 2270 692
2576 2472 1092
1390 453 2483
1237 6 1103
1165 2891 2914
405 763 627
302 242 227
924 1717 1200
953 220 214
1182 925 948
441 2790 1476
1354 2402 411
918 2851 1319
2512 740 2829
1597 1002 2577
1057 2669 543
1672 2750 420
2742 494 1566
1801 459 244
2519 1544 1539
2150 1593 2067
970 398 2441
1283 1734 2831
297 918 894
1597 2243 2030
2439 1053 2038
2365 1385 261
2144 427 561
1576 1249 2840
2298 1122 246
335 1627 2528
1285 2041 741
2898 2250 2268
381 2274 596
1490 191 1217
2700 969 2749
632 2009 2631
1000 2566 1408
1412 308 2538
237 2274 1007
2293 1982 1381
859 2037 1162
243 1590 1844
265 1186 2032
2068 438 277
2585 811 1344
702 885 2119
595 2586 325
15 1710 1491
2125 2179 911
2461 2034 1986
1372 847 1175
984 351 1460
2778 712 556
1596 1171 675
2256 2855 2485
291 1093 2150
751 417 2855
1064 407 1883
1137 1970 2453
2618 2080 2378
2516 390 513
96 895 2156
1536 457 2631
1103 1451 1377
690 2690 1311
663 1750 1624
388 1031 356
2155 1250 2425
1412 1787 2467
2551 1123 1373
1843 2517 2755
2704 2410 1377
2649 1503 2933
1990 1335 529
718 1682 294
2422 322 1841
1592 666 1298
1286 1942 2583
481 2279 2959
170 1027 1874
1113 694 720
190 183 1649
279 2385 208
1739 2755 2123
1181 2264 967
1179 1706 802
814 2732 1411
733 2371 1832
1676 133 2844
1095 2218 917
561 1782 1494
1407 2443 1106
1487 144 1046
16 2476 1195
298 573 2650
2027 135 334
420 956 684
1222 1143 1790
1868 1716 2153
820 2172 2215
1945 1528 1130
758 101 2945
2917 1363 378
2416 752 1513
2799 340 2352
2420 2401 2780
1159 1629 1795
1309 2979 2670
1925 1723 2132
1349 1464 2657
2369 1204 164
787 755 1565
129 1186 1367
2614 2232 2696
2382 2743 796
13 1713 427
2426 865 883
1923 1780 1682
2347 1844 2187
1446 587 2962
2699 1391 2104
1523 726 1201
2199 1558 2332
1689 2112 2523
145 706 1808
1697 303 107
1799 2638 428
1676 2851 626
587 701 2093
2353 2939 195
1560 414 1998
2367 1008 609
113 111 2303
2918 662 1982
978 1449 1483
1087 1731 2397
2920 2085 2767
602 508 2765
1024 3034 1969
3032 1070 1554
1009 785 2811
1889 607 1183
2302 1100 2063
2507 2819 429
435 1899 1585
2140 2281 435
1028 2703 1713
1692 2071 130
1225 188 2355
798 1153 500
1685 2270 1207
197 2185 2641
1705 1399 309
1077 1850 2675
1700 110 125
2603 2337 2280
908 706 1888
2711 2128 2688
1817 402 1854
170 652 2512
1437 420 351
87 767 1382
1822 434 85
1357 2905 2353
2152 2436 2942
2355 2395 836
424 1783 144
2597 1020 1868
317 2102 181
2531 933 904
2940 489 2494
452 1264 34
170 1486 2449
524 2676 1953
257 634 1145
1494 297 2989
2154 281 2556
1808 1373 2413
1970 1030 3037
2150 1053 2359
2262 393 1243
711 2287 1787
2835 762 1684
1798 1098 673
711 142 174
2266 2646 3086
2501 907 166
627 2887 872
1480 1799 407
2679 174 922
133 1672 1947
1894 782 197
2474 2462 1568
670 2811 1103
1468 2300 2627
1921 597 694
1933 1632 1198
2550 1309 1500
2299 3103 221
2460 175 954
1943 1306 1836
57 2751 541
15 1862 464
256 1854 620
2325 1856 1213
174 640 2904
1679 518 1932
353 526 2563
1113 3000 1474
2105 1383 2931
2775 2390 152
1107 2092 1945
2749 1960 2827
614 2050 998
1414 855 1185
595 772 440
1150 1374 1143
1976 1758 1633
1682 214 1757
2271 1878 542
893 886 3023
2836 2106 635
1565 2063 1865
2304 2796 3032
2448 602 1252
2791 1467 1766
1947 2227 1335
1378 2455 3101
340 1501 2104
2645 347 1045
1609 122 919
2675 2265 690
1944 1588 1703
1675 463 2610
2906 2430 1685
2817 1418 1871
954 1750 156
1000 495 2553
1706 2198 2501
1368 1859 8
1512 789 2572
251 2794 1336
1917 1484 2784
1934 2829 319
320 669 2933
174 1968 2997
2020 1813 2735
1647 1233 2762
1844 863 95
2125 2626 2068
1222 1345 778
938 628 3006
734 1384 475
1509 2734 2087
986 1981 120
2436 2638 2468
2031 1283 505
1527 1597 48
1348 1177 2183
2717 2065 2345
2374 723 79
2111 438 2794
1901 2615 1626
2632 2106 3093
2900 2292 1667
184 964 999
2362 2060 286
629 3094 1729
455 1444 2805
158 2945 2323
934 586 1165
3054 1598 276
1025 274 1162
1425 1781 1934
2991 2855 2962
2397 2900 2097
987 2111 1544
845 2609 1018
2495 1740 796
703 523 727
2910 1819 392
1599 1084 1182
1143 327 1941
927 3133 2621
2620 2067 166
2614 2180 24
825 2640 321
3113 2907 2937
3068 1561 426
137 2681 575
2807 27 2315
1262 815 2541
2189 2573 1651
266 1533 1247
2667 3164 2040
2060 1944 2452
2989 2282 1711
1434 296 3149
1524 285 461
2046 107 847
345 702 1472
2039 1523 220
1423 2292 2840
2171 2305 1410
676 1541 2562
1519 625 917
2005 2044 1635
1638 3205 1337
1826 2716 2313
298 2193 2639
162 2801 1854
2066 2372 540
3166 2987 703
802 889 3003
2410 2702 1336
1003 549 1672
1950 2775 223
1644 1723 2172
1587 1545 2725
2675 983 493
1262 2943 390
2643 862 2765
3061 2993 698
777 354 3070
2807 3072 3012
1521 2917 603
1615 552 1004
2768 2205 612
1028 1744 3056
366 1121 2447
3128 2341 2385
482 2640 3174
2 1533 302
2393 2003 66
2026 999 2458
1057 2858 1028
3103 2355 470
3083 151 2740
2068 2295 2579
1167 1066 1715
1428 1377 784
2778 1411 2293
452 3244 2246
3189 781 2847
1919 2246 3079
86 411 881
701 260 413
2413 201 27
3211 884 1174
249 2688 8
2876 443 2484
1594 2728 866
3128 2979 2356
2985 394 2342
1246 138 1360
3014 1662 3113
3026 2080 651
3031 508 2164
1633 1747 3112
129 3091 2452
1684 1526 657
2145 2255 3137
1421 2529 2460
1393 938 945
1323 277 307
2454 2186 2640
1718 2686 282
1815 1107 182
1660 3259 366
1282 766 2051
2623 339 2553
2797 1527 2546
2838 3206 2364
576 157 2219
1655 221 49
2957 2574 989
1934 1331 1310
1595 2816 1402
2731 2312 2399
2873 2594 1984
2822 1255 2171
1805 2452 3076
777 1211 2650
2341 127 2065
1627 2922 3226
732 1623 2272
582 2089 2939
1440 2952 1166
436 1299 3296
2631 2552 2002
1541 3155 380
976 1695 964
2634 1544 402
940 1381 353
1688 2788 1221
2715 2625 2583
1275 3306 2625
3168 129 466
1265 2364 970
1766 2663 3165
230 1882 2593
2660 2312 633
3162 3210 495
1505 1582 1549
632 700 1118
651 2575 2914
397 2687 2821
1261 1040 329
2795 2468 639
2799 1114 2399
1726 1670 775
2112 2789 365
2051 2675 865
133 501 111
865 2610 2080
2632 844 2122
142 2965 2639
2909 704 1423
1388 942 1975
546 1526 212
15 2846 1051
20 2347 265
478 1111 240
2770 394 2816
1476 2987 82
1507 1939 1699
599 2578 1741
1713 1414 3271
2983 2107 998
537 2145 314
931 239 1416
1746 1327 943
2973 2042 1540
330 1862 374
2804 2074 1832
1428 2385 2976
3291 2238 3190
1272 2076 1873
505 3307 1189
192 222 2012
2590 2089 2794
182 2217 2367
2611 2591 1223
1214 3321 60
1569 487 832
2869 562 1594
1121 1094 3056
2582 2797 1292
3168 3302 1571
5 2976 3204
3242 3157 545
2311 278 44
2213 1893 2850
1274 1270 1518
709 2723 1145
660 2075 487
1579 3049 2626
1128 2921 3207
1781 869 1686
775 894 2829
1768 3061 2836
1217 89 2337
506 3313 2395
1815 1361 894
719 1509 221
141 65 3306
1417 503 1004
3236 2930 3327
349 726 664
2864 1995 1989
300 947 1863
3343 1864 1104
2451 3000 3287
182 2222 1405
2507 2005 3118
2585 1322 2772
2367 719 2536
32 2383 7
376 2390 472
1093 2337 2940
20 3244 564
1667 145 2228
1163 122 640
1409 916 1807
1681 2182 1312
1071 638 3043
3014 2920 300
1618 669 485
1970 3287 853
230 1324 3342
2680 691 1321
1374 751 1931
2329 840 1021
3155 1746 785
900 1183 1435
1022 2963 820
794 3228 1882
2127 2799 1705
2640 454 1607
3091 1536 1963
1770 607 1822
1953 455 342
2301 478 1232
87 672 2832
2142 183 3072
3041 216 2813
327 714 3002
2584 536 1120
1038 486 2711
161 2165 2049
3393 2125 801
524 2184 1269
2449 1056 2174
2671 1204 2982
1501 2793 1691
2283 3210 263
2670 2866 3021
2982 2488 2495
2578 1602 2028
3280 1313 1824
669 1791 2967
1813 1976 879
1998 871 1731
1345 1377 2023
656 2314 1849
1783 2556 2810
2943 375 2246
2779 432 1626
1457 2324 2860
90 2392 1484
155 1335 2446
2673 2604 530
944 921 983
3082 266 938
1921 169 2399
2937 1242 211
232 631 1857
3158 750 2386
503 943 2904
1447 940 2310
2130 1317 1925
1217 676 2067
452 767 1095
2214 3123 2231
2543 3207 2010
1797 2219 1080
2592 3246 1507
313 933 997
1143 1035 2253
185 1871 1176
1222 1771 2978
836 3298 1733
982 2060 2271
3168 295 1626
308 1205 778
2042 734 2043
7 1441 732
2495 1105 1877
1007 1888 2013
762 701 1522
3077 49 1463
1281 264 566
1933 1157 472
1722 2209 3023
924 2292 3161
2074 233 2370
542 1763 817
2312 3338 85
1190 82 35
926 213 1108
2397 349 2011
1479 396 1073
1469 2957 1473
577 821 3103
935 3110 2464
1373 79 885
2884 1508 3267
264 3019 3114
1933 698 1723
1078 2543 1342
175 1570 2618
1903 3371 2997
859 1279 2665
1060 2078 1232
1343 2969 551
288 1630 577
1964 2368 3471
3167 1045 2770
2683 2856 967
3398 662 1177
1194 869 1811
1691 475 2223
3070 2278 1627
1635 1377 317
330 1859 914
1394 2209 246
3028 2339 2603
2224 1448 1618
994 2090 2765
977 2090 1513
1390 3115 3408
299 3020 2003
2783 288 2560
2031 591 2369
1451 790 2647
1839 3300 3060
1654 1781 3414
1802 654 2181
434 2007 132
54 2117 806
3089 1132 2263
1984 881 3231
251 385 2663
2730 129 2114
3198 99 2267
1478 2472 1957
960 2402 2734
117 1883 1529
2298 1576 531
978 839 3307
329 1896 2751
1457 2704 920
3395 1087 82
354 1014 2287
2584 1878 2864
3363 1923 2741
3232 2976 1920
1522 3237 2969
1362 1786 1427
1375 2800 2845
1876 2327 2702
402 692 1185
854 652 1956
1123 1526 2735
1059 3200 1377
2825 1215 2622
1539 2551 3015
734 2631 525
3177 114 2470
393 2594 1598
1392 2350 1783
1576 1359 426
3372 116 1920
3367 534 2178
487 994 1178
1867 2237 1368
589 429 552
3109 1346 2266
1919 2904 1749
2252 2261 1416
2112 2345 3185
1891 3123 1579
112 3256 1032
76 3103 1216
945 601 1622
2889 681 1434
1658 1168 40
3448 2494 3546
3457 487 3406
408 1459 2404
2418 1610 3017
3451 244 480
3071 1965 218
1623 1955 308
457 2839 1935
627 1632 1311
2730 2189 1171
798 1646 1118
1687 1104 1735
1283 534 2706
69 3244 819
216 2295 742
1965 2667 463
1897 2335 2496
546 2736 1250
1130 413 1889
3523 1888 43
2083 697 1025
680 2006 693
243 2052 1926
3225 1110 1531
3041 1895 3046
546 1711 2651
1353 3549 1092
1187 956 2488
147 3367 795
147 1814 2954
371 953 2110
3584 1150 647
2282 2053 2020
1186 1116 1233
1365 1362 3025
2331 905 2987
2044 2231 1645
889 1951 2148
1557 2894 710
238 2246 659
1768 195 996
864 443 2446
495 3376 1661
236 3079 2697
78 3562 2856
3273 3136 108
2214 3375 782
1944 79 185
2225 1001 1433
568 1819 1294
1580 1581 682
3284 3088 796
645 2954 1222
174 245 2127
1879 3617 2078
681 1490 2956
3335 987 1230
1691 748 747
2452 1701 2368
634 1992 3404
2432 3072 2548
2348 3104 2580
37 1759 416
1911 1757 3355
1502 1213 2328
2199 2194 2606
70 458 820
1981 3022 651
209 1835 1479
199 170 3414
2362 2508 2579
1133 35 331
792 2204 619
2537 842 955
422 2826 3372
552 2918 2773
1097 1270 445
1105 235 1784
3472 2691 2924
1731 2983 2207
1047 1861 1199
357 2607 2312
616 1832 2894
3070 3580 1942
1163 2427 3094
3296 3237 819
2529 2863 3179
3603 771 239
875 1986 768
3324 2600 1172
471 3037 1931
254 1511 1737
767 2230 1684
2930 3428 1535
1046 1852 1810
14 706 1404
50 1535 1146
1573 2844 3247
1396 1847 2175
2985 1862 2409
63 1203 2435
1986 1034 2443
2508 838 962
1781 3393 2176
354 1572 1241
2511 3509 2737
1651 3419 3082
3327 1102 486
1179 2568 2889
974 2440 395
200 3322 2056
1825 1658 1020
183 294 1947
960 154 1935
3161 147 1630
3309 2261 137
3627 760 740
1975 515 2312
2258 1343 3460
394 2522 2743
317 1256 2261
2549 2951 3065
618 539 536
1182 1723 3190
277 93 2342
3459 750 2381
206 587 2554
2708 153 2674
3302 2352 1888
2994 3027 1178
2277 2288 412
935 2747 3436
1421 1853 2731
3209 3331 2528
2165 2505 3154
921 712 2953
1958 120 828
3000 159 3679
2639 2011 1107
1870 2692 3397
117 1576 1077
2467 3075 928
194 83 2110
2127 3467 2842
3115 2104 806
2789 2136 1618
188 1095 3543
897 508 3382
2853 2626 734
3472 3388 1088
2146 1084 3037
3510 2495 65
3369 255 2920
2166 3348 3223
3057 807 1066
1442 1174 1029
2960 3540 1569
3299 3027 1290
2252 3475 2185
2616 2481 1324
2564 2881 2933
1894 1297 218
2499 2471 3504
787 3716 1483
707 3295 1271
1075 2075 422
2067 2945 1505
2573 2768 71
2568 1191 2063
3478 1864 845
2156 3105 3687
1788 2746 2974
2555 1400 1178
1878 3674 1558
99 1089 2899
2491 669 2067
521 490 1752
2627 1834 2407
453 709 2054
2083 1889 637
918 2964 540
825 3183 1627
1588 3302 735
1048 3594 1231
2543 1609 2697
254 732 3404
2713 102 3254
3572 2212 54
584 855 2160
3669 2721 1914
2378 729 3179
2123 1270 931
2024 3732 2529
2252 3059 2648
1671 1389 1271
2313 1320 752
2049 3040 1759
572 139 426
795 1432 1412
2075 2993 1745
747 165 1860
3606 3764 3195
3402 1934 3195
333 3340 293
2086 2481 2779
1385 391 345
2386 2318 1933
36 418 89
3192 179 3742
2445 2632 3528
1035 2142 354
895 2190 3429
1023 570 1988
1057 1578 128
3173 3578 2910
2812 3351 363
992 3151 3329
2566 641 3216
3625 1310 3572
621 2440 857
3324 2879 3423
3547 2417 2135
2368 970 3077
1654 942 819
1314 1381 3632
2985 560 3355
3681 2143 993
1779 533 2808
3041 245 8
3511 2581 2747
1896 2038 2726
576 1663 3597
2854 970 1958
938 2643 1725
1127 1062 2658
1354 2152 1306
3570 2157 1554
1415 2764 3277
2485 225 2160
2426 1914 2802
3675 1804 3642
732 1911 634
2172 3571 2771
2185 910 782
3657 382 625
458 203 2432
1023 2185 129
1555 2954 304
1593 1469 3318
1488 1627 2582
2664 2443 3667
2010 161 494
3641 1708 2403
3649 3818 222
1369 2695 1321
760 1532 1714
522 1312 3447
2670 401 401
1400 3045 1122
545 1842 2842
3492 2744 3804
71 3403 2548
3389 2183 581
3260 648 3449
1562 1614 3089
404 1101 135
1696 920 183
348 2409 3478
949 1697 1310
3311 1257 2713
1622 2008 341
2788 3498 3271
406 2092 1734
3286 1511 3685
1615 1831 1620
429 2643 2020
2975 3022 2943
2582 2600 1712
321 3788 2374
2523 2459 2373
630 3810 1397
470 1483 1301
3846 3173 2365
2760 3009 756
1524 322 1143
2460 2250 926
1252 596 2903
2069 458 914
285 2173 3103
2278 1136 2496
2075 3057 1092
2185 1265 2403
200 1520 1220
1556 2709 3337
3126 1633 1770
3644 2157 5
310 3097 1313
219 1951 979
3533 2835 606
2502 3726 152
3221 1960 1983
2961 1373 3861
3228 3789 2691
3080 770 1332
358 1155 2418
2142 694 1204
894 473 2678
3355 2959 1169
2889 1448 2151
1782 929 3825
2452 2833 3782
2439 2959 3261
2158 191 1614
1873 3451 741
931 303 107
2160 1912 1312
2647 2993 815
59 860 3772
998 1322 3465
854 1655 3155
1228 2342 1134
1388 3257 2868
1456 2092 1533
2961 1590 1512
708 113 2423
3158 499 1301
1853 929 3675
3007 2565 797
1503 1090 2678
1610 935 66
2326 1376 2357
3828 268 2908
2342 242 3876
2657 319 2407
3260 2736 1711
1603 1163 3891
671 1688 2670
2249 2045 1641
2356 3658 2482
3636 999 1107
1850 330 2201
2659 1000 2420
3642 3679 1547
1363 2014 584
1957 608 2586
3019 115 3392
114 2208 618
1229 2408 287
2568 988 3118
422 1134 42
2740 3734 2645
481 3789 3821
3524 1708 725
3889 3311 286
2134 2165 3671
130 2646 1665
1470 61 3617
3770 753 3096
3771 2612 2038
3902 2435 1145
1669 596 1827
1994 3792 684
3782 3309 2073
1906 600 1725
447 2145 2783
1586 2406 1772
1673 3802 3180
3042 3407 3357
3037 788 1498
2430 178 1449
231 562 49
894 772 267
431 275 1920
1919 2668 2159
3564 44 3118
1282 3009 2364
3857 3476 1526
2239 2957 2770
3487 3596 2412
3817 1990 2716
1152 968 3427
1316 418 3084
806 1824 1080
1496 2353 2689
1762 3598 598
697 3557 1704
3071 1923 508
3878 1540 3390
3750 2646 3082
738 3276 3921
1799 1258 1160
3665 1426 3157
3911 2734 2958
2817 2547 112
3698 3953 229
1741 1947 1188
2302 3677 1403
2393 2937 3136
1594 3340 3797
1921 2636 182
345 2740 710
3390 1584 1743
521 2156 1227
3844 3709 3501
3726 2936 1130
879 3936 925
3085 1636 2186
1133 2912 1143
3073 3213 73
672 2819 3694
320 446 682
2853 248 307
3731 466 3029
1551 2061 3274
1528 3224 867
897 1889 3469
2694 2965 726
3586 2146 1935
690 61 975
1257 2368 3089
2094 3331 3754
769 870 2097
2795 3253 617
3056 2079 1932
1596 2119 1723
390 2699 1881
2551 3965 1268
3880 3109 2036
313 3184 403
3702 644 2163
1153 824 651
1365 2770 1767
238 3922 3534
1265 112 250
2276 3993 3755
1745 2008 1472
414 792 737
3249 3291 2762
646 3803 868
2484 1818 1695
696 3296 1909
2840 1075 3553
1694 2664 1552
2075 2629 2047
412 3467 579
897 1173 2861
1454 764 512
597 1225 7
1768 2081 1501
676 1319 3545
1397 1967 2228
2274 1172 2971
747 2940 1596
964 3109 2628
1109 3692 253
3321 1869 353
1234 3322 2915
844 1466 3447
2682 1804 3442
410 1596 1923
246 61 3251
3236 1716 3900
1351 3669 2152
782 3645 2748
73 3387 2992
979 1962 113
3925 2812 4005
2140 1661 2098
3314 1195 3894
261 3409 341
4035 1157 3871
2107 1548 2588
3083 2117 2488
2631 527 3389
3857 2956 1421
2673 1573 3509
3207 1199 2448
1300 2170 3979
3632 417 75
567 2480 172
601 2664 2040
1021 200 2721
3039 1830 1911
3150 2740 1426
801 3931 3399
991 400 854
1161 3011 607
2683 1581 1188
1076 2908 356
47 2236 3081
2816 3897 2825
3715 2797 3363
1701 3996 629
428 876 2823
4013 3479 230
3150 38 839
743 458 1637
1953 3608 2649
2655 323 644
1941 673 1572
1522 1648 3326
1846 1482 2021
2646 2362 1587
175 3696 7
3800 492 205
3590 3828 1948
125 1680 3668
962 1075 400
802 3784 2442
2178 2243 3341
2928 3526 2590
1225 2427 2429
180 3658 2076
