4287
0 0 0
0 1 0
2 0 1
2 0 2
3 3 2
1 5 1
0 1 4
7 4 5
0 5 5
0 7 0
7 1 3
8 11 9
6 6 0
4 7 11
12 14 13
15 4 11
0 13 5
3 14 1
13 7 5
2 5 14
20 7 11
16 18 19
20 2 5
18 5 11
3 24 16
16 21 9
18 2 4
21 13 23
8 6 15
18 24 25
18 24 28
6 24 18
25 19 16
18 26 29
34 12 5
17 28 22
29 26 0
14 19 18
12 1 8
31 22 3
18 27 37
10 28 36
8 14 27
42 5 18
5 19 25
22 21 18
7 35 4
21 26 19
37 15 12
21 10 15
1 40 30
11 14 46
24 2 39
43 37 36
45 42 2
42 15 15
38 10 16
10 49 19
2 39 32
26 27 58
1 15 41
50 49 38
52 37 38
26 11 61
61 48 39
8 11 2
1 56 7
42 22 41
55 51 25
30 39 53
57 56 68
55 5 4
9 3 45
6 54 26
61 23 44
24 3 59
17 63 42
0 22 9
52 44 8
9 64 44
10 74 12
67 29 42
30 49 75
69 22 80
6 29 6
41 7 85
71 61 67
59 27 31
22 52 40
42 41 46
74 29 48
75 62 61
10 86 61
13 24 75
51 75 69
15 88 37
43 27 1
20 81 29
57 55 42
43 53 87
3 100 58
10 76 68
42 102 55
62 80 95
37 86 8
17 41 64
53 106 45
20 94 92
65 17 47
100 79 39
60 36 63
5 12 4
75 42 89
3 92 16
39 52 112
0 43 68
28 108 36
10 78 85
111 37 41
40 101 30
87 116 98
102 83 93
6 10 76
39 41 75
61 74 82
87 64 40
25 117 109
76 43 63
71 57 66
34 2 124
60 33 58
23 22 13
88 113 11
84 18 123
62 6 43
51 76 36
131 110 11
67 125 9
5 26 52
114 62 126
35 31 86
81 15 24
17 89 107
85 58 93
141 82 12
10 118 108
85 74 37
105 97 111
101 19 30
4 91 63
89 111 52
126 36 12
106 13 45
92 6 98
143 37 47
26 10 16
80 67 37
67 140 154
134 36 84
56 145 110
20 106 143
95 7 97
136 5 50
132 102 108
49 108 29
147 156 102
97 61 66
140 143 85
13 69 139
98 127 48
8 164 71
48 110 42
142 15 105
136 24 119
91 103 7
77 3 102
47 56 116
53 123 86
72 153 157
86 147 101
10 82 128
125 31 45
26 117 99
16 24 25
22 74 69
83 14 159
93 78 79
61 28 132
113 41 133
186 2 174
171 63 33
186 72 43
119 176 148
22 124 18
1 97 151
5 117 65
170 78 21
10 107 67
36 56 5
25 36 187
167 164 12
147 40 37
8 200 30
57 137 63
42 58 151
201 120 53
137 27 127
95 31 198
101 79 88
85 62 196
141 153 86
130 78 17
5 50 112
25 192 140
200 213 121
47 131 144
191 34 4
84 72 32
208 192 82
102 138 149
73 201 175
167 197 159
160 144 105
177 179 0
192 137 26
202 124 23
5 96 170
95 86 24
38 13 62
97 201 129
42 185 86
138 220 68
32 102 192
150 183 69
55 84 190
195 116 63
88 17 40
101 115 26
204 177 90
107 192 238
0 32 13
226 8 232
191 192 235
104 233 142
139 148 10
173 35 57
165 224 24
93 126 211
216 213 21
189 184 102
203 150 105
9 209 43
213 109 41
251 229 222
34 226 246
248 193 19
138 56 28
89 182 48
43 243 157
20 13 202
94 105 155
181 91 212
51 67 224
17 119 23
183 159 33
145 249 257
136 29 133
124 123 11
12 96 95
5 49 29
133 189 129
114 11 95
223 140 41
51 54 89
242 239 195
262 35 148
97 95 65
74 50 32
232 122 176
93 272 271
72 120 81
218 243 102
49 248 251
278 187 188
236 91 193
246 57 64
262 236 193
29 237 104
82 198 27
177 288 70
56 139 163
43 222 238
270 208 81
183 129 256
57 60 222
262 130 130
218 103 59
163 42 280
150 269 298
235 81 31
249 258 69
50 115 54
251 60 172
61 267 190
13 56 154
7 100 218
117 62 282
97 23 165
121 66 256
214 201 201
168 200 238
50 208 241
292 307 279
260 70 99
248 284 293
12 313 131
123 34 230
204 104 131
295 28 80
265 2 102
52 142 90
321 258 114
76 301 180
190 213 251
119 158 91
100 95 61
99 236 182
93 23 291
125 182 100
309 49 1
255 284 176
70 64 122
19 230 20
42 239 116
256 109 80
267 315 283
160 309 12
245 67 84
212 18 14
95 237 94
145 58 249
163 85 154
40 138 269
331 257 34
313 308 248
125 281 334
57 201 250
190 271 94
340 173 103
4 268 129
16 53 245
6 160 123
337 264 167
83 106 256
343 237 66
89 194 236
230 120 323
114 50 243
76 173 71
170 266 348
100 64 315
71 151 245
287 265 38
24 139 58
67 9 225
92 320 256
286 230 60
264 99 353
329 112 144
186 319 206
239 166 109
180 294 317
91 130 21
31 263 262
246 348 153
313 178 323
123 200 213
68 324 212
335 374 266
272 285 115
81 75 89
354 240 350
116 180 115
106 375 286
319 134 80
88 298 133
50 186 174
282 133 230
368 39 162
34 300 93
249 142 261
358 31 159
101 60 217
383 284 264
139 97 296
384 253 136
156 12 44
73 43 33
19 196 204
107 209 284
51 223 296
210 200 191
395 154 198
346 36 302
373 186 77
199 193 117
29 216 247
340 110 188
290 38 165
310 295 296
338 167 377
101 304 73
374 296 64
357 98 230
25 354 248
381 159 310
236 173 196
272 50 192
362 355 240
384 181 352
74 95 169
113 72 410
158 188 402
52 292 262
201 421 9
30 246 348
39 66 67
204 154 190
233 190 303
295 219 324
45 124 174
188 356 189
365 338 117
368 110 247
73 413 416
1 353 167
118 338 344
145 155 328
191 183 163
45 67 411
345 227 220
198 405 276
83 208 264
270 200 305
76 214 1
336 399 216
301 289 228
175 369 310
304 290 356
249 407 102
11 161 251
93 0 293
447 193 240
113 44 313
60 431 0
268 3 328
149 329 186
156 54 25
217 97 422
118 450 422
262 65 359
337 441 440
202 244 379
347 107 189
60 97 295
64 179 32
180 133 245
405 169 58
98 127 71
111 253 348
51 275 394
111 25 367
5 135 48
130 144 242
253 73 442
220 4 336
382 309 472
33 424 317
318 15 307
369 164 399
455 21 295
300 99 281
164 234 456
20 296 195
181 198 208
441 419 293
295 301 388
288 336 184
86 416 304
406 186 316
284 199 353
127 221 344
392 436 226
191 264 463
73 56 390
439 237 312
390 444 480
127 117 83
53 428 292
390 249 34
203 358 456
42 425 99
223 337 221
490 157 164
241 414 398
19 365 432
59 450 308
172 453 13
65 327 19
221 34 440
77 336 478
286 316 55
444 308 77
195 102 195
303 46 193
54 348 412
404 42 176
109 175 76
68 158 35
6 452 180
28 94 187
484 425 238
73 146 90
72 145 282
14 101 473
44 13 363
109 439 368
122 311 263
143 137 251
116 338 362
119 434 236
121 521 238
0 215 446
186 182 461
413 431 238
322 172 281
426 487 131
480 424 213
28 172 440
48 59 269
274 407 231
175 195 478
325 262 9
426 410 329
104 413 171
538 74 279
71 465 209
261 495 445
451 155 390
393 400 238
374 185 48
492 504 399
23 104 38
422 418 200
481 286 19
279 16 504
490 220 460
188 261 456
167 209 327
104 57 365
219 470 117
56 390 233
43 423 228
88 521 439
132 185 427
456 40 66
84 456 201
199 147 193
394 24 344
141 484 563
343 7 454
324 38 191
250 205 440
96 431 466
297 381 202
160 231 153
486 376 150
373 367 88
97 199 387
85 209 93
11 315 392
114 299 151
55 125 57
2 197 81
181 281 216
467 356 552
540 258 126
122 543 254
209 551 39
3 496 286
220 321 311
149 167 483
399 250 519
592 6 147
544 287 301
575 481 71
3 586 11
158 280 325
128 552 174
53 266 531
519 83 484
75 528 505
93 369 280
73 322 402
262 41 411
594 307 239
126 409 57
560 40 264
410 111 69
224 223 192
403 272 37
0 317 508
283 295 259
386 384 528
255 415 80
66 74 442
601 475 326
405 23 233
527 19 365
41 3 325
51 549 14
390 458 232
145 174 491
411 9 140
447 321 345
549 461 110
311 253 420
186 539 325
264 305 385
512 497 87
630 349 426
505 453 329
558 487 364
559 452 375
6 548 545
179 616 364
409 520 546
235 272 252
97 42 391
174 226 148
169 203 223
605 164 589
142 52 400
401 556 510
209 233 37
238 501 55
418 431 264
496 347 96
522 303 513
431 407 269
131 295 540
159 450 4
26 364 435
621 643 645
318 608 252
329 77 398
572 169 294
237 561 445
544 54 201
542 572 388
540 115 282
661 112 137
444 73 353
267 472 178
22 390 8
45 288 113
351 425 658
623 335 586
549 140 69
640 375 561
544 562 365
560 552 342
402 0 367
260 517 658
540 71 99
11 121 561
665 415 2
652 673 448
627 461 103
110 415 541
647 283 415
285 597 120
421 224 72
300 335 678
470 563 390
630 82 174
538 135 222
266 43 22
6 185 31
497 35 441
401 237 558
667 189 46
583 508 360
284 219 354
143 638 341
688 514 40
381 672 526
48 603 597
370 526 34
620 292 362
316 404 160
687 431 65
580 467 521
118 400 690
392 297 5
492 604 540
355 589 355
388 283 382
443 321 541
27 144 574
544 388 244
424 408 674
469 680 149
77 3 626
141 234 182
334 272 415
441 324 174
217 543 263
266 397 210
124 347 551
569 205 613
407 160 427
694 542 182
34 647 410
515 453 179
602 578 327
332 44 221
664 114 485
318 621 359
401 175 306
474 725 443
240 86 418
135 474 557
521 690 67
27 542 236
104 211 356
531 24 525
451 632 669
525 495 595
727 297 460
88 652 705
115 606 265
549 651 443
213 268 708
653 510 31
431 304 714
10 194 328
690 396 482
252 460 166
360 603 337
531 80 82
373 561 204
567 704 509
467 51 660
206 746 622
37 616 62
206 255 75
632 200 135
418 516 580
341 260 200
277 619 583
90 84 342
31 622 710
662 425 750
381 716 201
478 161 358
738 336 384
241 478 726
419 736 677
1 349 391
103 666 289
175 273 325
654 330 342
767 746 230
56 217 499
485 249 79
428 714 366
333 616 385
276 424 667
207 707 557
250 57 66
461 542 608
16 577 421
609 745 355
557 712 180
351 300 523
176 483 112
330 433 544
760 371 724
644 744 66
319 763 156
54 223 210
85 279 273
170 593 527
29 647 516
445 80 194
209 547 434
193 618 562
25 499 721
771 515 585
468 314 542
464 119 413
533 455 704
135 624 240
222 406 336
655 54 218
64 713 497
449 661 761
687 397 444
476 240 577
79 548 667
688 561 483
484 406 312
330 141 240
315 479 5
26 337 420
673 326 753
568 121 755
224 565 82
524 149 369
203 281 780
713 432 821
166 488 731
69 703 424
656 779 107
735 45 431
763 70 302
251 683 334
721 692 178
572 409 526
339 187 360
742 337 607
622 263 406
416 260 235
2 712 167
741 486 141
729 698 364
485 468 29
773 557 722
159 484 560
105 429 555
685 110 264
5 37 273
114 806 586
104 608 728
514 363 841
397 226 547
743 218 303
790 177 269
45 441 630
69 348 566
55 525 260
39 299 123
270 547 792
157 510 276
752 239 763
570 3 774
563 464 707
244 566 687
120 70 414
398 730 281
553 694 153
145 21 183
48 385 741
478 162 328
61 95 670
186 307 144
478 356 100
518 270 393
816 72 395
694 615 122
309 748 362
813 408 737
469 516 873
139 425 613
294 372 510
406 706 631
283 306 570
81 398 674
78 18 254
324 221 177
52 781 363
305 786 324
62 252 703
829 209 632
583 552 22
609 261 498
294 311 37
701 422 322
269 608 621
314 580 266
877 8 666
223 92 354
63 50 291
271 686 315
841 292 622
218 379 151
103 718 191
456 286 121
270 267 526
81 871 820
395 430 235
607 44 458
513 448 498
109 151 794
315 488 763
194 50 522
493 690 637
171 488 544
543 67 814
547 1 308
29 157 161
283 909 802
48 321 714
160 825 71
695 800 488
285 607 295
39 433 46
535 481 368
168 731 522
63 837 241
749 498 560
822 670 250
807 702 298
237 898 135
740 170 330
350 766 716
678 228 827
408 124 173
749 844 250
803 340 70
605 361 874
797 46 616
16 707 415
549 441 267
881 852 233
396 124 274
754 14 751
157 385 921
57 906 366
86 323 95
837 890 216
167 321 570
302 400 111
91 354 431
686 881 380
535 2 701
803 625 174
440 909 364
889 77 599
318 821 479
339 434 555
645 313 897
458 250 496
411 237 413
528 299 685
326 507 206
121 672 538
772 346 323
26 92 679
570 480 578
716 786 631
607 645 300
415 52 446
646 79 543
757 403 662
738 578 631
438 350 525
429 677 933
902 558 915
297 836 828
547 829 174
397 221 122
426 594 327
374 779 491
408 406 499
825 255 768
585 658 244
184 734 927
482 829 587
368 779 951
230 177 459
80 84 294
174 255 58
605 49 366
594 69 344
474 25 423
222 431 916
950 657 11
23 902 678
736 446 770
110 195 711
990 233 48
855 465 413
254 234 416
811 992 989
294 415 683
482 828 484
897 178 863
447 798 864
887 180 120
402 845 549
594 563 673
96 748 676
468 937 979
809 735 138
411 792 943
476 577 873
210 731 114
30 142 226
766 199 564
470 183 497
264 638 54
848 102 127
271 66 688
271 807 568
11 775 188
816 72 729
161 949 555
921 523 672
113 835 773
598 887 522
403 410 853
214 868 190
559 644 504
544 195 962
920 241 263
774 167 326
1002 781 845
141 281 951
532 923 976
347 147 236
353 379 44
928 227 821
467 461 304
865 681 55
717 530 312
168 163 988
364 318 729
969 683 732
908 1035 796
375 743 505
992 491 18
639 188 599
68 325 492
961 291 791
506 803 261
77 15 476
108 1008 41
609 810 422
862 722 728
1017 665 361
390 869 696
271 624 1028
829 476 160
411 444 135
61 256 736
402 104 108
451 909 860
609 564 405
450 815 361
158 786 358
799 32 46
589 869 497
770 1003 8
754 718 928
150 823 584
962 271 745
123 303 618
1064 61 948
504 918 561
901 677 168
616 137 871
516 55 396
341 216 683
295 211 206
776 470 807
410 414 772
152 1057 846
430 761 564
983 515 710
794 715 169
1070 518 803
65 727 514
594 527 720
296 483 918
794 260 792
86 91 382
311 1078 1066
1056 966 306
1046 586 997
847 116 728
255 682 948
1010 817 1042
239 162 963
167 827 422
1061 813 548
931 809 10
655 671 93
710 737 648
327 868 365
244 812 63
101 325 604
682 144 152
443 99 158
977 1071 142
460 979 228
948 968 708
76 637 1054
301 1096 874
6 888 739
521 772 218
833 1099 442
869 431 570
624 787 297
184 839 688
9 574 326
122 461 66
681 676 734
344 73 1027
637 617 869
2 430 26
448 508 1008
120 771 92
859 853 894
365 774 575
984 718 419
454 780 883
169 1039 99
775 868 1110
263 770 156
590 408 793
769 260 362
467 366 485
537 978 344
590 10 284
696 825 245
256 397 764
514 86 541
562 368 345
845 461 714
279 1041 690
868 256 314
707 717 559
721 596 713
689 282 568
782 950 691
632 959 317
61 160 234
432 1094 0
158 816 514
710 749 123
195 1094 892
870 729 204
778 30 978
628 276 1028
246 110 155
56 29 564
363 117 1130
37 128 766
581 699 646
381 415 593
180 946 487
956 582 684
397 1013 180
971 706 888
1144 496 571
675 761 173
604 995 624
804 321 730
951 475 695
221 363 46
758 842 521
869 764 508
930 458 297
911 437 104
55 209 982
658 504 1034
730 887 397
986 90 774
612 409 980
5 1080 573
591 1026 171
775 258 983
608 220 820
79 586 709
298 1103 576
713 325 816
411 254 143
748 912 75
225 51 771
800 998 191
618 1170 493
1178 364 73
557 1131 1022
199 379 1093
1187 923 976
95 1069 730
20 1043 325
1018 237 1022
706 669 262
861 894 415
452 1165 96
50 884 950
290 794 586
1131 908 1112
326 1090 494
947 443 380
937 893 911
223 237 1102
897 1046 70
95 152 334
296 344 414
1138 658 1156
998 220 618
370 341 584
759 261 659
381 464 548
1098 808 922
9 565 551
278 795 159
37 528 1120
222 880 354
206 414 459
981 111 182
825 905 1142
502 1168 889
150 435 1150
518 431 414
366 43 895
238 192 506
1021 1073 1073
880 801 67
1233 984 332
89 200 1115
469 1194 538
437 110 453
135 504 863
479 584 672
85 293 339
1011 332 67
224 803 43
246 716 717
990 1199 281
1147 24 464
94 744 760
352 1184 371
639 922 508
502 1015 584
899 228 189
221 909 842
579 774 1220
747 396 415
261 272 120
609 694 329
144 444 347
457 488 1170
943 41 897
1209 336 1241
234 374 1053
373 246 383
1142 631 237
985 771 1107
742 793 1135
583 581 49
650 1176 1135
348 280 1060
265 505 506
63 186 900
226 1239 513
843 856 555
1185 408 1246
925 1097 1012
395 542 1236
19 66 230
443 50 1129
779 1253 526
869 392 959
1136 115 260
175 843 657
215 509 638
226 242 1200
787 970 972
420 851 1119
1021 91 1103
496 1248 184
108 1143 1142
318 581 637
558 246 800
106 1055 533
1005 684 274
845 688 1176
475 1132 658
146 12 1245
321 636 436
725 773 1168
12 172 522
623 857 6
281 386 660
247 1212 514
711 18 877
148 1028 1139
1240 506 1205
1164 1030 1119
115 575 354
1267 138 18
1150 762 634
602 1019 660
1308 1145 540
451 1245 676
99 223 1063
210 223 683
1107 1189 176
297 1150 223
946 949 384
1152 1200 616
803 1292 75
66 1284 748
679 1037 490
189 614 267
505 1270 449
296 755 609
1083 1211 1267
264 506 981
881 1095 579
362 963 191
921 872 343
1104 569 18
818 1244 670
1063 1194 1071
35 242 738
207 311 393
923 136 1118
1192 1034 748
1190 1163 36
1291 353 276
481 181 725
70 1315 1084
218 636 119
1106 245 607
1212 120 619
792 398 1030
1287 80 493
870 391 1182
645 715 425
280 827 114
516 733 117
677 630 223
109 164 343
1013 980 1068
952 1230 875
1125 464 615
754 735 171
123 480 908
690 647 940
573 264 1321
1324 350 924
156 453 33
426 376 1311
751 1153 908
158 614 1229
971 948 327
1059 703 230
867 924 692
1000 293 255
1318 236 68
451 227 1293
604 641 1249
840 1079 956
467 102 256
691 265 1157
1369 243 348
898 626 1130
468 247 823
1044 272 493
873 140 1289
850 498 102
836 539 575
1036 918 824
53 1313 490
729 1304 171
1004 262 1378
90 921 543
999 1348 424
266 1330 379
206 356 337
574 148 117
846 34 99
1138 798 548
902 1275 423
1060 1243 39
948 140 461
265 1352 109
655 500 1080
224 130 45
886 48 105
143 1131 9
29 905 1042
712 1223 185
377 327 891
1379 498 513
142 591 665
952 286 1004
77 229 606
649 1071 1361
451 259 132
602 733 571
887 1393 405
1385 586 826
776 117 915
985 384 1253
1124 877 178
529 1391 1389
908 645 1276
1118 993 1252
910 59 557
175 478 1167
483 239 650
987 1120 950
115 672 977
799 1034 648
257 127 1262
1407 1381 1180
841 143 19
209 1057 1030
165 757 862
442 757 368
1357 648 1346
324 606 552
574 507 179
405 1142 386
134 1338 113
477 1156 1306
784 1104 1350
1158 1402 428
471 1008 1232
859 588 927
1147 1038 850
1230 1199 531
113 1339 652
924 970 1056
137 214 1247
588 55 865
1117 130 1234
1384 1353 670
763 55 382
1435 252 146
1220 378 1007
1016 1167 1369
199 28 857
941 8 1393
695 359 415
1388 198 1292
900 1115 271
544 650 866
1240 1237 976
705 647 389
37 667 476
150 321 1261
1027 72 1261
665 859 1418
370 101 400
272 936 129
185 17 306
702 330 256
1354 1445 1131
470 1177 140
238 47 30
1153 833 77
1346 870 124
1355 962 758
942 1033 999
757 275 327
546 1378 533
1376 746 668
234 1036 601
1463 1207 1313
901 577 920
473 709 599
536 597 1178
1212 143 1469
1192 135 747
505 984 1390
779 1455 438
380 55 1067
1137 1027 412
587 753 521
1400 1464 759
347 800 1157
790 863 1109
330 382 536
159 813 1088
936 1186 999
846 1177 822
80 1272 613
1114 405 1319
1141 284 413
370 1061 1391
1337 7 448
488 1191 330
543 1492 1419
135 133 679
462 583 1114
518 116 1352
1336 1093 37
1329 423 376
10 1198 1114
1117 1433 682
476 220 1080
1121 1075 382
101 1296 1376
154 282 416
1391 1470 497
211 176 388
1269 67 387
103 448 1147
1364 144 984
1095 995 1363
75 1350 29
674 1332 645
604 109 822
753 1391 762
1257 724 169
270 915 1115
366 815 1144
10 164 246
1212 1035 1238
1516 330 1150
718 991 1373
1198 1355 461
781 35 1337
611 539 875
1034 852 640
865 1312 894
332 226 1032
772 587 654
90 957 482
36 975 1353
994 1284 1289
501 1396 1303
998 1001 645
87 1391 897
708 608 907
184 213 398
1017 509 56
661 442 1506
1461 120 1117
724 803 62
1304 1121 139
1091 465 696
552 1100 1094
203 595 628
894 905 51
345 1418 1092
1008 1464 1422
1273 887 1178
958 1079 657
294 1475 202
1153 1312 958
211 482 1097
920 794 151
1257 61 244
996 236 1371
807 1278 148
734 308 790
199 423 476
1298 66 1494
1109 1093 1260
362 350 829
677 935 1162
1551 84 890
926 1210 50
233 933 1365
1405 1022 659
937 758 1547
1475 528 677
565 1377 477
1404 907 925
814 1362 1005
369 821 94
648 558 550
1416 176 281
568 248 713
1189 1126 435
309 644 1106
706 855 23
197 59 1521
231 1078 934
1536 898 1275
1436 1564 1582
1340 354 143
47 488 1409
732 899 264
619 1503 1564
716 300 633
177 1544 1527
1224 1202 925
593 328 615
1268 1274 1014
1099 983 1466
0 1569 1179
562 1427 654
32 1105 867
245 78 588
841 813 1170
1563 850 553
1213 764 366
1017 715 1298
616 1027 957
462 30 1296
1600 1424 1001
517 337 597
1162 697 928
1586 1217 212
402 786 257
1220 679 1475
59 1462 54
673 480 1276
85 821 973
781 182 364
1118 950 305
655 1116 283
1606 173 334
1376 1296 741
683 150 747
118 866 1163
1350 503 1155
1080 566 148
546 1071 1435
1269 1362 875
959 408 229
1112 242 963
1317 808 933
714 59 944
1358 412 93
987 690 538
1024 824 259
831 1038 632
26 1022 200
1249 1577 972
57 75 312
556 1312 103
760 201 778
558 1156 20
294 394 564
121 645 47
1126 593 198
207 1538 857
436 963 1614
145 27 670
84 468 1599
799 1225 961
517 583 281
189 1474 1226
99 856 1516
1115 671 425
819 842 1255
1233 1561 1508
1216 5 86
467 280 221
63 1132 544
707 536 1522
574 316 1082
365 50 853
494 962 126
840 349 495
1423 1292 620
429 1260 881
219 1540 1255
1372 1413 506
39 1112 359
1559 1322 970
1650 1125 929
27 227 1499
1143 1024 1379
1276 1339 1611
1595 803 934
485 1485 1559
1003 961 1169
1053 721 1573
1266 1435 542
119 496 781
682 34 486
1463 1149 91
1301 1276 1289
871 1082 1631
513 22 1150
986 1290 826
79 804 468
74 1310 312
543 518 951
904 524 1227
1560 1591 1466
889 985 504
23 1278 1661
1365 1131 393
879 94 1564
151 2 705
263 448 76
820 234 1283
1262 1655 172
824 823 331
47 1282 156
672 727 1193
231 371 579
731 823 745
611 44 1316
236 990 1046
1544 1356 985
1486 173 313
314 1572 128
1544 213 354
617 1491 113
907 547 1023
569 874 140
1122 56 448
59 581 466
944 1470 55
1316 727 562
1419 219 791
306 1071 514
1567 1466 779
1296 680 1037
1541 713 648
797 1348 1066
750 115 605
1335 710 120
1384 390 370
881 652 688
93 614 203
929 952 895
597 443 179
924 1498 263
649 1378 607
1636 1443 1440
54 1402 829
1730 1132 1350
22 128 107
752 1292 780
1026 1456 846
118 3 1395
355 1658 520
1233 18 395
685 879 1209
276 1172 1131
857 1296 173
251 124 1244
742 199 590
106 549 372
652 1184 1225
128 312 842
1367 1618 237
84 1158 868
621 799 702
1508 1428 593
738 784 194
1127 1692 1339
1020 1635 79
1381 876 327
1432 1419 849
1277 594 1382
1745 1602 981
1263 99 819
1134 486 1254
295 1560 389
196 1762 1708
1281 1087 1343
915 568 489
419 1648 487
712 1113 1198
1083 485 648
966 296 1240
951 297 1167
1294 1221 1452
863 1261 321
1442 595 647
313 523 1180
1534 87 123
677 1546 1129
1206 783 1081
226 876 1290
1006 14 71
1650 1660 814
201 1309 1095
1142 1780 1058
1007 1067 142
268 1660 1135
305 65 795
183 785 593
886 419 443
613 509 1250
275 256 1466
1582 324 492
383 401 882
470 252 1420
542 167 363
1531 1264 526
1065 218 551
1279 520 451
1308 1333 1349
1119 1203 1341
336 379 1446
767 860 565
1609 1777 64
698 1456 23
197 1527 900
1267 1527 1070
662 725 285
1384 128 989
324 562 805
213 1594 1459
168 877 405
305 732 1586
595 1652 794
992 298 384
1618 1481 313
888 165 1741
960 724 1432
1394 901 1255
1450 1114 1321
1472 1052 927
1371 680 1705
532 1239 1477
1246 259 1756
1424 37 1116
1726 499 539
1461 46 241
996 221 1244
721 1009 1206
314 217 756
935 1729 1716
86 666 1164
936 1744 785
915 1099 1101
1114 780 1833
1588 455 490
386 905 1239
864 850 517
367 1588 1666
1111 477 1431
945 1274 40
739 773 8
107 759 1692
1717 725 723
21 1744 751
1232 1343 5
1580 1428 1433
150 695 698
386 650 1576
1415 15 316
1533 1798 1147
876 719 419
989 191 819
412 1590 1548
1054 1358 1032
440 1216 1498
282 880 1430
1843 1302 1732
635 1392 267
1702 308 1322
1420 1433 987
868 1840 1324
933 682 355
219 463 993
1630 532 426
1214 450 1254
1795 944 1560
1206 1294 1174
1218 715 1066
1617 1133 1122
743 915 478
730 1634 1007
359 695 1084
120 907 1599
1380 969 1133
1198 774 723
740 1490 1135
598 1330 182
1401 1054 1429
938 253 50
828 1430 214
415 1455 746
1361 1428 1870
1513 1748 1777
1494 1169 884
1784 1413 1680
3 1046 139
1317 962 325
9 425 1640
1741 1153 1609
299 937 1394
1613 1719 1798
1889 1587 103
926 536 1359
509 1783 927
355 1140 990
1365 1573 1855
768 1742 898
246 1405 1736
312 784 1352
573 1328 533
1847 1452 1479
818 48 253
935 1036 61
790 1595 823
1437 1476 1767
495 1894 616
784 228 1518
471 1728 1104
1529 722 443
1677 719 1196
1345 547 1178
273 1796 859
1083 978 1504
412 998 527
96 1172 1036
398 1402 1197
322 679 1142
587 908 1671
1583 1858 1753
188 1732 77
1518 827 748
953 728 1048
855 816 843
1868 1001 51
308 1605 635
1349 1321 1284
932 1431 875
331 332 974
958 1925 1348
1263 1698 1607
997 1177 903
401 1754 1329
478 260 840
1322 1531 252
926 777 877
1390 1597 696
1858 793 1450
30 1544 1745
1198 1085 1471
1220 1716 1029
1405 232 795
1697 1354 889
1418 1514 846
460 875 912
196 1538 1375
1392 1795 771
1712 1098 325
1600 1251 1771
1162 75 1593
1103 776 1346
1333 899 1059
41 1713 315
1901 1067 731
957 235 1846
498 123 1365
649 1304 82
124 559 144
237 1580 1239
1074 678 1826
995 1003 162
92 1484 10
1336 442 1860
1910 1097 228
1767 541 839
868 1439 366
1805 966 241
1067 1860 1900
1341 388 1918
1878 1301 1769
1243 650 1023
1718 1425 1588
1011 1667 1448
1806 1016 859
1632 1200 427
650 751 1756
326 550 631
1588 1126 511
536 1857 425
569 1338 1252
1825 712 915
1321 1587 629
732 596 891
1265 1881 856
1736 632 1622
1965 526 1321
251 924 698
1660 1586 1703
1599 495 1700
676 456 177
1468 1579 1109
238 1179 1332
1781 643 1494
1944 130 1159
1227 404 96
393 1783 619
578 196 1440
566 1135 1303
1058 397 717
1265 43 325
511 91 64
1578 914 925
1334 928 1319
836 736 312
1884 1275 640
1861 1785 1261
1828 797 572
1058 1466 41
1358 1575 623
877 940 24
754 976 1273
325 69 588
736 1941 1956
261 879 1187
1107 290 343
1164 993 1447
1286 1526 262
323 907 845
1271 693 1961
1555 488 1923
969 1171 1312
1388 1550 1265
1286 1328 1119
181 1622 1136
229 349 1826
1244 1714 925
1954 1647 491
12 1964 42
110 491 273
1326 713 420
377 1755 756
1828 889 467
1461 1959 888
664 1144 876
307 657 67
1416 1028 241
144 1878 264
363 1158 100
1687 1509 190
503 1110 185
987 1300 632
2031 1295 579
1308 1186 321
1320 175 973
826 402 1893
477 1969 1619
1440 536 553
1416 225 1300
412 1077 663
271 1294 1414
1398 1208 1040
72 1909 2044
1909 1183 616
821 1113 1567
680 559 814
1251 961 121
410 1764 1936
176 45 928
1390 162 1823
1176 1078 1519
959 327 1020
861 238 1351
494 879 577
1495 1937 246
1820 1488 628
1779 1253 1560
1265 796 1760
1311 414 232
1280 1626 768
1642 1305 648
1149 670 1465
1427 593 2062
1249 219 544
815 802 767
639 394 1946
1490 1225 1564
720 1058 266
1760 191 891
1619 821 1491
1926 12 927
184 1613 198
439 640 284
492 2022 931
171 416 1029
1589 367 1066
1722 261 751
300 749 1726
425 1046 241
641 1400 1166
1833 1712 145
1262 187 969
1972 1857 416
1642 798 666
1388 1593 1736
1353 410 1102
957 1449 662
445 963 1755
1849 1448 1113
957 369 1828
1354 101 451
1971 1015 1045
1066 852 1781
279 1127 1547
1072 404 1585
1567 1397 1060
820 974 1474
1628 951 495
1223 70 361
1376 1071 414
1475 224 2056
755 1620 1515
336 1070 727
696 1959 405
415 743 1443
1072 492 1110
615 16 490
1135 2100 922
1997 1650 857
1109 1022 859
549 1553 1522
2077 2119 1820
742 640 1063
24 655 830
868 1364 1652
1355 6 569
2085 32 1859
1279 239 979
305 1801 1912
1397 1919 880
610 320 392
466 219 509
1208 1802 1021
511 698 253
86 592 733
1457 1958 1610
420 617 1996
66 1749 2064
1169 2074 2028
1415 1648 1123
1462 763 1417
1126 820 1980
2123 720 1835
961 727 1643
762 1576 903
1061 1962 1908
499 1183 1057
1249 1763 297
472 1712 155
2009 488 641
1056 1937 767
321 1393 1806
1481 27 641
1383 930 957
2065 1615 1148
2106 1135 1590
1335 2098 734
956 1204 128
141 2058 1052
1832 2117 127
320 337 1326
308 678 254
624 629 1467
1303 859 1548
1275 1400 1030
2156 1221 345
1307 662 132
1182 1943 10
1433 81 772
1784 982 2060
2085 1042 818
1688 1607 37
1202 403 2150
1943 275 1851
2059 894 310
1312 1059 623
1501 534 114
22 2088 174
496 2137 1946
543 1342 1860
2178 1247 718
1944 1529 945
984 188 988
773 2062 1319
1971 246 1674
2174 941 118
969 791 347
1010 467 391
984 30 1131
716 297 692
1908 356 1362
2022 780 190
1265 1961 1058
1367 567 361
1122 174 392
1277 969 1238
1203 2002 303
1958 921 790
1258 378 263
788 1659 1375
1184 1127 1874
1497 957 1080
2011 1295 724
1338 1813 28
846 1650 1961
533 723 937
526 1720 1635
443 658 1714
2058 1706 887
1605 1968 1080
431 1371 1750
612 2136 1721
1389 647 670
1412 1395 454
1805 1488 1531
118 756 1791
1275 2018 1503
729 940 831
2009 2089 77
534 1625 54
147 1498 1190
738 1955 1654
850 445 811
659 1261 1785
2093 1711 1387
2041 252 1774
910 2218 62
1995 2112 1344
213 261 837
352 1911 1784
392 175 515
865 1634 598
1624 506 293
402 475 920
1356 1769 1605
1170 1608 2112
1874 1624 1413
1614 54 2122
2097 1224 879
0 2102 1944
222 1667 571
10 1444 828
2093 1944 1948
457 362 2091
150 730 1283
256 1914 974
1013 219 1144
782 1573 1741
1429 290 508
429 357 1200
1723 681 2219
278 1229 1608
346 891 757
1768 1296 953
195 944 191
24 522 1170
991 1683 1411
512 1404 1873
1854 1700 261
975 1386 1292
457 1374 1119
491 326 1284
577 85 632
1833 320 662
385 1741 1556
2116 96 1553
395 0 27
1719 1183 1212
578 868 2061
2245 1824 1128
1296 1837 1552
2212 2089 2250
1997 295 1853
12 1301 2094
500 2099 788
1169 1780 1149
585 22 1753
1942 1690 1959
1315 589 438
842 1696 1190
1846 191 2272
108 1941 698
1438 1243 967
1088 921 781
798 973 1305
1845 1979 1189
397 1774 613
1408 1794 2162
638 2050 158
2226 2039 222
1130 1678 1404
867 346 1875
327 626 368
371 367 1429
1762 865 1297
1571 447 212
967 794 590
792 238 802
547 1811 1272
2273 2245 1548
1812 747 741
1718 1155 2082
2127 1460 575
1132 1330 717
794 1620 1664
1074 337 1865
126 1170 1949
2008 379 1204
1144 1517 2003
447 687 1898
79 993 1142
1382 718 1771
482 948 1333
1118 1804 5
439 714 1042
413 1325 1818
744 551 1898
73 862 2145
1168 971 232
1637 290 1072
230 2311 525
1881 1432 1154
296 774 96
99 1682 1143
1320 1880 88
608 86 756
986 1296 1673
2025 880 488
437 1155 1887
1672 1570 1168
1982 732 330
1044 745 1197
394 110 1462
967 1782 1311
1925 675 1133
382 1503 1655
274 616 1837
416 938 474
1187 1354 1955
268 93 865
1423 2005 1113
1076 1123 1577
2031 478 488
2173 1757 1886
1905 1979 2239
1530 1199 1905
1216 681 1824
518 1693 2288
351 1570 1308
1632 257 217
1956 1617 813
393 397 1817
901 1343 1590
476 1403 255
1348 1563 2016
455 2304 707
2144 418 575
1634 1404 1610
2152 582 1377
482 1586 2114
895 2164 169
1120 576 636
319 1969 415
588 468 1825
1500 1596 129
215 2165 2305
1565 2096 736
398 1491 804
2049 202 1870
1152 1825 1494
2014 1171 223
1699 1292 2363
942 2208 1663
1129 1566 2304
748 148 1281
1637 442 314
2059 2150 1901
2356 954 1169
2122 1880 527
1794 57 794
192 1642 823
782 2168 1879
1645 303 1573
1025 1713 271
1644 2319 2037
267 859 778
1155 1865 530
1395 40 1730
1748 542 264
455 306 1684
604 933 2319
263 849 266
629 2178 936
1065 1922 524
2120 293 1606
882 929 1242
980 1453 2251
1072 1275 1435
1998 804 104
457 426 1468
227 1946 836
1459 1507 1091
747 2338 2333
2245 815 429
762 1221 99
332 1179 1485
225 231 1023
1898 679 509
1473 805 193
1889 545 2258
1259 266 2022
1364 1217 640
1472 736 2151
635 369 1344
565 1198 2191
1176 384 619
1975 221 842
2190 690 811
1246 2373 718
65 2302 885
965 304 1265
1150 773 1252
578 931 1640
1872 275 2289
1804 902 1208
1520 1732 1633
367 1159 211
1138 673 647
2194 1364 1178
1478 1101 239
2339 377 880
1834 2004 1958
1549 751 1961
1544 1758 1017
442 2043 1536
1908 213 165
1548 100 1640
373 1196 1795
1949 2064 1726
2020 1165 643
874 278 2048
1217 46 1703
969 1498 1327
252 2257 350
1082 237 1973
854 1532 736
1820 629 188
1548 994 1673
1753 1644 1449
880 1936 1239
1369 672 528
337 275 1643
1304 1552 1832
1262 1916 436
785 1162 163
813 1680 1209
475 543 1588
2185 2213 1481
1126 1682 1831
332 1678 1470
2352 2290 229
89 515 1229
1241 1506 475
1222 2121 2311
762 2307 2430
1113 450 429
2341 1390 2162
2228 878 730
1154 485 1837
911 2456 781
2171 898 1659
2336 1298 1920
1074 77 2334
265 3 465
482 1644 2461
1625 1774 2179
983 411 533
1998 1561 1186
1613 1077 1326
1941 377 1415
435 1498 1369
147 2437 1685
155 123 787
1138 1382 997
28 635 1949
1594 75 2001
180 2022 2058
1089 1521 760
942 169 2277
1256 447 740
259 89 2127
1793 722 1453
874 1296 1030
1792 29 2043
926 564 2279
2370 96 498
343 2040 552
1703 1431 178
595 1286 1343
2336 956 521
1243 2108 753
1320 1446 401
648 1449 165
245 1285 1045
1447 1081 2379
1575 1364 1244
1475 2207 1082
755 1774 2258
2270 9 319
183 2010 1658
545 1483 420
2022 968 1849
1769 1136 1779
1786 1167 976
2306 1671 1830
583 1273 230
971 2287 872
1460 2347 1815
1738 981 2160
2296 1214 2146
516 1812 2131
74 23 1090
511 352 1397
218 2207 2332
47 332 190
883 1277 1740
893 1679 2405
1527 111 424
1754 712 557
1433 687 1226
704 1055 2492
599 883 131
1309 1638 1043
1989 798 1879
1964 1142 1558
1191 948 1388
303 1940 1842
1004 1308 2447
1545 1139 1504
343 1744 775
1497 749 1932
942 1324 1685
518 2119 371
482 177 246
184 1441 2029
2073 830 1795
1707 1412 1810
404 2184 2311
302 757 1372
1209 371 611
1117 1758 727
2432 2382 1081
2244 102 61
459 2139 845
385 110 2078
1077 291 520
2403 469 1466
2046 1049 86
596 771 920
1186 526 852
770 1100 1765
2440 2518 94
1830 1390 242
597 2428 1953
2136 2105 2034
638 1943 1084
632 1749 1618
426 2448 2499
2288 1188 1533
2483 2322 552
549 2412 1870
1693 1721 1076
838 944 2413
371 1451 1012
379 2563 675
867 215 217
2175 2568 2430
672 2253 2070
890 733 1389
2244 1375 2522
1305 620 1489
2099 1385 1112
510 1787 1727
1641 2038 922
1650 10 1625
1037 1721 738
1835 1011 1302
2172 428 1045
565 2544 409
71 93 270
1001 1450 1865
1532 1362 592
2179 239 1717
1139 1073 2443
937 698 352
861 2534 1285
1883 1414 628
258 914 2304
291 2230 213
1518 2511 1120
1681 2272 1091
1996 590 292
2469 1436 1036
1698 2561 2141
1305 1089 1729
753 1240 1170
2594 2228 678
208 2299 2599
178 2106 2072
746 1924 377
2169 1662 1555
147 1471 763
1369 1470 1943
583 1026 1662
1126 2459 1340
957 2493 2153
1795 1453 1753
2108 2536 907
2255 2601 252
876 2361 1984
1718 1274 381
2113 477 1686
822 29 2046
219 719 147
1171 927 331
447 960 2419
997 608 1075
2415 1217 919
1851 1502 1350
91 102 93
540 1305 1988
2300 915 1409
1990 1479 908
355 1147 1773
2082 2292 1325
2347 686 1674
825 697 146
2555 2167 1752
2089 659 746
322 79 1121
2629 639 133
992 32 1899
71 1278 336
1202 448 1757
73 1920 862
1937 2267 2591
1947 468 944
722 1298 1190
1677 1374 2370
1074 360 2040
1741 1343 224
2323 840 2361
2360 533 2227
352 2206 1871
1468 1648 1017
169 1451 2301
977 935 488
1529 1894 654
1538 110 2377
1359 1394 1679
1862 2618 89
123 851 1408
965 275 547
1337 600 2503
2539 2088 154
598 96 1786
1820 611 1422
482 1048 1717
1831 290 403
868 1895 2615
1866 138 1021
1545 1107 2294
2520 38 44
760 2660 2018
151 2117 2274
1155 2092 1323
1892 1906 2053
1462 661 1931
2267 26 494
1135 2637 1723
1232 1204 2549
1249 1760 1985
1638 1533 1118
1599 2196 1414
1487 1573 1185
1947 263 1541
2499 1583 351
2467 522 189
2266 1056 1781
1634 2365 1481
2250 1269 1804
149 681 1492
998 2537 535
350 635 2138
2490 497 270
1353 91 2058
1360 1354 2423
1995 310 133
264 391 1091
155 2208 1323
1399 2333 2164
2619 1188 912
1511 938 2098
275 143 2237
574 263 2169
1506 517 557
631 1251 980
2329 1703 1453
2166 919 1777
1839 237 1139
2088 130 1890
250 1632 1060
2530 392 1717
1453 324 986
707 918 2616
2431 16 2039
2219 2509 1682
448 187 2646
1598 1168 1689
531 633 1616
678 2360 2677
1493 875 1420
1907 2277 937
2104 1795 2312
2394 508 2020
661 1322 718
671 1102 2245
731 1472 96
2176 192 507
2690 2524 90
1103 1446 687
2233 2700 1941
802 2009 1919
1432 586 1408
2425 1365 292
1557 1727 1661
1561 391 44
89 2447 913
1713 1677 1441
916 2704 1517
2018 2178 2648
2280 1074 1091
2034 2671 1036
1547 1212 1389
2735 2422 1976
1127 1126 2176
1333 534 874
1210 1891 1757
1875 1330 462
1227 1371 1446
1537 619 772
416 1177 2383
85 2155 1220
1837 1103 718
1819 753 808
1142 1136 2326
2487 784 1192
1035 1712 895
2374 112 1581
51 691 2582
815 891 851
2026 25 412
2160 2390 1531
746 783 2196
1278 605 2497
1532 467 1224
2007 1234 491
17 1266 2724
1660 1689 349
2263 762 2750
1099 1673 157
1917 1770 2230
1157 113 1575
1801 1045 548
1790 118 2456
615 2050 288
110 1137 985
339 506 167
1404 125 125
1478 2320 817
719 321 2152
1080 688 1135
433 851 37
1861 2399 2643
2497 1578 1246
448 2042 2262
2438 1261 2350
1098 2032 1035
2182 2635 1752
148 1743 2278
1017 2117 2244
824 724 1325
227 2396 187
1958 2719 1791
487 34 1228
2286 2565 2102
1327 131 2566
2363 1078 440
1316 32 1675
651 1310 1298
2399 974 857
391 1331 1555
59 1989 1554
1524 2772 896
289 303 2526
2358 2129 2557
2116 982 1812
1125 2159 2248
1468 1213 426
1008 145 2603
1800 2195 1478
2403 2561 1204
74 448 785
1201 2615 1177
1927 905 2435
552 1109 534
1740 295 2722
1657 1322 1886
490 1866 2416
2389 2249 1023
386 263 603
2426 767 1517
1550 655 1902
118 901 1902
2017 1208 605
2235 1757 1054
2628 291 88
2182 324 1290
161 362 1062
318 2799 2753
839 484 1431
1074 2781 1891
268 756 2079
488 2730 108
285 2789 1631
2206 2136 1004
819 1696 372
65 1213 1413
575 1950 1625
2249 1203 1382
96 2637 1890
1642 885 1053
1179 1833 707
976 2675 2184
1225 2563 1042
1815 418 241
3 1241 710
2356 1337 1652
2549 304 2098
1121 2007 2713
2466 2762 2523
2353 1806 389
642 2286 2449
711 1421 2391
1988 2005 1810
856 1794 286
438 1767 2426
752 2211 1402
2567 2611 2855
423 1832 2083
1488 1505 1316
10 2860 2171
395 1768 1459
2142 967 1822
1413 1286 724
128 1359 34
398 2449 2519
555 1650 1674
2764 1393 2281
2054 669 1841
1040 2453 2603
1669 781 2047
2241 2261 626
1361 2030 2087
523 2716 1440
1353 432 1281
2723 1872 1270
1582 739 1852
2308 2496 1770
2525 1094 135
2865 700 2049
956 1366 296
2614 87 1111
2160 1635 604
2672 1691 42
2334 564 1066
121 2 1875
2713 2260 1582
1076 2129 1996
1239 1077 641
1606 412 429
2229 1147 2621
2853 12 2514
372 2517 1767
1387 1763 1019
416 1175 1843
1007 2556 1978
614 1254 979
2625 604 188
269 298 2375
1370 117 2144
2425 1080 2060
886 1042 1300
1039 607 148
2142 850 981
882 2769 1768
2342 698 514
1967 1253 2626
1311 476 264
2812 1798 2287
2741 383 488
32 1439 889
568 1838 176
1834 760 980
2302 2450 1020
1866 270 2905
2655 278 51
810 682 1011
1829 2765 133
2368 1074 723
891 97 2291
2888 1548 97
2614 2355 2269
34 599 2213
2693 666 2839
1554 502 1651
139 2062 2871
1637 2097 1527
1243 2275 2728
1632 1743 1357
2520 2481 2318
1243 1944 1171
274 37 892
1243 1793 1557
547 2520 267
2745 2029 1118
732 899 2514
332 1675 1723
1744 1902 1476
1047 2878 362
103 2524 62
1343 2388 1870
2848 2529 2833
319 983 1255
2793 694 285
1228 1482 2336
934 1337 1106
221 1832 1241
2643 1428 1909
1595 1899 2933
1275 1724 2065
2896 2542 214
671 2298 1986
2790 1185 1794
59 755 126
2835 303 2737
1760 1137 2943
701 468 710
661 1162 1223
1791 49 1972
158 1575 931
276 650 1891
2395 2190 2318
2781 1558 151
2073 2725 2368
1011 326 2546
1544 1477 2113
1337 681 2299
2628 1837 2781
221 340 1872
1994 1054 2964
857 1193 1159
338 114 2088
1972 1109 777
1531 991 309
509 736 2316
1458 440 2304
1156 231 1607
1434 1808 87
2872 849 1826
1891 662 1103
158 2906 2766
1694 1901 757
1372 774 2931
852 2756 2580
1784 1676 1956
2249 18 101
1829 1463 256
2750 2639 2156
2297 1948 868
1227 2303 1298
940 2171 984
560 2227 1963
1466 958 438
1047 2921 522
1312 1944 2756
1496 1925 2934
1494 1549 2436
2590 1452 2856
1855 1658 2660
1773 2104 1706
1932 157 1536
2400 1505 1506
765 2141 494
311 1330 2876
2813 104 2308
430 2304 2160
2176 600 177
406 1208 2888
2775 1188 2880
1934 1997 629
1253 502 1643
256 1717 352
1679 778 377
1123 2490 2107
501 2630 1291
2600 287 2283
2193 2007 1903
105 1583 770
2247 1567 985
1213 2413 2617
2726 313 336
278 1431 2374
1638 1595 2775
1398 2610 2064
1334 2068 234
2262 1861 109
2027 1253 914
1173 1864 2454
1928 2059 1829
2056 521 1978
1772 202 2307
13 1039 1840
1171 808 412
2375 2932 98
830 549 39
49 2438 2660
2581 1645 1734
476 2394 2169
1314 1572 1375
887 1868 2864
2593 1424 2428
1385 624 2908
969 1564 488
2494 2839 2942
2638 1679 2207
1986 2271 2573
2128 83 2076
259 2883 332
1276 358 2036
1221 188 232
2425 1408 1954
505 2332 2793
97 2517 3004
749 2761 601
2989 850 918
3041 595 519
669 43 429
1498 2995 550
1954 2420 1145
920 1675 233
696 328 1883
2548 280 717
982 2524 1662
1187 1737 744
1801 91 1235
1903 2198 1084
2689 372 339
1331 516 2422
563 1753 163
1927 2097 2501
2617 34 359
1811 2786 1106
2433 214 243
2525 167 1508
661 105 1127
2038 40 2673
376 714 232
1031 945 68
2691 2857 2013
768 808 1839
952 884 2615
3078 287 1130
2243 2687 407
609 1068 1382
423 3006 2563
1513 2359 1911
793 3038 2215
597 931 2095
2929 1964 508
2685 855 1118
1900 2075 125
254 2199 1660
1068 1925 2712
621 2355 431
357 2278 1469
1689 2067 2352
1092 37 1220
1117 720 1600
2044 2971 2354
2337 1986 2659
1466 1039 2661
697 2410 1010
1851 2738 1226
622 2447 387
428 2887 200
1674 521 2710
1607 2494 1128
1343 2595 427
1441 1762 600
793 1753 1694
2351 1693 228
688 2733 1772
2885 736 2702
169 3109 2339
94 152 1356
2338 426 1628
773 2452 1568
572 62 1754
2101 1716 3035
2241 472 2971
646 2919 97
1110 1112 2124
952 2577 1764
1712 2677 468
628 3114 2379
3010 1599 2508
3034 1451 520
1283 2685 1767
2773 1121 449
991 1108 399
164 1103 1325
2364 1675 2915
3053 1459 1865
470 2182 396
2959 2224 296
2477 2447 311
96 498 1460
33 2251 1765
1496 295 2661
996 673 1407
904 719 2001
2300 1184 1949
1908 2167 810
3048 2208 72
594 204 978
1872 228 1743
2564 497 2774
2075 2885 167
1181 1322 2230
263 1151 2331
2245 346 2412
2109 157 1060
1772 2664 2197
853 175 2828
1585 550 1793
370 1130 3085
2580 2296 712
2296 1690 984
1976 605 1124
677 1880 2074
206 1915 2886
310 2991 2150
2006 1530 2423
1192 676 2135
163 3030 2849
1944 1102 2759
1074 1732 2908
103 2351 261
1309 2233 1831
488 2080 2995
2018 2728 1222
1238 42 1932
1798 1276 1407
1480 2930 1504
2283 373 2329
914 1139 1662
2825 745 2468
2871 384 1864
2731 1868 2331
2034 1416 233
1269 431 297
1278 757 3161
847 2350 779
861 993 35
1530 2726 920
2228 2100 1134
2814 2586 1705
1035 513 2783
2681 1024 1073
924 1485 1529
2681 693 1308
1616 1051 2300
1842 1809 2339
2974 112 1834
1345 2268 2765
3082 1373 2678
2161 2376 1191
18 2490 1830
2402 2128 305
2019 374 2614
681 172 1647
2570 2309 3075
333 2077 2306
1849 2918 344
2760 983 1411
2595 116 531
1983 2885 1222
1296 2971 2323
2582 2843 1857
2318 1940 1856
2744 2996 1872
1327 2588 2715
3074 2472 1121
799 617 2008
1576 2470 2155
1549 1796 124
2841 113 2095
664 1235 2321
468 2880 1078
1087 2059 2763
77 574 297
2501 1733 465
826 3207 408
1235 2418 186
449 732 1299
2149 381 3218
1242 2845 899
324 2560 2443
2293 277 2142
2411 779 1675
2955 1930 2849
892 30 1091
2106 1165 506
736 3049 2251
881 226 1504
992 655 1061
1679 274 1948
2806 2346 552
1681 612 223
800 234 2488
1919 3213 1681
2040 677 3161
2275 1653 1335
2139 1122 2819
2481 853 1878
3038 1513 323
2227 1450 791
1117 687 3159
2365 433 3110
2975 108 1737
1497 2907 965
2955 1535 2941
2713 366 1317
2600 2955 1269
1388 2646 2506
955 2278 2224
2440 1975 3085
1075 2334 1830
1834 2669 2724
942 807 3134
3207 1988 1349
966 2186 860
1316 3009 607
1985 2215 590
2752 985 2413
634 87 1401
1604 1340 2866
1745 2446 2765
1759 599 630
2689 1533 3268
1334 2681 628
957 2137 1772
2197 887 3004
2655 1059 2665
2270 1075 2674
3122 3243 2734
841 2934 1879
923 247 1559
1004 2780 27
78 2921 476
2744 243 960
2139 1139 2650
2671 495 510
2456 3256 292
269 2286 387
1003 1703 593
3168 427 2515
236 2066 2117
594 647 2784
271 2565 2674
2926 827 587
2033 230 3289
1526 2651 436
3034 1285 3164
973 141 1868
2113 487 2621
838 1640 744
164 2244 485
1107 489 2319
1859 2201 2307
2881 3110 723
2719 1850 446
1024 3008 170
1178 676 182
503 1418 615
1007 915 1527
2964 1084 2257
2100 1538 3260
2091 1177 2645
3162 167 759
1407 1856 1998
2966 1528 559
912 2318 745
1171 1983 2426
2271 635 1380
305 2824 672
1073 870 2814
971 2605 2278
2567 3190 508
1910 562 98
3215 2762 88
2951 1063 904
1552 704 399
1593 1340 3037
286 2524 2570
131 2085 2356
2352 2433 1970
2563 1241 1823
1293 448 3035
2936 3001 380
2720 1829 3003
2118 1438 1578
1068 1975 2677
2215 1555 2245
1503 3312 2042
2808 1986 2019
2438 2565 866
810 2312 1516
491 1042 2515
1791 2358 2209
1976 1657 2879
2700 742 1596
2363 56 2250
1315 2712 500
2648 1760 2064
1306 2501 1395
1201 615 2140
3199 1519 974
1464 3211 2202
1451 1878 1086
516 2492 902
583 1525 131
1716 2130 2268
770 3059 3018
1225 2276 1616
2533 1678 533
739 1360 3167
2823 1236 2264
1988 1655 1427
3251 2358 706
2815 757 528
1460 2268 1095
1273 625 2502
3216 2203 2582
2132 3063 209
68 1254 3225
584 1581 1926
1766 463 2164
53 845 2961
2923 623 3151
2955 73 3201
387 2846 1514
3261 3290 1799
90 3054 2614
2398 660 1706
227 2920 1516
1567 44 691
955 1053 1024
2642 699 2661
2939 1513 2460
2890 241 1198
1121 884 384
1753 961 716
2710 2806 32
229 3053 1373
1736 369 1822
1371 1871 263
2397 818 2548
34 1244 173
2375 1229 8
987 246 1719
2138 1222 438
3087 2513 644
2310 3160 725
1774 3289 3160
1361 3015 2479
2485 3349 3316
829 265 98
1739 2817 825
329 560 1122
2353 284 2864
293 2189 2045
1334 2316 2338
941 552 2247
863 1087 3008
220 3323 1881
338 2611 1893
67 2824 1617
607 2307 1041
2813 2137 875
389 148 3150
2820 793 57
2859 1685 864
1538 250 834
891 1653 1554
68 1227 2323
610 1191 1852
1203 39 71
1600 1442 3203
2759 1906 3032
3417 1627 2881
3303 2610 207
1560 285 1272
1933 982 2204
2219 1025 2006
2929 3029 2773
2546 1933 381
2803 523 3413
2525 2528 2581
3394 1971 810
2102 1365 3357
1359 1743 2740
3186 1498 1235
2358 1141 2021
1176 2124 2318
1601 1901 1697
1392 3391 1402
3000 139 1881
1911 2245 743
1727 1425 1059
66 637 2958
3256 2913 1938
1871 1729 3217
1642 2188 2487
1528 592 1604
496 2074 895
905 2937 2090
3088 92 1859
2765 2144 2984
1379 3210 3237
1200 3144 3302
373 3027 1456
1051 2808 2540
2671 3040 9
2810 2182 1047
889 2640 3097
1849 1542 662
631 393 1955
274 1756 3111
1480 1013 1352
1291 2205 371
2508 2968 1093
2508 1593 2498
1738 1747 2305
1616 3416 2850
3427 772 743
2672 805 2939
3359 857 2693
1058 2968 1686
831 1839 424
1675 1047 1598
657 1801 3271
709 1222 1964
3174 2325 448
49 1116 2301
497 3158 2556
1266 1785 722
1838 2675 2202
2918 1918 1236
2839 1507 390
137 3032 2631
1548 1340 2985
2056 2593 1335
2460 2673 2955
826 921 3448
2032 654 693
1641 906 1152
123 1349 2103
3339 3414 2123
2208 3167 948
692 834 891
3355 2337 2427
399 3255 3131
1777 3471 3400
436 283 1791
1012 830 3187
1247 1119 2639
275 3365 1984
3100 1654 472
2114 1141 2357
1677 2132 1962
631 1217 2619
400 1772 3096
1524 532 3107
142 478 1300
1746 2950 564
117 101 480
2985 690 636
2633 3160 592
2684 1006 2795
2474 734 2116
3121 1238 1809
2025 1261 1070
2690 1603 2304
2847 382 2631
2845 2351 2466
1835 534 1833
2105 2757 2637
3366 2773 1454
1212 2845 550
1184 1470 2162
757 2601 2810
3482 3406 1823
633 1674 2402
2291 1025 1714
1283 193 2
3072 2094 103
2495 133 2651
2199 513 3421
504 3292 3057
2137 3318 1601
3466 433 2914
1407 570 1221
2371 1622 438
3384 167 2700
79 1609 2661
990 755 3087
1478 1928 3280
168 998 814
1592 2289 2620
2808 2949 2639
71 1044 564
445 2862 2619
1047 2402 2496
1238 2272 683
2597 1555 1792
2577 2519 775
3534 329 1906
413 2665 3057
464 3539 1244
997 365 120
2712 698 1747
696 831 1697
2948 214 1563
1670 485 2079
125 1209 2623
151 227 197
1340 1294 1939
420 1536 2375
1124 1980 1286
536 3038 917
1956 2293 1513
465 748 1999
454 3147 155
3041 1860 2508
51 3227 243
1011 2864 2476
670 1860 490
2026 300 706
2481 2785 3330
216 1620 2512
1716 3157 2604
2610 1177 1993
1230 991 1187
2219 1617 384
273 722 2897
1959 3007 1336
3240 734 745
2210 630 3460
2917 336 1999
2291 435 3539
596 1531 3189
2121 1216 1439
3118 12 3270
1010 1917 256
1472 1759 1106
1293 2605 3329
1556 2522 2426
1375 1042 721
2258 734 928
1776 686 1132
2411 1443 199
1383 1370 1119
2824 572 3570
3340 2008 3424
1834 3279 3445
875 1078 2286
2881 776 1559
3398 1770 2171
924 1217 1155
3237 3017 1093
3221 2815 1605
832 2681 3487
2226 1825 808
725 2531 2280
3581 372 754
3511 3425 2599
2084 326 2710
2968 361 2884
684 2148 3287
2893 2746 1988
2364 3555 1716
1852 2197 735
2042 1982 2184
74 1941 315
2252 3372 1443
99 2574 61
500 2496 2780
2597 288 1558
3478 3100 2134
1477 947 2527
2818 2710 2986
1643 461 1148
2496 2583 1895
671 1480 1560
2857 1105 2944
2076 1850 2993
1218 1770 3170
2921 598 903
3565 1885 1498
2131 3071 3274
514 179 1272
2469 720 3624
3361 1390 2205
1626 3279 1208
985 1271 3523
545 1148 1409
3481 3450 651
1521 1089 3059
2892 689 686
2921 2590 1271
1055 1141 2548
3061 2974 822
2671 2398 1946
2688 2066 1958
3471 949 1065
3082 181 1425
218 2395 2218
1941 3583 3178
1233 2844 1789
2001 3430 2801
115 3499 2532
852 2440 3002
3548 1721 841
2376 1581 1577
718 1525 346
1629 3615 3305
1888 342 3171
3096 2821 191
153 129 3639
2342 1143 566
3651 2831 2646
2661 2871 1932
837 1156 1216
2289 3558 126
1161 1413 2748
1637 2381 1504
2116 836 3006
1122 2199 1542
3289 1054 2747
2460 1103 2587
1177 3531 1843
2031 2097 2927
1885 2754 1811
3530 257 2175
1792 259 1057
2036 2539 1186
2935 607 2715
514 3571 729
2037 2746 1531
2781 746 2750
689 372 2049
1354 2746 2149
730 1901 1950
566 1171 556
196 1115 3186
2983 3066 1456
2880 569 2677
2602 2653 1456
1124 826 1574
380 3544 3454
1713 3071 781
3228 2821 1161
1846 3384 2033
2143 1975 1617
1434 198 191
2514 608 2856
667 3083 1866
362 960 653
1800 1636 2632
2359 2496 3160
968 136 2498
3697 770 2433
97 2809 2634
3422 257 2211
1923 616 2946
315 1310 3528
1432 3569 247
1138 3319 1656
2493 1779 1559
2244 3471 3516
402 422 1988
813 1486 809
2328 3196 3657
2783 396 2758
957 1134 886
450 1102 1437
3398 779 942
365 505 3120
1168 3065 1421
286 545 3087
120 2279 2085
1612 823 104
167 274 1920
1218 275 3075
1869 1982 3665
336 2632 2360
1974 2410 3403
88 2595 3240
1073 1593 1265
2989 3288 1213
3424 1505 2216
1041 1115 2339
1634 1459 1368
343 43 1649
3592 2931 1941
829 941 3483
1887 2203 2695
1814 3056 1386
2306 1148 1865
1945 3173 3270
3036 1181 2377
133 3400 2877
2958 1610 2932
3582 771 2285
2753 2390 2396
3636 1568 1273
1954 2962 2774
2020 573 2272
164 2297 3015
420 2911 3146
2882 3262 3742
3181 2636 972
561 3293 3544
1298 350 2686
307 1312 1863
3200 2109 1274
3404 979 255
3353 2406 823
342 1293 3421
3702 429 1628
3212 3535 1560
1698 3392 259
1171 1045 1678
618 2440 985
2472 1779 1017
2846 3383 3335
569 2173 2637
1285 3362 819
1591 2229 2666
2011 1353 1795
1988 2578 3079
2180 1273 3099
185 2419 2122
3247 3433 734
368 264 590
51 75 351
1932 2635 891
615 1069 689
3757 432 3547
1833 457 1394
1460 1671 1080
1317 502 2886
3592 2798 2907
949 245 1715
588 340 1221
2125 60 1885
2601 2657 2406
1434 2798 913
2742 439 1892
3184 1688 585
3511 1014 3001
2537 1522 444
3375 2553 1371
3193 1468 1365
1086 3053 783
3218 2455 2415
1217 3458 2875
1911 1212 2550
976 1115 163
3366 9 73
1265 1077 5
1306 3035 2109
2615 3665 337
846 2125 1079
1070 2176 3111
239 1805 3595
3529 608 3396
100 3001 552
2163 2728 3575
196 1844 606
3041 2713 1723
1046 217 1772
1809 2441 702
36 448 1455
1587 421 1976
1454 980 3341
231 326 3069
413 1275 3300
2710 2505 3046
1735 3778 3623
3468 132 2076
211 346 796
1706 3218 2379
514 560 3621
2642 2282 2801
2471 1974 2176
1560 2112 3759
2078 3595 1825
2465 766 362
3709 3715 207
3599 2173 3798
751 484 3679
569 3804 2131
2089 2655 1930
2830 1197 657
2429 3689 618
3628 737 1414
2590 434 2923
2943 1807 2120
2905 1317 3264
849 3068 3111
2270 163 3109
1092 3759 2048
1229 800 1027
436 3309 3120
3733 3399 3397
3539 2214 940
435 2984 2847
3332 44 1056
373 2104 433
1023 602 263
427 1092 3368
501 1434 2322
2155 3571 1511
2575 3463 2261
1927 1118 979
3698 1920 1209
668 2620 437
1143 693 1964
3028 3780 1119
3052 3389 3182
1896 2660 3728
3454 3677 2654
3490 2696 1799
322 2624 2998
3637 3611 3828
2015 1188 641
54 2632 17
2209 2440 122
1204 3329 3351
2600 1899 3155
3421 278 3738
2055 2498 425
3859 50 3561
1091 2220 631
3161 2403 3256
2349 3566 2193
1418 2674 3829
3559 1891 761
2652 3353 267
1043 2367 1363
3149 2972 282
332 190 3043
1243 1953 1204
3503 1751 1099
3773 974 2714
56 1387 1121
3674 3624 3329
3476 2105 1946
1776 385 2592
3275 2572 1908
1486 259 3282
1795 2703 1248
1519 1857 1030
3289 2132 1191
2316 3737 3176
1179 607 2524
3126 3390 3163
3429 3121 1697
415 237 1063
2545 409 2225
875 2247 3701
2854 2537 2129
2782 752 2260
1287 88 2171
993 1637 1569
1131 1671 2160
3653 3571 33
71 3518 1285
2303 150 2120
1246 2398 1396
3241 574 2728
944 2043 1532
1732 3217 1698
2488 1025 3743
1109 3846 1630
3144 254 3680
3748 1022 3576
3382 2352 1121
925 2537 1057
3688 961 2518
1786 2847 904
191 3744 2418
500 86 2690
2004 1571 3720
3141 1023 1625
2725 2380 2450
3899 1191 3791
2487 1466 34
776 2772 2918
1445 1732 2105
43 993 2516
4 2830 454
3850 1167 3617
3764 236 1589
433 250 3265
1631 1618 2635
3 683 2074
2710 1298 3016
177 1235 1393
3042 3885 2024
1533 1544 507
2689 3032 13
850 132 2567
363 2221 581
647 2952 795
322 2274 2529
1715 1159 87
985 2574 3414
1357 316 3333
338 1746 392
2724 3656 2347
3401 183 1544
3710 2912 1904
2214 3709 1069
3833 3606 2483
1264 781 2390
1877 572 3639
454 2359 3080
2751 2331 3404
473 2406 2361
952 1840 2404
68 2429 2278
750 2170 3358
3418 2178 1186
2333 1448 2644
2508 3469 1515
1604 1575 2098
1575 217 1642
1356 1057 2645
2332 1108 2821
2403 2704 2196
2432 2042 3955
3019 2104 0
876 3454 2682
1659 44 3670
3352 415 707
3450 185 2489
791 137 1305
2813 3266 49
3500 1714 2864
939 936 3160
2798 1071 1120
3800 1863 2734
2160 1047 3135
812 665 1737
3568 78 334
2840 3093 3364
2114 3258 2953
216 226 3461
1756 3110 1292
2527 563 227
386 297 1390
1778 1434 521
3849 3782 841
378 3580 1781
599 3533 2711
2691 3059 813
3475 2580 985
2170 1759 886
1328 169 55
2275 1297 44
1495 122 1893
2149 786 17
1016 1444 2594
1015 170 2233
1058 2866 3024
1562 3407 968
1116 2080 2913
3340 2478 48
478 624 368
373 3796 1504
2576 1021 2619
2897 1053 861
620 1073 3865
652 1693 170
3172 2287 2019
408 2628 2931
241 1780 248
1211 1874 3964
1634 3346 1583
145 173 221
2946 3759 3683
3135 2893 1425
1014 1186 3430
3411 2989 2557
1123 3502 1299
2795 2645 1142
1827 2820 2533
3152 989 206
2693 3873 374
1359 77 2803
1115 414 1148
1149 2324 2016
3532 1208 1266
1845 2063 351
3798 1170 1380
684 3601 1342
3272 227 3944
920 941 160
1335 3874 2150
1771 859 2071
2209 3417 1779
3826 2796 1173
996 2392 479
751 697 1851
3498 1352 2052
701 3505 1035
529 925 3201
3145 89 3810
1944 3447 3641
2243 92 981
2720 2450 3464
2919 597 3659
1975 1639 3277
1495 1908 3929
1938 1754 1297
1292 3257 766
3725 3063 3576
3026 631 1162
1373 1769 1198
2510 3285 3148
1427 450 3060
1575 357 1825
2586 2297 2553
1703 1840 483
2964 2933 2232
677 106 2939
2575 1083 1976
379 2276 697
2114 3498 476
89 1405 3049
405 2585 146
954 1912 903
4041 3127 2409
1912 375 1116
1016 3975 2965
1900 1468 1411
654 3372 2520
2152 1454 2507
3795 3721 1411
3678 2400 3533
3136 2114 448
3543 2836 1715
3925 905 1344
2878 1278 3618
1876 2127 4012
1844 2359 1082
1674 1448 1675
1469 1389 2618
21 1838 329
841 3550 3433
1415 547 2024
3135 588 910
895 327 799
874 768 1233
2487 353 2097
1385 277 2378
457 3744 3925
2261 878 1798
2905 1232 1563
650 968 748
1939 1055 350
1535 1435 1657
210 479 2994
3152 183 1803
997 1097 335
2588 2913 3966
1778 3555 603
565 939 4070
2151 2849 1051
2299 4003 864
3550 1312 2901
4044 478 3163
1501 2837 3007
491 2593 1659
1264 2727 4011
3239 2220 1963
2587 2622 2329
3708 3716 2681
1783 247 3931
433 1754 2972
1471 2983 2995
3798 149 2678
3261 3366 2431
2607 3431 1889
418 442 2102
3444 3538 2737
1110 1636 88
3617 3365 367
2088 531 2499
3926 4092 1322
1807 2738 2906
1857 284 3887
67 1083 3120
2117 3409 641
1920 3143 652
3172 497 1994
4089 1582 977
618 178 666
198 1199 3897
1966 3298 330
2565 3478 1582
1095 4084 2641
1471 2866 612
3549 3152 3987
3512 3884 977
1560 715 2567
60 1447 2574
1759 1014 3916
168 1739 1273
2309 3470 3287
1407 1142 3385
3069 2854 2031
2898 993 952
1257 2384 3511
1385 786 587
150 3974 3839
1204 2593 1562
3300 3848 2539
3721 3527 3211
1322 1387 1205
515 77 3316
3704 1352 665
2464 2662 3312
3399 3237 3428
877 741 529
1500 3919 3211
684 1463 3879
322 3012 1180
718 3365 2188
1650 2090 46
2343 1482 2134
3676 2545 792
877 358 1151
1931 1842 3588
3488 4151 2328
684 3876 1584
1826 2344 2748
1959 434 2759
1362 2174 2517
477 1089 707
3448 3461 1524
2436 2387 3545
3900 908 477
2641 1755 1984
1340 700 1579
1361 727 3297
2154 2040 565
2185 3335 2490
2975 1694 3106
3360 946 802
4118 2385 1787
1744 3072 1135
3707 1204 1630
12 3524 2722
1363 338 2135
1710 3367 2887
3875 1108 171
469 2551 955
596 2686 1914
921 2400 2831
1122 1149 2334
422 386 500
2829 387 3327
788 2661 3999
416 2261 2642
488 3185 2786
3495 3161 1382
936 3892 1128
392 4031 3674
393 1482 904
1886 2883 2352
958 2227 2216
1925 3497 3003
3652 4009 2356
2397 2851 665
3171 2452 2371
2558 3180 3453
3640 1665 3260
811 1629 4044
676 706 3920
3323 2996 427
2298 3075 2079
2870 4078 4219
929 1840 693
3273 795 1128
635 2567 3614
1086 1639 679
141 3064 1322
3271 2451 1715
1520 1631 1033
2790 2310 2595
1777 357 1980
252 200 2719
82 1769 172
2341 3950 3423
2427 3124 2299
989 3617 3126
2289 3518 886
1833 2218 2264
3535 3074 2102
739 3657 3655
210 2753 3439
2425 293 1148
788 2062 3968
4004 2242 1312
2584 2039 588
803 757 3824
2274 3709 2967
1115 1412 1702
2783 2905 1824
4216 3651 3653
2502 2072 3331
3912 1285 3416
533 918 2951
1761 1054 139
3092 3464 695
2328 4155 2091
2449 1609 785
4091 1926 1158
1594 37 162
3122 1697 4217
3856 4161 3248
3610 308 92
2736 3487 1094
1865 2983 3235
3181 3638 3909
2228 2189 2364
3601 385 1131
1204 3825 2925
1470 848 3868
937 4225 1947
1661 3794 2630
3070 3604 2488
4043 3287 1731
2067 2403 3746
72 3043 3242
1061 2134 1074
2435 911 2189
2349 42 2616
3271 2926 10
3093 3505 323
691 4191 2492
3065 2268 3686
2130 4083 2713
