4491
0 0 0
1 1 1
1 2 0
1 0 2
1 2 3
5 5 1
4 6 4
2 3 6
8 0 2
9 8 5
3 8 10
7 5 9
2 0 6
11 3 2
8 2 13
14 13 15
13 12 3
1 7 4
0 4 11
7 1 9
0 5 18
8 15 18
2 21 4
23 7 0
16 19 18
9 5 14
26 26 12
0 17 13
20 27 10
0 22 28
28 7 22
7 8 21
1 23 14
17 24 1
6 9 28
35 31 20
1 23 19
11 19 25
17 32 1
0 35 5
37 8 20
4 26 39
19 28 2
41 35 35
37 38 31
23 30 9
35 42 36
23 35 45
14 29 31
12 25 2
22 14 37
45 28 18
39 9 15
1 19 44
7 37 9
43 3 30
31 43 10
57 24 10
6 21 41
8 35 43
2 55 50
10 60 46
31 47 53
57 18 0
39 51 61
52 34 4
45 54 51
23 39 6
51 44 7
53 49 20
20 62 10
26 25 21
37 7 72
68 42 7
13 36 34
71 27 75
46 9 52
55 22 22
70 64 19
50 74 51
66 73 44
30 43 49
35 24 70
25 39 7
27 12 57
63 30 6
21 1 30
44 4 50
37 65 70
66 37 64
50 46 60
38 48 64
92 42 68
55 80 53
86 32 72
32 45 20
32 20 55
20 33 39
20 62 77
3 2 11
64 74 34
34 25 54
33 45 20
59 79 59
78 74 27
25 69 40
100 46 38
44 41 24
47 80 47
44 88 65
74 103 45
61 54 40
14 109 52
43 25 35
48 53 99
67 78 62
59 13 36
88 27 90
96 3 107
36 67 19
12 45 58
85 65 91
78 66 54
122 96 64
96 90 88
61 69 24
7 45 37
23 100 120
22 125 1
33 69 83
58 66 35
36 7 85
58 99 51
58 77 10
56 133 125
133 13 100
87 52 38
133 129 66
59 4 97
125 122 76
104 137 80
59 17 21
60 38 32
73 98 106
63 86 20
142 133 66
128 109 58
94 9 51
66 30 60
100 131 95
98 147 46
84 113 138
149 118 139
55 70 47
152 44 67
130 29 135
36 154 145
73 104 23
89 28 131
69 18 84
41 139 10
34 9 91
128 161 26
13 147 42
27 39 2
48 137 34
98 112 152
72 66 34
80 134 33
162 73 142
156 159 73
76 47 164
68 171 127
133 119 147
44 121 151
156 61 6
120 89 91
170 116 146
81 38 96
175 48 141
167 83 177
34 9 98
52 96 50
177 142 179
84 140 73
112 172 111
161 173 98
9 53 25
106 27 49
9 61 10
98 79 158
0 176 20
110 38 120
154 52 189
6 110 136
158 82 175
31 130 185
81 190 99
137 164 176
35 165 137
179 61 52
160 106 9
77 12 166
104 3 72
68 150 161
127 103 40
188 175 200
107 154 181
185 58 130
133 127 65
97 70 10
48 123 14
188 9 35
197 89 9
144 179 117
197 4 34
118 135 47
105 25 4
63 198 1
202 34 195
215 44 78
181 14 94
57 208 6
216 172 148
130 121 56
80 217 136
13 130 194
154 39 22
83 203 26
71 73 193
203 126 54
5 220 199
111 178 81
215 225 79
162 160 155
31 38 55
41 162 44
96 185 132
132 197 204
166 75 94
111 27 54
192 139 48
122 235 15
129 185 143
89 9 156
174 237 167
117 184 238
139 246 174
45 93 190
58 155 201
186 20 183
124 102 199
217 95 55
138 36 238
194 191 248
85 155 53
179 224 107
150 243 204
216 156 179
103 101 60
185 144 224
69 241 181
134 177 112
50 77 116
73 249 52
36 174 156
10 110 38
23 173 51
125 172 54
128 261 180
201 150 48
96 7 206
267 87 163
218 122 228
166 95 174
261 232 145
257 21 240
225 227 158
131 65 193
80 245 147
134 43 121
255 51 106
2 244 235
73 214 136
63 137 216
178 118 152
134 271 192
246 163 101
253 109 267
46 11 145
34 7 229
89 45 24
273 265 64
42 175 287
185 4 99
268 93 194
36 186 118
216 265 40
211 15 58
225 113 205
105 154 248
249 121 272
189 138 102
127 133 35
285 28 107
7 97 60
275 5 260
271 53 277
82 229 160
124 45 293
257 245 22
23 297 101
211 155 247
32 66 84
71 193 158
308 193 56
265 190 74
166 86 188
164 255 241
230 314 74
172 44 217
1 173 101
162 237 291
244 229 161
165 53 58
140 168 270
192 178 169
62 236 298
18 111 147
150 127 43
36 276 113
91 178 104
321 314 25
143 159 306
136 308 136
110 17 267
231 267 180
287 7 251
136 126 97
135 147 195
243 296 181
188 55 175
42 329 339
258 179 179
196 175 102
83 146 214
125 247 287
259 196 285
177 157 202
88 253 85
322 48 14
261 181 222
244 201 200
322 300 125
144 59 273
347 322 161
84 268 285
15 346 45
177 189 67
339 131 36
113 305 277
244 173 282
337 239 338
209 54 278
40 67 58
343 67 314
301 117 280
25 206 133
24 7 67
139 113 58
332 46 84
43 192 288
72 150 84
370 367 208
303 125 14
236 250 68
347 125 168
14 147 219
301 195 179
307 28 265
226 307 208
104 108 229
363 126 27
98 177 194
190 249 16
124 246 362
275 87 121
111 212 141
109 286 253
198 188 136
218 239 93
265 93 39
28 314 30
43 290 87
187 5 121
394 134 158
150 390 168
222 373 149
350 241 107
52 45 8
207 177 356
138 135 107
98 351 276
118 384 46
61 182 195
229 119 14
209 257 62
23 370 290
34 163 236
131 61 60
355 151 52
345 345 297
351 92 285
26 27 38
121 62 330
351 259 204
132 55 33
145 326 405
260 274 301
82 52 18
358 88 2
370 383 229
417 297 374
164 160 348
376 288 251
355 269 410
316 325 16
178 169 271
271 121 296
84 27 84
135 170 347
383 223 377
378 412 24
315 228 196
377 154 91
5 188 190
267 237 326
188 1 232
367 308 33
272 245 328
147 255 408
211 49 0
308 301 174
340 438 399
252 1 195
193 206 140
151 411 32
96 115 305
3 72 429
52 151 364
31 72 144
173 380 88
42 159 414
44 38 85
252 147 236
201 30 218
145 220 450
19 331 122
39 187 219
251 243 323
450 291 370
101 361 116
84 153 126
144 327 106
400 331 232
436 117 317
180 255 241
298 198 6
31 271 158
245 223 260
199 113 452
61 465 85
221 375 417
10 316 165
248 112 180
156 363 271
352 22 208
322 343 283
421 134 380
352 468 10
233 42 34
92 150 439
215 50 242
345 318 140
17 411 148
481 433 271
167 25 114
403 480 114
481 30 475
277 100 474
186 347 292
310 233 199
198 232 473
89 329 21
450 471 182
353 278 362
423 355 8
77 130 474
286 211 98
450 205 174
218 159 170
124 231 173
415 294 491
122 217 283
496 402 9
477 459 263
239 205 124
98 382 332
55 131 78
386 400 364
194 83 350
150 258 60
83 212 124
325 272 312
401 62 248
92 119 299
503 289 296
291 86 102
344 116 134
384 455 220
281 142 417
515 80 181
330 481 180
514 150 276
297 17 65
36 245 396
185 46 390
180 137 465
447 151 493
407 355 170
43 185 344
352 95 236
124 393 21
204 96 57
426 232 489
339 414 112
196 102 261
352 328 476
302 8 296
241 465 107
268 241 478
369 147 479
223 55 130
62 529 358
440 121 179
383 350 349
244 347 376
469 516 64
240 311 10
435 97 242
67 3 427
368 308 548
519 85 238
451 366 153
225 220 170
502 134 347
501 308 519
209 504 325
56 325 375
256 100 68
84 388 290
278 363 57
418 373 393
480 494 368
72 459 310
431 235 451
377 274 482
283 255 277
276 359 217
173 378 475
293 27 421
200 510 210
71 567 539
358 561 117
149 122 566
535 219 187
478 328 91
268 50 85
417 122 13
114 29 218
213 86 261
147 118 127
484 278 356
135 137 217
21 566 158
270 59 546
333 335 404
482 260 204
561 70 374
270 18 350
541 485 152
470 346 281
93 490 168
347 572 175
298 585 281
259 63 483
52 280 539
298 575 108
487 124 563
150 397 414
306 115 402
205 432 457
382 128 409
239 533 567
347 208 58
470 265 362
105 252 300
595 179 429
132 197 604
350 485 384
315 307 97
287 445 40
188 493 13
601 521 186
235 464 434
282 529 485
240 497 169
205 176 305
335 32 519
10 568 498
496 391 197
235 567 603
308 247 245
101 337 557
388 414 282
213 37 433
191 443 548
540 256 293
261 165 210
127 577 225
222 434 187
126 607 98
51 101 275
141 354 559
520 207 209
76 516 400
471 483 341
434 571 332
315 6 0
467 4 364
178 220 578
526 371 8
324 76 190
319 447 497
291 438 590
569 448 53
518 109 63
514 590 83
456 84 25
550 329 89
431 306 536
619 383 554
312 12 85
216 305 15
107 363 147
404 201 467
344 601 532
60 29 651
88 206 623
370 521 531
386 166 295
296 650 259
548 16 423
202 245 105
35 507 347
186 96 555
205 302 244
663 205 314
392 385 74
507 240 618
233 580 658
570 502 142
310 14 246
8 406 89
479 459 393
628 253 613
205 496 467
150 458 230
488 224 71
203 2 669
449 406 514
582 284 444
298 458 620
309 262 153
205 509 263
200 81 229
539 26 188
478 612 580
527 199 528
340 607 401
16 370 552
482 564 253
187 407 283
394 649 305
176 414 506
656 678 400
438 517 487
214 334 5
608 390 209
606 180 326
693 428 17
429 292 678
447 612 414
353 274 487
64 489 462
564 32 69
620 1 155
610 403 109
134 203 139
594 573 684
572 73 437
446 283 185
124 182 107
583 54 51
230 384 224
154 416 551
651 347 627
164 551 588
569 408 540
163 682 316
1 646 592
270 657 308
674 208 722
163 594 448
521 260 81
127 18 362
68 3 569
279 393 287
605 49 688
139 438 191
588 703 357
351 25 493
45 261 445
578 121 457
263 3 578
93 97 641
20 517 122
735 12 246
213 223 187
80 172 94
248 696 489
98 374 284
735 591 264
629 196 278
424 371 368
133 361 205
400 334 174
414 258 615
199 293 657
82 256 385
428 417 422
327 69 438
547 129 524
233 736 166
189 189 296
262 505 283
695 64 692
230 82 226
205 532 285
390 692 373
335 606 124
709 115 607
355 508 605
630 599 257
551 111 256
51 143 72
325 357 726
405 706 426
234 102 639
535 402 208
280 701 545
250 706 76
701 232 326
522 265 472
515 234 17
518 284 762
589 399 245
173 3 326
424 19 146
24 231 514
658 603 577
697 723 321
664 362 290
204 550 343
718 167 67
592 690 759
452 553 507
219 581 208
107 482 423
571 320 551
189 715 188
525 309 764
341 611 15
360 691 38
642 108 321
120 115 367
723 111 113
114 132 513
724 423 576
338 677 5
290 553 417
494 158 404
697 194 236
84 157 426
539 160 747
182 720 745
487 572 16
412 621 765
513 233 546
114 247 773
580 798 36
434 134 784
550 740 649
493 518 12
443 330 518
387 158 750
350 626 301
375 192 424
360 761 147
419 326 629
80 528 656
749 676 681
820 622 159
316 148 179
507 138 119
326 372 228
462 11 776
94 226 31
333 508 820
406 787 428
248 125 293
529 422 6
648 573 56
446 447 106
449 315 635
72 117 186
456 564 188
687 259 359
48 822 87
168 179 242
385 642 192
60 674 157
809 365 642
772 771 224
583 25 450
725 335 56
143 558 545
544 681 533
257 417 530
480 422 504
497 512 786
106 203 728
491 444 540
624 665 587
601 356 66
400 285 338
72 184 196
81 673 642
619 781 324
546 683 565
98 637 329
421 321 653
825 32 234
191 397 772
434 84 681
167 210 494
386 304 495
147 510 314
105 505 118
6 600 480
665 819 852
701 100 430
110 67 693
690 632 733
824 731 184
426 788 350
533 64 656
411 663 791
544 876 156
102 686 158
729 732 125
812 274 71
105 13 11
133 249 384
24 361 845
70 432 362
701 20 670
613 596 777
415 76 752
630 519 558
818 204 195
228 841 126
623 504 615
271 727 581
439 760 576
586 290 64
156 790 291
745 244 541
322 415 58
315 3 703
286 704 369
483 240 887
728 756 721
756 252 701
509 850 450
836 499 142
584 553 556
195 72 623
606 407 376
455 156 117
136 770 786
714 119 544
193 204 735
32 6 338
769 649 291
293 138 197
811 864 766
391 702 0
150 289 21
111 667 59
45 655 491
921 737 568
644 724 68
684 662 652
26 107 238
23 505 649
378 696 526
419 320 199
780 546 241
70 360 374
479 681 614
312 345 815
735 595 859
477 787 558
477 538 575
762 360 480
28 62 110
237 772 438
929 113 611
530 302 404
360 391 314
4 697 510
402 546 611
915 664 706
873 112 493
11 620 448
644 646 29
621 18 136
825 623 34
67 239 763
771 489 678
915 259 533
937 624 283
323 382 461
339 156 661
320 395 217
558 491 848
184 244 663
731 428 855
904 214 46
490 362 248
406 84 167
22 860 159
513 371 295
941 757 321
626 97 499
468 250 506
647 306 544
436 492 895
594 805 535
57 660 399
548 490 962
841 954 781
225 801 398
56 326 307
969 476 499
221 862 233
708 593 524
899 217 156
774 757 265
477 555 696
449 965 945
261 418 599
881 357 189
774 706 63
900 38 853
156 266 620
819 537 875
174 681 939
893 842 604
731 500 395
754 326 969
856 888 947
158 983 605
876 907 680
94 474 399
63 323 256
979 741 680
176 894 409
532 178 712
304 978 318
338 718 713
439 386 12
86 869 645
851 840 176
131 579 618
347 726 387
670 573 798
504 488 130
36 1008 167
638 816 478
364 580 158
75 486 966
605 692 899
369 692 877
677 402 61
159 798 380
73 892 992
613 383 656
906 72 486
223 752 733
794 121 859
492 801 361
453 105 711
474 19 978
115 231 31
272 390 88
911 56 74
558 913 264
395 814 829
899 31 649
542 785 583
2 742 108
937 237 272
319 503 950
158 324 245
745 255 103
310 330 464
250 785 491
774 201 785
868 735 266
559 583 555
679 815 213
103 685 420
6 844 994
532 365 740
41 411 873
312 73 146
206 531 424
506 828 818
787 798 1009
578 77 917
633 697 954
60 849 166
894 460 934
284 790 329
15 743 26
365 330 673
721 352 815
828 808 1053
150 625 962
345 621 158
959 1034 528
677 142 907
817 105 478
501 231 719
61 923 240
33 992 856
678 966 579
510 515 911
293 519 60
710 258 174
349 397 638
782 985 713
203 291 332
357 837 795
686 98 644
17 402 516
135 780 667
27 24 300
501 348 229
265 758 369
1011 986 509
666 604 948
454 29 234
16 404 1084
593 604 925
530 614 512
560 560 317
357 1036 43
319 588 229
282 282 28
641 134 530
511 33 821
253 800 940
796 875 415
1061 621 676
659 223 61
363 308 806
273 646 240
989 310 1022
1084 194 986
126 914 1060
34 430 909
253 921 846
488 671 612
215 505 153
518 53 724
345 473 848
853 469 473
119 244 260
1097 653 83
180 622 226
786 125 392
1102 986 732
493 354 695
232 181 513
953 435 596
149 554 1007
157 634 781
628 806 642
471 1011 1106
84 605 388
155 247 542
330 358 646
1105 259 625
941 1004 177
194 635 199
907 736 907
43 926 80
1028 629 672
572 742 912
75 335 396
229 917 1105
626 672 89
561 1069 402
170 89 832
81 334 830
98 787 586
1067 1074 835
72 545 562
782 951 283
839 935 409
945 343 1013
554 668 135
390 298 339
928 542 657
844 7 336
1050 847 791
954 681 1006
680 573 259
397 122 102
994 623 1028
103 506 892
658 953 176
704 277 964
321 101 543
675 954 782
630 7 357
1057 238 406
138 1097 245
243 517 144
884 51 218
832 569 737
17 752 167
538 283 691
1029 1080 643
77 81 612
320 311 681
662 707 1041
353 68 352
1045 1037 13
57 555 1012
378 664 123
1023 482 1048
131 537 397
864 1024 425
1168 601 458
763 1044 738
383 427 532
50 1101 96
48 1033 1131
271 262 237
855 702 354
4 592 829
1090 961 257
464 999 855
1005 816 565
569 1158 976
122 753 677
695 96 241
143 135 477
718 475 138
1107 99 592
600 179 865
13 785 984
874 693 255
18 75 986
403 577 161
1097 1110 626
252 970 1097
403 79 229
218 890 668
121 1109 982
310 62 856
523 21 1083
339 960 54
206 862 43
1107 17 1073
631 972 765
410 567 260
974 1095 823
7 795 1166
383 651 1049
977 766 222
50 1142 437
536 221 1075
1127 903 512
1033 1053 1139
394 882 277
84 1216 509
306 1133 531
1108 1138 232
721 452 46
164 964 758
231 58 864
303 781 496
837 284 236
1007 777 903
305 277 918
592 372 243
790 341 1031
912 453 1222
560 779 697
100 350 666
923 1131 328
966 924 1053
328 130 20
1047 440 173
521 109 585
556 483 177
710 686 1171
836 1097 72
656 1051 571
992 805 146
733 534 73
988 871 321
322 1098 427
1045 1088 581
1184 1034 262
583 525 499
964 817 718
1164 1203 471
642 491 868
652 264 896
971 421 466
248 1222 717
159 1097 668
597 378 242
806 1036 89
1222 15 961
727 889 1031
829 1129 518
372 1239 786
183 109 132
1198 754 466
809 1180 187
536 383 729
1088 267 937
778 401 169
957 1029 1147
605 827 284
1039 374 98
604 719 1120
137 152 336
800 975 687
1196 801 246
911 887 352
586 284 1189
632 235 948
248 1180 13
745 380 272
53 1147 812
878 910 864
970 868 384
442 612 884
296 515 242
686 630 193
734 238 1016
347 855 835
768 745 61
338 1010 69
547 866 894
52 472 459
980 575 403
846 1017 854
183 230 860
947 690 53
620 941 913
1104 625 92
223 0 199
839 465 553
156 1263 1263
192 528 877
30 1154 1106
635 787 262
472 850 1002
1141 658 1136
91 334 625
814 135 786
27 958 161
424 1069 260
1163 1292 559
155 677 243
772 1194 926
1179 565 232
1288 934 1172
1041 796 259
1197 765 177
579 930 702
897 1318 749
784 495 879
805 1195 1019
146 300 163
594 806 507
1204 483 534
174 307 157
107 1185 1040
93 371 1043
1012 694 146
440 650 857
1069 6 892
998 598 831
1274 1333 780
213 586 82
430 81 1121
1319 402 953
1137 591 941
14 1196 616
1325 1281 799
1337 1230 768
329 940 901
1089 1043 1034
1329 451 1126
705 848 76
1113 825 106
367 500 373
602 1073 277
708 696 467
1293 182 1208
335 10 28
499 91 1121
1018 1206 1240
46 285 191
863 283 1164
99 409 838
826 124 421
504 17 15
155 122 306
558 800 1003
1325 286 165
698 1198 411
744 221 54
716 315 1184
515 798 687
765 621 147
797 494 201
83 1299 1214
492 107 459
1270 1157 1337
502 824 638
953 245 167
1277 895 1036
605 1218 716
677 1178 457
48 453 1084
919 632 343
879 742 1347
377 622 368
57 1130 1337
1294 94 1066
90 698 1280
818 214 19
826 1274 790
787 117 467
1321 1246 875
684 1101 519
118 27 1030
1204 1134 48
1281 167 303
95 246 382
351 1122 737
1364 1135 92
1322 1179 895
1233 368 572
794 833 267
194 680 764
402 775 1318
1325 1145 463
435 108 156
334 683 594
1071 1399 720
1255 793 640
318 135 6
765 1215 1379
395 802 735
1370 1390 453
752 371 1183
1140 126 500
1399 1036 763
206 869 1226
807 1043 1254
758 875 496
1410 78 1379
862 863 542
1244 1167 106
66 667 152
565 298 878
1217 806 486
676 1040 789
148 264 460
756 906 1101
198 1343 575
963 706 843
485 829 1118
1288 717 457
758 166 1162
462 981 1370
819 1017 89
153 220 1092
972 1312 823
1420 726 392
955 125 128
1152 1103 330
1408 958 6
986 25 1211
859 1016 344
323 1395 1015
988 531 895
317 1323 628
149 439 286
754 1386 998
320 1120 883
1360 1131 306
695 1216 120
728 375 1364
1008 120 185
1130 167 405
1190 448 952
301 923 270
1304 559 823
207 1098 470
1141 518 315
337 1015 832
904 1151 1154
221 648 1259
657 70 1241
284 687 393
1409 512 716
872 1378 1192
1241 487 1435
111 131 448
672 395 1111
799 146 985
899 412 544
1026 1040 558
1350 1275 755
1198 1397 1319
1095 130 515
420 1023 1169
358 510 612
765 205 775
1284 826 98
1339 1077 935
353 1201 909
1416 480 304
194 70 836
1172 720 180
1253 218 165
843 149 584
1371 1321 1300
1170 1326 1162
636 893 1312
240 957 652
1249 586 1236
891 700 663
1087 1459 476
806 452 1261
751 332 525
769 1018 1468
1241 691 566
731 240 894
578 1228 468
1471 1483 1132
198 674 136
931 1188 706
1035 163 965
1409 571 1423
1251 799 368
767 1207 1288
654 1430 1151
377 561 52
1243 1261 1312
1322 970 525
403 1452 301
532 101 563
780 860 704
444 1048 935
598 537 20
171 9 1486
342 463 499
523 631 1455
1317 759 84
404 1151 793
420 839 496
0 593 357
814 954 261
1107 158 531
692 572 1105
690 1481 674
1333 868 1427
1449 403 75
970 556 1068
196 550 751
441 1289 80
327 603 882
540 1358 1223
1201 1095 969
2 1138 633
684 637 968
546 1210 115
605 370 1479
410 709 151
1045 1513 1336
891 1164 165
693 507 311
665 367 34
497 96 640
870 634 204
406 1279 867
472 1451 274
483 476 1241
1414 903 1300
351 995 1178
704 1411 138
545 752 750
1469 901 819
1223 984 710
815 841 1239
396 856 1488
71 26 1196
1013 189 682
12 958 58
878 258 199
1431 1135 562
153 463 870
504 608 1022
1094 68 537
693 386 200
370 611 406
1405 865 760
1551 1036 299
960 1356 1125
706 1117 1198
844 541 384
889 848 434
1385 1553 844
1265 838 1453
1255 1421 627
528 1065 875
1464 1253 800
1308 1356 428
659 818 1202
593 1041 397
199 1037 37
1125 1248 251
1280 1485 658
1531 1323 105
72 991 1523
436 207 1166
1347 592 288
423 1203 1576
1252 1273 1338
1560 498 1223
995 831 414
1469 62 389
824 1345 753
811 491 1441
1519 1288 49
939 819 687
495 104 403
281 374 1484
913 560 1429
1111 221 1298
1071 319 402
883 962 813
1358 649 464
1465 295 411
1239 546 662
267 1336 1369
1538 903 1114
1351 45 902
1371 1359 828
1438 1382 1474
538 373 290
1157 932 1411
1049 1104 220
957 1544 675
759 6 947
1170 473 931
287 535 1187
9 1468 852
3 1338 652
571 22 1020
719 126 1098
1453 313 1496
521 157 828
633 1374 1607
808 122 1255
151 52 231
848 743 629
507 157 1442
745 454 1459
1129 944 1436
1455 54 512
253 1451 42
641 598 1029
1178 851 1541
2 1448 734
905 1328 1056
1328 1501 515
972 1302 206
1524 649 121
179 152 1209
554 517 695
450 1548 429
1536 1222 1101
1411 999 1145
653 723 336
704 1597 535
674 23 1434
149 1307 1558
1273 181 715
183 599 535
822 443 261
220 1054 1321
116 1586 639
647 1425 251
391 30 1343
1096 1169 1187
1643 1474 1401
1422 249 26
1069 61 837
1240 690 667
1280 526 815
860 889 1262
683 496 1311
1591 806 178
1391 1515 188
622 560 396
1528 1450 1342
1519 924 1488
843 712 1605
528 732 1081
352 1642 1536
1045 1251 1284
1131 1664 1413
133 139 462
740 62 1416
446 1207 26
804 971 877
1514 120 573
1443 225 411
1202 1246 365
679 630 1662
1627 408 34
1043 1647 1299
918 667 658
747 208 820
56 457 1179
924 278 1005
797 644 837
371 477 631
214 1463 1359
1346 525 162
208 617 1195
1303 803 1370
1216 269 94
18 1487 883
1611 1643 611
1473 307 434
193 534 496
960 931 225
308 189 422
1645 1296 1068
1160 753 739
447 1184 1644
509 895 956
1050 245 1517
987 44 1439
765 1370 852
1228 1510 1538
1184 228 148
1697 344 110
545 821 1388
1525 202 1121
1443 1538 489
1619 1083 871
1141 1230 993
542 1143 526
960 665 940
1193 525 1617
844 70 989
1547 1357 1062
155 1421 596
220 1467 1300
1364 1114 1530
1643 171 435
1278 905 266
1022 1139 897
752 1508 237
20 591 1083
1146 1646 1624
1291 138 827
857 1078 612
846 1320 817
594 1270 607
845 1381 1015
145 920 1493
877 29 246
26 351 1265
916 755 1067
1324 1457 335
541 1342 415
107 1724 237
844 162 1513
353 1194 1593
671 1725 531
916 768 1293
1273 798 1492
1278 369 842
240 917 420
174 1598 1152
1718 142 126
470 189 389
564 493 1620
554 1046 1529
231 325 1238
1483 962 714
1605 158 1046
786 859 927
662 1367 1611
1500 370 1610
1658 715 505
1131 504 1451
1565 310 1441
1719 1311 1096
64 1176 185
379 848 1131
1187 744 590
1558 429 805
984 212 1579
543 870 111
706 291 1746
707 1523 1739
854 679 645
705 51 279
15 887 1147
254 1067 612
897 218 1008
362 1151 1342
1635 174 1259
1184 1415 1202
779 1766 1148
1469 1167 494
434 1518 840
1511 1571 165
1044 603 1703
1226 1263 1172
124 1637 1775
1211 1317 271
1458 1305 783
1455 839 642
391 502 1252
713 941 1637
1327 1533 5
1115 980 342
754 317 689
1180 833 1200
1085 464 1035
313 1591 954
461 118 538
886 881 1294
490 461 1132
526 215 669
170 1661 982
122 1539 1047
415 1553 84
1342 988 269
1512 1131 193
1638 465 1599
1567 1559 1129
273 685 1748
1647 57 1649
821 668 1287
1282 1274 267
493 911 633
1220 1663 1239
1053 680 1054
1136 1452 1689
1496 236 240
1563 1507 1762
797 1211 925
391 991 67
1283 295 355
549 631 317
951 573 1516
1070 1421 1244
112 286 463
1752 82 263
1016 760 1650
240 1414 1223
765 823 723
588 1181 1556
296 597 1504
610 238 602
514 741 646
815 1295 522
1407 1124 1378
1364 144 1282
82 1815 1139
1587 1025 380
1390 284 1665
133 520 1719
410 1099 1125
267 865 794
255 1313 1475
1801 1278 1659
1099 1754 901
1029 1299 137
497 1350 56
1336 1382 468
1730 567 993
1489 961 1228
1639 1602 191
1829 1144 1139
555 314 246
452 1737 1357
315 1596 121
20 49 1092
685 1126 709
1534 1070 669
35 1218 1370
920 1107 1
118 1188 1646
1602 828 708
155 1824 803
1189 1778 1738
789 951 1262
135 427 1228
1579 124 710
287 1366 665
1566 1831 1431
1613 809 962
170 1446 1346
691 1545 485
1770 1065 1158
1548 164 1816
1408 1291 1163
568 496 483
804 109 516
1462 17 541
1739 1356 954
800 54 1010
977 750 37
1061 414 889
1107 758 617
95 128 538
1823 1520 1519
1746 1346 461
1375 580 279
236 1860 320
58 1419 1141
482 668 664
1567 1394 611
406 1058 1833
1761 348 1020
1592 1020 1243
139 1191 1076
259 1099 338
1324 1674 1848
288 84 1130
1781 947 1814
347 438 1846
1070 190 1137
1479 139 109
119 1866 572
1120 1178 317
595 1 883
20 1363 624
828 1083 162
838 1796 354
175 816 1015
1332 1204 878
466 1589 481
31 680 1568
423 201 1055
1737 1412 1725
875 460 135
1812 902 404
732 399 1741
1774 791 1563
330 837 1152
1130 584 1377
1761 17 1129
494 188 1089
1840 507 207
122 814 882
1236 448 1225
1616 1899 20
577 491 1559
1517 1582 1210
1230 24 1754
1510 333 899
473 1534 426
983 1507 44
339 1420 685
332 7 1826
1755 779 1512
1863 585 1634
1195 726 1792
1204 1878 1741
1794 976 1361
306 1557 1384
1607 1357 530
816 383 253
511 318 1741
353 1774 850
1844 1228 790
490 73 1202
705 1467 1030
1903 458 1898
1773 361 1770
969 1471 54
1228 1809 1772
1670 288 256
99 1724 1509
1677 14 302
555 1570 1353
32 1149 1894
1680 1105 361
1856 1650 1048
777 1895 621
1913 296 1712
1246 346 1812
1880 1897 647
536 1166 1369
621 578 511
315 566 83
1897 810 1019
275 1484 944
1155 1856 1594
1900 850 1128
1784 520 1125
1575 1038 528
1763 1113 780
1450 1055 303
17 789 638
1258 859 1840
1872 1452 227
166 1940 1110
1172 253 243
277 444 1033
420 310 1444
331 943 613
838 107 118
1281 157 1613
735 987 372
806 1836 1545
1115 885 77
1232 1366 1221
1977 568 91
973 13 745
1673 1678 200
1806 682 1241
1730 738 1513
926 957 1841
1015 191 871
1370 239 54
904 1625 917
587 803 1953
1260 1215 782
952 972 856
1249 177 1765
438 573 118
514 1212 1028
1714 1795 316
1419 928 594
1007 987 537
596 120 975
153 1354 647
507 1325 9
800 1491 1691
962 1511 683
842 1962 986
319 1112 575
1307 372 475
1723 1661 1524
1744 467 1426
133 1212 1192
1532 1193 1245
1705 1309 1781
779 1982 590
400 102 1605
202 3 982
607 788 1873
83 829 425
1071 464 760
487 1847 1320
1479 434 1657
1267 13 1244
932 1436 1381
969 1681 180
458 1703 1954
1090 176 699
1767 944 1808
121 877 1402
950 1525 1016
984 289 1149
229 254 1225
640 603 2029
1020 846 1650
496 1293 677
1817 323 1354
1710 1231 679
1638 1877 920
1811 1918 408
1922 1020 1597
1226 867 636
1364 741 897
1947 676 485
1208 1296 1618
1163 383 1460
825 1669 1575
623 665 1426
220 164 1579
689 1972 581
12 1979 1350
526 1963 758
1571 206 147
1097 1830 467
1797 637 658
1213 1567 1078
241 861 1251
1201 465 30
100 1022 1006
81 1943 897
1687 48 1920
1621 339 99
338 226 1604
873 1653 369
1256 1854 1175
565 603 1887
1989 886 363
737 385 490
529 362 1318
579 1051 253
389 402 1410
558 844 34
1924 1823 859
644 772 1747
724 567 1967
1528 857 623
1813 1951 589
985 1520 1547
171 678 874
1792 1980 961
240 1584 1757
1706 1092 860
219 1207 743
1719 1954 1189
1095 1 71
1366 89 1978
1666 1113 28
1345 340 71
1208 447 921
1390 640 260
136 1468 1864
1385 1514 1575
752 395 1365
1875 627 394
1186 1990 12
1691 258 1252
1650 1014 665
163 1801 2050
1574 893 1873
1966 775 1493
1410 616 903
966 878 1421
2034 1120 51
290 920 1622
2017 1525 449
1791 361 1156
1975 1964 699
1398 1398 262
1259 177 983
1205 1698 439
2092 1406 2086
1319 914 745
414 1145 266
485 1091 2071
1949 511 524
620 36 428
2001 712 30
1728 1180 1178
710 1824 933
1052 1368 1176
9 1150 1141
1624 751 1870
827 219 1345
1810 1478 2045
1916 1835 337
1331 947 1569
578 1182 1990
388 1975 2079
807 922 476
346 1076 522
507 565 29
730 114 1587
2002 1075 60
1151 121 778
642 1008 370
1445 1452 445
288 211 240
881 1158 1091
1053 2119 2095
2120 1518 273
1680 1410 885
210 2056 963
576 1545 1708
1568 1932 1533
882 586 1256
1720 442 1218
139 788 398
2042 1058 1385
1130 1096 1655
1227 1897 646
1878 509 1608
316 252 1024
433 254 1724
1822 848 1061
1931 1729 1362
1132 2082 1864
1297 1450 1805
1262 753 286
254 219 1737
784 1063 1811
1060 27 279
1697 1039 548
1373 1712 1471
2106 847 1526
1588 972 1602
1540 1218 389
157 1220 226
206 2126 1019
64 1770 1724
2137 35 671
465 1995 2089
1579 454 1372
81 1340 626
1439 1576 690
355 1691 556
496 1884 1111
1784 2150 769
227 1775 312
760 312 1245
1648 972 1213
1254 803 27
993 836 1570
1811 2099 1395
1422 2012 1627
576 1131 590
94 360 573
1887 1228 435
1200 487 1798
567 887 1609
2060 1188 1636
157 116 1968
838 1350 354
834 236 311
195 1382 171
611 214 257
349 933 1462
646 1516 1
967 400 370
222 186 1518
1568 109 1406
1634 1569 1422
698 159 914
1141 140 561
1390 2098 2118
149 1773 632
219 1297 299
1184 787 1860
1903 1219 1843
1613 1487 1486
542 1242 261
291 1250 1127
875 18 1414
910 871 1688
1708 1004 44
65 1471 247
1320 1572 1388
306 1819 431
422 1385 1539
229 1350 220
1885 60 600
2095 776 606
130 1259 2152
861 1399 2192
470 435 1579
1411 370 1551
564 23 1602
1691 1935 960
1423 2043 775
2062 755 1260
257 1980 477
263 1896 1885
1350 1690 1122
1838 925 718
1373 2025 2098
1028 1595 319
1304 272 653
645 833 1107
946 27 906
1673 1471 1742
1849 2200 871
1090 2139 1011
1642 1416 2160
1517 874 1597
2175 315 2223
1116 1559 1207
2185 180 991
1382 2158 725
714 1652 162
763 1660 386
778 1212 1778
453 412 774
589 521 1739
1004 704 1229
381 682 2159
1021 2133 1213
2132 1092 597
2047 1354 1905
73 2231 2219
999 1546 287
255 479 1925
1245 1175 1529
917 41 1294
1818 1326 2119
1057 1617 26
1935 1162 693
451 1512 738
2221 855 2075
1527 578 2076
429 997 880
236 1759 1184
1651 797 1394
982 2144 1349
575 478 1839
364 578 1070
1810 563 969
696 950 248
1146 1037 691
974 1053 177
572 1924 405
1577 942 1714
1428 1390 1329
449 2156 410
439 81 1868
1249 1035 1890
1762 1394 244
444 523 1439
1635 104 1081
2030 1138 1491
1396 1025 1683
1501 1270 2120
88 223 1807
1190 1309 1683
2163 117 1573
1647 709 2102
60 765 1185
810 657 167
327 1649 450
643 1842 990
568 1595 2178
824 638 1323
353 536 1951
172 1895 922
1894 1215 57
1731 741 1865
1705 98 85
672 724 1446
842 605 459
859 210 1100
1613 1926 977
1382 103 457
736 908 1222
1709 1070 2169
1769 1993 1243
1224 2067 888
397 1147 182
417 661 242
1175 338 2269
205 269 1249
1001 953 1573
776 1315 2165
1994 1854 1358
120 190 686
75 1211 668
90 1358 311
1003 211 658
1228 2071 1847
474 1303 494
230 263 1996
2054 1777 2012
1462 303 213
530 1339 2158
2219 695 740
2101 2046 1818
1409 1050 996
2099 1892 116
681 1329 2016
1780 559 422
1704 2104 1599
1467 444 2182
1285 1498 948
1040 636 1511
1828 1994 1295
712 119 881
1299 952 40
2094 127 2207
816 410 1658
1120 1733 362
1850 1073 1681
1530 521 460
826 1108 898
1544 1792 204
716 1490 22
412 1194 983
945 894 2101
604 1383 1005
751 2272 2173
1408 2123 544
1460 1612 1985
1145 1589 929
169 1614 360
207 28 1319
1618 1582 1659
316 689 1597
550 772 296
2339 264 1479
1970 1102 2171
1893 1219 1806
2120 2187 663
1954 77 2246
1003 552 1125
1967 1749 514
1642 1928 2203
1666 1950 143
915 141 1135
784 3 1139
1493 2066 5
446 627 2269
705 1351 2021
2362 15 162
2222 775 634
747 2133 934
1503 379 544
625 1710 1835
1259 467 69
1096 67 1243
588 2110 937
1941 1556 1147
721 874 1979
522 2183 2266
1164 2194 877
946 50 1148
539 315 842
2098 334 2318
1437 2351 1152
12 1981 591
2367 58 1248
389 1257 1291
2274 2215 2011
1973 36 333
430 1509 568
302 1855 1061
2351 1482 1265
13 1363 315
1325 623 1151
2049 645 522
31 453 2019
31 404 2303
1164 1850 1939
1198 789 1158
330 259 1367
777 2117 512
530 1175 1928
1842 1899 2274
94 1105 1461
919 303 257
717 1389 409
1548 431 1496
1881 855 1074
2308 781 403
60 161 649
1816 1601 1821
2369 919 260
2172 2044 417
2196 114 1374
2145 1714 915
932 530 1449
2008 1981 1642
288 1639 1843
154 1208 541
1211 556 1639
2242 2276 2160
268 2210 995
215 1028 2210
1703 99 2196
71 1699 959
1931 748 306
1029 1795 2176
2344 1168 337
2421 2080 470
1730 1330 1518
1316 2036 2217
1538 1517 1165
392 695 1220
1399 697 1305
1083 632 1507
1074 2123 1495
2021 1477 2395
1040 1830 2321
1376 273 1116
2 1697 2435
872 37 865
1091 1765 542
1030 855 1641
190 1615 914
738 307 1286
350 246 27
651 1710 2092
1442 406 2226
1772 2078 1650
780 2324 2302
359 1104 458
1872 1161 1400
28 2265 1408
167 1562 167
1777 2249 297
1999 741 2196
2044 385 349
225 2319 1611
12 77 2375
1663 379 169
615 1122 2437
86 902 409
63 267 1111
830 1675 36
1569 740 947
1513 178 1665
2251 259 1575
5 1407 2415
408 822 2312
965 1888 2225
1023 2396 2058
1716 911 1343
801 1397 99
1862 2055 1623
2167 1501 1729
327 1475 399
971 942 1793
1378 1368 252
1112 1173 922
188 27 477
1170 2339 2315
12 1346 409
3 34 423
1027 2177 1064
488 1137 1201
2473 1867 263
2434 1150 210
1126 992 54
2287 804 2207
1984 1783 218
34 6 1865
922 951 1778
1618 2395 1667
2158 2196 1064
927 413 542
2184 41 99
258 996 956
78 1232 2230
303 440 1308
1920 11 15
1824 109 1031
1151 686 1351
2004 1883 646
154 219 1254
1341 366 259
770 2064 1360
2186 138 464
966 1163 1297
2022 2359 1203
71 985 781
729 2346 1133
151 33 2
1746 1537 1878
990 1649 1224
1332 742 1476
940 2400 1714
1703 1442 753
546 1578 141
2445 926 1341
2202 1596 2461
492 125 2040
2489 2329 954
521 1783 284
418 1097 1745
1665 551 2053
1151 1009 314
222 2079 2191
262 2236 1924
1377 1420 2081
896 1204 1572
892 1261 2239
1210 1831 2048
256 2096 1220
902 2388 2394
1636 977 1182
748 961 461
1408 2296 1183
1093 45 90
1609 220 367
1776 412 1963
1645 1486 216
2473 1477 1028
211 1543 411
2148 1034 2188
2532 1630 1550
1081 2263 239
692 2505 2505
131 1450 666
1154 2464 889
1310 1577 2513
1417 2438 1281
609 227 2466
1171 2026 847
2212 1069 1614
2069 1390 2121
757 214 2065
445 1210 2111
297 1755 896
493 2016 353
1313 1989 1601
2469 2032 2159
312 2258 1137
2089 1860 581
459 119 699
1180 2533 343
1079 1069 2346
1511 1190 554
765 71 230
1764 120 1345
377 429 919
1136 1297 1484
1074 1635 286
2026 1909 46
1149 468 336
1665 1196 1371
1297 2370 225
1950 2041 585
117 2257 2116
2486 1359 239
518 2443 2552
405 95 1186
2090 253 651
1585 1347 1453
2017 893 344
1767 2370 1262
2370 2166 636
2515 1082 315
1594 325 43
896 2190 2032
1192 19 1823
597 1794 962
146 1095 1316
2204 2406 293
1761 1897 1942
1474 2403 1353
2443 1886 329
1101 307 2340
1112 1266 2143
1843 528 2398
1016 1846 1648
474 2590 715
2320 1064 1814
2239 1778 537
568 183 732
2297 744 2594
180 43 3
2211 26 465
1022 2173 1222
1453 2289 1882
2446 2531 1194
2421 1663 1325
2520 1637 531
495 2472 1388
236 2316 1416
1498 1215 541
2389 519 1425
1195 1106 252
2040 1195 2430
74 2381 2033
1385 1244 481
414 699 1413
750 1366 1375
408 747 2110
1405 179 431
664 1301 1626
777 775 1961
1515 2026 2088
1869 2563 1390
245 505 49
341 667 800
1392 1824 2171
2596 1051 2111
669 359 1586
489 617 1553
1735 27 1958
315 27 1158
647 645 2307
2148 2128 786
2616 247 558
730 1937 1828
1357 1076 810
1385 2544 1728
714 465 1504
2638 1040 2544
1515 1386 521
650 1278 352
1491 1407 1914
71 1290 2219
559 705 1907
2264 380 995
1574 2300 2448
707 1847 2018
420 1950 1708
525 1213 652
1162 468 337
875 622 2113
1859 2425 1714
289 251 1061
1015 237 610
2461 448 1031
191 2472 1661
2420 1813 626
587 1246 21
1983 1883 2180
1611 1602 1552
1424 1214 1908
2131 1283 886
71 1752 2533
2186 804 1647
2247 1069 1356
576 397 442
959 2485 1109
250 1273 1537
2628 460 2589
2287 2073 1423
1468 1753 2329
163 2397 2216
2663 984 2635
1324 2110 1686
635 36 1901
351 980 66
1113 2269 1916
2169 1194 2681
2218 2428 2011
594 1461 2459
1359 551 1103
961 2277 397
1177 2416 1038
1036 2498 1004
446 2091 1700
311 2216 245
378 2544 2565
727 1559 1439
2008 576 1532
2115 391 2473
1607 429 1537
1492 2073 872
2704 166 472
314 657 1108
2197 770 1301
2125 582 1870
1549 2097 805
1073 1956 1669
1790 2456 1819
2302 934 2065
427 329 948
1860 2670 539
1850 2591 699
1967 2366 1062
2159 1008 802
1096 472 2546
41 1287 2448
1867 835 510
1669 913 2194
416 2105 1845
1665 1979 545
1684 888 1049
166 996 485
1200 1799 1221
148 136 1551
789 1168 1817
1227 1763 1072
649 1956 502
1611 1091 2521
1416 716 976
1720 578 414
2723 146 601
1788 2339 1697
1450 375 2640
537 1396 427
653 2543 741
1922 881 1798
2728 2577 1141
422 2128 1188
1161 683 2042
2314 2535 1536
2426 2326 2482
30 2281 315
2346 230 102
945 2140 75
959 1276 1872
799 740 1474
732 1004 291
526 1062 945
1642 1007 2579
2103 2712 1577
237 2683 2206
1636 1505 2635
370 1923 1695
693 1630 1608
2542 1251 2497
735 1642 2432
1465 1576 467
24 1043 1292
362 1263 377
2697 807 1413
963 560 2619
1503 1440 451
2406 1242 843
1447 1673 1655
1817 2328 414
1705 489 2730
1129 945 1832
1721 1876 2273
1403 2286 1129
2067 2697 2348
1677 2706 1136
1048 2627 271
2611 914 2435
2375 2386 1365
622 1604 2636
1880 2413 1484
1518 552 503
1608 2275 2435
1900 812 547
2587 2365 1224
877 1025 2710
222 525 2195
423 421 1966
1256 2462 2317
770 2233 1343
2743 586 902
1801 77 292
1259 39 2211
490 2061 2375
1641 1488 608
191 1878 1092
854 720 2173
2223 1731 6
2525 2058 1785
2461 1207 2058
1574 1951 633
1906 2091 1176
565 23 1863
1956 1304 1414
1055 1078 578
2314 1124 141
1112 1125 516
1500 1027 2218
2644 2714 973
2288 204 54
1679 1392 2055
42 438 1086
2745 1245 1604
153 2646 1402
2401 1614 59
63 1136 247
912 402 108
2533 666 1752
2323 827 678
2748 411 1240
582 871 2271
2305 541 2566
2277 2214 659
2197 1722 1083
443 2254 1837
2037 1999 723
43 810 2609
1409 22 1170
360 2248 2210
2301 1541 642
1704 584 695
2575 2750 2205
865 876 1231
1070 1999 53
1978 803 2695
1733 912 641
683 1175 1334
1012 735 1277
950 1144 1476
2025 452 432
2695 2669 1304
1336 2798 1501
4 2259 1996
1946 1116 1071
2724 2440 2485
616 2574 1335
2295 1452 916
1510 1276 213
1122 2301 2694
981 1820 521
2480 560 876
1405 1432 2523
2232 1916 43
768 2519 735
1528 830 388
2052 2329 2479
2031 2745 661
1695 2067 1114
1949 728 1293
2700 571 727
1665 474 2724
391 20 649
194 931 2847
1740 939 2759
2481 2582 1032
2292 2299 1951
5 1740 699
713 2820 531
1285 2268 321
2406 1215 2790
1113 430 449
1570 1306 1673
2807 503 1399
2259 99 995
2631 695 2348
1622 1179 754
270 2443 1368
2037 1473 395
1817 2771 688
1402 2676 2431
1524 2493 492
456 193 2439
906 934 2276
2590 1764 1611
2784 106 2231
737 1585 913
2872 1246 24
822 1433 2575
2345 2571 2174
76 1591 2502
936 2322 507
2325 1035 1883
2178 1946 617
1497 2666 2655
1619 1574 211
520 2875 1727
2866 2738 2073
1529 2608 217
1538 885 1655
694 2370 1438
927 2254 588
1621 829 2227
660 1821 1704
2312 2009 1368
534 564 1725
2364 552 2201
1938 2591 1125
1849 2545 2043
2130 501 27
2655 1445 725
2401 976 1461
2485 968 2139
2204 551 761
358 1725 42
24 878 697
1880 1272 2263
801 275 1856
756 1453 2827
1402 1406 2331
1682 878 1132
978 661 503
657 2508 996
392 2561 2267
661 2739 680
756 2582 1063
788 2860 1972
2262 1158 2203
1698 1224 839
707 702 459
1276 841 1959
1880 1727 2909
14 547 1636
1389 27 2721
1798 1833 528
547 265 1589
1165 1862 2402
77 1904 87
630 1771 891
2270 365 1874
108 2512 2389
668 2537 2728
1601 1424 2313
2172 331 657
1787 463 2605
1250 2599 639
93 318 2165
2806 1969 1936
1344 1117 829
2421 505 2498
2172 926 1603
1166 2470 2236
529 1766 453
2068 756 14
52 2169 2662
1925 19 2252
1967 2241 2846
665 1136 2231
782 823 2097
2493 1201 722
40 1146 1719
2617 2121 1979
1062 1922 64
2002 2255 2833
1942 150 610
2874 2886 154
1532 1981 1052
2402 2856 527
94 1432 645
2104 1162 1396
747 2243 2153
2841 2166 1983
1013 450 1730
522 2942 1698
620 1987 86
1777 63 2421
616 304 878
2831 1905 1840
2588 2903 2667
1303 1149 1572
1077 2281 2442
829 1407 1806
1750 1942 1043
286 1349 2280
762 187 2388
2597 174 2702
563 435 174
2819 1947 2723
805 1313 546
992 2706 334
2300 625 1654
40 1030 1930
2502 2056 1238
1005 2724 2717
2299 893 598
821 1018 571
1205 258 1853
1821 1602 169
2028 932 2195
2000 1903 68
2783 1225 2650
178 894 2648
1224 1084 85
1935 482 2185
305 2539 2589
2367 1383 40
2238 2231 2860
840 2013 2806
2656 1346 1322
2671 968 2570
312 2185 1376
802 1954 412
555 2300 2856
413 2892 2275
652 2281 2213
1518 2183 490
2467 1625 339
1496 859 1601
11 1782 1455
2651 2609 1894
190 1767 2215
2351 426 586
500 1698 317
1285 1930 564
322 447 2735
1566 1384 757
363 1285 866
1348 1097 839
2656 2184 477
2267 523 2111
1968 2374 833
1098 1191 2506
1305 2175 422
2948 2749 2828
2410 2842 42
2230 434 2670
2457 1583 2746
653 2696 1982
2878 737 249
319 995 1844
942 2665 262
2682 1548 298
188 1482 1498
658 208 1699
2725 2079 1910
2873 1251 2437
1436 2496 2572
270 848 177
1237 2639 706
2298 505 1882
1507 1246 2800
2233 1573 2904
2797 1971 443
2187 2341 2213
300 290 1970
1161 1402 1321
2467 1860 633
2043 391 2730
823 1813 1756
1235 1902 831
1311 89 2352
2671 1696 1463
332 2669 2879
2063 1603 1172
2219 2874 2072
56 1549 2594
2166 595 2030
1562 891 2739
2193 2258 1183
1955 706 2312
2014 957 2778
970 1137 1590
2884 3059 1147
1712 1575 1839
2576 390 70
912 2543 1532
1777 260 663
1161 3022 1614
1298 806 2753
692 983 1445
3035 89 1615
1902 731 2291
606 2366 1235
2800 1198 230
2968 435 2659
110 1552 2691
1315 637 1988
640 798 901
1466 2573 1838
206 830 1018
2080 1936 2049
1854 484 1632
230 1793 1442
1787 2791 2179
178 1730 1812
878 332 2920
2406 1863 2227
1415 165 3084
2107 1328 843
606 2858 1518
792 329 2486
2652 637 2342
2600 498 482
1600 3097 2612
2287 405 1156
2353 2627 386
2168 1571 1218
930 2431 2470
555 2080 269
904 113 431
2279 2590 1910
2045 806 1885
2955 1170 437
448 1593 2442
1919 332 2856
2291 2560 1999
2977 153 2754
1044 430 1718
614 1434 2271
282 665 1606
1411 2745 659
2859 813 430
2636 1389 806
1263 2435 560
893 1146 3026
1770 1374 2876
2200 2869 902
1545 2602 2643
1990 3014 38
206 1212 513
1188 1928 2156
356 178 2280
1124 75 2553
818 1760 270
634 1470 56
2603 1308 2513
2636 3092 1628
1847 3122 2397
2906 129 1747
776 2710 226
2467 640 1128
904 177 1573
2194 38 1509
1389 1403 2712
2851 2322 2727
1887 2835 1480
1046 2791 1228
1673 1840 456
3084 1322 1326
72 46 3143
2646 1175 2859
1259 2374 2950
2922 1458 2168
1819 2456 1883
1693 304 2485
337 1820 1636
310 2692 1276
2863 2613 807
3048 996 2263
745 1692 2577
1706 696 1004
2122 1820 192
1342 1084 1648
683 102 2210
2794 891 2769
2178 630 1693
676 2306 593
1164 1732 824
2596 112 195
240 724 3160
2039 1913 503
117 2231 2160
2185 2885 377
1104 2423 2744
2388 1591 1796
1544 2123 1709
417 1653 103
1291 1714 3058
688 1420 2182
2405 1796 2825
242 208 2900
1566 1364 467
1675 2827 515
6 1629 1329
1069 3078 225
2461 2672 178
2600 974 1086
1048 1493 1737
2582 2441 2675
2709 2243 2328
3115 2590 502
1008 1764 889
817 41 2886
2301 94 2387
78 1938 1245
1588 809 1130
2440 2340 1358
340 371 1743
2420 1598 2742
2159 2525 1472
2385 1098 2076
739 147 1699
3118 2171 1535
3108 530 437
109 2398 1720
1975 2540 2280
695 337 1763
2234 774 2565
272 2247 2705
2010 3194 1233
366 126 2769
2793 2170 665
1464 78 763
2448 1393 2873
2767 443 2174
2550 2679 329
1460 2702 2482
1560 1120 1130
2837 1510 1848
1670 2941 645
530 1121 1525
1317 920 220
1847 1205 822
795 2743 1275
1345 1563 1501
417 129 69
1937 1282 2667
2631 1300 2651
2447 243 2869
596 175 1335
1855 250 2081
2944 652 1721
1002 2839 192
2785 1304 7
3075 19 3098
924 978 2264
1310 2873 1445
2764 2608 2620
459 2157 590
1624 504 1234
1200 2641 2505
1814 2013 695
2493 1384 1741
1796 3076 1907
416 2775 2830
2636 2750 3016
371 723 3146
3102 514 1709
863 3133 1021
3187 2896 1102
2929 2975 2383
568 176 325
186 109 890
2141 2821 179
1938 2303 2558
1171 1233 1880
1504 1643 1281
122 683 503
1630 738 258
1611 911 1578
1493 3099 2672
818 1349 2696
1211 985 1450
2950 2123 1220
679 1544 20
2061 1510 1582
2570 592 592
960 2980 2354
1222 325 1285
482 64 1421
1768 1730 2546
1782 1608 2248
3026 153 278
652 2309 598
2876 1723 1451
2624 3107 2045
789 33 751
141 1942 1580
1546 1674 3205
3261 1719 414
925 3103 532
1026 1257 1736
2974 1840 1470
2459 3120 1248
1752 1043 2196
2532 1707 499
3239 1225 448
753 3199 1627
1189 327 1774
1139 966 1300
1278 326 1752
2441 1440 1909
909 1267 2647
320 2729 3204
2557 158 2791
172 1002 2046
737 105 3281
2461 2464 2810
798 1087 2566
1313 2 2908
1351 873 1326
2400 324 2694
1331 2787 1797
3098 2366 2060
2446 1300 1331
2586 1761 2496
404 2283 1873
2749 2639 678
704 733 2161
2996 2284 2336
478 2334 536
1289 1959 1567
1203 2522 390
3309 1078 2040
1617 1741 1140
2318 1725 2129
2757 1466 2883
2631 2951 1149
1763 537 362
918 1077 1018
2006 3103 1869
1208 1415 139
1660 2066 2480
1383 2776 1541
3163 2640 3273
1372 1857 1548
3145 1761 2198
1707 1678 2404
2879 519 896
3189 724 628
345 3317 3122
3305 2860 942
2004 33 1640
1701 2692 301
2856 1392 234
3093 41 2836
1357 1169 2352
1752 1936 3210
2992 2313 766
2493 1458 2756
1675 1241 2396
3251 304 2
1935 2317 977
1139 477 2180
435 2029 935
511 348 1391
2008 3276 1321
2641 1773 430
2591 273 2045
2017 3057 3154
3187 2458 3164
2989 1360 516
154 3106 3023
1122 2650 97
203 44 2146
1972 2741 1220
438 1257 2442
2365 1513 206
2488 1507 1143
1455 1823 2583
2676 3126 20
1959 144 1643
84 2187 2408
722 796 2243
1142 2613 2636
504 3205 1155
2504 3069 1467
1450 972 3024
59 454 1527
1474 70 944
2131 1762 3366
1250 1446 2215
24 39 3233
201 917 896
285 1438 941
811 1837 2245
1023 2030 3023
173 597 2788
2841 899 1998
1239 96 1483
682 1694 1765
2380 2162 895
2525 1856 276
1823 3243 2423
1326 1723 3119
1926 2877 484
2584 1803 990
214 2232 1497
152 245 1088
2860 941 2268
1717 602 675
2629 1109 3283
1183 1502 2769
620 3079 2908
1039 3089 2606
2013 1350 656
957 3286 1423
1892 1210 3158
3312 2497 1261
915 2763 1149
3122 2348 40
1595 3145 1509
2067 2465 2136
1358 2838 1718
1305 2221 3335
498 102 1094
1047 2959 2595
2297 1635 2731
69 892 221
1543 2668 2565
999 2746 3059
2408 2010 3014
2765 2131 2057
1418 2155 1053
2626 504 2231
2749 1360 1715
767 2884 1930
2922 1037 908
3341 1909 748
2158 2559 1495
1204 3295 2495
1363 287 908
458 1561 3032
3186 2959 1721
1250 2747 76
1997 2897 2315
3329 917 3126
561 312 2899
2061 1458 1701
910 3185 3341
3076 1506 1518
2065 2787 1828
2661 2269 967
2728 2825 1103
954 1748 3047
3147 2736 1945
2855 866 2974
3155 2145 2360
155 2703 2568
3053 1854 1503
1418 1831 1775
1016 3237 1562
269 2212 2433
805 1759 1187
1050 1505 2554
1598 2887 2190
2930 1849 1548
3227 437 2974
2372 1819 2669
1401 2542 64
2753 3214 1882
2456 403 1648
3143 863 992
1827 848 47
152 88 242
1557 185 2949
1075 581 2152
2862 351 1780
1536 945 2761
1875 149 2102
3366 3443 2014
465 1288 1457
1744 2209 3093
1592 145 1487
2381 884 203
2492 1498 2478
2213 2223 659
3242 3257 3354
2989 7 2234
490 76 301
1364 1864 958
1915 39 150
718 3068 1983
2969 246 2218
1645 1196 3339
2109 693 2548
3382 2991 2101
151 2821 233
2646 3195 127
2569 2567 754
3369 71 3022
404 579 2518
1360 3245 2592
3396 816 1904
1707 2467 3417
2095 3249 1484
1350 2509 2340
3201 1509 960
1263 2681 2476
581 3109 1426
2831 3200 319
1643 2083 1307
2698 3478 791
3086 698 877
887 2708 2481
366 2428 1912
1804 1892 3368
504 3344 1954
603 2271 3031
2128 416 434
2798 663 515
535 2157 33
3051 3031 3166
3465 1664 2382
112 2537 1260
3267 3265 1398
1145 1700 776
3189 1270 2114
234 2393 3112
598 3274 148
838 874 1064
2271 2235 2887
2654 1413 381
2901 3406 2540
2378 3160 621
79 2956 1570
2258 3440 2324
1309 2459 3160
3238 2031 1510
1680 857 102
1122 2316 1988
3490 2086 2241
1395 509 1210
2921 3515 2305
1678 3259 1559
103 1352 3418
2114 3236 1699
2208 1771 2693
397 2227 433
1654 2616 2485
2311 3368 1898
1095 48 1247
3358 1103 28
2084 170 2902
2008 2530 125
396 2549 2260
2221 3354 3120
601 904 1703
2829 3196 1734
2807 1482 784
2992 2300 1802
2001 2075 1350
3004 3271 3456
1327 91 119
221 2603 76
1920 2130 3314
2201 3364 2809
1758 1075 2826
2237 407 2728
1986 1253 2905
1597 340 2989
935 3153 3238
988 543 3431
2554 2303 752
1262 2080 94
3385 2235 655
105 2154 1869
2273 1271 2022
2533 308 3077
3344 258 3424
2151 3520 3056
205 1712 105
1751 3430 1149
858 1284 2714
476 1156 1760
282 718 2059
1617 3428 1087
3433 16 837
1080 1142 927
3005 873 635
2029 405 1792
653 2662 1560
3009 2246 702
1937 1704 2793
288 2136 999
1366 3479 3116
3403 1437 2395
364 441 716
3280 1885 207
3163 2457 2234
1198 1624 221
933 1798 2476
2706 2770 2211
1201 673 317
691 471 2450
3107 551 126
3041 896 3094
1913 1784 647
2385 2584 536
350 1220 1014
3586 1707 1165
1419 2085 3199
938 2505 871
1946 1631 2496
1201 328 2942
1677 65 1051
1993 1766 2042
2821 143 1330
1628 893 120
3183 1 563
505 2326 3444
616 1027 558
2727 1945 1573
1283 786 2707
2639 948 85
3086 1460 3414
1054 3002 207
120 3135 2027
1449 2748 760
1241 3054 965
3338 3264 2711
3073 542 3253
1554 3590 1104
880 2781 3267
2885 3406 2177
3453 3568 2577
2297 3023 2379
847 3082 943
1632 3449 3515
3010 2075 200
237 2352 3376
1457 1129 869
2413 568 606
1313 1351 2412
3475 1405 968
1745 841 1786
322 1643 2563
2651 2909 530
2815 1454 30
1024 1407 374
2450 784 2161
2110 1083 1883
2409 2191 2134
2095 3322 1985
2456 3615 3267
2318 3370 2790
3164 1391 3400
297 3516 1601
737 747 23
2508 509 3582
1020 3169 3079
3175 1351 3211
3353 766 104
3161 478 153
1001 144 526
341 1778 1104
2740 2103 3499
2689 62 1250
768 422 2101
1166 3011 552
2713 903 1254
550 2147 1269
3203 2823 345
2714 2188 2198
1971 3629 1103
1037 157 2572
1058 2893 3587
934 2820 945
779 438 1373
2654 2150 1833
2881 2565 3040
1961 3443 2225
2335 1060 3279
188 3613 2081
1518 1724 1970
2251 3513 1128
587 908 672
394 3012 2600
766 2410 2446
3573 174 2291
2090 3089 3245
1729 1968 2515
1843 1000 2439
1714 925 1675
2771 500 2510
462 2348 2068
325 977 0
2221 912 1964
1303 3237 1519
1857 1021 514
2359 2655 2458
309 2018 378
3234 916 925
3478 1025 2152
2042 2723 3382
2837 317 803
2615 754 1976
3649 680 958
768 1824 3209
3027 1073 3213
1791 1923 330
2797 359 3184
2289 1893 397
1622 1288 1576
1491 455 3167
2328 2259 2019
2314 297 2597
2407 1647 3561
267 185 2932
2549 3082 3155
1861 2631 1221
376 1630 1744
2504 2262 1523
2370 2118 1482
2032 621 546
644 243 2689
20 30 662
281 770 114
3489 24 2921
395 3368 2098
2201 3515 2961
3136 2371 2647
3595 2528 1624
171 2777 1835
2483 572 1126
1113 771 2608
3350 2224 2740
2524 3012 132
1478 326 896
258 1415 2230
2314 3475 581
1584 2354 1723
2434 2284 2469
1854 2879 2793
1305 3275 2945
1346 3123 1817
3360 745 495
1788 770 608
1586 123 407
1031 137 3131
534 1511 835
490 2843 3519
3154 44 388
3076 755 2416
2686 3550 3271
1597 447 1354
2338 3731 3390
2664 3080 3226
1260 118 2049
1573 3498 2166
2201 1542 2848
3037 186 852
367 986 1614
173 1410 3052
1627 3224 344
3663 1193 3265
2811 749 3042
1510 2247 1511
3544 83 1300
3380 3322 2789
2088 2916 1657
3133 3713 2346
1161 2223 2098
1069 475 2515
223 1878 1151
1066 3092 1867
1274 3631 3691
3620 808 2478
2847 1398 239
590 3462 2323
2744 2788 2576
903 578 2574
342 444 1804
1924 1656 1566
1653 2834 1933
1488 1406 2656
293 3485 1688
2843 1486 2415
2771 2257 3045
3510 1892 2261
2471 1048 1002
2011 1594 3146
2770 3061 2499
1274 383 2999
1169 2843 2089
3236 3327 61
1036 2009 2565
368 2958 3171
563 3060 2501
446 2802 2697
724 1828 2352
3244 3165 2749
1971 299 2230
3643 2557 2797
3606 3706 88
2165 3494 908
2932 2964 2457
3295 1308 460
609 1090 3491
2089 2437 1732
3256 260 3232
1034 1462 1464
555 3137 367
622 615 2555
3476 1049 1444
133 1710 2263
3712 1077 2011
372 2598 11
2002 562 2896
2132 2426 2767
566 1864 2835
1937 1934 1447
784 285 2789
1721 566 3296
1546 1394 2058
1295 643 2233
3459 2206 368
3359 3614 3286
3712 2752 1897
1816 566 2552
992 3764 2613
2842 940 2897
2930 1968 1960
244 936 483
254 2200 3743
2928 2638 580
2869 3413 945
2883 221 1047
3201 974 1420
2058 3310 257
915 1567 2150
3526 1454 3806
3470 2366 3582
2033 1973 2263
1843 404 157
2447 2574 2335
1010 3746 2591
363 676 1328
689 2281 1636
19 617 3282
3311 1557 2726
3521 408 485
2090 95 3022
538 2454 407
3329 91 2583
2306 1891 1638
3020 3174 836
234 2891 3566
2466 386 521
3428 611 201
3345 2373 794
2290 23 1147
3820 2518 3644
198 2042 829
2884 2994 3809
3034 1097 3407
1826 1686 3100
921 1547 829
2747 2988 3097
1159 3408 2769
1213 2492 373
484 1079 1928
2583 1904 494
264 568 2541
1608 3392 1354
781 685 3599
3652 2914 261
3646 879 2051
747 2334 554
19 142 2793
1037 3756 3597
1181 2542 2177
2588 3366 3055
1941 2483 3636
3119 2564 3202
353 1196 724
2413 505 122
3026 889 1344
2909 3168 1028
3285 1597 26
1345 2237 636
965 1199 1871
274 3783 267
2579 114 2526
1960 1530 93
2250 819 2275
3678 1122 6
1373 2862 2772
3064 3049 134
412 285 3114
1656 1666 611
707 2179 2407
537 2195 1788
615 1085 2795
1536 1624 3394
2133 906 1625
3443 1676 2879
2926 814 750
273 1724 3693
3614 2529 361
1073 1052 3649
3437 127 610
2804 3714 898
1290 2831 3461
3576 2087 1108
3238 1332 1693
1560 2690 537
3670 3152 280
1197 1547 1482
127 2344 2229
764 594 3603
1449 2348 87
1201 3368 1017
1669 49 1876
698 616 2720
3826 3060 815
1649 122 73
2260 959 1234
2507 3487 566
204 3448 1657
3280 3565 1185
2901 2551 3742
500 1721 1614
1348 1954 1969
2584 1842 2268
1441 1986 482
2861 2192 446
473 686 2222
1786 2764 3034
3705 2481 2737
2066 264 3532
2891 1892 1916
3103 3024 3167
2493 2936 3561
2228 974 1313
3242 226 418
1224 1252 466
2132 3559 1369
2619 3166 470
2846 3307 1101
582 2301 291
2878 1756 2094
2161 2859 384
3464 791 2056
1990 2195 2151
618 2329 229
2326 2124 83
3474 958 3011
3515 1452 435
752 350 2011
1750 518 2645
3478 3014 1459
1268 1834 2879
1948 1134 3777
2894 3014 1977
400 3106 1089
1496 2752 1974
693 699 3681
1088 2973 2195
976 775 1208
1289 2630 2069
1421 92 3533
2951 117 189
3761 1348 1859
165 1376 2488
1181 2763 3923
2489 2604 1967
674 1285 1678
1379 3074 3042
2517 2929 3113
3134 2647 2597
1074 1685 3805
1609 696 2489
562 2121 1325
3315 2294 2974
1827 1659 3029
2930 3566 3544
3782 3369 1455
2385 1148 402
1082 1554 1451
1576 3403 251
3845 3449 1466
1304 1853 1581
1013 677 2020
2294 674 792
3370 2504 1764
3080 1663 1158
444 3963 1229
2985 1435 1282
159 2401 3958
1024 3669 270
1197 574 3019
1313 3701 3446
976 3086 565
2060 3609 3732
3541 3629 13
1316 235 1444
2973 1579 1637
512 1784 102
1569 2385 2433
3232 2127 2095
354 278 1752
3732 1397 3605
2212 2752 3093
441 3490 1949
3726 2909 2863
331 385 713
1390 1489 1401
1628 2353 1571
2709 877 2989
3795 3832 976
3199 3135 931
1467 2654 485
3868 3527 1444
2408 2926 3609
3354 2552 2472
3366 3527 137
890 1962 3090
2037 838 147
2330 3209 1461
3166 1123 2517
3227 50 3023
3840 721 1061
1060 1471 281
2937 1063 561
612 2527 993
2022 20 715
2792 1818 1884
3221 2718 3331
2359 2464 325
3104 2893 657
188 2204 362
1899 1188 2834
413 114 3845
3281 1761 535
779 3680 898
2919 1700 3303
2660 1293 1658
2980 3203 3182
3312 1525 3419
3400 2707 1535
2469 866 1866
3557 2049 2020
2387 1800 2185
1645 252 1977
3084 1060 3552
3563 761 2548
3796 3664 1105
1996 2829 132
403 2830 1275
2433 2553 2486
3925 2374 1796
2070 3846 2825
2645 2734 3078
3283 571 776
505 1143 2197
3683 1213 1794
3652 1069 2685
1088 2901 1373
2200 1126 3797
3580 1903 2957
1717 744 824
3710 1828 1252
1151 3402 3880
3491 3259 690
1928 849 2022
1650 942 1487
802 217 804
1011 1878 1931
3774 1198 2157
2622 1403 3091
2975 929 371
816 2296 557
473 801 1425
2277 348 3522
1289 2203 3677
3405 3233 675
1348 3172 3929
1311 3003 3605
2909 877 1640
2267 2820 140
3804 233 2226
3105 751 3696
1496 3439 1512
1812 366 3545
1623 2926 3120
2037 1126 3100
2606 3363 374
3869 3534 744
296 3045 3060
3235 1178 1650
148 1387 1186
1108 3203 3606
3194 47 280
3970 3404 4007
3838 768 1362
698 339 3485
3393 3896 2829
3718 991 2514
3403 2970 1285
1740 3194 3817
2321 157 1569
1480 1830 3214
2151 436 581
462 1893 135
668 2260 4047
58 2910 3146
726 2301 1142
3023 2541 1781
988 2095 145
1444 3992 1560
3329 1439 3175
3090 3710 3521
2015 423 1757
91 1202 905
1711 1225 2457
1366 529 3038
2215 1962 1768
889 3749 1452
864 4005 1107
1296 1419 2381
3777 3781 3767
3865 545 3102
3879 1746 3317
732 4079 115
2003 1087 1989
2416 3352 3998
3760 2861 184
2651 2080 3883
422 2052 3549
2121 2069 3485
2198 2402 733
3322 3818 1069
143 3985 23
40 3754 3022
4122 2763 1413
14 1951 139
2545 1881 4098
2884 972 2222
2029 1116 2807
2982 2056 1634
665 3176 1437
1410 3564 2382
3405 1891 334
1842 3066 839
1369 2438 1837
3432 511 3935
41 1399 491
2378 1511 623
3023 1994 1431
4048 3634 1142
2061 570 206
649 1172 2806
2653 1217 3435
4066 3030 3008
134 48 612
1304 2973 846
1528 2784 2022
2231 3136 2418
1398 2948 3371
233 3766 1887
3304 2441 958
895 2012 1836
4094 1017 158
1639 1609 3895
1473 4025 1755
3907 813 335
2621 2914 3052
2004 1921 2732
3493 4108 2186
3494 2512 4147
919 3105 710
1156 3787 2897
2724 2798 1663
358 3186 3168
3168 4133 3457
3784 1419 75
3193 1110 2191
2524 3450 427
3414 2610 3671
2576 2772 1121
1662 3844 3400
862 26 3221
230 770 431
1551 2619 2805
3434 2122 1546
3671 322 3106
2539 3896 429
419 305 1236
4033 3194 3307
1343 1549 3343
4045 790 3756
2381 2702 2679
1245 96 1873
1291 988 479
1904 1366 2772
1451 829 2168
157 1445 1917
3788 664 98
1216 1944 2075
2540 2037 1670
2773 866 1322
1032 3932 2108
570 2354 3496
1252 1419 3761
2054 2768 2008
3038 1418 1532
999 93 350
806 3236 562
3986 2430 2185
652 3982 2848
2377 3381 2176
1340 3922 3359
2095 2496 620
3531 3616 1067
2786 2805 631
667 2290 3879
4083 1164 896
2908 1961 2059
788 2369 2204
2995 2831 3304
2813 3258 3909
811 2364 390
3084 2487 3947
2583 1043 2104
3652 1100 1197
3600 2717 4137
2701 1586 618
853 1050 322
1879 520 534
640 2820 1342
3660 2817 1626
2784 3454 349
462 530 1482
255 3021 3026
738 1355 3987
266 2156 3983
1955 753 2838
1767 1068 1765
1364 119 2323
2371 2018 999
2038 3533 492
172 3134 3693
3574 1733 731
336 1868 1252
3642 2603 903
3935 2046 577
618 3418 527
3232 4111 526
336 2590 1640
238 2159 1569
105 2213 1455
3685 3384 958
900 4163 2453
1335 1764 3935
610 743 3131
788 3111 2675
1871 865 3899
2623 2962 1779
130 1959 2385
3879 446 1778
78 1087 748
1801 4042 4151
259 936 3596
4195 1805 3998
382 2241 3219
3544 354 1618
2170 1593 2289
1468 958 1929
3169 1466 954
809 2487 1264
941 510 3125
2622 1863 716
1109 2105 1160
268 3341 753
1363 3489 765
1245 303 3560
93 3074 1885
1960 4104 546
2615 459 3818
3923 2283 3492
2126 1521 1842
2550 2206 1444
1552 170 1786
3988 2622 1384
3220 3056 2847
1454 3235 3375
3698 1138 2286
106 735 3377
38 421 2765
822 3774 925
3770 3899 774
1093 3430 325
1854 3889 1773
445 669 2439
95 2804 1632
332 2856 3942
3147 3370 136
2284 3163 3859
725 2360 29
1501 3925 1035
3560 1283 3949
3869 2766 3123
3204 3735 2520
4217 968 394
2517 1053 985
2262 2138 3816
3709 3738 1101
1357 512 4290
1669 2303 194
2825 4032 948
4190 3502 2663
1085 2580 2705
4260 3428 2555
3005 2229 2005
147 1836 2252
3461 2386 3501
2619 3069 4109
3638 124 2839
4197 1144 3482
2352 2914 1221
107 4129 2036
594 3339 3453
2017 93 2599
477 31 1439
2589 599 101
4140 3457 2996
4306 2052 3015
2740 2926 1364
1000 2663 2389
2177 1048 588
4269 1831 1827
3957 1697 1590
3843 1257 2336
2743 1742 3642
3143 1007 2359
3490 3767 2294
3482 3396 2154
1033 3141 4135
3643 1740 4139
889 88 2526
917 2513 679
1682 2774 463
1455 3088 2213
3901 855 1868
3841 2729 97
492 3658 1619
3250 1511 4055
1134 4177 2348
3609 3910 1725
1426 520 228
4119 677 2409
2874 2789 1712
2487 1001 2772
2457 3169 1172
3493 3098 4124
3498 2468 462
590 549 3603
3871 2486 3450
2633 157 4214
2779 680 3320
2641 15 1230
814 1334 1310
89 1298 1675
1706 3874 1512
1957 2603 4131
1448 208 693
3069 4172 1784
303 2382 2362
3818 3682 895
1434 3968 2788
925 1043 1137
435 4295 377
2482 3364 2846
4103 378 1245
2303 2354 2166
2534 1069 1277
2802 4292 1694
2451 2363 2508
921 763 3715
1884 2774 1292
46 20 644
1070 610 484
3460 3971 4137
3352 2488 2429
3242 552 1385
1688 3900 1165
797 2765 596
2741 4035 3820
1684 3368 702
3052 1106 735
2629 2654 3811
2901 644 3584
2128 481 2245
724 2919 3463
2176 1948 2024
2339 1130 1189
2062 1821 2389
977 4125 3459
2784 683 3945
2434 1128 3777
1208 1988 2251
709 864 3900
685 2086 933
1451 4273 2388
4218 2441 307
3380 2161 1858
2356 3544 3725
3500 414 3617
1531 144 879
1185 3593 4339
536 719 339
302 2282 1068
1967 2093 2781
2804 869 713
369 1782 4210
668 950 3488
3484 3789 2870
281 2291 2457
1274 4355 3816
1802 1748 2290
2792 1922 1135
1911 644 3833
1393 2492 639
2635 159 1847
747 3308 1345
213 3668 2430
3784 664 3613
2793 3533 1425
1244 3546 4166
2807 950 668
3106 4383 287
2875 1742 872
3328 3878 2490
1244 136 1909
2046 2655 2059
1269 2284 175
1502 3623 1231
1945 2449 3147
4185 3299 1996
2830 4171 1223
2915 3940 1594
3717 1052 3355
3833 651 3524
1097 3088 4420
3017 2091 2109
852 1703 448
3973 2227 1567
812 867 2132
3266 932 2140
1296 4260 1551
80 3593 4169
941 2830 2895
3338 830 4256
1464 3244 2832
71 4319 694
4407 1506 2050
4395 3964 1258
4176 1199 3954
20 565 3689
1849 298 3679
4238 853 2211
1255 2992 436
1827 3597 28
1391 28 1082
4371 1068 4279
2880 407 1901
2444 1229 338
1654 2453 3563
1796 2213 3903
1126 2203 2910
4120 59 2628
3822 254 2758
4086 3130 1862
1567 1904 3448
1863 1555 429
2690 2457 717
1092 432 4419
2523 4101 2893
2162 4390 2141
2443 2578 3331
175 41 4341
917 634 1729
1456 1248 2043
1765 782 2274
21 1302 1247
3864 2624 1506
617 3067 2333
1017 1964 1349
3043 1707 4045
1555 3303 2813
3030 2352 1368
1458 3775 3799
2627 2500 3242
344 1598 4329
51 262 3189
3459 951 2812
3279 2664 631
685 1535 3259
409 3322 1786
3607 2942 4372
1386 551 1261
442 1211 1367
2026 3301 3707
