4695
0 0 0
1 0 0
2 0 1
3 3 3
3 2 1
1 2 4
3 1 3
6 0 3
0 3 7
4 0 5
6 6 4
6 3 9
12 4 11
1 10 12
7 5 12
1 3 13
2 16 3
6 12 2
7 18 15
0 1 17
1 12 0
2 3 10
9 18 21
3 10 8
23 12 10
19 20 12
3 17 9
23 22 20
8 11 8
29 26 8
23 26 3
11 11 4
23 18 18
30 30 15
33 19 26
26 14 32
16 5 14
33 9 36
3 3 30
33 39 35
0 20 31
21 37 36
10 20 30
15 18 32
14 20 18
8 43 30
17 27 7
43 23 27
23 30 24
44 13 35
7 32 17
0 51 12
27 45 49
30 0 49
8 3 38
3 13 52
16 0 5
7 15 47
6 6 14
1 4 22
14 47 17
11 1 10
48 44 31
37 26 1
12 23 12
45 2 64
60 40 56
55 18 50
37 30 34
31 12 19
41 60 24
28 24 70
27 35 17
40 54 62
43 27 28
12 46 14
32 45 38
24 45 40
40 20 1
55 7 15
14 78 35
34 36 59
70 22 12
50 55 56
51 46 33
30 45 82
63 47 3
45 39 61
54 82 31
77 9 10
55 75 7
26 32 82
42 6 54
73 9 35
89 21 25
62 62 19
7 24 79
62 89 33
43 35 94
78 77 11
67 16 63
34 13 94
40 73 24
55 57 71
1 56 100
26 70 10
5 20 103
95 18 50
57 46 9
48 55 9
71 55 60
26 101 101
89 37 78
74 18 27
105 71 62
39 9 16
45 29 71
24 43 90
68 66 37
45 87 59
41 10 61
26 38 17
51 74 0
65 46 36
1 82 105
56 50 58
24 95 1
98 76 13
119 56 118
40 8 97
69 53 112
52 128 111
132 100 38
108 88 81
84 72 40
107 15 130
109 19 24
83 42 41
10 26 67
26 74 95
42 139 58
40 15 115
38 13 96
42 88 128
127 113 19
51 118 137
131 18 43
112 147 79
30 99 83
75 119 124
102 5 30
142 100 40
19 94 147
93 24 32
29 122 87
17 118 76
102 104 89
124 133 41
143 35 142
151 46 59
15 101 15
39 108 128
59 136 91
113 3 132
61 57 120
161 66 85
73 101 106
143 76 151
119 2 159
69 2 165
25 160 144
117 40 122
37 65 56
125 18 93
60 75 2
19 47 5
156 42 18
94 132 26
91 17 13
12 93 133
65 76 179
141 48 143
139 173 45
56 125 5
180 21 109
146 153 95
57 171 140
45 169 43
130 166 87
45 49 114
169 114 63
36 78 140
187 37 134
111 63 12
109 93 45
183 46 92
179 106 17
13 85 106
30 66 23
138 165 189
17 130 131
201 99 38
30 56 6
91 104 78
145 60 192
35 58 32
42 79 4
187 166 53
37 102 7
183 57 141
139 128 147
84 23 98
55 175 172
161 20 95
145 66 80
157 109 184
164 30 165
171 168 35
177 194 96
79 48 159
102 180 208
174 152 207
218 18 161
189 49 54
101 90 172
148 221 64
23 40 38
123 87 170
159 91 14
61 46 144
80 137 111
88 52 80
146 52 72
36 158 123
175 43 198
123 78 203
81 27 224
229 122 55
41 156 196
19 196 235
95 24 1
210 231 210
127 67 190
114 82 97
231 182 12
85 100 19
85 46 64
115 76 194
56 230 0
13 193 88
110 202 191
79 229 30
69 180 93
207 135 52
233 67 27
134 232 176
246 100 40
9 7 171
193 174 203
64 181 104
145 32 129
166 87 188
238 106 22
180 82 137
107 100 0
118 69 244
159 150 139
36 263 223
126 49 47
184 138 135
138 75 257
5 234 270
110 31 269
80 93 254
149 95 167
263 37 101
153 153 105
191 158 187
129 3 10
251 26 122
85 126 89
165 257 52
104 184 99
282 91 1
275 70 116
270 44 25
10 248 114
111 280 274
140 130 261
104 29 196
82 107 200
203 112 133
87 112 242
216 276 258
124 16 115
26 217 29
101 69 50
96 75 107
267 291 253
140 258 299
51 41 233
270 183 39
248 165 58
291 269 189
141 268 196
241 231 44
34 39 287
134 206 62
242 175 148
209 116 137
157 46 73
194 86 215
290 32 183
246 153 267
124 200 308
276 107 19
44 186 207
27 107 84
105 7 17
86 73 179
40 301 170
160 167 284
121 180 240
250 125 312
140 132 194
221 2 30
70 268 38
120 317 99
118 151 196
278 89 20
183 231 33
283 299 263
116 158 306
250 44 300
263 55 82
230 31 97
250 13 95
193 170 321
85 127 320
3 241 94
287 279 15
11 32 158
293 328 38
126 100 145
163 67 256
285 240 54
55 334 261
11 43 225
237 257 209
170 10 163
110 312 293
255 339 172
4 234 46
61 55 23
339 291 322
267 118 191
163 352 235
117 338 22
208 74 174
83 42 317
146 8 153
85 153 188
44 311 255
123 252 83
128 135 91
97 242 169
186 241 174
248 267 247
252 270 69
48 352 48
350 261 17
196 84 228
184 284 273
68 133 193
96 208 60
312 137 151
316 316 229
59 274 268
85 328 227
140 110 62
184 379 15
155 250 178
81 63 137
139 29 362
6 166 74
29 320 168
382 217 113
223 362 161
131 206 382
34 333 96
154 335 207
316 138 166
300 277 169
242 66 143
116 285 339
384 275 82
188 285 199
291 48 295
65 397 189
145 177 234
300 131 132
55 251 72
227 108 320
349 104 258
185 88 153
152 320 186
7 385 325
170 277 7
121 196 247
395 122 309
257 214 40
95 202 325
276 201 149
239 220 216
21 192 396
366 297 90
362 226 249
274 183 67
406 358 257
98 403 183
15 55 407
272 286 380
303 131 117
162 104 259
40 176 231
383 103 79
383 71 273
130 44 145
201 188 226
290 135 22
288 38 411
84 423 200
379 218 373
208 387 123
77 196 393
258 64 124
360 3 167
203 14 0
165 313 58
436 200 376
383 132 406
93 356 22
49 309 338
61 311 390
41 274 243
433 194 0
214 53 52
67 101 179
241 371 387
2 202 65
232 212 399
69 200 129
303 206 419
135 299 251
61 83 429
296 351 380
446 298 103
329 117 330
250 442 183
18 212 334
166 280 289
39 74 413
415 419 196
188 17 441
111 140 372
88 222 462
221 336 355
451 332 304
373 75 136
231 427 286
135 67 97
455 336 152
48 462 66
339 108 261
276 73 226
126 223 165
451 179 211
380 281 304
49 361 140
365 262 266
113 249 164
201 127 435
350 291 0
279 19 364
426 226 240
285 99 247
88 263 440
249 327 57
478 298 284
85 405 161
200 269 40
95 391 100
303 460 251
225 249 420
218 467 282
437 298 450
473 230 183
463 122 81
322 423 187
26 319 287
102 369 140
127 487 154
186 98 2
451 410 147
12 116 93
29 260 336
229 172 90
432 470 192
343 2 194
22 241 186
403 215 308
171 95 415
219 205 305
357 158 370
47 252 44
64 49 241
489 310 191
374 153 274
96 389 266
505 301 92
346 32 185
220 193 7
447 284 360
192 155 444
251 419 366
177 6 307
358 181 393
42 156 357
468 416 439
67 216 80
524 505 22
300 320 170
43 42 11
222 68 36
516 471 516
35 408 119
198 185 140
66 41 405
520 158 152
95 42 18
44 241 7
442 416 248
211 43 188
14 125 149
372 226 342
357 38 430
332 367 26
279 421 495
7 486 329
349 284 235
516 443 139
498 395 231
382 409 463
77 353 348
523 109 467
353 454 80
133 177 339
145 472 119
325 227 521
530 74 423
542 227 193
59 14 112
531 234 549
526 117 258
477 334 119
116 436 515
327 202 243
462 182 199
410 14 333
262 357 282
214 196 432
412 367 347
293 283 310
367 504 107
467 481 172
206 71 40
53 0 40
366 162 20
279 379 368
275 465 57
117 141 226
417 373 235
446 147 513
398 20 203
317 507 511
33 537 85
57 272 3
363 309 79
123 142 337
437 160 180
291 397 141
71 496 282
47 461 419
187 590 432
31 16 65
270 445 532
415 143 28
167 299 352
313 407 391
83 252 496
139 176 455
61 569 207
388 257 291
75 482 50
206 369 402
104 63 338
35 404 203
428 434 137
17 480 330
541 361 36
598 255 549
119 165 483
25 253 156
450 215 440
325 162 47
341 517 565
124 60 3
235 445 205
575 29 380
331 444 612
615 53 310
341 388 341
602 278 256
453 231 19
314 240 369
28 165 451
443 481 166
154 616 370
382 618 109
231 147 11
19 97 361
244 40 505
52 312 112
407 183 282
228 332 357
136 348 132
430 350 258
206 72 487
86 311 555
114 414 54
172 488 101
583 482 1
620 462 294
360 395 400
404 409 575
609 163 228
621 272 424
640 535 481
407 135 570
643 406 638
273 518 271
188 502 152
458 564 228
251 325 449
473 143 450
365 300 378
328 287 218
103 568 606
415 555 508
342 42 22
210 539 136
176 122 511
21 466 651
75 511 165
222 466 472
639 298 338
342 179 90
345 100 28
220 436 345
582 113 402
4 390 522
105 48 430
74 1 26
328 428 542
47 238 193
622 543 73
423 393 239
91 487 540
523 481 597
556 387 226
548 235 658
18 164 38
202 412 69
359 331 621
327 60 197
432 19 545
595 636 271
256 316 71
190 415 639
155 38 549
596 210 566
400 18 368
162 87 482
261 605 444
535 211 633
96 454 488
226 630 494
451 65 139
646 188 105
97 246 257
315 621 271
339 178 665
16 481 369
661 632 154
267 662 184
334 594 235
103 278 356
411 492 420
13 667 663
332 706 247
506 476 694
105 54 208
630 228 31
595 517 637
89 170 501
416 360 237
359 636 609
329 550 107
692 509 345
355 295 651
20 10 553
714 568 23
88 443 192
716 377 47
531 533 203
349 139 102
498 253 605
377 115 686
514 129 6
117 264 282
406 181 712
630 159 687
481 468 526
283 603 99
634 635 157
51 458 249
361 204 622
456 622 331
483 264 348
536 711 718
410 630 299
654 62 56
232 727 733
626 271 101
214 289 181
386 24 500
704 174 321
181 164 316
423 159 212
26 543 391
460 465 721
442 269 421
456 521 370
594 626 174
748 179 559
271 23 388
35 478 400
270 665 138
743 156 321
676 20 548
450 698 691
177 8 482
735 173 361
193 211 470
192 434 730
418 572 567
180 686 32
735 196 124
391 631 46
533 309 696
727 628 702
92 640 365
716 703 343
409 278 154
367 43 315
82 625 556
525 80 548
396 552 306
580 2 446
712 375 618
352 171 499
85 779 488
610 98 593
751 646 103
563 249 539
60 429 34
704 70 163
568 306 194
365 434 8
789 718 4
234 699 549
438 218 327
613 400 426
781 605 776
547 185 664
39 735 346
730 433 485
4 74 439
518 184 349
408 453 409
768 657 516
339 111 716
468 515 628
184 132 137
473 174 131
562 664 195
357 637 683
350 190 217
614 563 545
88 309 94
761 449 104
95 162 809
679 157 46
791 729 336
577 31 689
120 507 476
748 798 439
269 495 407
430 240 560
368 644 354
31 98 752
16 119 102
797 282 812
509 240 495
346 446 45
583 408 301
201 124 251
257 2 515
666 251 786
246 90 84
471 513 251
475 369 407
344 154 201
558 731 180
452 801 621
278 708 159
467 628 294
600 369 332
825 773 705
32 435 420
723 634 471
817 379 183
429 567 832
148 681 772
725 97 367
208 74 270
39 218 706
665 281 483
320 425 843
812 163 497
523 794 28
836 284 265
327 540 181
735 7 41
610 752 652
732 510 156
735 397 796
56 725 112
744 710 483
654 301 675
371 456 438
430 307 133
224 617 36
295 602 813
591 518 733
846 206 622
101 250 866
162 4 56
510 200 394
437 468 352
498 269 810
856 536 414
30 96 559
353 94 258
511 842 589
228 544 721
812 570 241
598 81 592
30 706 163
766 557 584
811 503 413
756 108 17
705 529 266
814 55 558
627 643 494
721 806 330
695 355 314
54 634 77
269 614 27
77 377 531
134 249 880
862 685 517
24 810 230
853 681 207
574 694 863
397 570 773
221 773 51
157 385 504
362 113 632
196 582 196
137 62 71
242 730 770
834 350 55
743 160 592
889 184 106
265 566 368
21 245 903
556 275 187
253 180 343
388 182 701
200 571 64
308 175 422
267 558 334
99 747 381
43 316 870
124 773 460
64 358 615
533 213 324
917 663 704
664 806 155
779 350 9
909 444 233
228 452 387
697 707 581
155 686 112
64 185 699
658 722 322
902 379 845
258 557 504
768 320 249
106 158 636
80 863 468
842 770 684
812 473 444
120 171 698
601 504 398
132 385 333
535 82 394
798 486 914
648 698 298
273 184 766
206 249 421
338 501 4
209 891 148
367 565 42
738 330 46
78 527 627
556 138 6
322 855 339
597 456 9
560 648 256
197 177 847
916 517 569
664 852 945
665 690 938
654 213 764
388 850 881
786 276 515
367 387 544
848 254 845
269 355 315
46 859 243
251 801 897
656 239 724
556 693 198
50 10 355
731 944 300
544 320 618
167 796 418
621 595 426
350 630 272
0 60 516
444 657 624
604 954 722
507 76 834
211 162 793
10 802 54
885 583 627
765 280 330
963 318 979
712 966 383
84 262 115
74 41 941
260 789 645
146 628 224
647 295 420
514 413 680
696 525 648
602 495 885
53 924 847
212 458 15
214 666 599
738 928 982
629 771 883
588 4 177
494 935 519
791 392 139
588 196 642
757 448 78
238 616 532
656 29 737
675 191 316
734 333 735
442 417 905
367 265 621
817 453 218
414 247 133
90 136 325
933 536 709
60 278 196
777 569 473
84 188 580
381 535 384
427 245 760
383 660 943
497 660 90
614 88 327
275 397 302
413 669 871
422 105 27
122 96 658
564 45 573
558 746 236
753 733 577
410 888 103
245 236 51
980 244 78
428 375 416
590 377 522
311 168 303
678 63 477
280 188 189
195 449 856
410 951 62
812 570 788
1032 432 607
747 375 936
1020 189 13
262 257 249
349 38 269
976 810 399
1001 911 725
695 347 899
881 536 248
906 926 441
110 531 785
262 804 785
438 843 673
470 811 867
872 240 899
591 290 195
934 438 836
662 323 50
440 243 318
746 92 591
94 1006 187
369 443 686
559 538 46
484 955 913
651 668 808
1019 645 920
419 833 533
265 803 678
12 947 323
964 291 56
405 158 208
540 699 647
80 1009 918
732 552 589
225 846 323
78 470 747
143 221 993
161 941 444
727 735 311
893 749 103
847 690 370
1035 712 64
878 330 592
326 377 329
819 1070 486
933 437 5
686 217 525
880 307 441
505 883 787
50 1039 91
227 395 393
462 691 290
560 673 271
807 991 159
886 451 556
11 849 121
908 936 299
13 611 435
726 943 692
579 1021 210
653 138 258
395 295 547
513 236 900
274 537 51
999 899 745
171 134 896
752 197 110
1010 445 535
92 1074 538
693 1083 830
790 625 402
901 79 262
713 156 599
223 505 879
194 308 1075
1076 923 86
323 716 802
1086 413 846
680 388 25
338 1001 42
438 324 642
240 319 642
803 551 1000
421 616 539
1050 1118 118
274 1067 629
77 152 586
695 531 891
391 500 918
860 885 541
771 914 107
857 1061 521
919 347 189
800 259 717
1019 412 435
39 692 745
1052 296 747
221 859 118
644 204 231
901 448 321
972 916 130
988 213 213
696 598 236
220 525 35
139 975 1132
610 55 71
1006 97 766
39 247 216
1081 1026 688
937 1007 305
418 663 1139
891 989 274
1037 807 870
821 640 84
1092 532 213
424 146 676
537 92 309
667 558 225
276 1143 296
1079 1075 1108
888 320 791
472 910 1126
473 817 328
653 268 388
585 500 180
654 678 875
735 10 1064
464 934 288
223 1052 25
684 0 746
140 690 271
970 601 527
219 135 691
344 417 519
1027 770 1089
355 406 121
419 287 110
1007 854 1116
617 255 539
1089 318 38
454 1100 383
487 279 362
825 43 240
802 218 730
403 216 326
693 732 699
85 31 53
1176 2 17
2 987 686
949 275 531
312 141 31
271 510 401
722 849 934
712 668 102
133 326 638
87 577 634
1184 539 242
556 399 1022
155 1049 12
860 197 491
954 943 1085
405 37 570
186 1176 383
178 914 331
452 370 1171
29 340 1134
861 1159 199
434 585 726
10 1046 978
1065 186 1150
937 726 1038
970 702 772
902 1021 260
949 153 95
362 826 1157
549 728 54
295 1195 116
100 561 919
1095 891 678
555 675 17
950 190 870
73 996 867
733 905 1215
616 905 410
402 1213 751
753 179 465
1218 987 1088
889 507 171
1057 372 1152
186 1091 626
376 213 223
357 134 834
504 1222 1042
1047 26 768
1088 111 469
67 796 176
1033 169 1198
104 1005 454
798 724 857
1003 613 903
870 331 438
609 436 312
54 640 910
235 187 1193
978 634 966
1229 910 91
937 146 28
145 400 1099
879 982 86
1209 587 594
807 249 956
760 370 783
1238 658 969
704 296 409
552 1088 1120
923 839 1198
1174 1185 1249
615 824 662
4 388 481
1142 524 1114
1242 280 1143
568 679 1000
760 1200 986
1192 404 1023
751 981 218
763 443 1190
246 850 156
1021 553 491
871 77 1125
1076 959 951
250 236 124
18 133 808
1130 218 844
870 550 179
648 752 678
301 197 415
799 1013 236
244 1115 74
312 1268 1189
637 365 289
405 179 1035
67 737 1079
837 1131 488
737 1178 820
479 330 1112
1035 584 101
1067 210 417
207 1053 293
951 1230 319
1239 1115 1206
662 597 660
901 188 444
455 750 1277
399 985 154
169 1255 640
91 8 132
610 698 927
1254 1151 526
954 836 145
1040 230 768
621 1079 657
155 365 1159
772 218 874
1265 232 628
1209 938 963
985 355 207
1210 1111 834
1039 1296 158
635 242 231
598 307 1171
546 461 904
1121 1270 1151
249 1198 1060
687 245 1145
710 890 800
609 1247 476
928 904 824
815 809 265
743 1168 617
1277 65 142
798 613 126
1066 347 291
928 691 836
1085 965 325
1085 870 771
1299 1274 1244
761 1049 676
375 455 500
726 442 1145
674 291 750
503 1164 664
611 1114 261
674 1139 1090
900 534 206
817 545 851
252 1131 151
270 141 234
130 164 752
331 800 889
261 859 89
633 324 539
1309 352 80
1108 1099 41
1170 511 321
888 534 148
442 55 1007
445 771 727
1318 170 424
0 1182 332
365 1164 35
822 26 825
1341 831 713
344 237 1059
220 161 1033
436 318 155
711 83 57
1054 552 881
524 72 359
922 310 138
36 940 1058
294 468 146
230 491 878
1031 7 157
183 1112 332
543 365 1213
1319 1245 305
830 921 141
250 1132 284
607 119 865
540 278 500
1051 284 186
1265 606 552
918 290 618
539 708 472
999 1189 513
517 998 973
1111 1166 1098
447 269 733
443 227 983
1126 278 81
24 396 528
908 397 763
415 1256 1326
653 520 41
1239 129 546
806 931 1240
84 533 438
471 322 1331
297 1128 369
1336 539 1318
915 426 1334
403 115 438
290 779 716
438 1316 27
1229 1162 324
1133 30 4
36 1055 370
633 1002 1098
660 1138 94
141 442 700
186 707 1067
5 40 1262
389 772 1371
944 609 1294
1311 436 1260
1103 1267 55
294 1245 1339
486 1214 70
249 674 380
631 239 619
852 1064 1214
505 115 949
57 1275 911
664 284 110
54 674 908
791 1148 580
197 119 1169
821 228 799
1212 636 297
591 615 1111
1341 1361 1072
831 325 963
187 460 1206
1006 991 728
1382 958 806
962 1265 244
1065 1220 718
1349 1059 613
822 942 1394
767 1183 41
423 509 275
1024 1222 1117
771 192 878
625 485 786
306 1190 120
28 684 1393
967 962 1347
1101 212 442
593 989 875
1227 1263 861
1316 306 715
367 631 283
497 975 642
265 827 697
565 1248 584
707 551 659
858 1398 1039
893 1217 838
996 1349 898
424 836 749
766 1291 250
942 1405 1319
820 461 1053
256 541 19
1001 1186 192
1331 1249 792
1092 882 645
464 386 108
500 188 716
980 858 987
605 328 239
287 474 913
1150 145 239
1443 1275 795
331 1396 387
110 1175 1346
1056 436 1302
488 1106 229
1314 185 604
881 216 585
163 1203 1376
129 1183 976
1318 832 1378
1171 475 1367
10 936 958
1448 764 827
669 385 126
376 988 879
727 1153 1394
1283 637 132
172 1357 558
527 1185 1460
1377 510 1411
116 1050 737
405 363 272
403 842 746
679 1456 79
57 48 699
814 437 490
227 1447 870
1145 1304 906
1478 436 1199
391 1464 1007
1197 360 1331
1194 316 310
95 573 629
164 1189 1331
129 384 1475
436 84 146
1477 650 388
1138 1062 911
832 590 866
614 1390 633
50 913 1441
3 515 78
243 820 1293
1353 17 210
1410 917 291
595 91 776
530 1457 958
820 1313 48
1137 1425 781
1101 639 909
318 356 1455
345 711 256
374 556 100
732 1003 838
971 306 1141
1316 383 815
17 560 377
1454 1006 873
502 1035 203
456 671 1452
892 1368 414
830 203 1189
1214 180 332
1518 184 1134
554 1280 499
413 527 553
987 399 91
1259 716 1448
490 276 288
70 275 850
28 540 125
1347 794 1383
1447 605 206
269 30 77
267 82 279
876 1473 474
301 709 1115
960 1054 532
1450 898 533
1342 1299 310
343 365 1034
912 1049 1028
531 963 127
1033 1508 821
311 600 1219
320 1263 625
679 158 98
692 1538 1060
669 685 790
782 294 440
334 184 1482
1365 455 1034
231 1412 1166
814 822 1505
1181 10 963
555 1452 835
732 1512 684
1134 990 809
1111 462 803
364 416 752
925 651 300
791 1144 1363
327 475 368
591 1385 1431
1281 1104 125
1333 1507 1525
372 309 1204
1276 38 136
1419 1095 1025
1363 1015 433
1376 1398 332
1405 91 1521
1098 1324 574
627 36 1550
580 1409 1206
357 1415 823
892 1349 1177
1383 1110 963
263 477 1525
259 1577 1450
737 1490 1125
1037 127 188
781 1475 194
784 158 1242
1169 1012 541
285 825 1273
1559 914 233
403 1241 656
276 1450 985
342 97 174
1440 1447 1100
729 1121 1258
16 991 847
347 887 1266
899 1117 480
636 1121 1019
1166 272 1377
1550 699 959
342 1405 1491
319 998 540
277 1240 1396
406 1374 590
1112 24 1530
230 691 89
715 817 1301
648 898 1301
206 1017 1337
175 985 1023
177 810 1283
767 1288 1531
593 1155 60
473 613 1094
416 351 423
494 1373 985
1458 612 820
693 443 673
1426 1169 857
1014 280 641
716 1530 359
98 866 1418
966 287 1220
726 713 1460
1033 1276 228
1164 1188 1231
398 889 581
1064 459 816
144 1300 775
1559 703 1443
413 691 77
643 411 634
1483 1354 902
795 1132 1037
940 814 1127
755 289 1132
1413 1399 940
1550 1303 368
975 1007 769
1573 1458 868
1003 860 583
954 1466 718
799 795 282
1233 817 293
1636 13 1105
229 955 553
1359 1595 683
1320 453 1591
595 28 656
597 152 279
1301 1520 223
720 1136 757
806 1621 272
895 152 538
74 741 1239
1260 541 214
1181 285 1555
823 302 619
559 1503 996
724 310 844
1576 726 1114
1613 1323 35
385 674 889
756 1059 1004
1576 468 1399
1149 872 1106
784 907 346
1181 1386 1437
1273 390 117
1522 1464 566
578 131 72
623 610 1498
281 737 1668
1231 1178 1440
44 1489 70
1423 1064 453
911 1083 568
1167 1408 947
479 928 625
1594 1174 616
1344 406 489
622 1284 817
1122 1667 229
1651 198 282
1592 1365 1426
1555 311 793
1305 1 1294
1456 607 618
1344 1063 1301
928 1415 325
1618 1528 1032
29 905 163
719 435 1393
866 820 864
667 356 1094
1495 279 1150
1357 31 276
1281 323 951
1680 838 40
128 1089 1000
190 113 629
1602 556 884
1062 467 1241
1075 530 125
1181 165 438
97 1304 1037
1356 850 895
1194 1240 1441
1572 544 958
330 373 42
1079 1605 152
1039 52 1435
107 1023 1623
821 551 1625
1493 1215 1120
179 1164 796
151 1100 782
105 923 1238
85 530 394
1290 832 967
1636 537 1429
1102 168 187
117 338 89
717 841 38
1151 219 1422
68 1223 800
827 1213 667
1635 1439 147
838 1700 867
784 291 355
399 574 500
633 1036 931
1250 1622 692
1513 1206 1295
1709 65 1427
1595 1264 896
114 1074 785
620 1120 687
1072 1405 1480
1713 645 185
331 998 1275
414 159 970
518 20 310
1152 955 1302
362 1185 217
1621 462 1006
1189 1512 1211
1156 137 89
2 242 1593
1626 357 1422
1528 627 1622
271 187 1676
465 358 796
1357 1576 322
1379 33 958
1677 1258 587
1313 773 1170
401 1505 1046
461 401 1280
59 0 253
1 1718 1271
401 317 1481
476 413 382
7 757 725
897 69 1089
1386 643 1157
1309 1310 195
518 383 1671
199 196 774
1719 844 399
717 1336 1546
624 890 1384
966 412 22
522 285 1293
885 412 1312
826 1650 382
1745 369 641
26 409 1401
991 1309 1215
911 179 1239
1513 558 1110
318 300 57
1176 431 1483
785 1150 1369
1173 434 377
1744 627 1102
1364 742 1026
664 1312 1555
598 334 1299
849 855 319
1195 46 643
177 127 524
1113 295 6
1369 1093 741
996 1251 209
903 789 1417
371 723 69
509 857 450
107 867 571
831 117 509
1008 1462 1141
883 273 555
1451 188 1496
822 347 950
191 646 470
773 1800 1069
1189 1702 1775
800 298 1500
1734 516 200
971 1612 624
1051 1636 1186
917 1802 1279
612 681 957
67 1223 1706
442 608 269
1680 167 126
1662 1758 647
1083 1233 1112
457 106 787
349 1067 132
1562 475 1765
215 447 534
1150 166 1000
1755 1638 806
1700 929 1380
508 145 1800
610 691 1316
1602 1621 16
411 1587 719
15 542 1305
794 1476 1408
1156 787 1805
1101 926 1351
155 1179 287
1520 1313 448
186 808 1556
1207 1801 1281
1566 1411 1270
1640 1693 516
881 898 377
1803 62 1129
1214 389 1816
1016 1138 638
965 861 1299
1430 1442 1667
1323 1605 597
352 95 1759
791 463 717
1383 679 1097
1774 528 493
1030 1409 1811
1056 256 1673
1083 1733 1473
1554 580 1292
978 1788 1723
1681 1541 320
704 547 1700
838 1065 1564
1752 817 726
385 1503 1587
1835 927 909
929 419 1684
1334 1150 281
114 442 427
1836 457 590
233 774 1444
1645 457 1480
209 1382 109
454 850 1291
1405 362 400
1312 918 404
981 1481 112
706 1212 723
1559 447 362
1840 418 1758
372 1476 1526
960 1682 1321
512 1115 1606
563 17 1031
1598 1553 690
694 1850 1482
1050 875 1638
1023 1080 1591
1596 333 1339
1009 421 1272
1459 4 984
1251 1115 818
515 321 960
404 1378 1017
271 946 1880
1625 1830 131
814 1794 392
1198 1492 1390
997 440 1864
792 1150 1868
1111 97 819
415 1720 1423
503 1819 322
619 1247 120
1710 878 204
882 283 1055
1041 582 460
1372 1474 601
489 1331 474
78 1872 1502
1559 269 1050
1283 1551 1200
1669 415 1782
173 943 321
886 148 1643
982 745 845
1564 1269 545
1838 1488 82
814 1037 110
47 615 985
1274 112 222
1660 1618 1487
777 757 166
1035 538 546
1522 1197 1333
505 1817 482
1143 1074 1333
246 235 330
1527 1795 251
1762 554 1197
277 1503 1800
1788 811 1080
1315 1738 172
1063 609 353
553 1415 1246
757 1176 1075
1034 1875 548
136 1004 1048
1417 1904 785
1845 1154 1375
770 855 1539
1698 1680 205
695 1671 650
747 1490 455
1628 426 1368
1042 420 1473
1601 240 1512
1692 168 586
670 191 693
1208 624 792
934 1193 774
134 1610 485
1496 722 14
1483 1659 841
1460 698 1263
16 1668 592
1192 525 1067
1784 1323 1291
765 727 402
1165 680 1162
227 1571 904
332 558 438
276 821 1339
283 969 550
1918 1518 1356
774 748 937
450 1295 652
170 659 168
54 71 1897
1776 871 765
1593 686 182
1531 21 1803
540 1942 1332
12 14 659
1076 500 1292
703 79 1951
910 553 1474
1755 1828 1331
522 411 1638
433 540 1202
653 1201 886
263 724 728
1240 1515 1093
1071 1748 17
599 747 1395
1495 1569 254
1477 1685 1183
792 237 1404
1707 1780 1068
1359 464 943
749 1302 754
1594 1705 1569
1731 261 311
1435 162 1297
1137 1556 714
47 594 197
1607 1235 1403
1085 661 1324
35 1711 1779
938 406 1907
512 1925 1343
412 1076 636
74 1591 290
1322 281 1402
234 1570 425
1462 1820 1519
1050 877 1711
1793 855 1295
1046 620 51
1027 1373 177
1417 1757 736
499 196 528
548 204 1542
1450 477 916
1553 468 20
253 536 1902
492 1052 660
508 877 362
1639 240 1072
1990 1903 912
1389 716 878
613 1898 1920
20 755 1831
1329 858 1592
618 1141 855
1288 211 254
1215 297 697
207 1753 1170
48 835 111
651 89 1512
376 1242 1515
261 238 19
666 1535 1472
674 1294 1326
136 618 91
635 1135 1580
251 209 1151
1982 532 1978
47 862 1982
1547 1729 691
1849 1706 1748
799 910 543
345 1105 430
992 665 1779
1786 506 1831
1937 531 905
1396 1739 139
779 1832 440
182 472 1073
665 140 1300
1639 1444 2041
1187 36 943
313 1119 1921
1686 1786 1577
203 1398 356
784 299 1600
1522 206 1344
1066 816 1085
1004 1470 1904
1736 219 1356
985 539 992
368 1822 1534
667 1029 1285
106 1172 1394
1436 500 1183
1186 1227 1013
1521 2002 1848
1455 536 1829
1456 1952 305
656 1830 1093
744 1294 1035
494 424 1285
1246 299 917
1434 1157 955
220 1927 1270
180 1323 1192
330 2013 1202
1037 1046 1531
838 1281 149
1167 1558 241
1394 1784 1768
46 411 653
1919 730 801
629 1430 1301
2005 1786 1643
1362 400 1793
272 1235 316
73 1607 584
396 283 1295
653 910 1714
1917 1355 1041
1249 1690 1715
618 881 1292
550 1767 59
1374 590 1502
663 799 46
1062 92 1615
1022 905 165
1428 1832 983
1636 606 189
716 1298 1971
434 1438 333
875 990 844
1926 443 1120
459 318 95
696 1664 319
348 1386 467
1666 1577 2066
645 1255 512
2008 1483 404
925 1409 96
1285 1858 989
1779 992 1734
680 586 1507
1875 1793 976
1040 1999 1826
1069 564 578
349 1818 1716
165 926 1025
1276 669 1217
661 2088 1984
677 1294 791
183 272 200
927 1784 1905
316 766 607
1550 1666 1026
156 68 1233
770 1249 1158
470 1163 1466
1681 349 1324
553 448 303
2105 1630 1102
1690 530 775
826 1104 1984
57 71 2066
1408 1552 87
416 517 521
1094 283 294
1257 2070 1595
1357 243 1042
689 1788 487
508 460 304
681 873 461
891 695 1611
358 1446 1553
702 869 1502
1015 1466 615
486 887 1547
703 235 1452
1461 1177 1197
1543 1707 1436
1442 1365 1661
233 2135 738
1950 849 208
1899 293 1674
677 1941 1116
1347 1278 937
1309 1096 792
638 2060 1634
864 143 740
1999 1870 1908
312 1150 1073
1610 183 1765
848 160 1512
1359 1551 1694
592 1487 1038
1681 241 532
119 68 222
479 1161 2048
817 1714 920
695 1748 10
1366 1012 15
325 187 1913
199 1558 2023
589 1991 2019
330 601 1576
152 1032 1846
1080 614 1421
1079 997 482
432 477 2047
753 1701 986
1194 666 93
1319 1117 519
2034 324 1502
692 500 2106
29 1753 917
1477 938 1196
1625 1164 2139
994 1447 35
707 1969 728
197 1496 924
1305 1632 1258
1745 555 512
75 783 968
291 1346 2077
986 189 1564
1024 1100 662
1453 1220 1044
1636 1187 684
559 1052 1709
2029 1684 2059
698 829 1495
1557 1189 706
611 1420 16
730 215 1625
1044 1666 1155
991 2090 898
1120 1615 1895
163 2000 1373
126 1098 1130
1525 966 1148
101 1573 1762
1322 1498 681
2086 1645 896
785 1550 1846
1582 2002 424
875 740 904
2105 1353 573
79 2164 57
308 1788 1670
2021 1290 1512
1888 1665 1586
1991 2027 1216
978 2091 1752
356 434 2091
1321 1127 806
2087 1770 790
60 989 2156
837 1127 1914
1556 734 1420
2195 608 293
1136 707 1413
1738 507 1956
1976 986 544
315 673 247
1442 1777 851
122 49 1380
1984 1900 2221
2031 388 1860
1786 846 2186
1620 1531 2111
195 1133 1967
250 1084 610
1179 1738 749
2098 1445 153
624 861 2224
50 1462 2126
2144 17 1954
303 2100 783
1943 1002 1845
1030 1573 982
230 298 782
962 1470 1434
1379 1399 1803
710 1764 853
1049 1879 1854
1519 1806 1438
2033 170 1384
997 1514 1996
1175 1511 1078
333 1336 1033
2192 36 2002
921 37 2035
1816 1037 1982
1058 888 497
160 685 2087
2067 427 1110
239 968 1631
1328 1139 228
1557 1694 1505
1484 1664 1089
1185 2137 1915
1262 1721 2191
1871 286 893
1953 107 1823
1908 1358 2148
1714 888 878
1775 241 1242
509 143 1366
154 2132 959
1619 1427 371
1199 870 427
642 1064 1323
1067 1310 1334
157 1566 1556
2230 1370 1830
225 1077 2234
1761 2035 1415
1155 1302 2059
1477 2146 747
1996 2019 2092
1071 282 1776
1582 2138 1099
1207 1754 46
1687 927 2098
227 1948 792
1960 1133 1521
1951 1711 1136
720 535 1284
970 1865 2018
1921 991 1450
2124 2119 1031
1726 1026 445
2232 386 1436
890 1846 1146
588 2047 1207
1336 1619 345
2070 1262 1000
177 1705 2024
1247 846 1359
1966 581 2033
2170 2250 1396
433 2157 547
305 2169 420
2051 2163 1660
1714 1677 2256
1804 979 831
1936 523 1369
1154 1008 204
251 2208 40
1154 1100 1255
1569 959 2016
1623 1210 566
47 1494 2127
1173 537 1334
2001 1171 1238
639 1049 11
82 946 1617
1565 161 163
1868 870 282
244 184 1704
1162 965 1356
1625 1658 2116
971 880 1326
170 1229 207
707 538 368
1568 2087 533
2112 369 1392
1194 1039 214
1927 814 1041
1263 1418 622
1284 2200 688
230 138 1754
1356 179 1420
1023 342 252
293 141 12
1888 1234 1992
2159 1266 201
1351 1444 1871
1437 875 1800
1340 1035 575
2079 59 829
1523 1130 710
747 1583 1471
2244 1850 434
993 2110 1289
1707 382 459
258 609 1124
1608 832 1247
1828 1304 273
2013 2272 1650
102 2289 591
2033 1004 397
1766 1979 1407
646 423 2168
1875 2119 682
325 1096 479
57 1541 1426
1904 1200 555
963 368 2241
1964 1138 2288
2198 1225 255
1443 187 2100
1422 1628 424
2350 953 1817
906 654 1251
1226 623 546
2249 1309 1105
703 1713 603
2342 163 720
771 1993 1768
872 796 165
599 2066 766
1961 1048 2370
2279 894 2060
1329 1973 1533
2301 954 1424
391 764 1050
230 2042 1736
290 295 708
744 1351 1941
899 1748 320
1934 397 1881
1273 1200 2362
527 379 928
1119 1954 2229
2040 2056 2134
1600 633 433
1564 2234 1708
705 709 1067
1521 561 1876
1998 497 2116
2101 283 1882
1159 1507 2315
1566 700 1066
1230 323 623
1008 2177 887
1687 1421 1213
519 879 1024
2203 353 2366
2238 1440 769
1098 709 1923
168 157 1407
1079 674 1111
1016 890 1187
2213 471 1314
1834 469 1430
1961 562 1595
291 51 2327
2226 1537 2053
484 445 1182
2072 543 90
1856 1058 1951
1607 463 1390
2241 2213 917
2053 1624 1431
1373 1443 1244
754 1062 1870
1145 178 1946
1613 513 1224
408 1465 759
964 1717 412
1617 1838 1032
447 2286 780
185 260 1702
2003 779 1164
875 386 2213
38 1789 2369
2163 2399 1107
1003 608 666
1515 1371 96
769 2024 1747
724 1210 13
40 1779 2385
1664 1423 1538
1204 2269 133
1228 763 1693
1946 2429 1400
1483 869 1535
2097 260 100
683 554 637
382 1563 1448
513 1970 1698
1201 2166 994
1922 2416 1880
2104 454 600
1258 1302 243
391 885 338
2388 1509 1674
1654 440 908
83 2100 979
1787 366 2282
2124 2248 1420
666 2202 141
265 1198 1770
1195 90 624
2438 696 2207
217 13 546
1981 646 873
2176 1120 1840
757 1877 2013
391 1866 1385
2189 98 509
2105 850 1657
708 1014 1699
845 159 2290
1744 707 1418
2305 1179 1365
539 129 625
1910 2218 2398
568 610 1277
135 696 1300
348 852 542
2360 1660 1954
1987 1870 785
2393 959 902
1941 1438 858
229 1229 577
1903 1123 2131
1657 1793 5
423 636 16
1164 2335 2071
2245 1946 143
1194 1346 753
146 1111 789
1749 414 486
1300 810 1040
2104 242 19
960 1398 1724
1748 2207 917
2192 1501 1120
293 941 1963
982 2329 2257
218 2103 804
1223 1103 1387
1914 1466 1659
1373 633 1489
2164 945 13
678 307 1362
2007 2404 498
650 741 1648
1712 945 1528
1714 2153 203
2494 1358 850
1951 1302 614
2262 1921 1283
1448 2318 1754
1440 1815 388
1943 1184 741
1376 1893 1010
382 205 1357
462 729 1324
490 991 44
1679 100 1811
1630 197 1578
339 265 2070
1475 2349 1383
1423 1586 1414
1960 1928 1757
2094 1585 523
2390 1443 1061
749 1316 2372
1984 1480 1171
1696 992 1306
829 1202 1664
1430 1555 2147
1577 1075 1155
1046 257 1534
445 100 837
1073 1860 1298
1998 2493 109
2185 2094 1682
2247 1985 2009
1687 728 1936
413 2019 720
573 1953 28
2024 1954 2011
352 1356 144
2045 751 2249
2458 990 248
607 249 1225
1141 398 2468
737 2333 1447
698 229 145
922 1895 2363
796 66 673
2280 25 1694
70 332 372
1289 741 195
2184 144 1542
356 681 318
722 2194 2240
623 1360 2526
472 2396 1835
1621 1394 1122
1473 2547 951
1818 2327 1405
373 2069 1555
22 1746 250
866 1830 1635
2397 1744 790
2544 795 1617
2354 2412 1294
2025 1348 1259
2549 1338 2157
847 1797 2476
691 1343 198
999 2475 190
2491 2268 1027
824 606 404
2179 841 1594
672 238 466
1957 526 1226
2547 986 1897
2216 790 125
259 1872 132
2217 928 1451
2471 907 2375
546 398 2018
690 1902 466
2524 1142 1109
2325 1491 2142
1635 2126 1961
512 666 2456
2149 2571 1311
1197 2455 1139
2106 312 1295
1908 893 2254
428 1942 1972
225 2556 14
572 829 2433
833 423 1389
397 25 598
1167 2019 1227
2017 1873 2419
1590 2258 1373
623 1763 989
26 2297 1534
1988 2189 629
334 1275 143
1852 527 2568
2079 954 2568
889 1306 1750
745 517 1012
2171 160 1071
9 469 2192
2443 2251 1051
1530 630 1085
807 1763 1734
2132 1356 775
1165 1232 806
2497 2443 2149
1331 1696 2435
2183 1338 917
1174 1888 823
2357 2065 2238
1833 1598 2180
192 913 1667
1835 1622 2306
2360 235 1142
989 2373 1600
174 2581 2111
2389 2054 349
2380 802 192
1846 314 1991
1146 1120 841
2187 1620 2401
1082 1544 2149
477 2447 627
691 2201 737
1752 2249 2384
2324 102 1522
2504 864 246
1192 2545 2500
1894 2461 1580
826 598 2585
1845 1124 371
1508 1144 929
574 107 713
1381 943 2385
1962 2510 1011
1862 2348 1861
1329 747 2187
1368 1290 927
2383 157 1874
1276 2316 130
631 2639 186
2486 1165 318
1615 2002 1757
729 1053 2295
1083 1429 974
350 555 1859
1879 479 2270
1431 1312 1070
824 797 1983
2252 1049 1596
2377 800 1040
1523 992 1326
1899 1045 515
1421 1105 4
603 2069 837
1262 1946 45
1333 999 1722
878 2183 1856
1024 348 1251
649 62 906
1237 1326 456
256 1793 547
2639 2211 1820
359 594 662
1162 1458 2057
1901 234 2378
2557 995 341
1808 1021 127
1627 1015 2050
1 461 1721
1827 1991 2476
244 1533 1726
1759 759 1443
252 2380 1260
955 778 892
1510 2332 363
592 2559 2242
1616 1522 1891
1422 979 2525
2336 1070 1586
1973 416 622
1390 629 2593
1393 736 1175
104 1634 2531
838 854 2617
590 1640 1114
333 1095 1036
952 1780 1901
779 275 2630
1911 232 36
1357 0 266
60 1330 2595
562 2138 245
189 2235 221
2262 1142 2001
66 2102 676
937 1651 1724
1265 783 1375
2032 2278 297
842 3 435
778 485 930
992 188 2493
2612 1133 2449
2688 1462 311
2290 469 2018
2115 1067 1351
1695 2495 2560
742 1249 1525
2319 1403 882
1312 1286 876
483 756 1951
1565 54 1531
2158 244 2413
154 2330 2593
1370 2369 1050
1777 1054 536
2323 2425 2650
1472 2543 1105
1481 531 1402
308 827 2342
934 1870 37
779 2437 1605
1917 2331 759
74 201 1751
1384 2104 2480
687 1904 472
310 1553 568
1679 656 1781
2528 2512 2632
1625 549 745
1356 532 399
1619 2454 84
964 934 157
1014 453 525
1206 1457 767
1546 1070 2721
1967 2026 2167
558 1914 2118
280 206 609
791 1045 1325
1694 243 167
2062 1083 1101
1732 1801 2707
742 353 2236
678 1145 844
895 1794 1701
912 1731 995
1438 679 357
271 612 1090
1963 627 2386
1864 1287 1206
1059 1572 2070
1963 1740 652
2568 1355 1793
115 1728 1090
2384 1811 1265
1839 108 572
2676 197 1782
1471 2696 967
837 261 2553
2686 1890 1657
2294 383 1432
402 74 1172
2567 2436 2182
1815 1378 993
1103 2646 1966
1 1289 2616
1663 2742 526
1650 1826 1144
459 668 2663
2093 1307 1500
2418 2573 1306
613 2316 2291
756 541 292
258 1044 240
989 2314 1542
2009 2214 2744
697 1337 561
424 391 839
25 2350 12
1844 848 1536
2139 2770 663
1041 953 2250
1273 1186 2308
496 442 331
285 740 664
1302 665 2639
561 808 67
2636 2280 1655
2390 1773 968
937 2006 1716
213 2209 2643
1519 1222 1388
864 1681 2517
2399 241 1941
78 1240 2765
1994 690 1744
2313 1427 2438
2287 1212 1736
2153 200 1669
263 2676 2330
199 1055 2250
1563 791 884
2210 2280 751
269 2233 363
662 1224 1978
1597 953 2798
2719 843 889
1801 2439 79
57 1200 751
602 2247 590
316 59 163
2362 551 95
345 1937 797
1005 2623 1037
319 1394 2616
708 354 2670
1170 53 1483
1078 718 1883
1429 2469 2775
2409 1734 516
542 646 1656
480 481 1857
2187 22 675
381 2365 1893
2325 1914 1795
78 144 349
2087 1760 2660
824 1097 1799
2337 2743 2083
1423 133 2066
6 1569 203
1012 2441 1142
1877 1501 1135
2432 1255 1350
1771 2726 194
1299 345 572
2767 374 1111
1747 1577 1247
25 1581 338
1967 1940 2517
2657 540 216
1643 934 1972
181 1943 2306
1032 1694 1002
44 2842 857
1927 1470 1458
658 2610 2260
1469 823 2817
1179 924 1038
1160 1029 203
2756 1836 1521
966 2694 1616
680 617 1716
2653 2484 2058
738 437 2755
1875 959 1487
137 32 613
2366 1893 490
1459 1354 1514
662 1915 2844
1054 407 2631
2636 2452 20
2857 523 2383
39 1181 2675
1413 2470 1474
1426 90 2303
1223 2716 1219
2432 1054 998
652 2409 1278
1995 2577 759
2366 944 247
1555 2025 978
1066 341 874
1433 1036 1365
554 2146 2007
2312 1297 498
1392 1513 1413
1417 518 1073
2431 710 1229
1572 2769 970
1110 403 157
1303 2442 2745
331 1549 1402
1100 2169 673
714 1341 2235
2271 1249 635
1165 1131 2183
1823 769 416
132 2080 1292
2079 632 2814
1435 2152 2286
1674 1034 340
473 1872 2365
1819 2555 1311
934 1944 1232
501 2441 1105
1830 866 1453
2464 2103 2356
1315 694 2639
1196 2477 1281
2047 2289 316
2286 2339 1315
286 1525 1792
50 1177 2509
2905 307 1120
2455 2795 1020
2568 128 602
1411 1664 1037
2648 2321 854
2466 2683 2223
2484 2402 1247
2646 1827 1533
326 526 1155
1632 1521 1376
1322 1903 1836
2277 1118 2511
434 2231 351
2192 450 1122
1082 1180 1138
1694 1285 1663
444 1261 1317
1904 2472 1963
1704 203 1218
2497 677 2227
2258 1955 1897
2330 1837 2741
565 127 2226
2509 557 2365
2536 900 2812
551 2435 2734
465 2039 661
1839 2468 609
2445 1562 1247
2827 2683 2798
2604 2674 820
2345 409 2012
2812 758 2360
2244 1998 1340
1433 1553 416
1595 936 2287
833 1813 2904
2604 818 806
1334 253 230
1498 1195 527
1919 2935 2842
1224 1847 2526
2074 2145 1299
793 1726 41
2211 1882 386
1826 1195 503
2749 1498 1293
195 1812 2793
570 635 881
1312 16 496
647 613 2677
2804 638 1250
857 2395 1722
281 1122 117
2632 1452 1445
2299 730 190
2592 1766 2025
238 547 690
2668 2856 2282
164 1865 2834
864 1608 2016
1441 968 2785
1233 484 312
403 2039 2633
1378 828 1088
647 1879 1801
1208 1631 1601
263 2830 1539
1962 2078 2050
1915 199 2461
1110 2030 1756
2085 1284 1215
1845 1534 2979
2018 141 2056
2432 88 300
1203 2681 690
1962 1126 1908
960 1023 1474
1673 2623 486
860 1561 1567
1517 2360 2567
1774 1045 1170
2640 212 890
2297 1274 1623
1064 1999 476
875 1815 2655
1080 776 1483
916 425 2204
1909 780 2102
2886 2664 76
216 2341 1337
2885 106 246
1382 2693 365
1098 1972 730
1371 1778 1672
2327 2770 1504
646 2167 1865
551 496 2288
1916 2776 692
310 2960 192
2503 728 2648
2111 1968 2767
2836 3008 1649
2965 814 467
2979 179 2004
552 447 728
49 1412 1481
1867 2815 1825
1910 1974 795
943 438 142
2815 1455 357
1144 515 1802
2037 2767 711
1205 69 2789
2725 551 458
1980 2987 524
996 272 1430
2894 2674 69
707 810 575
756 1338 2931
274 1268 1044
2894 295 2793
2540 1132 2072
1344 337 1812
378 1908 2328
469 1058 1614
1518 3026 53
206 2239 230
1138 1958 1468
2410 2586 333
1486 1180 1969
759 2356 598
1224 2319 1427
2879 2091 10
2420 2617 2141
1739 2163 341
1352 1167 1778
1682 2904 1487
2770 398 2307
260 120 2666
2395 1061 2248
1099 747 1175
2939 441 2198
1815 2282 583
935 1688 1617
1766 1441 290
1727 1065 1140
2386 506 1476
1251 2799 1061
1580 1053 1975
1216 1325 2304
2078 2307 216
1120 2207 2627
491 1023 2509
2528 1269 2151
305 286 2961
604 1591 3027
676 2892 1681
1324 1614 157
239 538 567
2273 1265 2490
2403 1247 1292
1708 1271 2903
575 308 103
998 2281 1254
2928 2727 312
2079 372 1372
112 1992 2116
375 931 1091
1944 2434 2051
1178 3070 2753
265 2040 2801
459 222 1943
1351 139 436
517 612 2414
1393 1663 926
2329 289 1273
578 271 326
2433 2889 1182
664 1830 2323
1857 1901 953
1919 2623 1193
2901 1386 1879
1087 2534 1901
93 1196 610
443 17 1354
416 1006 1303
3078 1218 158
708 1873 1149
1579 770 2447
2279 2657 858
916 1242 700
2989 2122 2019
441 455 2017
1802 1009 3104
2853 1709 2314
1098 943 2122
2951 2903 1482
2760 2487 955
1221 1264 2426
989 2776 1927
2163 1510 507
2162 2201 2497
2789 1293 3105
90 2459 798
531 2609 577
2330 2751 967
1369 1112 2243
1860 2639 2160
1187 1887 1101
2104 208 2966
2734 2525 1998
1236 2727 3041
1380 1534 685
1788 1730 1282
2805 2594 2128
729 308 672
783 1072 2794
1228 995 2511
464 2935 1194
1604 1348 1307
119 381 2663
2693 2672 896
2647 2329 40
10 2679 1577
1497 1822 2678
2758 1613 1637
1451 977 1792
1757 1142 2143
674 2050 3075
1248 3019 1170
2204 2917 1899
153 1397 525
1533 2492 818
63 14 615
1429 2820 1841
2049 461 979
1659 462 1315
2758 1957 1735
2055 140 1197
436 1122 2838
2402 803 2167
2275 1221 3124
2423 2615 1576
1617 2516 614
767 1143 458
2561 243 2565
39 564 1419
2748 1379 705
1171 294 2753
1787 2670 2306
1101 2970 628
1555 2274 1099
201 2782 287
1869 1124 2487
1188 1361 761
3014 60 1942
704 3019 95
1688 2191 2161
1411 224 684
601 576 858
3087 1365 89
2649 2570 1728
1015 2618 1658
2472 892 1395
744 1644 1819
2989 1553 919
2923 1461 2116
966 2199 2112
1742 2080 3077
231 3109 1960
1671 1091 2065
1734 1860 2840
2033 771 1998
606 920 1328
725 1434 1077
112 1387 3033
160 2260 2120
364 746 1794
1786 2856 316
1454 1104 459
2694 209 1466
1155 2705 1379
56 962 3018
342 407 2673
810 833 3
211 2680 1525
2470 2181 2196
531 1549 1766
440 421 1340
457 21 744
1762 498 3180
323 2384 1661
766 1628 63
769 1672 2612
2494 2858 2408
2164 1644 531
654 1021 641
2661 765 716
1361 1731 1152
3049 679 305
1938 2426 362
1830 1456 2955
2033 672 1503
1788 1790 2489
2950 2726 289
2346 2226 438
3151 2680 1433
1069 569 2615
1642 426 3104
2390 354 2476
2118 341 2645
1738 1818 1290
920 2937 2880
700 3117 2190
1464 2430 337
903 3108 576
2908 31 291
22 83 785
1479 2575 1416
2820 595 2010
2668 2285 3002
1884 361 232
1347 2505 2239
9 2824 528
3034 597 2089
2401 1135 764
3152 3138 1076
301 1329 2069
252 2976 3238
704 2189 1589
310 2850 195
2322 789 877
1950 1897 3167
2596 1198 2629
1501 1634 2931
663 1096 838
853 1167 3131
1615 829 1449
1446 1402 1907
2532 1143 1324
2423 1721 222
3071 2196 3023
350 2762 679
205 714 22
2631 399 368
719 3017 3069
367 986 241
840 1719 659
405 1024 1581
895 943 988
779 1931 2248
1748 2855 1788
591 1412 2089
3234 2115 2846
2194 1431 1072
2626 1499 2709
1903 1716 1381
2703 750 180
509 2904 2269
2578 316 2754
2783 1676 2172
1883 1131 2
802 1628 581
1180 667 1494
3248 200 1476
1357 1861 1156
530 218 1373
2309 1374 2788
846 281 1841
1719 3229 3243
478 1352 3052
97 1733 352
1407 2582 1034
607 2204 3058
224 2861 345
65 2505 2142
2938 3135 641
153 3286 1061
2309 1717 2243
175 2199 876
1894 2691 1069
2349 1431 1184
850 2323 419
1122 450 2913
2968 2342 2568
850 2285 2013
974 1936 2198
2751 680 3208
1747 2519 572
2113 269 461
1200 704 2535
365 2496 797
1459 728 557
812 179 1676
1348 2561 2569
1608 3039 3251
1483 504 1325
1426 2660 2059
1865 1526 1452
653 3039 1386
2924 633 2660
194 1449 3012
2046 1789 2545
1547 487 2605
2284 36 2244
2503 225 368
2756 1123 14
30 2644 3245
1114 291 2372
2996 937 2907
275 1192 606
74 2781 2576
1155 1151 2727
513 512 2852
1306 714 2473
2188 2836 323
1020 3233 1206
1782 2078 1847
152 2937 2371
969 1417 1568
2443 1166 148
2858 3226 636
858 2993 2580
2449 2816 1118
2056 2999 380
2345 806 2725
563 688 573
1642 2455 2862
1005 2768 3289
1466 480 1732
781 2669 2346
176 3203 920
1386 2132 581
520 1913 2346
3325 1639 1886
2630 805 1080
314 889 2460
2786 1629 3342
193 2460 2756
1374 2105 3033
2166 3083 2760
425 3271 3298
2342 2821 2165
1115 1761 1384
3101 237 3269
1636 3254 1758
2141 1938 3140
485 2463 1208
584 2840 147
581 1680 1849
258 2944 603
2350 2421 2927
1921 3020 1230
1445 995 2530
405 1561 606
2638 2394 2506
1385 951 1308
846 1763 1890
1110 1597 2065
1487 371 1223
1377 1225 2388
898 1333 287
2264 104 1782
1253 2445 1818
1807 299 2870
1167 26 2643
2149 2872 2704
1834 1904 2190
3145 1327 2985
775 577 2638
1165 2896 107
1087 785 51
2509 1074 3348
686 2474 797
1042 1115 1448
2463 1854 593
261 2126 2253
1509 1994 757
1760 2805 1293
1695 3233 2439
2558 1123 1728
2067 3111 1264
1006 535 2774
712 1491 2129
1095 1951 664
523 1435 2199
567 1870 78
798 357 2639
947 914 1224
1489 1758 273
1324 2769 1377
3198 2298 5
1853 1247 1207
2080 1552 1658
2099 1562 1891
1214 3132 2525
1160 290 3026
2035 915 540
373 1057 169
2108 2174 3062
2692 2492 1781
447 1892 1400
2362 1023 530
2642 2761 1422
1954 2114 954
204 1211 484
189 1686 1819
859 3162 2307
2815 1206 1909
626 3033 2674
2242 2225 1100
1454 3108 3027
1001 2333 982
539 263 2029
2748 2440 1792
1734 981 1565
2693 2722 3079
164 2968 1875
764 452 2117
2527 338 204
3155 2439 530
2077 1015 1423
1830 800 1849
3142 1670 1740
1625 2468 2661
104 547 2128
1477 30 2174
2400 891 2344
2542 542 2477
3233 2220 2031
985 657 272
1464 2776 2829
1340 2384 3415
1765 1769 2719
1185 570 2484
2491 1421 2618
526 492 1923
1070 2324 165
381 1121 2569
841 3375 3078
1750 1993 2975
2687 827 2133
2883 357 2648
2535 2323 941
3040 3408 290
424 1155 1153
215 221 1589
1162 1060 63
1344 1570 1156
938 2746 3041
2705 1333 3201
1013 647 3446
910 76 2344
805 1656 2986
849 1106 194
2778 1018 2292
3204 2190 2557
293 2914 424
1559 337 245
1189 3193 522
789 3365 2067
185 3404 543
2571 1077 2608
1511 428 1259
545 2365 588
1819 1977 1386
3298 1178 2731
249 349 64
1483 2005 318
3181 571 650
2587 3167 2237
1610 1990 1524
1792 49 2494
2835 3424 233
1498 955 1761
1620 621 1790
2906 2569 2482
3248 1649 1238
2057 1418 514
884 2883 2873
1962 2560 1125
2880 3293 1237
217 517 3387
2383 863 1730
195 3101 537
701 487 2331
2871 2048 2147
192 2257 3090
979 943 23
2614 2869 1872
1057 3125 1680
755 1494 1372
1862 2045 3437
437 3494 2568
3428 1103 3251
715 317 110
1875 1998 911
2163 336 2480
2625 1352 3302
3350 1498 2711
1159 1170 2911
3215 787 1241
305 1101 2973
2264 920 1934
3057 3076 2641
71 3127 1191
1233 817 3378
1504 1751 951
1421 57 2130
1475 2909 554
2362 806 104
3322 761 2398
694 3239 556
144 1098 2541
806 2899 710
2835 2872 2422
3172 2886 2363
1141 1917 1083
1781 795 828
1604 2361 797
2841 735 2103
3124 2116 1865
378 403 2341
1177 1197 540
2601 3352 1252
583 894 507
3267 3532 2141
2201 1620 1123
2501 2996 3408
3038 1894 2317
2462 1540 1364
704 1178 437
4 2268 2636
61 1122 3000
3277 3425 2774
1323 186 2161
3376 2417 1862
1733 1170 2340
388 3110 3442
686 1306 2772
2186 1355 1582
3069 699 2244
3097 1063 973
3328 2112 372
1816 1965 2954
845 1919 2980
3265 2159 3314
2544 1158 1520
1867 2338 3137
3163 626 1971
1025 1853 538
2400 397 1848
2657 327 412
2595 2239 3247
1886 234 2667
3100 2603 1348
39 2984 971
1971 2191 1624
1205 2422 2120
3083 1935 2516
228 479 441
2156 79 695
437 24 2922
309 847 659
3388 198 3242
2400 1280 715
2246 2686 256
2944 183 3049
2611 2827 3555
864 3122 1954
953 2655 938
2672 698 3533
1015 1662 1789
2593 2663 3165
1294 1420 1319
1924 815 2146
2808 2826 3270
3003 2611 2954
1161 2544 3284
1286 875 3088
2216 2591 390
217 469 2825
40 236 2156
457 1269 498
2768 893 1487
2392 429 503
338 1704 403
2813 1791 1749
704 249 2436
1800 3349 1429
2187 3460 2869
524 1581 955
1327 844 1337
1597 2940 905
587 302 2216
783 1884 1223
3552 664 1958
1187 2225 389
443 3234 1677
2733 889 2335
1235 1406 1311
2637 1053 3244
756 2328 935
3209 1858 2311
3033 15 2627
351 1193 1190
2548 72 1602
2512 452 202
1165 1898 1530
466 2803 2962
89 2819 1913
3545 1715 368
1632 2316 1095
1833 3400 1006
3447 1683 345
1044 1154 3552
2268 11 3284
2757 2796 2005
136 2656 1881
811 3576 1958
2261 3537 921
2388 445 1466
1041 622 3608
502 2150 2446
2239 854 2359
1765 1744 2064
2457 2504 88
2242 2825 2689
2287 1132 2477
2753 3069 2284
2730 1705 3386
1651 1224 214
3597 893 2984
2787 682 2222
2585 2830 182
2452 990 2966
730 2878 990
2291 1391 2760
617 151 85
2705 2965 2236
1035 2879 3173
560 1357 2680
3238 3512 2891
2490 3633 2412
2828 497 736
2184 1191 1330
2130 300 3550
7 1362 1137
388 3239 3620
2767 1322 2190
347 796 1471
3379 367 3108
237 2299 1474
604 1118 576
726 3364 1486
1640 965 2623
3113 1527 3004
2821 1983 13
65 670 1864
624 2636 1382
3354 3138 1593
3072 459 1577
817 1001 2466
110 1711 1945
2554 1976 1426
2972 2656 2191
489 1062 925
3399 948 342
1052 492 1761
2254 2883 3040
640 358 2274
3076 1022 1338
430 3403 818
255 2597 2784
2635 3223 2648
2364 106 972
1417 2964 272
3641 3269 1545
3411 2616 1381
2215 314 208
14 551 1239
373 3238 3593
1561 519 9
556 749 2817
2891 3374 1977
3089 2292 2211
1454 958 507
1239 2536 3555
2862 859 31
2951 2168 460
535 1179 3696
479 2780 97
2772 3003 3170
1871 3284 3589
296 2352 877
117 2286 544
713 3182 145
1780 2201 32
3517 1748 2925
2396 246 788
1268 2947 971
915 268 3195
3434 3072 1207
3601 775 3372
1558 3685 1786
2354 2110 2458
622 3062 2498
629 2605 49
3269 3208 2406
3131 1481 650
2286 1263 3237
2603 289 2809
424 3159 3635
1969 970 1590
100 2373 117
1656 1328 3695
1068 154 415
724 1377 1509
1643 606 1418
340 1416 1761
2813 2844 579
2340 3397 851
3504 3565 523
1648 655 3327
371 2767 1010
2104 1488 2318
1242 1330 999
1497 1896 439
1095 3482 1494
2453 3583 3347
2324 1476 2555
1375 570 2702
2365 3488 989
3700 2548 1608
739 3159 896
1248 1699 1157
749 1564 1589
1691 641 1451
911 1831 1422
1622 3377 2532
1363 2814 1822
3536 278 806
2538 3384 2156
2282 3288 2628
3514 3322 1077
3381 3081 1055
2794 1752 2794
231 232 837
2424 2295 3739
306 3008 3161
730 2359 1387
1505 691 2538
1392 48 246
1523 3761 3675
994 2589 490
2669 1191 299
518 1641 3144
1049 3502 1372
2319 522 2587
1917 595 400
3581 3762 3222
1127 2621 3159
787 3242 3332
2207 150 2673
164 2260 2424
2992 2278 3767
731 1440 1784
3209 1191 2710
16 3463 446
1587 418 2017
2335 2249 2047
3196 3550 438
1580 2441 1413
2227 3536 612
3179 2854 1812
2049 391 2864
2350 756 2270
3601 232 2499
308 3739 997
1717 2335 1281
32 2697 3753
386 357 645
1405 645 389
3738 1737 833
3276 1794 255
3664 3721 1001
627 3168 2647
3216 2158 2199
3113 159 3472
564 3309 816
64 753 2188
302 78 2782
2459 611 3377
3611 3187 3301
1163 2692 1857
2285 2801 3326
2178 2759 78
2117 2961 1925
198 1277 2157
2470 875 2570
93 2529 393
3661 1640 138
3315 43 999
3530 2399 2422
2059 124 1265
3725 2772 783
2314 3666 2541
1522 3734 3319
2242 18 1777
2034 1332 3599
1093 789 486
3013 3359 1342
3674 2932 2927
1470 1516 1534
2022 3342 3136
1807 3050 208
2273 3357 106
739 3313 1873
809 2510 267
2254 785 1391
1932 1182 369
254 3170 1261
3505 1934 243
3574 1034 1712
1956 2628 2232
1289 1391 2569
1177 3419 1212
3696 2810 836
2792 636 2136
491 3433 3307
2786 3354 2294
2319 2552 3702
1981 2014 3773
3102 3293 1113
2787 2169 1785
1501 1078 2967
184 1702 3242
3751 2205 1447
2823 3578 627
3414 1590 227
1257 303 1849
3178 831 1918
303 3029 2812
2389 2849 1139
1057 3738 1228
3180 1504 3253
576 949 1613
1607 3107 3693
1143 2091 1308
3260 2727 1112
1890 1493 3046
1358 3518 437
1473 2031 2330
2031 622 1160
3012 974 3685
3352 1779 3623
3201 1724 268
928 3208 1328
3012 3650 763
3411 2791 1117
2965 2261 365
1630 882 2797
2113 3016 3449
3382 1352 251
531 2500 118
1943 2633 494
1506 728 1179
2950 3663 3245
253 1449 3073
1773 340 2467
2377 1665 2661
1432 1896 2469
1276 2231 2174
1734 1025 1822
1103 2658 3053
410 1193 176
2900 2679 915
1072 3197 955
3728 3844 2185
3526 1989 1655
591 2005 957
950 191 994
1976 34 424
2981 1006 700
323 3191 206
3126 1799 2572
3278 3610 743
282 2405 1646
3625 2266 3643
2012 1755 2624
2905 719 1676
3864 2881 1120
705 804 3062
624 3325 3494
2656 671 1270
1481 1425 2665
2058 433 3212
1719 390 35
604 3392 484
2997 1649 640
2789 3636 1743
1069 42 3332
1389 272 3763
944 717 291
3863 3476 995
23 1962 3650
3106 2234 2048
1995 2801 1200
1774 3305 1832
1184 977 3043
1897 3453 529
1462 884 2669
1406 2956 3246
1743 2556 484
1936 1538 3684
1877 3776 3188
268 435 3287
1414 41 908
2761 3367 1284
3492 3399 266
147 1685 854
3612 783 2105
1271 1371 128
2505 1516 970
3293 2577 3829
2827 1177 3241
1875 1407 2177
2482 1830 353
1748 1926 1943
3129 1131 1474
775 1042 1782
785 3845 3831
1390 338 1183
2205 617 524
1054 390 3542
3906 2426 214
543 2881 1625
750 674 270
3747 3447 2620
187 3916 719
1695 3175 2270
1513 158 1083
1481 2705 564
1819 444 444
1316 2678 580
577 667 3640
3860 3139 3259
1787 1618 2376
2378 2621 188
3937 335 2484
3762 1756 1393
3682 1404 2421
894 1503 3586
2945 1098 2494
3338 2654 488
3561 3282 3646
159 2004 1444
1137 2725 2317
2051 2278 1090
942 1216 207
3348 3242 2100
3465 2325 3804
612 2231 3000
1897 2512 1565
845 767 3617
3692 949 1821
1810 3969 2837
1082 3445 2510
3409 660 1457
888 695 3859
3857 1927 3829
2898 2079 1489
3024 414 2107
380 184 3809
2282 1536 3510
3693 1573 3272
2472 3368 1498
2424 1351 3137
1374 263 1609
960 127 3905
3215 2643 3637
1220 1989 2227
2688 1638 1539
59 750 2906
2870 1504 785
1678 3599 1430
551 3907 3079
568 1539 1901
3247 3679 3082
1933 2404 2183
3800 3284 742
3081 2071 3589
3881 3753 3376
2576 2320 3691
2332 2684 1535
3507 63 3500
1077 3531 3400
1926 395 2290
1689 2421 490
1357 2258 110
1894 581 2694
2975 3812 348
3975 2904 3061
270 1652 2489
2707 2823 2422
1254 3192 2339
891 3460 1514
2056 3516 1986
1991 1178 2678
1200 370 1290
634 680 1686
2200 1580 3758
3823 2095 3163
973 2951 2542
2899 2117 816
3754 1396 1879
3559 3655 194
551 861 3853
2067 2060 3210
600 3387 3753
246 2655 2061
2580 311 3172
1803 3945 287
395 1081 566
2195 1312 3739
3376 1806 1753
2132 1694 1086
1919 3352 3260
3603 862 1602
197 1479 2361
1124 2128 2295
1301 3318 1
1580 2985 140
4039 455 714
3352 583 2104
3923 3805 1399
2833 1892 2535
3594 2703 742
1327 2601 1135
3107 3432 259
2626 3349 3391
1789 577 2624
2850 748 3895
1443 2600 553
3595 1344 2469
442 589 3373
1219 3512 3493
3409 1814 2540
1591 2638 623
2135 1948 981
3218 1942 3896
2046 2729 828
1129 2822 2236
1940 1239 3499
3581 2841 3774
2914 1832 3069
1162 905 2183
2901 3860 1249
2679 1942 876
1198 445 2101
1815 1039 3851
332 3184 945
1909 2424 3201
210 3798 2899
2775 1467 2881
4046 1999 3851
1010 3282 3653
3798 51 1335
1357 2986 2231
2312 3022 242
2376 2536 1898
1616 840 2313
1748 1060 1667
1554 1033 256
1012 1583 3358
3726 3239 825
1718 2999 1821
878 2050 3729
3872 1292 1989
2358 2786 1022
911 1668 952
3448 3248 3416
1082 1853 1432
2904 933 2492
1096 2629 2200
2171 1020 3947
2791 3544 3351
1741 279 3550
3567 277 3280
1448 757 52
82 3052 3019
3194 109 2327
2898 2260 748
1045 2133 1782
547 3147 514
1128 456 1673
3143 1624 713
4015 4047 1328
2700 1577 3555
4047 1445 639
2177 1103 2929
243 3129 2441
2777 3867 2821
1321 3082 660
107 2780 500
2457 2791 302
1056 3599 3832
4106 3764 2034
1599 3358 2836
4059 2851 489
2586 929 2927
323 527 571
795 2517 2943
1396 1066 2820
1288 2778 3985
2730 3463 4031
3289 2096 2073
3010 3980 762
2867 56 110
1622 874 371
1910 1690 1387
2392 1817 2748
3273 3451 1980
1709 4088 1873
2930 3469 1271
2189 3033 597
1242 2463 2982
1356 2163 2810
2102 1694 371
4018 280 227
3385 2415 2749
2964 2511 477
1664 1156 2628
3528 3477 1791
784 2295 689
1174 3945 40
2526 3281 2178
2365 301 3172
467 2212 1775
805 2290 3404
3692 875 204
2652 3245 1149
729 532 521
2784 3991 1431
3980 836 3735
490 2534 3035
213 2142 300
3334 2771 3370
2265 1676 1291
163 1450 2235
1444 779 2954
3741 1450 3509
1841 690 3522
2955 3675 2626
1066 2975 3816
1923 3162 1105
1878 435 3663
3669 1606 3847
3461 3206 2332
1951 2164 1584
2094 292 3579
4022 1800 3497
569 2486 1357
446 1138 3865
4140 479 3290
2944 2146 855
2755 169 3307
3772 3034 441
3660 2824 2793
1082 135 1189
3699 3137 1459
3184 3948 1427
1367 298 3260
974 532 2116
2426 2585 1184
2469 1033 1356
2884 1262 1155
2588 3283 446
1114 1412 2193
4152 155 3351
2428 1821 1556
644 2200 3519
2653 1827 2352
202 3782 2354
2831 4009 2321
3838 2487 291
3857 2658 2845
1694 4048 790
3940 2637 1745
3759 422 1147
1501 1671 2102
2942 1735 3789
3030 3206 3346
1159 3000 513
565 4095 1226
2308 2726 1622
798 3538 3623
4187 280 2305
4115 1161 3151
507 3940 4104
2167 283 523
31 2776 4008
2111 155 3842
2316 2766 2761
3656 2275 1318
1743 990 1357
2410 1157 2613
4163 263 32
1915 49 3865
3348 3495 1248
3659 1017 666
4133 1251 350
3340 2987 3638
1365 1543 2614
566 2586 3982
790 1026 2414
3797 4200 259
960 2507 4180
2235 2074 3580
3528 3361 607
3756 1361 2057
1199 3552 940
354 2393 1579
2084 1565 125
22 3399 30
2727 3372 1589
31 306 2041
3153 134 3919
786 1590 121
370 3647 3663
3649 416 2552
709 2632 2214
2140 2418 3240
2606 1321 1359
2037 2781 939
2777 3134 1980
1710 739 109
1035 2513 841
1378 3791 2492
2768 2071 175
2178 3448 2494
3610 1676 2954
3827 2214 623
4094 3093 428
2292 103 1739
716 367 3644
348 3446 1882
628 856 1325
3829 1906 1210
2457 2162 1749
1541 3043 2438
2545 3888 3783
1012 4102 2101
3650 1175 312
4137 2468 2482
983 1244 961
851 2091 2760
227 2201 1849
2442 2220 215
609 2600 3129
59 199 4106
1581 997 2053
3613 3734 2830
84 1747 76
3785 2166 2871
790 1618 1790
498 1865 2512
297 156 1852
853 2001 3706
595 1925 3480
1516 3233 1441
3006 2033 1178
450 595 1103
3097 1431 1880
1390 3405 2103
3252 2387 3621
2235 3931 1297
1925 641 3102
593 2243 2284
3912 3292 3755
4250 1342 27
2245 4165 3247
954 520 1084
2791 4278 2757
2590 3512 3855
785 3326 328
2314 2174 2880
2065 708 3362
1984 3392 10
2197 3028 3205
4197 732 628
388 3473 3178
2789 2984 421
1563 160 2379
772 2880 502
284 39 731
2714 2433 195
4279 2966 236
1741 3525 105
3551 2954 2787
3953 3724 246
664 2475 520
478 3132 3264
3682 367 1435
1686 2563 1195
3297 694 1464
1993 1463 581
3165 3359 1774
85 576 3517
3764 470 436
2661 814 47
3172 1293 1210
2677 3556 1900
3173 859 2042
1187 556 2141
4296 3444 3390
1710 2833 3797
2804 2918 2805
2388 2004 2202
274 48 2942
3812 870 3235
2622 5 2224
793 4154 320
2410 1908 3683
3239 1036 3888
4003 2513 1593
3639 3904 2696
1902 3427 4208
354 3110 2598
3638 999 3352
2411 284 364
2218 1752 4106
2738 3471 3310
879 627 680
1474 615 2259
498 18 2538
2029 1554 3089
232 3332 2114
1087 184 4307
4282 665 324
1287 1272 1952
988 2698 4112
2403 1494 2337
2707 784 2376
2006 1465 2373
1571 4223 1264
398 2844 3520
3665 2416 3621
3892 165 1364
1099 3767 1727
3443 355 2513
3961 2683 2770
4159 3610 2135
806 3782 3719
3408 511 4279
3832 1320 2811
62 215 2098
972 3995 1831
1625 2910 444
4209 3259 3496
2602 150 1601
328 644 1383
1396 2677 461
3410 2630 3492
3500 3380 4148
4227 1088 2873
2828 1602 3623
4191 3438 4230
730 367 2737
3353 3624 2359
2640 2803 2078
4019 672 2168
4075 1226 2991
2004 2524 940
3560 2433 636
11 335 4191
2370 3109 4286
4105 2333 2093
508 1018 3648
3062 1608 1377
897 590 322
1764 3409 2473
3108 3295 3371
2760 1853 695
853 1691 2152
1510 30 3055
1808 3191 2151
1172 3004 3675
3721 3185 2655
1334 3273 241
3155 1151 567
3303 2068 2226
278 2688 1290
3149 1560 3978
2702 667 2019
3112 682 1500
3824 2426 2499
4111 4223 422
2087 3522 2592
445 4027 674
1146 2108 2293
776 3902 910
352 3947 3117
3730 1607 3252
26 2323 4017
4395 1819 2144
3591 1989 4004
2287 2374 3581
3363 465 3751
2535 3639 3358
3698 2353 2619
1924 1718 1395
3810 590 276
3890 3032 4156
1627 3982 3969
1504 3359 3345
4063 3720 4195
710 3451 2583
4344 1242 688
2771 3542 3116
3501 3394 1282
830 3272 1272
753 1535 647
317 2643 4068
2186 3692 1835
3674 2767 3298
922 4154 4192
3889 4149 4210
1042 495 2622
1690 761 1043
3873 4081 4049
2248 3447 3699
1410 1074 1873
2630 61 2489
2150 4022 451
2089 1830 3844
2834 3344 1420
2965 716 2592
1892 3607 4280
2304 14 428
4018 4023 406
3866 2926 2457
3679 3010 570
729 276 1289
1944 2989 3291
2838 4226 3554
4181 2106 1410
3198 3018 2779
3913 1870 1625
908 2740 3997
1299 3698 4133
4233 4126 1947
1553 2412 4284
823 3661 2442
1797 1752 3086
3525 3413 525
1430 288 1889
1732 3636 377
4281 4272 412
2938 3830 2445
676 489 2903
55 838 3724
2261 1263 3602
259 3166 3473
1762 503 3082
3019 1905 1672
1675 3928 3366
4178 3096 733
4367 3947 2528
355 2767 3495
779 3388 3765
1494 2185 837
4047 1410 3750
1461 191 3339
2089 68 3883
3400 2268 4086
1007 2190 1838
3552 4371 1826
3345 4485 2751
2431 2519 817
1329 2211 587
2724 4028 367
860 3039 3941
3177 2821 3461
3425 223 430
230 1156 512
3355 4062 1067
1639 247 503
670 3404 421
2303 1692 229
2528 2858 2522
4306 1256 1840
3901 791 3157
1972 3999 254
4357 2513 2078
1140 2175 3742
1658 972 2504
1994 1770 3088
4097 1910 409
2052 1146 1330
2696 3584 4105
882 3452 1324
945 3012 3623
265 1038 676
717 3301 1271
2409 4284 20
1145 2870 912
1729 646 734
4516 2956 3619
4 4474 336
4501 490 1743
348 3708 2491
3467 80 3769
347 3426 2801
1668 1546 2467
2755 4234 3073
1308 4074 2772
2652 367 1457
1123 2133 4422
3851 1336 2952
1155 1418 4084
1908 3487 238
972 2015 1612
3567 3180 3945
3756 3089 2300
1640 3496 955
777 1396 898
1262 777 1372
2509 3633 3145
1806 1250 29
545 2580 2122
4513 2435 3325
3251 2226 4306
946 3973 2450
3287 3096 2079
946 2317 3254
1227 42 2952
4412 4274 1256
2721 3942 3975
1784 1606 2202
3274 2782 2577
3378 4474 2173
4300 700 3810
920 1997 1297
1539 2513 4357
4324 3297 945
1011 3649 392
4118 422 2928
1515 1156 1366
2815 2745 3123
359 3465 406
1048 1551 4015
810 1226 4550
2165 1806 1097
628 1290 1243
3070 362 1837
4116 2695 3193
1214 1942 267
3756 4013 3616
4254 1085 1687
212 1624 326
105 764 1261
1513 4483 2041
0 2677 3530
2044 1519 3789
1768 4 792
114 1088 3987
1390 2451 1952
284 3362 3208
2772 2457 2146
3382 753 3249
207 1021 2063
4223 2167 1079
1161 3252 3463
4181 253 468
555 130 1534
4408 1203 2429
4520 2765 2873
3377 857 1688
564 1117 3763
3806 3470 260
1906 1704 2568
2662 3729 1018
3965 1798 4346
3579 3748 3511
1574 2672 831
255 2235 2298
717 32 2434
655 2885 1527
4279 910 1976
2943 830 3843
2902 2821 2214
1732 2945 217
2721 2467 2054
2861 1421 3936
2157 49 1484
4171 2303 4424
3612 964 147
2808 736 2879
4085 815 2824
2696 2634 147
1927 2855 313
2361 3214 1278
2109 1768 1126
2327 3523 4102
157 1534 3610
818 2942 913
4395 3648 1720
4100 445 779
59 1651 4147
4599 3420 3787
1609 1680 1327
1010 212 4390
23 912 933
1654 667 2653
3586 4218 953
2071 3996 4140
803 1584 2274
3507 3637 3245
1967 4319 855
3725 2536 827
1243 310 4332
3977 2278 2452
3505 3995 2426
4325 4120 3161
683 3165 1647
2829 16 1598
4067 3155 592
2197 3319 2846
3696 1237 4159
3411 2433 826
3858 1054 883
2097 3602 2758
2071 2711 2849
3461 2775 4602
23 3775 3521
1961 3716 500
3484 3832 2037
4131 3006 2544
3644 1762 2707
2988 4182 3993
1388 2190 1087
849 3561 420
1864 165 4204
1020 608 4606
1492 4186 4325
2705 2439 2442
3669 2589 777
3336 879 2007
805 4446 277
3930 3165 2559
782 3681 2769
1933 2347 1998
4529 83 1828
3763 145 3126
3904 2160 71
3539 3417 4207
4350 1427 744
1757 4107 276
2313 4473 4611
4220 2992 3604
3931 3064 173
2053 3317 2188
3518 3754 2425
4485 3494 435
2707 4310 3471
1342 4567 2639
1208 99 1357
3216 2291 268
2561 4437 1476
494 940 2874
2912 3007 2764
4213 3155 3995
1164 784 3968
3106 1170 1869
4101 2192 3824
2601 1351 347
4371 3170 1635
4231 2104 62
4249 1985 143
1626 2545 239
319 778 3975
