4899
0 0 0
1 0 1
0 0 1
2 2 1
2 3 2
3 3 5
6 5 2
5 6 5
4 0 6
2 7 8
9 2 8
2 4 0
6 7 3
1 8 3
2 0 1
11 12 14
14 6 7
5 17 7
6 14 11
14 12 2
18 10 13
8 18 10
9 20 14
0 13 11
9 5 5
25 22 25
4 7 7
3 19 9
25 17 9
15 18 28
26 10 23
31 24 25
22 10 9
25 2 20
2 31 30
0 31 7
34 29 8
14 18 30
9 33 25
35 21 16
9 17 24
39 20 37
9 41 35
13 21 21
11 7 16
33 34 25
30 17 13
29 19 37
36 9 33
33 41 14
35 20 12
38 2 39
9 22 43
32 16 16
19 5 15
20 21 17
47 20 49
49 0 54
9 27 8
0 42 16
56 26 50
15 40 32
52 60 46
7 17 60
25 47 38
55 23 25
10 41 29
50 57 28
37 67 32
33 38 44
16 3 46
0 0 24
64 29 0
68 62 70
45 2 23
1 8 35
13 42 49
34 75 16
77 32 58
78 4 49
1 69 16
71 53 45
27 55 29
10 66 73
70 78 45
84 64 7
70 22 18
59 33 39
6 43 88
45 73 22
29 84 73
50 75 48
12 69 17
93 37 68
86 23 25
60 57 84
67 48 38
10 16 69
38 59 49
89 92 24
44 32 38
100 17 55
95 2 14
14 90 34
70 52 5
104 37 37
103 40 58
37 58 105
15 53 99
6 13 21
68 20 95
28 102 36
112 6 58
38 78 6
77 30 79
104 111 96
67 18 42
100 58 41
18 52 18
21 20 35
94 44 62
119 31 35
113 7 104
9 14 13
47 2 84
0 11 48
75 56 65
117 19 59
103 66 78
80 35 33
58 80 95
37 84 50
19 77 100
20 111 85
12 101 116
49 115 119
73 67 22
130 6 87
60 30 37
3 8 15
137 3 20
0 34 84
107 94 22
67 40 34
80 51 48
96 13 133
23 107 31
56 43 103
131 80 2
131 140 111
101 144 1
99 112 117
117 91 37
143 146 126
129 19 38
128 97 96
123 138 44
142 51 95
146 112 77
59 111 65
44 143 50
79 80 137
65 5 50
45 122 64
97 131 21
103 53 57
99 163 56
123 110 143
0 73 30
121 113 3
128 141 6
165 161 72
93 34 56
98 69 36
101 94 36
146 115 1
48 11 116
82 4 124
91 90 98
150 167 12
119 145 94
109 82 20
70 63 149
105 102 73
132 178 73
161 177 152
176 64 50
83 28 72
40 169 97
179 46 78
44 148 54
191 42 83
14 140 20
52 21 43
11 94 149
182 14 66
144 108 181
58 155 139
59 175 119
163 6 108
35 61 110
31 9 62
76 112 166
131 17 125
2 193 167
158 59 189
79 89 188
110 118 19
208 151 107
165 195 31
65 2 109
145 48 154
69 169 39
179 195 84
39 41 158
103 74 212
18 175 105
34 135 33
136 43 87
146 129 148
50 102 68
180 149 34
161 67 34
142 214 139
210 98 42
112 66 137
127 179 38
6 75 35
103 180 31
27 172 215
181 19 127
15 138 74
108 183 149
205 6 211
204 142 59
53 189 146
110 189 78
99 182 209
60 57 144
193 211 26
198 193 110
64 154 144
174 44 197
142 196 113
81 147 82
93 49 97
4 174 111
98 182 19
165 46 44
83 149 181
124 26 238
144 189 86
111 243 203
155 138 140
225 220 240
103 165 177
59 62 144
124 189 96
187 256 187
255 22 34
159 54 14
242 82 79
227 163 201
160 214 256
97 19 190
109 41 79
147 133 170
31 46 133
164 158 38
174 113 69
260 143 41
41 148 20
110 219 220
261 182 227
42 199 133
140 23 137
7 236 165
19 29 64
99 72 257
243 223 188
264 88 203
7 256 149
180 9 192
273 274 205
256 18 92
5 212 195
16 138 139
100 239 144
201 128 23
43 238 86
52 227 144
160 219 170
134 238 280
26 5 86
253 175 233
149 178 116
280 277 136
178 179 238
264 126 241
215 83 276
183 218 247
216 282 87
25 88 234
166 80 65
272 64 262
16 158 279
184 212 228
48 82 223
193 277 247
248 27 151
283 205 3
42 295 58
307 166 35
107 298 138
244 21 220
76 117 164
141 94 202
230 305 123
54 112 110
249 241 213
98 264 163
286 264 244
285 62 93
214 8 152
204 315 4
280 4 35
10 237 6
214 124 52
247 46 65
6 277 85
302 221 322
90 302 223
106 320 278
105 276 9
292 271 195
94 107 270
112 108 120
125 220 184
61 16 218
181 3 326
338 280 311
224 274 81
174 11 149
191 244 333
289 199 214
21 290 283
99 69 178
201 251 158
241 219 164
142 256 213
327 307 252
285 101 37
99 298 327
16 131 191
36 147 211
202 290 137
133 168 64
350 268 184
42 135 14
323 310 313
291 343 193
328 77 166
189 240 121
188 154 306
228 173 289
360 309 357
211 125 48
227 6 291
83 179 61
357 118 131
178 215 364
187 188 131
171 366 36
294 15 283
369 149 227
206 275 337
189 43 337
14 323 135
269 29 328
110 56 245
364 336 134
73 167 202
163 67 348
161 101 200
248 200 339
130 64 86
142 74 71
282 223 352
275 160 351
29 84 43
313 372 325
93 110 358
313 121 61
311 100 248
2 143 61
108 143 181
216 65 269
236 206 253
340 326 120
267 360 333
372 355 243
66 258 112
275 102 235
352 238 133
373 275 38
149 86 47
324 262 258
271 114 197
96 118 240
406 115 352
110 37 378
64 282 38
141 270 269
258 32 339
326 312 376
23 172 353
298 217 270
54 364 81
272 276 323
18 273 177
138 321 149
132 110 144
117 194 37
237 58 282
197 127 423
370 146 351
83 336 255
323 184 262
115 345 335
239 158 262
407 45 415
16 357 360
84 167 252
362 295 78
146 298 384
174 366 213
66 115 322
129 84 8
103 352 250
231 386 192
35 382 327
67 314 419
137 426 14
80 129 184
246 244 323
204 207 97
237 446 235
440 90 215
27 332 302
148 172 115
213 382 317
219 139 446
152 87 90
3 418 321
203 396 320
96 389 287
16 197 310
4 310 109
310 326 95
347 395 110
431 319 316
277 441 21
415 157 155
126 307 272
355 280 73
436 76 293
343 426 375
429 392 170
144 198 348
62 353 313
83 73 293
377 112 101
333 1 423
253 168 383
332 207 408
167 38 233
227 110 100
359 43 461
90 62 46
421 400 456
305 317 148
314 158 325
54 263 259
204 178 222
102 132 298
300 423 199
242 33 204
89 67 434
113 473 484
43 327 49
444 77 204
425 196 239
63 287 337
37 327 195
127 376 367
252 170 30
456 429 378
315 87 233
14 390 351
169 352 197
97 343 16
436 185 236
28 367 29
166 396 394
421 51 14
489 133 463
376 133 104
161 323 331
184 222 49
291 5 56
325 459 352
411 171 206
267 215 299
139 211 449
500 123 457
92 155 77
287 187 190
264 416 165
239 508 250
440 82 455
381 336 87
288 78 392
28 218 22
181 63 517
390 117 499
323 270 388
148 359 167
319 16 364
117 526 277
12 259 476
114 338 170
147 292 326
129 34 108
292 480 232
227 463 506
102 207 178
532 303 286
484 234 141
324 407 490
427 481 48
113 471 91
129 366 79
71 328 401
445 142 130
243 42 71
345 280 544
272 174 515
279 202 101
234 483 352
543 437 449
479 404 181
197 448 267
163 293 297
3 7 544
83 485 333
299 425 438
403 206 200
363 275 102
51 556 380
349 25 102
355 288 66
15 90 54
180 109 249
328 411 83
318 365 507
100 58 528
111 309 544
366 273 347
375 22 275
123 216 490
21 210 187
31 499 363
234 336 515
325 36 386
301 506 87
19 12 304
34 55 504
529 7 378
39 230 255
213 423 421
490 267 58
91 183 160
152 257 155
197 533 374
246 29 531
267 336 183
437 354 221
167 90 215
387 206 197
85 69 146
271 424 584
430 494 89
464 193 12
281 200 514
524 379 556
369 497 555
514 54 561
121 505 395
344 371 155
148 222 262
242 136 182
360 508 48
304 356 201
314 134 482
462 344 422
12 239 252
269 533 570
336 174 144
211 85 125
516 455 448
202 285 479
292 183 335
189 295 395
100 291 56
333 37 205
252 185 553
184 497 467
536 304 397
422 10 344
564 222 49
267 100 16
562 188 48
247 603 130
43 579 234
576 493 599
578 58 282
289 254 177
288 206 174
345 395 87
238 561 203
263 286 619
348 411 577
490 310 475
283 344 74
7 515 469
318 23 301
432 316 420
487 469 434
96 467 32
639 557 118
161 285 567
427 140 161
62 340 186
463 4 526
569 482 226
316 530 522
551 5 330
104 359 320
88 478 61
372 334 126
623 458 559
399 252 343
40 134 428
46 73 548
414 610 523
395 144 119
255 328 285
656 141 552
230 71 354
556 85 329
158 83 74
0 120 341
45 85 572
34 347 375
299 158 447
64 367 382
288 257 499
379 402 201
536 616 152
536 483 651
212 199 113
261 205 103
181 623 234
576 481 69
452 261 206
568 483 214
475 591 480
399 412 483
353 658 329
557 231 81
154 313 632
539 148 477
74 136 28
507 635 570
662 390 485
421 644 209
121 13 76
30 276 253
279 509 164
314 530 151
547 259 62
405 603 506
34 406 112
229 166 465
542 666 278
423 477 57
655 455 180
254 303 421
352 114 672
592 287 252
501 549 469
570 416 691
361 458 482
156 436 590
319 272 213
259 482 647
687 512 116
627 193 467
498 376 82
43 657 88
694 459 494
79 446 272
17 72 461
544 125 151
649 257 117
423 303 297
203 600 642
132 358 303
231 41 566
637 714 80
372 421 486
201 355 336
503 302 50
138 415 193
260 356 371
708 40 52
367 712 504
237 587 602
169 388 76
181 411 459
709 418 330
499 575 91
8 370 168
454 170 536
3 468 49
438 457 212
247 508 222
35 235 173
13 145 65
622 172 481
582 532 10
55 5 125
238 303 522
275 540 102
710 511 16
50 480 454
548 268 531
160 65 667
129 671 495
506 320 253
384 30 283
635 575 25
108 221 119
556 602 326
754 568 569
296 291 680
721 472 704
538 487 254
627 549 476
195 722 644
696 722 632
709 21 155
519 40 88
417 163 758
751 466 655
212 429 694
763 455 347
13 242 759
672 434 265
336 581 21
723 344 136
79 169 223
270 142 660
453 116 635
736 615 724
665 679 119
450 463 316
454 492 393
406 9 375
768 711 467
539 268 302
708 219 701
655 432 0
127 682 456
429 582 181
744 369 496
760 447 346
584 533 41
350 778 88
122 345 346
177 37 125
147 384 320
348 359 688
535 140 740
744 295 775
630 712 759
393 342 787
651 153 85
188 81 735
113 528 85
760 16 24
562 340 349
613 638 194
408 328 352
232 223 564
217 270 389
143 716 14
43 181 706
602 784 388
477 552 689
772 436 46
272 545 464
184 282 440
592 527 424
763 197 733
11 568 688
597 109 617
494 120 142
243 526 297
410 178 265
462 239 391
0 607 406
524 460 486
679 448 415
799 470 753
65 330 497
655 736 465
62 784 665
131 700 380
190 765 215
748 190 760
249 359 36
806 337 333
813 412 645
793 60 17
778 641 31
824 164 241
802 152 63
111 676 313
448 780 125
707 736 52
354 263 29
295 34 781
245 83 425
735 338 578
55 525 831
421 30 385
145 208 262
613 633 775
63 178 188
790 69 329
375 366 406
229 328 330
307 512 199
20 280 824
475 821 110
483 641 273
604 588 549
826 56 373
840 832 623
644 396 836
104 384 815
487 729 611
343 183 2
2 99 711
706 590 752
89 658 814
600 10 607
386 407 286
176 286 83
276 637 138
219 231 761
202 45 859
71 203 744
872 802 774
521 841 683
544 579 426
232 562 17
751 487 598
839 706 30
230 568 520
315 349 338
789 640 516
135 177 580
250 728 159
433 40 106
322 546 591
511 263 167
787 219 107
334 495 405
465 5 285
882 473 242
871 440 340
274 216 239
292 851 546
835 862 658
556 85 136
144 841 198
511 262 791
899 313 319
63 883 23
895 661 255
528 59 897
784 727 597
184 31 173
550 322 178
272 288 361
832 433 642
254 537 256
487 584 425
353 704 783
763 377 111
490 793 885
706 397 538
764 610 706
181 831 448
459 869 190
742 797 381
509 543 414
335 602 451
596 905 367
276 537 346
44 489 643
337 336 624
330 198 143
479 582 814
263 6 348
717 22 395
440 892 854
863 431 780
170 878 288
416 866 460
897 319 552
308 922 276
306 556 790
465 809 96
936 411 531
263 869 235
513 65 509
511 899 38
72 715 97
440 447 337
452 78 560
167 878 316
384 742 944
461 533 848
241 413 554
628 16 832
134 52 670
209 34 64
698 773 534
495 55 570
800 895 17
59 150 882
184 803 107
68 701 938
937 744 760
112 90 840
288 74 251
518 860 821
951 363 582
552 47 647
411 691 232
508 13 339
671 589 502
511 355 82
698 363 503
78 309 96
889 316 206
53 961 433
626 565 575
850 198 971
92 919 18
31 376 604
817 155 477
874 630 953
305 640 504
11 313 948
801 139 44
972 55 562
728 583 207
779 129 900
388 867 242
637 106 131
787 874 334
568 344 286
56 569 399
198 883 974
870 352 773
273 974 942
207 690 883
620 813 594
431 2 608
598 176 133
340 768 451
81 924 412
655 250 360
213 399 224
964 129 406
49 678 156
225 780 20
312 76 640
285 983 466
103 726 56
389 610 736
752 281 907
782 76 939
879 98 481
427 992 344
175 95 487
645 91 944
316 913 333
307 473 719
330 970 907
364 247 241
100 116 28
894 287 20
1007 1015 859
608 201 63
597 390 891
128 433 1019
541 874 242
173 171 651
345 621 998
180 804 56
76 200 216
1008 482 781
808 950 70
572 486 549
139 932 79
359 597 213
445 788 537
430 888 775
895 389 555
682 470 450
489 135 880
383 355 877
800 520 962
800 600 493
1015 422 232
990 737 128
844 595 332
594 834 560
148 863 343
974 408 983
104 378 107
499 739 335
527 375 302
323 271 600
987 778 1048
448 672 323
526 196 197
345 606 167
767 680 957
450 787 713
59 922 652
129 59 200
889 696 289
889 272 76
893 960 377
823 445 1017
869 373 356
956 737 140
437 606 170
771 174 221
268 133 834
46 406 1022
437 243 635
579 650 699
728 581 48
1059 481 702
543 570 278
758 912 803
690 232 237
561 394 96
975 304 472
1024 246 128
1034 430 580
380 194 140
319 203 994
1077 956 370
124 260 167
351 199 311
203 596 8
1048 341 408
60 986 637
860 35 283
568 559 326
958 777 343
197 935 1064
369 171 50
1054 768 299
981 292 476
1058 897 1056
839 866 757
740 391 913
756 527 387
12 34 1009
1091 1076 961
776 630 813
146 1052 296
401 848 906
1041 260 636
675 479 945
884 661 445
988 237 354
883 822 791
853 405 288
277 396 262
855 699 803
741 635 524
957 285 491
1 361 300
126 207 241
450 657 535
29 567 773
89 407 818
33 808 431
349 353 1060
700 609 861
3 483 504
555 1116 44
967 593 37
402 282 130
233 976 1063
126 640 583
200 25 720
224 587 412
1033 745 357
636 531 1091
772 919 739
700 592 195
38 354 1005
292 153 360
222 1037 849
282 34 898
338 121 664
329 495 6
1125 462 410
882 215 435
581 142 607
243 552 434
11 714 582
721 57 955
836 672 671
651 559 442
585 706 1049
111 1082 8
10 26 778
760 615 489
420 476 298
53 1005 841
816 214 674
902 598 38
865 394 340
289 70 632
1009 683 437
197 131 293
841 899 119
673 959 909
592 71 701
109 770 1070
961 1114 871
188 357 303
327 405 354
1125 906 1096
245 517 74
994 981 1035
723 1044 1095
473 190 849
113 410 1114
429 447 935
401 574 519
341 1172 132
881 107 834
266 582 943
380 345 810
368 761 86
457 850 561
754 54 746
1001 1039 297
276 438 1117
552 714 119
285 386 285
494 386 1128
101 842 886
906 495 299
129 656 1168
828 349 98
345 653 1087
1066 1160 425
915 304 557
360 1150 616
307 429 325
686 556 955
873 976 383
827 916 944
449 865 185
945 917 1050
270 1037 1104
959 770 1066
1087 806 13
329 222 795
805 322 320
591 444 618
725 701 402
333 407 684
917 1061 791
785 119 14
797 966 762
1038 275 90
1031 180 392
323 1143 145
79 187 77
835 1207 1132
146 494 589
88 149 124
929 694 750
851 231 682
647 530 1051
1026 565 1098
51 704 736
872 1059 385
334 108 277
606 865 959
756 512 727
180 531 669
964 109 921
44 776 900
978 375 506
511 107 487
1111 1125 41
807 899 450
584 578 172
234 492 750
561 477 468
203 1212 385
451 143 359
246 581 740
369 992 376
782 418 70
104 219 1048
353 924 767
524 476 713
310 878 679
614 1229 728
930 935 825
885 79 212
11 680 772
1202 503 1242
672 969 370
714 829 869
340 746 630
654 235 1208
360 110 950
40 1138 74
347 542 906
889 1108 324
686 652 208
300 1059 977
94 717 673
1 466 3
1129 1255 340
1057 1160 78
722 297 955
924 883 100
236 246 701
1156 1022 17
1004 554 1072
1266 526 676
1227 558 1248
929 1206 1090
552 60 838
731 912 449
1158 1251 424
3 993 609
1204 963 301
685 250 91
1261 389 409
494 638 0
362 61 229
201 633 444
1243 612 892
726 535 1058
615 781 52
1073 1235 557
548 506 337
512 271 458
784 472 482
1132 1091 63
143 1195 1209
133 139 216
836 383 357
380 91 764
635 1165 1031
563 769 1043
1213 1089 405
1115 883 1289
582 230 664
1063 313 489
445 996 150
432 121 437
93 329 12
193 829 585
1222 1301 970
909 718 609
704 1150 356
153 680 317
799 1037 554
73 346 1188
677 1135 218
938 1122 1219
57 580 357
1093 1183 237
317 883 430
443 555 299
738 345 785
1050 480 658
958 830 1135
591 782 579
1306 915 700
415 359 437
103 252 185
1029 631 1021
642 459 916
939 803 458
809 118 119
284 434 589
860 796 456
82 914 176
957 376 749
940 863 187
1084 749 364
1229 312 684
482 99 241
1049 1324 1154
1190 789 1331
866 952 575
923 791 805
417 159 378
16 670 871
1215 1254 859
1084 1193 1129
1137 765 1317
482 636 288
313 841 311
564 1123 436
1186 790 1261
627 134 655
127 816 1272
82 50 31
88 908 970
490 976 794
1188 589 853
515 913 790
944 429 943
505 273 1248
620 1083 1039
726 253 791
1176 591 2
1057 884 141
707 613 951
999 457 58
534 1061 199
462 961 1304
286 1283 1090
635 39 1151
278 257 749
761 361 50
637 393 282
1057 942 1205
1247 639 414
209 463 868
286 204 796
574 1011 106
761 1281 673
1061 411 415
1095 897 103
473 591 275
474 443 963
1363 440 441
1367 13 294
703 862 519
1263 1274 176
274 458 800
679 22 969
216 1022 428
706 233 203
203 123 1195
725 132 1229
58 1110 585
833 1172 289
760 417 717
476 1360 463
1097 404 64
836 186 1348
433 1073 442
1090 944 976
271 1331 829
301 849 1050
708 83 971
623 1002 573
637 283 1329
959 1172 690
1059 1319 146
656 858 1316
1026 1156 200
1172 782 753
334 308 658
1069 598 813
37 1132 865
1114 504 475
900 949 211
1088 1068 1392
977 1298 1083
451 1200 507
618 1295 299
952 726 193
554 124 252
197 969 1197
1020 1352 1360
213 789 155
1385 1399 1103
618 1163 1300
65 757 564
921 1071 1207
1031 233 965
132 186 646
838 968 721
1260 144 646
811 1164 958
659 793 112
204 961 1383
77 1108 877
19 310 171
54 418 1048
176 436 217
1354 53 674
921 745 876
1027 47 531
188 481 1353
131 172 1433
1302 1105 110
1178 349 908
1440 1366 1351
374 586 341
274 1385 794
943 1295 618
774 778 675
992 1098 313
883 389 1139
218 1205 978
605 272 960
52 103 1341
1118 219 464
611 1280 917
488 457 1119
11 1030 707
1054 935 293
281 629 5
1326 490 370
1074 705 701
469 281 1151
895 583 107
143 1409 745
1119 1026 576
1347 728 47
912 130 540
1014 129 282
679 1374 1164
1140 1107 829
78 785 39
157 201 442
345 337 653
390 90 1421
1253 110 1066
1148 154 1246
421 1107 728
839 1047 1038
38 657 1243
923 886 703
587 1196 608
207 1445 502
1320 964 1029
260 157 1425
1319 306 975
643 1306 1389
451 260 992
312 321 1215
1374 363 555
1358 202 523
1455 1325 287
993 840 1229
896 30 333
761 1325 1478
1214 792 681
1410 406 122
300 1271 1304
121 758 125
813 490 1357
948 711 1280
401 20 1223
702 717 446
471 644 627
571 1417 1082
439 988 437
630 306 115
495 621 948
1378 789 1131
666 150 108
894 718 682
1495 447 1508
133 51 822
1125 979 326
298 1148 82
1206 1089 136
785 1486 1432
1186 300 1014
1133 1346 461
427 1463 764
600 871 769
721 979 970
85 1459 1299
314 1343 1346
836 83 948
457 1239 220
150 473 1170
311 587 521
782 790 666
485 176 1158
1079 1172 713
800 48 1418
1220 554 253
616 1335 1139
1466 692 1040
1305 1495 901
1086 711 899
681 666 1507
1482 1278 884
441 948 492
1317 1446 1117
513 1390 210
1392 474 1024
991 613 773
1244 562 1287
1244 489 1312
1153 1038 1459
1278 14 1436
1117 794 711
204 1103 506
1302 244 65
1102 1292 1458
58 673 1509
385 170 948
1163 916 507
1366 935 1246
1377 27 583
344 904 1420
913 328 522
1405 133 345
0 317 66
525 411 581
201 1445 1053
1033 258 818
1398 1064 1564
1395 976 236
1093 1161 261
338 651 1431
678 1012 1507
1372 467 133
1472 319 1371
1422 1085 665
894 599 191
35 823 1194
1526 441 1560
1476 809 1193
241 491 584
1481 196 599
532 734 1539
699 162 1079
1394 1273 117
1089 1470 530
1192 1316 695
676 565 967
204 1472 845
315 851 1341
72 1487 1381
68 899 621
287 247 691
327 970 1140
544 181 1432
913 1239 1170
1021 1331 412
1120 928 977
1305 243 1478
1108 1366 270
1311 977 1319
1580 1466 1402
1374 1419 879
1006 1518 915
863 1485 1443
738 632 196
1370 118 870
787 292 931
1173 1032 152
114 1465 626
564 341 515
447 689 1559
1117 1296 1041
806 586 1217
1542 348 618
423 805 241
481 51 1137
1610 1550 1002
431 950 1457
1016 200 50
1013 787 1515
1068 731 31
413 1193 449
28 486 342
1076 970 412
831 987 1271
884 1346 1400
343 372 81
8 1217 440
76 1116 619
1332 734 30
845 236 1287
1265 87 1249
1540 892 481
550 1002 1457
1045 491 342
864 366 1431
1233 1174 1076
740 645 579
151 799 653
292 1051 870
1631 882 88
641 125 998
1105 110 1026
222 1558 1445
1578 902 763
1474 439 37
716 1065 10
1335 96 690
1114 541 232
138 1540 727
260 672 823
839 1208 1641
799 657 155
1381 750 849
1486 526 1126
58 1173 999
951 846 1546
827 987 686
1593 274 126
1486 353 878
221 767 836
1165 219 716
368 1343 959
1465 1344 1061
573 1104 363
414 333 408
1073 1556 1139
1029 1559 1583
509 516 1314
1550 510 1600
284 1105 520
100 1332 535
1203 1009 1523
928 987 1093
903 664 1466
1612 7 640
1522 532 44
1639 1117 632
942 173 1203
221 778 253
1247 1167 1153
236 1084 1024
698 438 958
1529 1557 304
833 13 1622
199 286 1213
728 497 996
787 1580 1269
153 1591 1187
1161 171 1551
1367 46 1652
1158 707 279
1628 450 227
659 665 1472
895 562 1036
1019 999 342
204 678 1171
1098 319 32
1186 803 312
226 620 1362
1610 1352 1272
1011 1545 1204
235 873 1365
936 422 228
430 312 761
58 1136 1436
1599 1615 934
880 429 1307
681 173 213
480 1397 896
234 266 995
777 1032 353
1454 508 856
1161 1341 1517
865 864 1162
371 1314 1095
334 604 420
929 43 169
285 984 186
354 1620 538
1014 1483 599
222 1379 427
272 1462 1672
487 889 446
509 1511 1160
1625 1516 240
745 107 1243
1268 80 345
883 1481 8
1411 533 667
29 1165 61
1555 891 908
743 629 1690
881 1552 599
274 969 895
965 913 1127
410 1460 1550
706 374 875
1413 1588 1395
250 1312 292
1342 1007 1315
407 903 1208
393 1182 1471
299 985 1324
338 639 1182
539 419 458
1698 1532 542
615 117 757
98 442 1325
1014 1463 1679
1077 238 1047
27 849 37
114 1661 406
728 753 533
68 1741 1518
1751 823 107
427 764 515
370 1307 1366
557 1383 1190
1408 900 1628
325 761 483
211 991 1549
279 1691 548
64 1227 913
508 302 165
1337 441 1738
1251 301 1003
604 121 949
38 135 594
631 29 218
1749 1483 317
839 719 1731
443 775 771
1360 201 766
1334 525 1543
849 437 329
477 148 750
742 1754 486
309 1358 477
1444 450 195
1249 717 1674
716 331 136
461 1727 513
1694 826 420
522 954 1688
405 824 936
526 429 227
678 945 1134
1151 952 1538
1745 1161 494
70 1042 788
1643 230 953
727 1098 1359
1726 1413 548
11 1758 945
1099 1105 214
221 1287 1294
1769 597 1467
554 1375 64
1789 1072 804
846 596 451
1219 893 529
1377 537 40
1712 816 985
221 1415 1308
1303 570 369
1216 1731 756
249 758 816
0 398 582
1629 1751 312
1171 799 1083
557 794 463
316 1604 1196
1239 125 548
813 1191 1322
437 122 1424
623 1717 1585
144 25 284
980 245 457
464 1579 34
1757 1346 471
1331 215 1713
251 554 647
1733 1105 409
1010 359 841
232 1606 594
1083 991 1804
1753 538 1430
1665 1146 678
299 452 1484
970 1270 1482
1144 1498 1316
1290 648 908
1686 130 1174
784 831 450
1278 667 1075
928 823 1708
349 1361 549
386 1345 309
474 744 871
966 495 1296
1779 1174 1200
562 417 636
1194 1432 278
1265 316 1361
1490 1174 1591
822 1032 938
1641 302 755
1051 89 1326
234 1384 159
65 676 160
1229 1121 965
509 1170 1397
882 1613 570
511 788 1376
55 1368 936
1604 645 1027
778 1481 255
269 131 1325
1040 294 765
792 508 1637
781 275 20
693 1833 326
137 697 1355
359 73 1735
1125 270 1586
735 1229 921
1604 780 313
1279 475 909
1834 674 12
1535 66 1263
1363 1868 741
1579 1861 76
1742 1539 256
557 294 708
39 757 146
1256 1131 324
817 1781 330
799 16 1857
1781 480 1507
1363 442 776
1805 1021 5
742 12 723
634 1687 1224
920 1332 543
505 1420 16
95 1832 704
1016 1455 697
1785 1098 1742
170 515 1384
822 1582 877
1112 1874 117
1045 645 1310
1316 1392 137
945 993 117
11 341 897
1807 640 1450
1012 402 1718
8 114 1029
495 976 965
594 568 464
607 1776 1786
772 519 156
988 1420 358
1507 1501 1715
1745 562 921
1342 622 1369
689 621 369
665 1481 213
1170 665 1402
1513 1311 268
1147 1420 1093
1828 1851 27
1108 1081 1573
562 1695 218
349 1607 827
1610 1221 22
88 1764 1080
48 213 76
361 959 1268
424 1318 694
614 1684 1059
384 1779 857
1751 1826 986
311 350 1269
1541 488 1359
651 883 716
1844 1414 746
1021 750 745
595 370 1201
1151 1619 1331
1483 256 1198
303 568 1878
825 536 1600
1297 215 93
1517 1631 531
947 959 945
299 707 790
13 1094 1641
1907 79 1580
418 1467 501
574 645 686
280 499 1790
229 661 841
1577 1120 518
810 790 1618
280 305 1922
179 1411 1172
1096 709 1929
505 1400 88
1891 514 607
438 955 1337
3 1127 236
352 1574 563
1538 123 1767
380 1830 1842
1894 1599 1160
227 726 1760
343 1207 1069
1478 1215 63
511 1184 1527
1875 1923 557
150 903 1807
1886 1859 1109
1807 802 1143
1818 568 305
296 1456 1496
1659 1507 414
1133 1951 300
1484 1125 1137
1525 790 61
309 1578 1049
368 684 582
1823 316 606
634 239 1554
49 1160 315
1 334 1265
1710 1054 371
1447 361 1064
500 1655 39
313 1327 1970
845 1561 1870
909 410 1566
93 227 1599
790 1673 1265
335 162 338
944 97 1048
1099 1339 1626
1834 1050 1465
694 419 1263
1585 1311 521
1524 729 1288
1067 61 1833
1233 591 872
865 1723 321
1676 1287 374
1209 724 1731
922 119 1197
31 467 1155
771 1984 1979
1413 466 1802
826 1230 1
1659 1668 349
999 1994 1613
1137 65 1056
1589 643 271
978 793 360
1868 1275 1772
916 338 1702
623 1927 546
193 1109 449
1356 1262 1292
1136 1793 1684
41 599 260
1754 56 814
989 1772 338
586 1594 1952
32 1903 659
161 353 1536
1823 1048 131
632 2008 1621
1809 1957 1433
1856 1168 1117
1850 772 812
1529 1571 1839
1718 909 175
56 133 1653
1695 1548 791
588 1827 1833
269 1046 87
574 22 1563
1616 1645 733
920 1695 1640
51 1989 573
178 340 576
2014 936 1046
1858 1951 812
635 1100 1735
1001 1895 1718
1037 1072 1894
548 1735 658
1885 1801 1788
333 1385 6
1441 1134 1387
802 594 1829
1179 495 138
2037 1226 1241
1066 394 1119
2041 240 205
1447 1373 1357
1846 522 121
2009 1693 908
1574 833 1093
265 744 248
381 1286 435
1173 893 70
214 962 895
1664 2041 1146
1967 179 415
310 643 1744
1895 1933 113
1356 1425 750
107 376 1374
61 1265 766
242 1759 1779
217 1205 237
1206 1900 683
594 1899 1239
1347 1679 1961
1333 2060 1408
1893 1808 39
1581 865 1489
1703 1328 1551
807 1500 1653
1470 1243 1464
249 1449 1160
16 1106 407
266 1543 883
1418 568 2069
436 1832 1467
211 1909 1043
1008 28 918
316 1629 99
265 1672 690
667 626 1683
111 655 504
1459 1236 1032
1462 875 594
1995 4 979
1372 165 1335
1444 1761 918
2060 991 227
875 477 2015
1274 1455 1686
1529 1420 836
1494 1748 695
482 286 684
1916 1466 1818
406 1730 1260
1816 557 1731
1400 1231 1826
879 831 1376
1314 221 579
389 783 1311
440 647 2078
772 1829 487
1547 1040 645
1518 2098 847
2061 1076 795
1416 1059 356
1256 1972 319
728 1219 988
1775 885 805
1738 1352 227
1309 1967 590
1859 1483 606
665 1690 992
504 352 254
502 1709 1954
1709 1743 1412
2090 1118 2067
182 463 785
603 730 73
1900 488 314
773 160 1811
1752 2101 1367
2101 2093 524
925 1896 1198
876 590 1961
159 1561 1351
336 1868 707
645 1509 4
960 428 416
423 417 1324
300 1851 1021
1540 1850 1709
2105 1204 1650
80 1681 501
2084 51 1263
303 1609 1016
663 465 1106
1138 1741 580
1263 894 0
198 1013 2069
1534 1124 539
246 461 1111
355 902 2070
906 713 1797
1778 1754 201
1348 1782 500
1265 1564 1937
1748 1168 1013
688 1514 193
441 2039 985
1489 1256 1615
1399 1764 507
2107 1773 1123
560 1463 1926
1807 1554 1198
1341 613 1007
452 1909 2002
897 291 1241
767 1812 1955
243 352 415
948 1360 719
951 1675 2082
189 794 500
970 225 2126
325 1595 1
1540 2117 1308
1237 1524 581
161 274 1066
585 823 1470
1464 1340 259
261 382 2020
1509 1835 1477
1189 291 883
191 365 272
1988 506 1106
703 1663 359
20 1367 502
681 1825 1767
597 775 94
92 395 1758
873 541 581
486 635 80
757 1628 1097
1290 1606 121
1266 1931 1965
348 2108 880
2118 864 636
918 141 996
396 622 548
1865 1291 1830
1551 602 1453
1304 2138 357
1203 1883 733
2192 1680 89
1742 1525 1112
969 338 1764
1876 1234 735
1469 229 150
887 1890 1408
1015 276 1040
729 341 239
1494 1140 1294
341 265 202
1762 821 1724
826 1579 2106
506 708 1479
1256 1363 709
304 1578 2126
119 1845 1132
1000 2001 333
559 707 1706
550 2154 1303
148 1243 2117
1368 2 1610
160 734 2047
1518 1197 52
1197 1139 664
2079 1035 1254
1665 1164 882
609 133 256
1919 849 2011
1909 1968 2139
517 522 1652
385 1506 576
560 1138 1492
1775 360 1825
975 1299 1793
401 1391 2125
1858 785 1055
1491 217 1788
731 2067 886
1052 1217 488
1202 31 414
783 196 78
1 1871 268
329 547 1419
1838 858 748
1168 725 215
1921 1269 1745
357 709 243
354 1653 509
729 1568 2112
812 1183 1259
126 1746 782
1635 1402 60
1253 1713 2243
1612 2160 121
343 1268 67
100 2152 1457
2202 2120 1486
1433 114 80
1254 1331 1899
974 195 1914
2050 806 1233
3 1423 452
1843 1161 451
2103 1830 416
1426 548 737
1178 1730 1498
1230 1654 1937
622 1777 1704
452 817 660
1575 1044 1464
1862 1700 1257
64 1301 408
2155 639 153
887 69 1402
1814 1546 227
1424 480 2222
2088 2152 2206
1128 479 1298
617 1415 110
523 284 2127
1521 1202 155
790 825 181
478 235 563
2134 591 9
1668 2087 768
2053 66 2088
1449 132 1228
2096 2031 114
1402 1043 2113
158 1568 37
803 56 211
759 516 530
502 129 1362
1658 456 990
1792 1636 210
2057 2239 179
1721 2096 1923
963 370 1169
748 1777 282
426 755 538
2021 1441 1642
2166 330 1392
863 1586 674
2259 920 544
782 1502 1418
1049 900 2129
1045 2149 1840
127 1003 1656
904 2238 1774
610 283 97
2003 1935 1785
1015 834 1391
1347 674 1116
1024 2263 1889
358 750 479
1848 854 2240
1874 71 176
2099 2158 857
82 160 1940
1256 910 2019
1589 792 1731
986 1323 1460
1182 1097 371
2174 818 270
711 802 945
330 335 1496
2091 1875 292
1557 533 1257
2121 1973 1597
1905 2040 1427
2014 911 1940
1792 1905 879
181 2021 1336
1798 705 1188
1365 226 883
248 442 282
369 2296 2289
1073 1077 140
1794 2091 716
57 315 2090
1857 2301 1656
360 903 1422
910 2265 1834
953 1305 174
78 195 1281
1578 266 168
1296 2125 363
1848 1766 1862
1299 251 1860
385 1030 645
457 290 2106
1695 1011 1691
763 2225 97
2059 545 1966
2268 1254 917
1698 943 166
879 87 1706
464 563 165
67 280 1830
866 2030 1280
2147 343 853
2152 1439 351
1889 2227 339
1528 1204 1637
541 1558 619
310 1304 335
2131 70 1136
2003 1551 2239
1789 678 616
831 1482 420
1369 138 1633
2356 1004 124
784 1181 222
196 1856 1619
596 1665 2079
384 1517 863
931 2001 1563
1220 1457 465
1334 245 805
1184 1710 248
424 50 924
2282 81 80
2349 725 613
1570 16 365
2092 1313 2132
1493 1819 1233
2275 1591 1528
1892 912 495
36 728 552
1578 2218 469
1574 1140 2367
2139 1006 2193
1687 2159 2015
1553 1637 375
1364 2194 71
2080 1627 1938
1636 378 200
835 267 1708
1911 957 764
1116 1839 1547
908 542 719
1917 1244 2298
662 1795 821
281 1561 342
1481 816 2195
1935 1765 2108
25 499 2359
2265 1723 903
1236 249 1434
2037 314 519
2170 727 577
365 1639 1604
2297 110 597
672 341 1911
2007 2383 63
1411 1211 367
653 1412 78
1280 365 1010
547 1262 2202
1836 1866 176
1657 121 1686
1969 69 1415
1294 1237 1696
1013 1736 1723
2343 31 838
386 1115 1428
1129 1574 354
1242 1982 662
800 184 2167
1852 1262 1883
1308 1186 667
2392 1262 939
2154 431 562
131 1606 529
1832 1664 1949
665 79 334
2206 2315 2338
1489 1658 694
2004 1046 1864
1977 1027 1890
380 147 1271
100 1100 1808
1240 72 1452
2322 160 1758
2154 1509 279
1475 2029 2091
1405 1982 590
557 1126 564
45 1100 156
168 912 1645
552 347 2358
695 831 651
2395 945 544
1828 1228 2040
1715 134 1341
1459 965 621
1125 1837 2448
140 2177 843
2007 1411 1998
1351 788 347
710 984 995
200 2188 347
885 2433 405
757 2367 1508
1324 2041 1786
1853 1678 1386
1671 1764 932
1200 1037 705
312 1992 374
641 218 1534
2049 805 329
1810 1078 933
1004 1007 661
609 1511 2421
2362 881 2438
1949 642 1529
2010 1405 793
160 1899 2050
771 627 2340
1284 2419 1686
2131 2093 1141
664 1311 1097
2006 2065 1108
1513 2367 1307
1199 1743 1385
1606 1560 2066
2402 115 394
1965 2086 1447
2212 312 2002
1771 669 1638
2326 860 766
187 372 415
1945 1701 1447
154 643 447
1167 655 2293
1276 511 120
591 1796 2431
1486 791 1727
779 1000 1548
843 927 1684
1051 840 1450
2243 1872 1654
2153 2464 2269
565 2490 55
394 1544 1861
1144 27 1311
798 147 807
998 264 1062
805 299 2447
111 2213 1521
895 1382 1935
2036 1677 36
2109 1493 1498
1575 665 2460
431 1360 1866
319 806 743
2202 1607 460
1723 2439 1246
1648 1039 752
1084 801 1820
812 1173 141
1588 1644 383
997 144 2452
1661 2014 2349
1854 1655 1832
17 295 1189
1573 1894 2038
1080 1002 2281
1412 28 49
201 1191 105
379 1714 806
1337 1156 798
158 1659 2398
2438 2121 2421
507 1302 2231
1866 1457 2427
1871 867 1966
2267 1760 13
1060 924 199
154 829 598
2054 1806 1991
2466 2101 1661
2408 2420 16
1335 2296 1043
1317 2448 141
745 726 286
1198 2212 1484
1547 2251 1083
2463 175 213
1427 1748 2526
1082 603 2521
594 657 2124
1916 2083 1035
2337 1390 758
1521 1628 11
750 396 839
2394 934 729
383 675 1181
1965 935 505
1509 670 740
2226 814 2003
2232 2387 101
789 1803 598
892 234 1365
1852 1035 1573
2538 1529 2464
1062 1763 2539
2044 1214 1072
363 180 2011
2003 1884 1635
1538 163 1371
2325 1509 2075
1422 1469 1566
1140 73 224
233 2062 1269
1623 880 2247
2520 1124 1234
526 1533 1245
650 1090 500
1697 1279 2201
890 1875 1853
1945 204 717
1061 882 787
2541 571 1196
2310 649 1867
2227 2033 243
1234 31 739
1333 1162 1184
156 2276 675
1601 1803 1786
829 138 1993
1971 721 1594
1750 378 124
1326 1588 946
976 2458 830
1340 1026 2404
1698 2378 111
2008 2393 2349
2386 1074 531
1809 359 340
325 503 2311
192 20 1321
548 60 757
2088 107 1720
2402 1924 1564
2297 661 2018
1491 861 813
1787 2525 145
444 604 440
168 1913 1580
594 476 959
2266 96 1351
687 984 476
610 2485 254
1394 2470 2177
2266 688 263
1715 78 2323
2592 182 657
491 423 1429
430 1881 2604
696 1 1748
0 2179 2576
877 2351 1019
1829 2544 2367
1116 5 1810
79 1716 837
1161 44 1448
1750 715 1295
2050 1696 1767
1754 2051 100
1649 727 1808
1527 2122 2092
1794 1497 2484
139 1847 1665
218 1268 9
2004 2337 2262
59 2399 969
1328 2567 154
1325 2036 264
1547 1607 588
917 2434 1248
809 277 1915
2045 341 2230
1532 349 1684
1268 2125 2315
2140 1701 2357
113 1144 2392
2366 498 1941
446 511 1010
636 92 1278
607 2095 1287
1157 1531 278
820 1932 2098
221 1833 2518
712 2502 286
2237 1358 1544
266 1127 426
2129 115 2245
746 1043 1141
244 719 77
654 320 2638
313 342 1245
845 1389 2494
987 778 2152
2195 25 2434
216 480 1395
109 2298 623
432 338 137
1157 1316 2635
1481 237 2196
215 2274 705
1263 1946 2099
494 526 1509
543 2483 1364
1955 67 1656
698 812 1448
1414 696 553
1662 2633 486
576 290 1541
529 578 1792
96 1909 849
1128 338 2076
295 501 914
1960 485 853
1708 1442 1854
1810 1685 196
1247 1329 444
1897 583 2023
2213 2180 41
685 873 1195
313 1214 179
929 1888 2678
1370 233 2366
2428 2509 2587
1990 208 1624
638 1555 1730
104 1071 2396
1169 2606 1795
1143 2196 382
1520 1974 633
1470 173 191
2067 982 1593
1685 1026 1663
1393 2626 637
619 348 1587
2163 667 476
1084 1304 425
1169 2250 1607
33 836 929
2361 1607 989
2673 1617 315
1539 52 1890
1688 1943 547
267 298 655
845 2200 342
471 900 2131
1723 908 1433
2058 268 119
712 2052 511
2251 2548 2224
1763 1293 485
1861 2137 1295
1085 1869 1749
2497 112 2649
736 370 1508
108 2134 1676
597 1534 148
2246 2546 394
2600 2180 146
734 952 2590
1661 2090 1337
696 1899 2512
2523 1014 63
68 1185 189
841 1307 2178
133 706 1097
1765 1416 2373
207 2081 205
724 803 1434
1373 1274 286
666 1860 754
149 2384 1492
1072 1468 1313
2711 2499 1237
1480 2707 703
485 2183 1175
1731 2346 2627
2157 1631 1304
2597 2555 1374
2199 1685 1128
1746 1164 619
293 2458 1607
2351 1257 884
2579 2348 1667
715 2683 2680
452 1609 785
147 1230 2742
1301 1010 516
2173 1550 2731
1554 2167 161
1042 308 488
1013 974 1120
1086 2349 2092
2567 1762 2279
1329 240 214
554 458 1541
1770 1859 38
2299 2756 1129
335 1001 2482
406 1241 1774
2419 2060 1349
1320 1563 569
83 1871 1236
1440 728 2336
316 1364 660
2580 1511 457
2243 2370 2166
2706 2711 1555
1579 2191 1784
2498 1935 1656
2322 341 356
2602 1064 2156
905 586 1302
1494 1563 2728
341 2648 2577
504 2212 1819
1473 355 1113
2590 272 187
1726 2397 1569
339 2589 327
1729 2531 1849
2044 2513 2577
2573 2574 2115
1579 30 1142
762 56 1268
1441 525 1696
344 1061 1754
1748 1260 2503
43 1048 1381
764 2011 517
873 2707 962
1017 396 1365
1230 580 1017
1595 1276 2449
2305 1605 935
1632 756 2744
2767 1434 2707
2585 2708 71
469 2454 1487
2567 2441 2232
634 16 2245
604 829 19
1114 1890 43
3 1805 2421
731 936 1460
380 263 132
256 2481 603
1691 846 1759
509 912 917
2723 2086 921
1708 2389 2698
1075 2423 2427
1779 1439 2358
1043 2184 1734
1 1006 1188
1659 1737 495
903 910 1527
2354 2101 2558
2089 687 2320
1835 2146 1817
2565 1380 782
2708 1193 784
2568 1229 914
744 614 756
454 383 1157
215 174 50
2315 1630 2148
711 1408 672
493 1125 2198
1267 2527 595
403 1177 2486
1340 1145 417
759 1407 2735
1930 1033 1329
1937 1031 2286
1430 1050 1732
2283 2166 2459
2692 573 1759
335 2178 21
2312 438 725
303 2307 372
673 2171 1996
2741 1900 1806
984 1997 364
716 2714 290
104 1418 1182
444 2291 2211
1814 872 1482
1441 474 411
312 1345 1504
1718 1611 2344
1244 1946 2632
2442 1335 1735
637 160 1301
868 1097 745
549 2652 937
1497 1824 2261
2627 723 1675
902 1803 151
2277 2351 1393
2203 2412 37
1 242 2613
1963 818 422
1456 2498 2796
1019 627 2479
411 733 838
2339 1699 2458
448 1476 759
2753 1829 847
1728 1573 1006
2101 1914 1162
1827 2803 517
1917 2649 1933
720 1194 1515
216 2158 1273
2339 2464 1544
901 2739 634
2800 1173 1306
1159 2749 2019
1502 1973 1640
2180 938 1884
1471 2293 2385
232 2738 1305
253 1079 1050
2779 463 504
1159 379 1988
867 1534 58
1827 2378 1719
579 520 1053
625 888 545
1132 2315 249
348 2369 2100
915 2338 1236
2495 1455 686
2010 796 1684
1861 456 125
39 1945 1729
1183 959 1418
2151 944 1809
1050 1645 1194
19 957 866
342 938 353
2519 2770 2077
1046 72 1070
490 2305 174
354 246 2672
1011 1846 1932
1346 2758 1599
1421 1890 1998
1261 938 924
2384 1498 2065
2120 2209 1410
1688 254 1359
644 251 1744
2752 1588 2226
934 1317 1959
1056 509 2035
104 111 521
2618 2113 80
980 1421 1498
1242 2037 1639
1412 485 1759
2628 2904 2804
1871 224 2306
2848 795 2559
478 1391 415
284 2919 570
1073 2045 44
1193 2129 1968
2715 191 1205
588 1923 2709
948 1973 917
1126 1826 1933
816 1871 2740
1528 2223 1466
1485 1289 1120
1751 2579 709
2706 108 1460
203 1575 761
1253 1404 1038
1368 1647 908
1693 207 1744
1119 2885 679
1420 409 611
2397 1352 923
651 2563 1807
1074 420 1929
727 1429 2925
1993 903 1752
2541 246 665
1163 963 1251
2278 1620 2440
1577 851 693
790 348 470
613 1322 1882
2396 2133 1344
248 433 2241
2186 93 2602
1866 364 2301
1749 2023 1592
1562 1617 831
499 1989 548
164 2903 21
2041 2680 1454
1165 2506 611
2432 1980 2917
1479 2482 2633
2654 1999 324
2844 2272 2607
1962 550 1847
452 1371 199
1964 261 1957
455 970 345
2829 1577 1735
2904 16 590
2469 874 1691
323 14 2738
1062 460 719
207 2981 251
1334 901 2418
276 767 2756
50 2423 618
2453 2814 1453
1248 1297 2348
1805 2918 2858
211 2315 763
344 1095 798
2013 1572 2780
2838 702 1458
1350 2615 311
1002 2165 478
521 1810 450
2433 2695 948
2149 734 2091
2914 1529 1872
417 274 309
1025 1928 1604
1006 917 1097
154 1307 298
2345 2684 2824
2549 2740 2322
233 2299 299
1414 2664 1009
1935 1281 1777
584 2374 2441
1652 213 198
1092 397 1224
1106 1072 1621
2699 53 2842
2786 2012 2627
2422 455 991
2039 219 468
2422 1254 563
2732 1532 2074
1031 1340 1954
723 1500 406
2863 2830 1755
451 2392 1045
70 1255 2995
2535 1523 2424
93 1471 132
451 1370 1482
303 2003 2932
1334 445 528
1281 1587 1959
339 1874 485
2371 1865 461
1819 234 2845
1282 362 888
2725 704 1381
22 1212 2370
1444 2207 218
2260 1783 2055
2745 528 2068
1736 2754 216
2068 2825 2370
2337 1736 2811
2885 1943 481
2713 2012 77
101 2332 193
133 246 2224
742 2764 1088
654 36 144
2693 2416 1086
3047 2620 796
2378 2440 2102
1841 236 2804
229 2604 100
1351 133 2738
118 741 756
1796 63 1677
945 1030 829
733 1802 1867
2547 514 359
971 594 2083
2929 1303 1322
2547 78 2461
2700 74 2656
1624 1910 92
2133 2036 1541
1549 3033 867
607 822 2851
686 2836 1285
201 2144 2920
885 64 82
1357 1920 530
210 347 2847
2428 2580 79
1627 3034 2899
1148 2343 2502
73 2788 30
2846 2803 201
2632 2890 1972
1891 558 868
2436 2570 2275
1028 2150 2362
602 1663 780
804 404 1507
282 572 1814
2893 2069 2410
173 1094 72
155 1822 953
622 1299 1067
557 1832 1176
1004 2147 2532
2815 71 1138
2809 180 2958
743 2813 1059
1562 1316 2069
341 1151 519
612 3045 2139
1119 2410 2073
492 1586 1428
3083 516 1062
2639 1895 2069
414 1119 1821
417 617 3042
2826 2860 222
506 2390 2347
2700 911 412
808 217 857
1276 1665 2593
2835 1638 3020
1903 1846 1425
208 842 2933
2013 2763 1673
2293 1114 485
2397 774 851
7 2117 2158
2646 737 2643
2625 2086 2449
17 469 1283
706 353 2312
1199 1414 29
1939 1125 2569
2005 1575 602
2681 1402 1631
516 1609 3050
2538 2298 2366
1569 1010 2909
956 526 638
1882 139 170
138 2238 226
2702 3006 310
394 811 941
2344 2655 3129
543 554 36
1087 2079 1813
1839 1847 2044
228 723 2574
35 61 1114
218 2047 1885
2452 769 295
201 198 2086
734 2008 2329
661 322 1145
2488 1925 963
88 2053 936
2797 1407 1568
1159 1570 2665
3047 2771 1699
1862 1880 1511
1902 1245 234
3091 3050 1210
1780 467 1185
19 1309 237
1580 1069 1776
2802 1566 1536
2237 2665 2653
187 807 363
1530 818 2356
2799 2708 1292
1533 1502 702
506 883 532
2436 890 776
1450 3098 1020
2867 931 4
9 3053 1149
2593 2218 322
3138 2997 1098
583 1383 1545
2147 2594 2772
2204 3075 1864
529 1356 2752
2288 2261 2499
2583 2776 2792
3162 1085 1514
2317 1228 3108
480 2132 2929
2973 3078 672
1864 331 2534
2185 1259 170
3104 275 2867
939 1892 42
3060 2461 264
31 751 393
1335 663 2247
2714 3118 1628
3075 1664 719
2332 1402 2014
658 158 2931
640 2584 1092
2327 1550 2881
2011 1947 1410
2281 1928 2909
2293 2202 752
1120 1787 359
1774 2181 2246
2982 3053 905
943 1502 2352
2468 2535 679
249 2789 2071
1537 215 820
891 1784 341
2534 2935 2541
1354 363 2555
768 667 1157
3065 1037 126
668 2227 914
3088 2552 2030
666 1882 1955
1815 3002 953
1138 2151 1334
872 590 832
2698 872 909
1343 1348 273
1116 1258 174
1319 2010 2594
30 1225 1693
1797 2822 1018
2559 1038 810
1727 809 1388
2896 2721 2025
2726 2662 627
264 1646 626
2524 2596 2993
72 26 1841
2046 701 1229
545 1540 964
1213 445 1386
2605 1000 2981
809 571 375
1686 2739 748
454 1008 1971
373 211 1362
2237 1462 1215
2247 224 2131
2068 1536 1301
1710 186 1908
843 1629 1169
1447 1876 2407
1814 2086 2770
1540 3078 1592
3201 934 439
490 343 2904
3057 3014 2640
1006 2497 1578
1953 1430 155
2044 810 1683
455 1779 1173
3176 1616 1465
1649 1862 332
2259 760 269
720 1552 1926
3203 599 3023
97 232 3006
2233 3023 1267
1432 2589 1974
1392 2461 2501
2821 659 1243
2008 49 850
1638 1241 2348
599 1549 1963
141 501 433
971 112 3186
3059 2345 2933
606 2405 744
284 521 2915
2719 2019 1911
281 3038 809
1346 2290 741
1828 1001 1465
580 525 214
2023 477 2345
1246 886 1618
2015 1349 860
1488 1530 718
1037 3133 1868
1737 2795 972
2912 2225 451
1463 1851 845
962 2019 2527
1640 3269 222
1640 2665 2876
2089 3073 45
1930 671 1390
1324 1606 1225
2117 691 2172
2090 1549 313
276 1982 2859
1415 497 1095
632 900 1483
990 562 2449
3188 1046 1017
1017 3226 15
3162 1563 229
2028 245 3287
3094 3080 2945
2886 2811 904
2817 1001 362
2930 359 1735
1081 1853 2840
1014 648 218
2786 2839 711
315 1257 1894
725 2280 2892
5 2182 1282
3183 3299 2460
2633 2899 2649
2254 1303 2175
1472 1934 1484
2758 1586 3159
1019 1038 1150
189 3032 2518
2402 113 534
1649 640 510
2208 811 2036
3089 2814 149
3207 2442 33
131 3211 1061
1776 238 403
1705 799 2807
183 1937 604
2228 739 521
1022 2131 1028
2946 68 2360
1201 2215 826
3030 236 3089
804 2122 1893
3249 3284 1324
2915 1354 2408
2399 3197 2243
1135 1198 2715
22 2304 1716
1127 2713 1541
1306 78 1365
2572 3131 2397
1469 1475 493
1023 1163 1058
1257 806 2571
3272 2755 1241
2548 2535 2643
1127 1132 1495
1719 3131 1421
1298 2398 2278
2917 1552 1523
24 3193 3262
1553 2754 2753
2084 273 2685
1938 2945 1153
960 2107 3169
1431 180 2931
1945 16 871
825 2987 660
1707 2643 2271
2831 3109 627
1183 2485 2639
2681 880 221
947 1457 2746
1112 2444 438
186 1329 1428
314 1284 2935
3055 2026 2069
2714 1327 483
936 2544 481
990 1036 1168
1034 1709 1211
1935 817 1471
1416 2421 1922
2105 2288 1723
1017 3230 1217
2112 2573 2867
376 985 2656
2688 3278 2709
1701 1296 574
634 1140 2415
835 398 143
1512 2986 1399
2876 447 2465
3207 2832 485
484 3187 1645
2051 2230 3301
3374 955 3124
1535 124 973
1548 1306 743
3193 200 1608
29 594 1308
2969 425 595
71 863 476
738 1136 492
949 604 1701
178 2504 151
2074 1435 719
1146 1299 403
2502 2644 2825
152 3138 1364
2338 58 2695
2255 2301 1845
1068 154 783
2810 246 1336
3285 2724 1162
585 1549 2394
2486 3203 2479
94 827 195
1166 45 956
1787 289 1510
1472 3137 3237
350 2434 2644
1920 2233 793
1780 2133 2886
2582 1198 2365
1840 418 614
1461 1923 1622
1715 1513 2969
1673 2817 2926
2073 41 2503
1944 487 2554
2491 294 2522
2534 1164 757
2496 258 2014
2218 1627 3345
3272 781 2205
3344 972 2025
1685 1914 322
1187 967 2383
1436 223 1949
2718 2214 1941
2089 2059 1556
44 2939 3052
654 2231 2469
1268 2213 1708
1706 2630 1559
666 1804 3086
1608 192 1354
1062 2838 2841
2719 1160 3329
1108 2598 2983
501 1030 2338
876 1120 2859
42 1305 1532
1999 1712 1061
3366 1578 1192
781 3292 910
1232 2111 2534
2695 1800 1345
103 674 2159
2742 3171 1813
195 1791 1611
1044 2421 1588
814 363 3089
3317 2403 85
1407 1007 1863
2275 843 489
3406 1052 1055
3124 451 3423
3089 1572 2310
611 2408 2925
2593 1881 1617
2894 2586 878
840 330 1163
2341 3336 1838
376 3080 3121
941 176 2306
927 1681 1343
699 1556 1354
278 1112 879
1272 721 1243
656 1574 2327
1195 3115 2966
3368 368 2843
759 1494 1718
2131 2172 2160
1562 1129 282
1118 1708 1873
503 1005 1285
1653 3211 2481
519 2197 3039
1158 1407 2260
405 678 2370
1432 2161 730
1193 1274 2185
1874 932 909
1117 258 202
940 1631 276
98 1895 2942
2242 1474 11
1949 3064 1139
805 372 1742
159 2453 2613
2048 2530 5
2171 2521 3415
465 425 2959
2274 2686 1036
792 3080 3070
3091 2775 2554
2453 2165 2859
3186 27 2386
445 1963 1376
1 1572 2784
2978 1271 2729
2907 2084 2247
915 113 3075
1038 1203 1872
1013 523 663
1199 2433 2461
2229 2888 1829
1629 2617 1037
1903 21 1515
992 1061 1723
509 964 99
941 2405 2439
1630 3239 45
584 1380 1998
980 1225 2958
602 2720 1265
798 1893 142
1418 471 2688
904 1220 2249
1986 3142 557
87 2076 1657
578 1779 1362
2921 2762 2613
530 1394 3398
3033 3441 3148
1639 1245 899
2078 2556 2553
2053 1826 2967
543 1070 3221
1261 2443 2846
903 1421 2805
3138 442 2707
1438 1647 1538
277 1441 263
2982 2197 3059
1665 3173 1978
2557 505 2650
2605 67 2998
3282 1847 2167
362 1078 2281
2274 1151 545
2948 303 2943
2387 1857 2711
573 1306 2103
867 1979 361
3322 1382 1925
1644 3189 2745
3057 2340 1746
563 2101 2764
2601 3236 1279
1981 1521 3187
3006 2511 1823
2995 1204 1805
2422 2006 2610
376 2681 2877
3346 2546 3070
1582 1004 3250
345 1117 473
1979 3044 2347
882 2600 1022
1648 1655 1633
3379 2912 840
251 2361 810
943 1783 3070
1135 2475 1326
2516 24 2104
1864 2187 1105
1820 426 391
3420 191 1043
2626 3062 988
1865 911 2640
309 1461 1240
2508 3365 2304
2401 935 1008
2114 1682 712
1009 1382 1213
360 561 228
1135 570 342
93 1206 420
3459 1772 3309
2384 2427 645
2861 3015 2284
1766 348 1594
2841 1417 1442
203 45 2704
625 954 1315
930 1280 3246
3417 2392 3368
3178 2469 3428
223 649 1361
923 194 2798
1071 3009 3341
1548 3575 3547
1318 3061 1016
2184 1577 2892
568 2147 941
3531 871 1732
1477 2331 1808
796 2851 2261
2191 1071 282
253 1949 305
549 1986 465
3085 330 2056
2474 154 1395
220 1575 2883
60 2160 384
2210 1765 1314
625 760 43
2736 3066 488
2699 3270 3593
2054 2616 2132
2756 2977 1078
1936 1060 1896
2324 2507 630
1701 2954 2987
669 1456 2162
697 2435 1106
1682 2265 2629
752 1577 3271
91 3142 1064
1429 2009 2376
2455 3107 715
2160 95 1509
2187 3118 521
2405 1196 447
1949 2546 1349
368 233 1483
1162 3596 766
1896 869 2432
690 2916 1958
3246 1659 2532
1420 2458 2377
3538 1342 3300
2799 874 967
3449 3542 3435
3231 9 905
2242 1616 3539
129 2169 320
1372 1541 2534
19 1663 100
2152 3221 1126
2348 36 2111
2071 229 1240
1422 3212 3460
204 921 2169
910 2717 1342
271 3405 2692
3224 937 2052
636 3051 475
916 2817 1856
3331 262 2105
2214 1955 1976
1153 1797 1675
871 1980 3274
1288 2102 3483
555 2955 1270
804 1738 194
1540 1720 3536
3270 80 363
3007 2555 3619
2865 2617 2905
3596 3609 3426
464 3181 2084
1118 2317 148
3219 3449 2762
142 1987 2015
2356 2509 1510
3647 2213 2104
1375 1460 3587
3019 16 1978
76 2922 1696
941 931 3647
1640 139 289
3600 1425 3290
1007 1826 470
130 2946 3008
2204 960 287
3057 957 172
723 3639 2302
45 333 2143
1637 3174 217
1549 1651 2088
3005 453 1161
607 1942 3332
2132 576 2723
1977 3142 834
982 2511 437
692 293 1006
594 885 2158
1275 1764 2587
3374 1034 1108
3552 361 1686
3089 2869 2151
3125 361 481
276 2389 3084
1648 1165 63
2525 2234 135
3395 2674 3469
2506 1572 282
3516 1578 2563
1005 2717 1204
3049 3433 3550
3250 1639 1820
648 2 203
1670 2402 3462
3081 934 3382
425 3228 2498
3501 2627 534
1198 893 349
3171 362 323
3124 2372 1140
1483 1199 933
1039 2474 169
2417 3365 327
1071 3224 2633
2980 3659 1720
1858 3150 617
2767 2700 3670
432 2480 2212
1921 2233 3669
1102 806 3419
444 1461 770
1889 3503 1415
3645 2738 3145
1641 2297 1246
696 2065 2824
1951 2468 1548
1166 74 575
1943 3118 242
3650 2586 2650
2893 2844 2104
823 1958 2665
1572 810 889
1454 3692 1952
1066 2431 1343
2126 3517 1694
1349 1826 3297
2103 228 1865
3646 2161 2663
715 2846 3268
635 1949 2609
1920 656 3506
209 564 858
676 3673 2083
3051 2056 1960
3434 2394 2265
847 1099 2622
740 1342 772
1844 2965 3577
1305 230 3697
81 3563 2826
1169 233 1925
2515 27 430
3172 2412 664
3592 1251 3189
1972 3113 1258
509 2907 577
2040 632 408
2770 1665 2205
2699 1065 617
960 1851 2422
642 1358 3079
3440 2172 707
94 1794 2884
2798 3261 1291
250 40 2751
3445 1704 627
261 1813 547
1684 2148 432
1681 1124 3758
1195 2964 2525
2076 3464 757
1244 390 376
3069 2555 158
2986 3576 1597
756 920 3316
3480 422 2277
1105 1852 2135
1426 408 1983
2042 1286 1990
1553 2318 3050
2033 1629 1347
3210 1354 2855
277 2124 2736
1059 284 2019
647 837 3060
1231 2813 678
2220 3493 2894
1308 3122 426
2385 890 1660
773 1327 2481
2324 68 2123
229 3403 918
1419 2787 2058
2844 1707 3334
2171 3527 882
549 1406 1243
1096 1340 1672
3572 2363 1087
1478 2190 67
1217 3180 3097
1310 482 3666
596 1844 248
3354 3769 441
2194 248 1000
1709 2409 1748
1378 1589 1714
3096 2463 306
2103 2878 1742
1105 2140 3539
681 928 2286
1386 3269 558
3027 3510 2111
435 3687 670
583 388 952
3728 1520 1135
2718 181 3164
3331 551 1237
896 2794 894
3752 2546 2560
976 659 1115
691 1621 10
2356 1049 592
3748 3519 2865
2352 2970 842
3789 2756 3368
1207 63 2479
3681 1857 179
2445 71 125
1237 2970 3402
387 3716 2020
3636 4 2379
3244 2080 1487
3360 3084 1664
1708 1028 172
1167 1662 3511
1467 3501 1530
924 3226 65
3596 1497 2341
1634 2705 421
2700 573 2102
3093 2618 624
1129 2475 2459
3280 2619 2164
1824 3833 2684
1677 1676 1759
3720 3605 688
952 2341 712
2717 1014 3841
3030 897 3537
3739 3748 65
1521 1191 428
3331 1023 1263
324 2221 286
2079 1470 2517
132 1968 2922
3619 2895 3284
949 2136 596
3063 1039 897
3357 939 2551
236 3456 1274
1846 1046 744
284 3180 3460
1493 3394 334
1634 1485 614
3411 12 3728
356 1698 2671
1908 3579 2760
3133 3381 1940
1604 3352 2267
163 1567 2778
2183 287 2070
2437 2488 267
3709 1447 223
1630 326 1487
2608 2106 534
3165 1437 1235
2574 1206 2234
570 3826 649
903 2099 3001
1612 1683 2746
1844 1699 669
1558 3145 1407
2293 3811 1705
347 2613 3114
3762 3523 1537
905 3588 91
1497 3820 1146
2810 2390 932
4 3057 2688
254 303 1186
2309 3778 1758
97 1018 2752
829 2551 908
1659 2022 30
1601 1774 1220
1705 2454 3389
595 1103 3034
3767 299 1863
1410 3635 3763
2739 488 2285
1767 3347 2626
737 940 421
3449 1379 1238
2787 28 1418
414 1046 2979
2772 695 3704
1941 141 734
613 1575 1626
592 274 1778
2711 2457 3747
1947 3383 1336
1632 2732 44
3005 2641 2788
3887 3058 3874
483 1243 958
2211 577 1800
2587 1379 1377
3688 1770 2715
1327 478 292
96 3665 2408
1170 475 3065
1711 3077 2447
1527 2362 2189
3670 322 977
1648 2924 638
1826 129 1304
2194 918 2102
523 3826 430
1603 455 301
1014 3770 1099
184 3699 3752
625 1752 1904
2297 915 2950
2803 2492 30
1047 2012 1976
1535 2484 113
566 2655 216
52 1608 3027
486 3876 3243
3018 1110 313
3348 800 927
3379 2152 3457
1744 3863 1458
1686 1250 3178
1496 1622 3081
2496 3122 247
1196 636 2484
319 1925 1799
1449 2917 3492
808 2070 3754
1846 806 2191
1011 3939 775
1725 2481 1152
3348 952 1844
2657 2225 2947
2040 2299 2138
3120 2320 1344
1731 1884 1234
3727 1153 2303
1528 2825 1825
969 3644 3582
3399 3088 1685
3408 936 3502
3902 176 1897
2988 3646 1977
914 1878 3715
638 3189 2266
3805 3411 2317
1369 2111 1542
501 2511 3233
3448 635 3346
3626 820 2297
1287 2653 539
960 3576 2132
3607 3326 3376
799 3419 1130
3809 932 612
2071 972 2139
1903 152 19
3370 3199 402
3919 948 51
696 2160 3949
1092 46 3195
3275 2300 3840
2145 1802 3900
2756 1497 2163
591 2840 3789
844 657 2985
3380 602 3140
3724 731 2668
3934 280 3403
3303 1505 1161
2108 2396 1712
1204 2829 1666
3470 301 3439
373 538 2061
366 1081 1303
643 2602 3559
1154 3980 1108
1405 2572 3755
667 1453 2596
2137 3192 3111
1099 369 2998
2477 1394 842
2796 2078 2602
600 3597 1092
3343 437 2948
2465 2491 1329
2327 1594 613
931 2928 2341
1882 1067 200
1539 346 1694
2621 97 60
347 2875 1635
95 543 966
2301 1830 1514
3889 3941 917
3047 1837 2069
3120 2884 2326
2275 536 1710
319 2375 3427
2582 1517 411
1161 253 3404
3387 526 2735
3044 933 566
1055 2085 2659
3621 3067 329
1521 341 1630
135 2198 520
2013 444 1300
2454 3749 2067
3461 2808 1105
3353 3508 2473
2738 2879 3113
753 2774 2504
271 3880 2504
2458 1402 1920
946 3790 3797
1602 3557 348
1353 3396 1470
392 555 3686
3959 3670 1075
3332 432 1565
3277 3044 1728
2475 1124 792
3492 387 1882
1758 442 3875
2699 1818 2782
2378 1152 3849
515 1566 3591
3535 2761 905
1907 3858 1812
3941 857 2183
3838 1039 2780
3704 2633 1213
2744 1059 1863
3050 1031 711
3395 3230 2477
3023 2455 3700
1448 2416 2272
1177 676 3560
1656 1215 1602
454 2250 1483
3212 250 2216
1738 2896 1460
1176 3354 9
2425 3731 412
532 1840 1736
2587 1015 1758
3049 3876 1437
2734 94 670
462 852 2390
565 3146 1885
348 1948 1743
2861 1695 3455
1963 2296 2593
3527 3760 3742
903 3769 308
3408 3488 1157
2801 3359 3714
2893 2197 2374
2326 100 1469
1476 3583 3368
835 3678 2051
2444 2388 3391
3379 3463 1233
585 2377 2526
3034 2928 869
2148 2225 2895
4064 142 3463
2311 2878 3374
835 1954 1841
3735 1466 1132
2902 3325 560
743 427 3647
647 832 3186
1905 3298 3052
4011 1143 2008
3284 1962 3584
1820 1180 1385
1598 254 3874
2848 2363 3800
2581 859 3298
3923 3181 2286
3331 3888 3249
2292 3897 1146
458 3349 3872
3947 784 565
2527 2621 1852
3278 995 914
2029 2948 2888
2834 811 2506
3562 3126 1667
2861 2086 2452
308 3821 1902
2452 784 163
2034 2551 3211
2452 2102 604
1422 953 2897
174 815 3167
2977 539 794
3311 3967 1695
3034 3853 3056
726 844 2598
1676 3530 1882
133 4106 3377
3966 465 2862
1880 2156 972
1450 233 2078
1977 2087 1078
3158 1910 2800
1314 2627 2805
3126 3699 2763
2559 454 2228
3264 3228 1447
1870 1223 3904
1671 962 295
717 3991 1459
2725 224 802
240 1711 2200
3823 1604 288
3517 2066 1218
236 656 2412
1994 385 2533
1460 985 2831
3579 2589 1579
2281 3863 2871
2569 2120 469
3879 282 3020
2193 1925 800
3557 2302 291
1341 3739 3577
3364 57 202
1404 3516 2984
395 1434 2936
3394 3795 774
3506 3473 1528
3202 3518 400
1910 3468 1815
314 1960 2109
2655 3998 361
153 266 3094
1130 1400 3329
831 3643 668
2893 1658 946
2520 3044 1942
972 249 2661
3881 233 3890
4113 2359 3327
127 3899 1417
1585 207 3478
4017 4124 4077
2039 2052 2820
4126 1157 1422
2365 234 4062
3324 1843 3342
355 2931 1893
332 773 2910
3085 473 1697
2961 2275 1153
2139 4066 3496
2878 2802 4056
3990 655 3975
567 2101 1216
203 3299 979
2548 2094 3127
2641 1254 1963
1354 2331 3935
3367 2619 1458
240 3165 1284
953 646 3505
894 2668 1247
1327 1229 3559
2395 2237 3429
2726 1270 2961
3086 3387 1462
186 3550 1014
3335 1121 2102
762 528 2132
1285 1089 2152
2073 1852 3709
610 295 3944
2298 3385 3600
2915 1856 1587
2692 2 603
3604 408 2385
2990 524 718
270 2455 3817
341 4172 366
2503 387 407
3248 2551 3926
1044 144 2782
1651 1031 4193
3878 2827 504
3770 1320 788
3939 3487 3778
515 1136 2455
4184 1789 70
1402 3527 3755
3866 944 2755
2219 3934 2401
1154 2728 1884
2099 2508 1985
2795 3431 1981
3701 3107 1905
577 3261 1675
3714 3 669
2651 3936 3237
480 1 2645
3702 47 1548
3029 2357 2670
2543 2011 2080
1141 4115 2405
191 3746 3594
3131 1901 4159
2258 146 1918
2529 3017 1541
502 3984 1408
2566 3949 4187
812 2445 3232
3541 2482 660
987 1408 728
1021 1583 1630
4122 3780 4041
4065 912 1421
2239 345 3554
3855 2198 3175
3144 533 1687
2817 2838 3007
150 3264 862
3991 3171 2225
857 2092 1475
2724 3948 22
2704 2826 3616
109 2591 156
2492 2500 3965
474 2461 844
1368 2551 1786
3158 3144 1380
3041 1181 131
3639 3276 364
3700 2899 2379
3104 2301 942
2182 1790 3991
3531 3151 3069
596 904 2592
3115 1235 84
4038 2686 1629
587 2944 2654
1944 3012 2733
3939 213 944
3556 1219 692
490 166 3157
1486 3109 80
2358 1029 1142
1851 1372 1385
1580 2179 2593
2516 3468 3580
188 2979 2194
2386 3021 3391
122 3954 2405
3760 3625 2875
146 1589 2408
1502 1299 2605
4166 2523 1292
2699 2564 2997
3042 3604 3893
3091 2455 1324
4200 2707 190
2572 3024 3988
2842 4260 3173
1484 603 780
158 3592 1544
3051 1808 2831
2406 3073 3131
1616 3323 1189
88 159 1265
4188 729 3813
1190 2020 2790
110 669 3247
3650 3689 3195
822 4115 4075
1061 3813 960
69 834 1601
2820 1508 3739
870 1773 1897
21 1538 3458
1839 374 880
3695 4172 3586
3361 903 1497
3693 3129 1766
3220 2800 3459
3917 329 392
1087 3467 3655
1253 1480 2696
933 669 12
3570 2563 2716
1278 1813 2996
3677 2790 2411
4287 1064 1910
1363 942 758
4241 915 1021
3930 931 3588
1810 663 2517
2066 3493 399
1437 416 2194
1169 3214 2735
2738 1456 566
1669 2987 1264
2102 4252 76
1405 957 4154
116 3501 4315
624 3313 2566
3191 1205 2027
3938 935 301
1672 2452 1685
1607 3768 3237
1243 3677 3874
949 2030 1542
1497 2393 54
1330 3001 3205
2611 4259 4226
251 160 2375
1759 77 3054
3482 1904 2807
337 2309 3086
2884 2262 109
1518 2266 607
1 2894 3057
807 451 2452
2305 1263 2069
2527 4160 2842
3292 3780 1584
917 1595 3738
3100 1229 887
3680 3228 3462
1493 1033 3653
3130 398 2626
4313 3243 4023
1755 3034 982
1035 1208 3106
3662 2440 1804
3613 2035 1922
3253 2796 3543
2998 2899 3689
1145 938 1676
3694 1243 2339
3424 149 1007
3514 2993 3928
2094 229 3095
1987 3028 4193
1966 1421 22
4224 1393 3095
2141 797 1842
2171 659 158
4001 3761 3029
2994 331 1819
2262 1883 2394
3068 3077 4089
2093 1504 1414
998 3964 1620
1599 1945 3418
3475 2172 3393
389 2905 1506
1222 4122 2653
3768 937 991
2112 2185 2337
2498 3144 1325
3508 2046 2346
3849 1691 3354
1149 4001 3727
3227 299 3156
1221 4264 1001
2939 1267 1032
2948 3752 3817
532 288 2406
1144 2741 1388
4369 3596 1090
564 3857 83
3994 1835 633
1837 830 4155
1314 980 3911
4050 311 883
3201 24 2011
1852 4386 2210
1946 2413 1825
627 1875 1080
1692 2984 3800
3858 2511 2142
1477 1740 2972
3359 3384 922
1211 345 3331
2265 4195 1219
2507 1943 335
194 236 834
2039 2873 3438
2519 589 1680
1809 1127 606
74 3498 1820
340 2899 1535
3719 4147 119
2247 2704 805
4239 3050 1487
786 4100 3396
883 1513 3779
2101 2331 1112
2956 2101 741
2520 67 572
1495 1819 3062
3906 2671 2640
1685 3211 3741
1168 3844 2302
162 2456 319
4263 3071 2424
1361 3339 2379
4024 2962 3658
3067 2442 1708
1344 1840 836
4397 632 386
419 1613 3319
4160 2319 2427
1232 90 1089
2579 1496 2394
1086 127 930
3410 715 3246
2197 1355 691
2043 843 1313
1464 3273 4156
4009 2404 744
3723 865 1796
1868 3880 2104
1349 2497 8
96 2177 1469
674 564 3020
2965 2267 1121
1158 3249 1440
4 3348 1200
939 456 1697
2869 892 25
4290 3703 1111
4123 3376 2470
3079 4188 1478
4390 456 3669
1027 3090 384
1365 3220 735
3443 2391 4298
2768 1433 650
1082 880 3169
4429 4014 1957
4115 3048 558
1303 3998 4351
4222 4077 272
1596 1042 396
2208 1314 1435
1125 147 488
104 2905 1
330 1201 3062
1745 1509 1346
3308 2271 1317
3942 19 1871
2487 3005 2657
948 745 512
77 4174 129
481 1915 2009
2925 3060 4377
268 2299 309
4364 1365 2899
4013 401 2657
883 3243 1248
1899 3887 2735
296 2784 195
647 1619 2472
3298 433 2640
901 767 2559
543 1500 858
3014 52 3009
1055 253 1332
2372 2714 3135
2507 3501 2579
1385 64 4102
1685 3701 2896
2782 437 2686
769 1266 1266
4235 2641 2486
4444 2891 1330
786 1768 1350
2576 2854 2613
3464 2671 2564
522 2130 821
4147 2035 4174
1702 104 610
3003 1988 3765
848 3757 3217
2653 323 1068
2705 725 513
4209 3955 448
313 3510 1857
142 684 3279
3508 2800 1603
3847 3585 365
983 4234 3967
2192 4424 2251
4001 2946 1385
2926 1173 4135
595 850 4241
4167 1040 946
4212 1245 3615
1985 2626 622
1695 4086 1025
2901 1923 1147
2172 130 278
3706 3231 652
895 1346 3468
2194 3600 3297
3932 2182 445
2133 1801 3293
1537 2399 1117
2933 1054 3772
2890 943 4497
1561 288 3837
1947 537 2269
4181 1066 2077
2474 1172 1885
3692 3615 2574
560 1423 974
2843 766 4525
442 395 3223
2973 2384 1269
2468 4306 3155
3804 1506 4335
3143 3130 3606
3509 1080 283
2796 3205 154
3326 3618 3722
36 2572 3207
919 3992 2125
1984 899 3031
1992 3019 538
2615 597 3989
636 4196 3151
144 751 1154
3052 1091 1809
2968 3386 4184
2269 2077 1508
3606 1623 2819
1241 1456 1673
4253 883 3579
4344 3864 1931
2902 2500 3872
2791 1140 1229
4549 2496 1246
2913 4272 89
390 1272 2609
4252 3188 1938
2362 3372 3306
3503 1284 1940
1988 2577 3762
1029 3366 1703
1228 2173 884
2778 3988 2983
1177 2121 1426
2962 3321 1461
371 3584 902
3382 2452 118
2095 501 1616
1677 2621 796
2436 1293 3279
1856 3085 3602
3698 879 2264
3345 4552 2075
2232 748 3802
2288 3575 560
3994 4350 705
3557 440 153
200 3520 1150
3088 2351 3272
2480 2182 1756
2366 3151 230
34 1077 3099
983 2961 4229
1418 2637 1104
4104 3199 2488
3323 325 3168
4247 703 3972
3530 2332 2977
789 4596 3556
2591 2473 2920
2180 3697 3691
1901 2016 3164
2168 4135 612
2095 113 1029
4331 2661 3976
2189 184 3726
1048 427 3214
1317 1241 3759
2441 4050 3229
3757 2458 783
3738 2782 2395
3553 3393 2394
4231 3985 1946
189 3589 3758
1775 63 2842
1247 1083 3069
1288 4126 1681
4249 369 484
1808 2237 2572
368 3295 2328
3511 3513 3749
3772 3851 1919
1618 635 1288
3624 1098 1226
4036 121 2859
1465 3373 2203
1357 3353 2082
3681 3042 4025
4537 69 1748
1899 1810 4318
3825 741 1846
1055 4540 4507
3761 1967 4495
1500 3787 3924
1570 312 1906
3229 971 1337
3403 751 701
1774 2233 1992
503 570 3815
2369 1828 942
2110 3661 3541
297 98 2424
66 3481 1538
4249 222 961
687 1091 4529
1017 1172 231
4325 3076 4544
714 1618 2617
1167 2085 1150
4304 3517 1488
1339 347 3175
1579 1291 4459
1541 1206 988
274 778 2402
2387 613 269
1162 1953 3335
1344 2362 4475
2897 4081 4397
2142 153 2726
1764 3240 3612
2336 4340 2972
2703 4575 2807
461 3863 2559
373 16 2201
1858 2604 406
1523 1843 2324
1650 873 490
2046 4341 3904
3622 608 4382
1040 4115 91
3979 1102 2981
4590 3811 2386
3953 1552 2427
2821 4205 1164
3377 2937 1661
2122 963 173
1954 2290 3305
3189 3612 2560
1549 3052 3493
4272 209 2784
414 2683 1845
1584 963 3645
428 3405 353
4098 1414 4173
1793 3879 4402
3060 3257 4172
2197 1382 1885
989 2506 516
3511 1518 1514
1872 4202 1418
4354 2184 2350
772 4061 467
487 2872 1316
1279 1837 3441
2770 435 4574
706 874 247
3663 680 2754
3101 3452 273
4444 949 3456
245 2955 861
4110 3857 3395
1654 3944 1900
2005 2081 1754
443 1783 2793
711 1271 4457
3118 1163 4325
2314 3760 512
1850 1639 2696
2530 1842 260
1994 84 773
1414 3191 1868
3926 4137 3576
203 1970 1964
4236 4452 4079
693 71 4519
4558 1855 1782
355 2345 3599
2276 4355 3019
4637 1283 1642
565 2699 2837
1913 4044 4143
2880 3249 1277
78 540 252
3023 1760 1689
2587 961 1390
2562 1417 362
4054 3848 4235
3605 4487 3642
1242 1010 3829
2863 3181 2573
1291 1565 2060
2913 1075 3299
2671 3979 3061
2957 1874 1703
4693 4553 2292
4221 4398 1348
3817 3444 2045
2716 1793 3673
738 1110 3421
407 1117 4304
3634 1310 3673
4676 2630 4325
1847 3514 620
3881 3067 4059
409 3966 2362
4169 2771 2498
3869 119 1655
3023 1355 3373
1161 1173 1235
4462 1569 3477
145 3212 1074
1841 1065 34
1643 2949 1515
124 2721 3407
3366 4626 1058
2845 1088 158
212 4684 1646
3489 1462 89
3900 3840 1161
3439 2465 2975
4487 72 2468
3441 4449 2230
1960 2977 578
2235 3723 2728
159 1105 726
3551 3124 2080
4152 2965 2652
2436 4170 2334
2613 3275 1587
2889 2468 1379
1567 4733 3903
823 2521 1740
4323 107 2402
4130 349 223
2016 2263 1811
619 3861 4000
2350 2870 208
1111 3947 3756
2613 2539 2917
130 384 328
2053 4221 874
2381 3226 2463
2682 2724 2917
3048 2258 4093
4197 2009 674
676 1792 825
3712 3495 889
3207 1328 612
4612 2560 4071
3378 2462 725
375 844 3276
337 1824 1179
763 1501 1495
579 427 1156
589 2125 840
3042 3160 2820
2206 2994 2796
3689 2738 2391
864 903 833
152 3892 1619
1981 3249 3181
548 4311 3437
761 1233 3488
3150 3422 1505
3409 3 4372
942 4693 2505
767 4510 3424
3010 947 786
2033 3329 4011
4016 3504 4532
3792 248 4596
3945 1865 1534
4733 2648 3929
1174 3480 4274
3071 3551 1048
1352 4805 1234
2233 4797 2310
438 4741 4673
39 2063 3241
1435 484 4740
3709 161 2415
3276 3560 3212
3607 1439 2745
378 3645 2962
147 1414 966
4802 939 2104
1053 2615 256
641 1314 52
1204 4435 4064
848 2434 3713
1852 2282 4263
316 793 4485
2067 3996 396
4399 1609 3103
1580 536 3994
1095 864 2176
995 1862 4156
1034 1437 4
323 2557 1273
3820 2505 215
2363 4055 2220
2715 3041 2039
3945 2991 2417
2001 1243 566
353 4639 1665
1153 3925 2455
1979 4415 938
2852 4367 531
286 4272 2169
252 2774 3174
3965 1008 4639
674 1955 4154
113 2070 2179
3007 3659 3540
1159 2271 3454
3200 2434 3839
1365 4780 2155
4505 988 2304
3339 4491 76
2193 379 4040
3725 672 2186
1214 4824 168
1582 1388 1493
1507 1202 3198
4725 1126 2150
471 4600 535
1946 3364 4848
1064 645 1433
3011 3392 3536
2993 4585 2386
2056 3698 4619
2458 1837 1209
143 3756 1511
3757 972 2504
2374 373 2655
4233 4329 3135
137 2230 1223
1450 3225 2713
2537 3492 784
1117 2330 1973
3907 798 2558
1841 2203 1299
3012 4466 734
2361 4144 3235
4675 3706 3944
401 204 2996
4206 3468 3532
1853 235 1917
1225 2652 1903
185 1645 626
3783 3733 4690
2613 999 3806
1074 4455 3400
4517 358 2654
4285 4090 471
1099 4295 86
4021 2829 2581
4519 703 2115
