5103
0 0 0
0 1 1
1 2 2
2 3 3
4 4 3
1 4 5
3 5 6
6 0 4
1 2 3
6 8 9
9 4 2
3 8 5
9 0 4
6 8 7
5 12 10
7 2 1
15 12 13
11 1 15
18 4 17
18 19 12
6 1 3
1 10 2
10 17 19
14 21 3
13 19 1
7 11 17
19 18 15
13 26 13
0 14 4
7 14 17
2 25 10
27 17 19
19 25 22
8 14 23
34 10 28
33 3 27
2 36 23
18 1 34
6 31 3
2 15 9
19 3 14
32 27 10
10 41 21
39 25 37
16 28 9
35 33 9
15 38 4
0 4 47
45 6 44
48 22 43
32 44 3
39 46 40
0 26 1
36 22 48
11 11 40
0 8 17
35 38 36
2 37 17
10 45 26
35 20 11
18 58 17
30 22 26
5 7 58
3 50 8
61 23 35
65 28 37
62 24 28
16 54 39
67 49 24
12 23 55
40 9 40
39 50 59
48 45 11
68 32 61
50 52 66
34 58 66
48 69 60
42 51 71
39 28 64
8 11 3
71 12 3
25 2 7
64 15 61
54 45 36
30 40 15
39 57 40
85 57 59
80 28 11
88 35 39
43 13 82
49 56 63
5 58 77
35 45 67
93 70 61
37 27 0
23 70 59
81 67 16
63 72 35
37 39 2
64 44 5
98 40 6
17 98 7
21 69 70
72 56 35
80 65 12
27 81 49
39 6 104
71 9 102
5 31 23
58 16 69
95 94 55
8 50 3
75 18 40
79 39 102
82 4 106
80 67 72
11 22 81
15 45 95
43 80 15
43 116 52
91 21 89
103 99 100
69 64 106
83 78 59
35 10 6
40 68 54
88 46 5
76 89 21
71 5 87
7 26 86
129 94 34
20 46 62
47 106 52
83 19 57
86 5 64
36 13 5
107 22 10
90 36 6
115 128 94
48 28 131
6 49 9
22 33 30
62 35 53
18 47 4
57 36 68
100 62 140
81 113 9
147 107 110
132 90 74
49 40 76
37 135 138
118 6 47
92 34 120
149 52 119
15 88 111
57 40 122
61 29 79
2 27 129
30 58 131
12 1 116
20 92 48
84 11 152
123 124 35
21 50 107
110 68 143
31 156 132
99 132 9
46 34 55
8 129 16
113 6 36
139 153 110
63 166 106
62 145 148
99 139 13
24 122 5
69 12 7
140 106 130
15 83 133
28 136 160
32 32 81
149 19 31
65 113 1
150 172 132
160 68 152
59 69 143
24 5 82
7 29 92
145 64 169
74 29 84
156 180 64
124 31 11
139 18 127
67 6 164
101 143 38
4 163 44
77 104 176
63 12 20
187 40 90
6 67 73
31 175 161
194 44 176
49 197 18
171 96 199
158 95 203
97 8 27
58 205 124
162 62 74
7 126 86
27 161 189
204 91 56
121 114 59
202 148 199
62 38 3
8 17 202
124 111 119
160 94 145
88 162 7
57 135 194
8 216 1
166 163 30
137 55 103
165 59 211
70 49 166
41 174 17
2 198 160
191 166 186
165 37 176
94 64 159
55 167 214
100 4 155
32 142 99
64 177 81
221 196 197
29 135 44
223 167 23
151 134 163
134 160 1
204 146 191
92 139 35
181 4 113
181 1 115
183 62 97
188 179 194
83 212 206
206 20 29
241 27 87
26 223 33
151 179 221
179 72 31
207 165 201
245 226 23
82 76 223
134 54 239
224 199 81
83 110 26
245 199 52
104 41 94
38 99 19
33 251 143
84 5 3
141 247 23
62 187 190
239 128 201
235 172 78
43 211 62
163 265 226
100 209 252
83 180 221
126 158 147
239 147 30
130 65 98
86 56 241
172 27 244
53 157 5
63 6 47
186 15 133
189 178 89
45 274 126
131 22 152
238 247 98
58 148 147
238 235 232
44 150 182
138 113 11
266 10 203
274 142 271
49 102 138
177 107 121
129 12 32
8 196 126
240 267 275
94 216 107
229 148 199
221 238 203
87 156 274
8 256 163
80 294 140
22 258 217
153 133 227
260 270 191
127 22 256
284 300 197
195 34 25
197 52 156
17 159 298
157 68 148
110 246 53
130 165 30
230 185 128
221 66 134
205 90 238
141 29 207
209 294 205
141 150 153
193 203 28
11 306 45
301 309 139
146 280 62
198 190 101
131 132 50
275 287 296
112 100 33
181 215 193
236 210 163
193 252 153
183 253 93
177 98 104
114 108 134
105 278 230
82 120 10
140 328 26
273 105 109
279 312 71
308 76 216
226 132 176
190 69 314
45 234 91
116 172 309
20 234 73
184 21 137
282 222 171
77 202 320
314 52 305
10 327 132
179 82 266
134 51 287
307 306 34
40 337 49
120 142 45
73 113 64
63 258 193
211 285 63
53 75 69
136 78 9
327 74 17
330 341 29
240 318 252
287 87 158
346 143 352
249 323 288
309 316 237
59 89 177
53 164 224
330 26 351
125 50 362
312 334 78
285 99 235
146 61 84
209 367 259
248 217 91
223 316 281
77 221 330
89 233 101
171 337 341
8 251 64
236 292 178
14 340 339
119 265 124
145 293 220
377 319 159
121 155 226
199 356 95
141 191 232
173 210 244
224 148 51
303 123 222
154 370 12
13 76 105
51 121 316
163 316 301
295 58 121
25 369 10
189 155 177
3 282 388
150 105 244
136 151 108
221 294 306
170 307 41
168 360 294
276 54 114
100 108 38
105 114 73
292 110 9
212 260 388
58 17 286
22 115 353
86 165 256
215 219 340
183 370 308
320 42 387
11 358 197
260 98 272
378 32 71
237 307 13
344 342 117
69 389 387
118 201 27
258 96 337
378 63 314
254 38 376
8 189 335
319 306 95
132 206 92
32 268 53
128 114 77
329 206 370
105 347 212
179 181 246
198 315 180
203 128 74
99 168 383
341 80 76
106 148 233
165 141 321
328 219 121
252 62 282
178 229 332
57 327 66
224 329 104
296 150 283
60 69 215
165 292 414
14 360 25
283 344 413
283 275 198
416 1 377
219 156 197
302 83 35
191 139 343
295 0 367
86 100 65
107 254 319
98 154 16
232 284 361
339 398 109
162 30 371
128 284 171
13 7 386
55 176 359
298 350 211
344 124 405
438 59 311
360 214 118
16 5 132
310 316 86
181 435 113
460 291 47
4 454 71
23 58 275
453 286 184
91 292 321
342 416 368
381 178 468
239 459 300
151 25 301
239 128 193
95 330 354
369 292 360
373 405 11
385 99 470
348 206 275
448 109 160
233 302 429
472 258 378
196 333 394
475 71 214
454 468 461
271 134 89
41 280 235
101 208 315
380 24 314
101 428 143
206 145 375
108 481 296
448 319 329
233 86 73
285 124 444
395 5 455
172 124 225
123 130 393
225 224 438
78 190 217
167 75 88
462 380 501
286 8 52
221 330 127
174 189 401
388 283 493
474 176 28
228 380 382
439 427 246
58 348 150
291 128 243
296 303 326
245 378 505
344 103 268
292 262 128
103 422 360
356 121 32
324 195 84
272 267 233
413 249 217
364 461 398
478 421 462
51 479 76
256 204 293
240 324 449
72 331 16
61 47 419
174 174 495
179 440 511
383 57 429
322 476 44
325 312 26
442 267 475
326 128 65
533 192 57
22 272 236
198 476 111
132 537 163
483 267 254
61 259 137
542 124 39
288 388 336
265 246 500
295 350 481
292 355 285
206 137 455
144 226 251
360 193 189
297 207 87
503 412 82
193 164 162
102 347 122
32 216 331
331 125 166
85 238 236
414 440 556
103 228 134
347 173 151
452 180 339
199 252 64
90 294 331
2 89 265
441 129 79
333 66 347
452 478 207
283 90 115
217 32 332
408 546 42
18 193 418
353 460 153
315 202 553
204 211 59
396 538 254
410 409 439
152 267 295
562 202 347
222 538 385
157 507 424
283 350 28
50 166 482
33 384 355
326 362 115
312 209 340
515 306 273
213 361 440
114 547 502
224 202 80
162 282 441
26 29 155
21 216 249
287 368 36
8 172 2
573 371 209
409 517 457
96 2 139
543 334 468
144 311 500
117 189 471
428 162 500
504 375 497
520 323 106
266 202 544
325 279 459
261 426 532
206 285 500
10 145 60
282 105 326
338 606 159
271 381 40
235 371 507
474 118 129
538 238 43
458 249 45
534 485 341
9 483 594
410 186 346
375 387 375
581 53 124
126 366 206
470 131 432
412 209 556
474 249 266
222 290 331
321 539 510
408 376 490
357 461 364
622 424 208
291 39 75
276 402 320
434 80 67
442 35 262
29 599 79
7 169 31
553 156 443
289 228 241
626 63 348
344 182 631
72 147 200
256 157 524
273 101 203
282 145 257
90 202 367
327 150 343
323 279 48
104 240 259
366 96 236
489 458 122
478 469 53
302 517 349
123 149 110
375 259 555
526 362 289
1 550 378
481 379 468
93 398 138
145 429 276
314 494 523
171 141 657
237 41 654
465 218 71
9 430 410
427 126 173
153 600 329
346 553 238
484 49 515
307 5 474
499 386 533
584 58 635
303 336 7
127 73 435
563 111 618
629 514 419
375 263 147
556 566 281
618 590 99
574 303 247
578 549 226
100 45 463
464 188 416
192 390 10
142 112 335
593 433 405
392 202 432
663 434 185
138 254 608
159 537 590
133 492 80
629 687 377
401 49 156
316 2 470
38 534 441
654 7 201
105 420 280
375 280 420
87 309 114
225 596 508
288 491 19
612 43 695
266 499 160
326 662 465
356 363 395
541 660 231
301 535 502
348 586 178
235 696 514
349 436 497
435 82 524
657 136 250
425 77 487
444 367 700
310 85 350
296 222 40
44 598 267
164 556 412
274 429 633
446 108 458
364 491 496
292 272 276
568 556 340
333 157 133
596 17 280
417 438 720
495 182 217
722 134 64
569 28 457
108 627 332
167 245 525
531 542 484
643 37 376
206 232 543
124 698 550
512 209 453
243 482 287
681 43 659
442 358 301
450 99 522
477 395 720
200 377 326
68 559 644
283 489 396
713 344 645
4 244 160
567 39 282
521 560 253
101 108 678
671 566 281
23 163 709
459 315 482
536 29 494
310 694 136
607 219 130
736 733 456
331 443 91
409 27 526
323 430 473
443 260 551
510 376 524
481 328 199
259 95 50
105 469 368
507 411 582
652 288 493
29 505 187
211 657 339
679 412 705
180 103 291
415 21 569
637 284 535
414 299 96
381 314 571
581 48 618
144 444 459
266 359 759
236 678 555
416 67 250
1 538 87
400 343 762
306 216 443
345 167 204
250 293 77
511 138 232
268 668 456
634 695 267
103 448 758
53 43 480
543 369 33
565 110 254
145 413 450
100 648 78
96 34 230
523 555 403
35 507 603
206 257 635
336 304 298
293 66 492
450 621 14
185 33 0
749 277 661
678 607 635
47 109 390
610 404 635
415 762 344
325 504 98
301 368 418
470 498 249
522 306 215
199 189 632
758 503 553
500 741 681
769 400 133
284 361 623
89 396 290
96 734 266
11 557 314
595 274 247
242 48 248
770 722 364
121 807 782
339 746 651
233 679 222
422 493 94
624 112 746
535 693 443
781 703 800
595 188 809
565 31 104
162 267 152
422 197 600
259 631 713
609 741 382
280 101 290
290 179 678
15 365 403
52 581 501
45 770 529
57 277 262
313 158 130
80 219 337
821 652 19
478 503 429
191 194 403
455 429 742
760 231 745
720 562 671
139 612 832
348 261 562
297 167 28
159 329 614
318 438 850
510 808 784
31 561 656
667 247 177
850 616 249
672 537 601
103 460 739
845 444 321
852 441 658
18 676 663
90 840 425
623 149 13
121 443 257
620 554 481
52 286 378
731 254 644
863 71 433
852 482 655
314 392 14
488 585 666
56 299 752
234 146 396
729 752 204
847 43 352
684 643 265
134 294 768
472 481 587
800 805 413
678 148 492
249 258 512
864 475 855
673 295 666
637 742 767
360 877 759
211 131 410
394 435 139
454 868 287
125 90 481
620 728 789
283 666 621
530 830 257
843 769 751
425 96 517
312 660 364
282 721 805
187 310 751
511 402 890
445 71 829
383 381 611
291 214 846
271 204 384
297 35 680
84 47 669
515 55 54
472 756 312
896 693 205
626 558 412
485 887 737
850 656 412
235 86 814
792 505 623
76 851 711
549 242 411
109 385 585
806 5 616
770 184 636
896 543 348
206 736 821
238 174 854
303 764 846
846 198 281
790 245 561
59 576 757
769 919 858
530 434 349
573 841 46
886 2 821
375 428 508
814 652 137
309 411 257
738 595 400
279 379 389
712 410 775
218 311 775
408 575 90
394 74 512
77 384 173
762 356 891
2 261 189
100 832 406
112 886 311
166 269 345
687 652 9
364 832 329
99 518 749
755 553 722
367 759 848
922 848 451
894 803 464
291 375 812
66 584 295
181 13 782
400 276 250
390 39 759
222 274 526
485 841 478
906 743 853
316 105 434
299 134 91
901 581 673
730 332 808
764 168 266
526 801 58
238 309 28
160 359 403
560 119 828
186 248 794
385 95 124
245 136 200
466 954 389
476 265 525
629 244 236
658 489 445
563 213 708
380 48 960
873 790 648
776 309 916
485 113 448
628 35 549
674 352 813
432 861 355
715 888 669
834 806 432
713 310 287
451 931 535
746 719 35
74 554 417
161 622 285
364 619 823
787 89 24
48 172 568
493 111 297
907 158 894
746 16 619
968 500 115
149 394 194
437 594 229
178 942 225
263 492 618
224 188 740
297 989 971
116 627 55
636 875 957
409 479 725
143 83 35
35 335 91
363 641 606
825 598 39
201 584 739
824 577 924
998 450 613
146 812 244
318 110 8
647 349 472
29 432 239
917 120 540
741 150 784
1003 93 617
431 736 143
67 369 884
666 243 57
513 296 178
450 680 623
868 676 387
952 442 92
965 842 775
567 316 493
989 332 779
358 391 782
937 48 903
647 96 998
489 183 271
152 356 330
230 610 454
689 889 218
327 809 222
220 944 586
809 562 308
205 423 119
801 699 712
124 883 783
522 1021 554
500 92 704
973 3 141
347 537 922
685 261 167
609 291 931
879 578 692
814 818 227
1023 445 262
177 315 52
544 924 730
93 788 1030
754 952 657
923 385 332
228 961 455
867 282 499
366 895 869
202 429 140
614 399 86
97 336 890
446 10 507
51 336 908
477 677 641
17 271 818
18 764 70
341 798 976
904 598 537
683 640 712
586 995 395
267 567 347
465 73 136
2 767 129
525 562 286
751 577 668
290 37 522
209 411 195
681 234 623
817 661 793
34 154 343
337 587 144
521 851 422
435 668 275
83 738 857
919 474 501
226 73 723
150 708 531
15 208 814
186 670 488
299 246 707
717 797 878
194 69 556
948 633 374
1089 569 406
321 576 345
713 276 355
938 381 432
109 841 207
1 889 848
761 958 17
794 429 1040
500 616 24
383 1032 322
838 586 421
397 626 975
348 339 758
222 146 605
928 564 56
818 410 1008
1052 178 507
717 112 828
89 527 953
904 783 716
291 187 374
717 623 1042
992 846 519
184 154 171
475 71 952
85 11 720
122 376 579
592 531 398
981 277 960
947 1104 738
455 402 743
982 498 243
237 856 565
972 137 1035
1104 1060 227
295 381 799
1018 626 375
393 377 994
774 837 762
795 249 771
473 481 462
538 115 735
510 911 372
907 132 8
659 977 671
960 639 440
591 609 240
328 870 1007
444 870 1011
1074 901 949
1140 128 834
270 938 102
262 374 778
842 589 653
720 112 1108
868 761 320
595 768 90
696 267 138
524 930 1060
815 1015 534
499 715 1042
416 217 664
1143 716 669
753 960 47
216 445 704
721 991 725
257 531 827
783 513 978
596 508 937
302 989 691
820 775 469
639 950 478
411 806 558
148 612 766
1135 469 338
726 681 413
1001 923 240
826 224 208
659 220 79
1141 21 882
532 854 1117
1060 697 473
942 593 693
621 929 730
403 456 373
572 1169 452
581 1115 402
253 534 574
704 800 1117
555 81 990
472 874 538
310 121 261
1125 454 722
357 569 953
695 528 1021
526 65 861
1133 82 680
866 66 101
137 299 477
1078 942 482
974 369 327
385 653 413
597 1038 105
774 1004 417
825 1026 164
929 520 1033
246 1151 514
831 609 702
696 1089 139
527 880 255
605 598 1153
1072 852 531
951 54 60
948 772 706
698 51 462
831 885 77
1109 252 722
668 603 335
813 44 68
821 464 316
63 902 570
882 31 1121
653 1035 608
706 762 271
1166 1189 432
878 876 549
314 269 1146
1183 979 70
16 595 262
749 926 885
1008 303 735
105 536 812
493 403 1158
763 802 132
78 604 1106
705 471 46
909 1074 1082
977 53 1003
1141 1198 345
258 428 799
541 106 132
600 255 893
694 912 1230
802 1063 623
371 778 372
799 261 507
1094 1107 203
1049 933 585
599 1204 787
1081 995 808
40 305 110
1015 587 515
670 438 1111
688 328 622
1012 1025 246
218 800 1016
635 211 935
701 802 235
1189 1120 206
559 1065 63
442 1169 1016
51 393 1189
652 149 630
593 627 1224
196 412 1006
981 792 842
808 818 1073
1197 323 752
693 890 46
667 1053 637
563 1020 861
581 1182 1248
288 53 1027
346 632 1094
1231 50 186
504 768 124
966 212 1125
604 626 415
202 590 1212
120 592 1143
306 367 1078
1273 403 146
784 454 338
662 699 417
1006 387 823
545 1067 1051
14 667 187
919 508 521
375 393 1101
965 524 402
224 42 36
538 1115 590
1056 70 793
1002 1278 717
265 307 582
215 18 853
932 199 15
392 906 82
792 734 397
666 944 1172
541 461 280
1030 1282 521
784 942 98
776 826 488
768 517 15
1025 1212 661
1209 561 263
260 590 31
534 818 59
1251 699 1212
204 1239 1105
444 532 216
364 832 1114
1255 468 1257
920 231 678
800 1287 1217
25 53 120
1202 652 593
690 1057 255
988 104 706
520 1232 1002
84 445 765
1313 695 365
425 1289 586
939 301 1133
660 425 450
52 1148 129
96 114 135
263 1268 790
1265 571 497
461 198 1073
922 1303 575
185 1320 973
314 1189 462
177 1007 1324
442 882 1118
593 1150 825
344 105 582
505 147 1183
279 155 520
814 1248 1279
915 1248 1071
423 922 624
392 1233 850
285 218 548
624 798 770
1191 1208 871
592 39 932
596 1195 432
535 556 832
746 803 121
1270 626 955
445 1111 794
347 712 157
889 381 919
787 893 1141
85 688 302
778 511 211
409 115 540
1242 1283 1138
852 105 510
1316 966 484
569 631 833
1125 944 1146
910 1142 924
949 1129 1182
614 438 306
16 831 635
501 680 68
163 1089 45
670 763 1363
1148 556 890
1224 1163 963
325 213 784
111 314 304
800 1150 44
319 592 1349
1036 1324 558
802 726 312
287 751 1299
502 1292 1043
630 151 1326
1166 119 486
1067 722 413
142 1214 322
495 100 8
1075 275 721
92 1216 4
75 277 1266
524 763 1255
1121 852 407
84 288 632
366 323 130
56 213 215
244 689 118
1228 1354 226
820 347 791
907 673 171
756 951 1305
500 361 91
371 804 1024
998 878 395
33 486 269
605 271 98
4 505 41
795 826 1259
574 484 692
1151 231 367
947 1249 956
1221 1015 299
830 651 214
672 512 1108
1253 1283 63
412 338 199
9 462 562
839 221 1133
567 1315 1318
261 177 1080
554 408 763
189 92 269
613 632 1284
805 925 608
419 764 912
609 299 18
123 33 518
278 755 324
1120 1342 108
862 1052 1196
201 695 1178
408 595 984
448 206 1096
615 1133 1056
807 187 580
651 508 624
791 182 1255
1156 1330 477
1297 1407 1388
1335 572 771
1106 290 914
774 16 856
608 1347 583
836 1379 423
63 1140 71
191 274 466
670 1281 625
78 1326 0
1090 854 413
1265 572 396
1201 1379 803
661 125 1435
1434 898 688
315 28 1269
869 846 388
854 666 1333
333 135 453
1122 426 385
1386 966 690
791 1077 1424
1427 639 85
1005 406 241
136 372 282
505 790 520
1297 725 408
857 734 1345
1099 750 339
1161 1118 485
423 1100 122
1356 638 343
41 193 472
974 15 89
676 673 833
743 109 898
983 1047 86
1147 1175 1052
1409 1461 703
640 550 1148
261 859 265
476 807 1259
1102 455 359
1358 336 1088
264 1213 1103
304 1086 439
7 1273 1331
698 384 1322
345 659 1143
153 212 1369
232 787 478
854 1044 957
219 127 926
900 518 332
1453 1074 409
773 1379 1079
710 1405 356
995 947 1129
643 392 1154
1205 509 995
155 475 796
391 173 559
736 1198 710
156 334 513
625 1086 905
1479 201 950
105 86 1100
759 1028 256
138 1112 1374
250 115 1416
561 820 1167
1455 115 919
675 288 1266
978 1228 175
1210 898 1278
688 1433 176
918 1022 998
1159 77 742
1353 335 1459
997 333 718
702 774 1008
1120 527 828
672 915 547
776 1015 1129
539 209 148
985 391 852
743 279 1442
387 511 1475
1142 1087 78
1169 690 1003
46 1268 80
1261 1066 870
1073 164 627
165 1251 802
109 377 418
232 975 5
461 1286 1300
508 247 363
413 580 267
570 861 1238
279 457 1369
891 896 446
1156 98 1383
1319 446 1136
1144 1498 367
417 690 273
158 903 932
21 623 805
1469 1165 710
482 1279 1420
493 688 597
1479 537 674
1413 752 1181
436 505 1278
1100 451 984
1508 1199 1344
1418 1090 1065
128 1296 892
28 1005 202
1537 1352 38
1169 1116 841
1398 1218 1114
816 442 660
1319 755 314
477 740 669
1326 1206 1256
781 1460 726
186 1174 1032
1247 667 194
1280 1508 679
728 403 942
1169 1307 969
1269 1405 1292
301 340 599
1550 172 1530
1459 1385 2
581 1504 966
1098 1172 876
510 1247 1481
1111 642 330
774 397 548
962 1526 699
718 917 997
148 603 1571
604 326 702
751 155 726
263 343 1552
555 428 784
1146 1428 1468
23 551 1525
1357 285 1165
1291 1385 582
476 34 255
1411 30 1219
949 758 1084
1022 848 1107
12 197 1062
1233 248 528
963 497 797
1438 79 1449
309 786 233
477 492 1120
454 134 1467
836 68 532
959 764 262
323 1349 1209
1304 633 40
629 332 1034
447 1433 1063
680 903 1189
349 492 403
623 1103 222
862 19 651
428 979 462
1459 768 396
577 1510 359
576 639 392
291 1364 765
516 1249 1392
295 1260 1342
1201 955 125
550 643 1140
622 9 1586
674 1571 436
1407 1331 806
1505 955 222
1088 1565 895
395 555 640
546 738 993
162 1245 1165
356 481 1551
816 1616 1270
190 672 171
650 718 1133
1282 360 1484
8 1052 1243
965 731 546
944 1129 681
563 935 1592
611 163 807
1110 403 50
606 1497 831
778 776 1102
621 72 815
1401 1520 1204
1226 231 922
1374 592 732
421 1378 812
1237 1438 3
1036 153 287
1613 844 128
17 1581 305
1162 1157 1322
805 1199 1154
891 234 188
91 322 26
1461 860 1422
1465 1222 816
98 21 579
671 461 947
1127 777 121
906 275 1597
1406 1040 59
1601 305 1398
305 483 426
1481 942 259
2 999 993
1531 872 1576
984 694 908
812 930 795
1286 1381 856
507 1412 1486
978 1391 1652
1006 1362 1510
1544 1306 747
185 862 678
647 703 558
220 1516 260
631 541 1531
1666 1376 626
1447 269 1157
1012 1047 70
1107 941 1408
1104 1249 181
868 353 724
466 165 469
775 287 470
802 432 1500
835 601 502
1027 1560 1168
1660 763 1313
2 128 485
1543 1543 782
141 1257 1451
131 417 1163
1594 784 738
518 210 352
1579 1039 891
636 595 990
1102 337 240
1174 94 1519
342 1472 631
49 831 1423
901 467 540
1019 257 971
159 564 462
988 835 1063
429 741 653
1071 589 16
496 1588 699
1177 276 1377
863 1666 389
1670 570 592
1594 1067 205
274 55 222
1470 1548 731
1090 1448 213
397 156 1020
1137 1150 784
785 1101 957
571 1246 395
1475 1109 351
26 752 1657
1708 920 1305
589 410 105
64 547 1034
888 48 1618
428 382 362
734 447 704
1567 830 1590
175 1608 1557
780 1171 1401
367 1400 1624
607 1203 1578
1413 1246 1127
443 434 299
459 1496 1529
161 1586 1045
567 509 1152
795 378 1068
1397 1277 189
1331 1107 247
423 1553 1335
721 1209 908
42 841 62
1572 1279 662
1060 538 286
1038 931 417
1663 745 184
735 1445 126
1260 1660 1304
1683 893 1169
1295 1422 607
1497 1612 1565
846 1150 283
821 707 487
614 645 727
905 975 597
615 63 1112
1539 688 740
16 339 1718
482 273 1237
1247 901 1045
1264 797 433
402 1500 782
1185 1222 432
1065 1218 1482
52 1389 879
696 186 1415
964 482 47
430 1352 1107
509 462 1543
1474 1349 1245
351 176 1686
907 559 1002
901 796 336
1472 361 222
882 442 1331
247 835 375
153 1260 817
459 1120 33
267 388 72
1549 1092 293
363 1613 962
1524 1531 921
1566 308 469
1557 1047 1727
1212 397 1681
787 451 1402
1011 653 1322
405 326 698
1534 3 1627
1442 91 1509
470 424 862
1110 652 974
446 759 949
1056 383 260
1085 148 1259
488 472 329
409 285 1128
1064 923 140
702 236 528
120 1200 625
421 975 1253
427 254 1151
472 1680 53
831 1734 430
864 1630 536
898 421 677
414 1125 831
3 934 1575
567 10 1667
1115 99 887
306 1568 725
63 936 798
1119 821 1286
75 445 676
1435 1015 614
1175 553 820
528 328 1153
1046 1306 199
637 231 460
1596 441 144
214 1670 978
731 1515 1229
610 1374 0
727 31 343
321 1303 1176
721 622 701
340 269 1452
938 761 1317
1381 377 369
662 1805 665
1192 412 1175
1458 1451 10
643 1561 563
1007 1108 317
655 578 17
539 1689 615
239 653 675
1195 9 446
1590 469 1189
882 1423 918
1622 1265 18
869 582 1050
908 903 203
908 536 1474
1045 1441 1616
772 540 602
1619 285 97
1287 1480 1365
1449 444 1669
625 205 942
510 1006 864
1428 1429 1377
1582 1697 343
419 1483 1017
112 1099 673
838 218 1840
1770 511 1591
1322 1141 807
13 688 1813
1133 1476 1050
1802 669 206
1034 331 171
74 581 1058
1684 670 800
1164 1788 269
1397 388 229
194 268 410
661 445 1007
681 321 414
1070 580 1088
1497 318 88
520 373 1518
1062 908 824
995 317 631
525 729 261
422 918 430
1706 535 404
1206 348 3
754 1150 544
834 1113 294
621 992 1819
428 1553 1659
1862 178 268
1170 1508 738
951 981 1053
1246 916 718
1119 1753 1674
1429 1541 549
622 1703 544
936 110 781
1243 1492 278
330 883 1662
645 1424 358
57 836 1465
1415 1649 900
257 1398 486
1876 324 1437
1101 258 405
1182 56 274
356 1574 88
1276 1316 184
1410 208 1431
607 1185 569
746 366 316
71 1368 609
280 1001 1635
32 43 1444
790 316 892
1226 1158 1595
610 57 1455
1077 508 1458
1054 506 347
659 666 629
546 1713 1843
166 1521 1157
255 1693 1901
695 1896 336
1262 1700 432
1892 58 1341
1694 1391 502
961 1643 1251
1568 1472 234
563 418 359
332 514 1832
649 812 34
1317 529 1047
196 1174 380
44 566 1025
1260 1112 90
1697 1051 1561
724 1026 450
337 1637 1890
284 134 1207
1738 1820 1476
1642 1640 417
1330 1887 64
1352 1657 1685
1235 221 1265
1385 1757 1121
1905 1470 1569
1000 1659 300
359 1301 1242
846 802 1254
1920 1533 1091
699 319 597
5 1075 1059
786 868 1764
1124 944 596
1319 351 665
1666 514 616
596 1145 190
990 1742 1885
456 1149 1850
689 149 1940
1753 452 1612
461 863 341
1002 214 1392
1575 1530 148
681 1005 1881
282 356 1504
1085 524 47
412 124 1202
207 222 1399
893 1478 1250
119 1361 1447
273 268 720
247 1281 596
1740 785 507
1492 1789 1315
1917 1910 217
319 728 1549
1307 1779 134
1880 1603 161
1691 616 1565
279 645 1517
11 1172 61
1349 1878 325
1926 1926 431
382 1426 956
733 116 1524
198 1761 1207
872 1794 1951
238 793 963
40 757 931
678 164 656
1929 1009 1185
270 1497 1042
1721 1431 778
345 1333 1179
50 1565 1142
1395 111 883
307 902 1034
1820 266 1680
1002 345 231
1908 608 1887
1447 1548 38
658 1212 824
1579 296 373
304 1492 1817
509 1041 375
201 1172 1663
1346 1241 1794
1585 1227 593
560 37 1311
247 893 46
1396 303 379
113 1783 1431
729 194 967
579 1864 471
563 77 1361
345 287 878
1699 745 1927
1610 347 962
636 595 1290
1808 1897 957
1390 362 650
744 565 206
134 1897 24
557 1622 1059
1878 1188 391
401 1968 1454
1177 1035 1901
1959 589 1565
1343 72 1033
651 1086 822
1184 1113 1717
884 559 1040
259 1051 798
902 1142 322
801 1551 136
1501 1616 590
614 60 870
999 453 1809
1301 1398 418
153 1085 1250
1585 1486 657
585 740 1219
1823 676 907
591 1900 454
1479 266 285
1236 1234 459
1595 1165 642
670 590 1659
1972 1714 1766
1104 903 191
36 1418 414
1324 1469 743
1646 357 1723
837 1266 580
770 1898 1897
412 1278 837
742 916 126
1261 1401 1180
1687 1222 665
1772 988 1084
587 232 1516
1658 642 126
855 805 1693
1581 1163 1175
421 1509 749
1969 178 1641
1379 886 1091
220 188 554
794 1993 2023
428 816 832
428 1751 1769
584 87 1886
945 1740 574
1531 1542 458
911 679 1020
768 1113 1854
1865 387 802
1540 261 1692
1662 1728 1516
1175 1757 231
1305 1954 1934
1416 1948 1410
776 1177 1988
331 1338 1632
167 967 952
2043 1881 958
574 719 1782
2047 2043 720
307 1069 129
945 1489 1180
1578 1879 1421
2023 1356 1725
1695 184 1714
76 1789 647
206 1562 782
583 210 1230
805 61 83
2048 323 1604
1309 941 1281
252 1056 758
453 64 920
1232 1965 713
773 682 1848
576 732 405
941 1885 465
902 498 1345
1079 1183 1635
1091 189 1713
692 1620 762
1210 339 196
1335 427 590
883 1619 1043
840 273 1750
1009 1838 715
863 424 609
1105 1744 353
1917 1129 94
2056 1057 529
1451 197 666
1194 1049 742
2023 789 727
1388 1222 760
1983 1812 858
1217 225 1114
485 2028 278
1555 1352 411
1706 1126 1703
1676 2007 285
586 904 736
2075 2071 1304
1641 1060 1432
1754 1802 1688
1423 1432 1702
1471 507 80
1097 1407 1312
497 31 770
1709 1179 1584
1387 200 319
535 356 595
1496 456 1906
1811 282 2005
1441 989 410
1873 732 576
364 1634 1037
1700 655 1124
514 1503 2083
65 98 1598
83 1218 907
1914 1453 2081
1041 204 1160
1859 288 1396
575 695 697
1798 433 457
2133 169 2126
69 914 1727
876 103 202
1909 1741 663
966 1665 1748
639 1968 776
1652 978 2076
958 1099 317
788 1296 2075
1430 1623 1480
1767 759 649
1657 1556 1007
649 1828 990
1903 1905 1014
1303 1048 1295
1989 1854 2107
234 1540 1220
446 1266 1465
1698 646 585
137 503 1849
73 1929 1904
1938 1880 1994
895 41 1239
962 902 1011
1656 2046 1315
1965 1274 1063
13 1311 986
685 636 804
71 1183 1099
969 1621 415
2026 449 460
266 1614 489
522 648 1741
1227 1213 392
1006 2116 1302
43 636 1500
1240 217 732
2132 613 1346
1702 77 1905
1876 1078 1444
491 154 637
33 700 2082
482 6 1522
1525 925 356
1565 268 1675
349 1976 1494
175 852 609
1288 416 738
1394 1139 1152
1796 1729 1166
278 95 2128
1714 325 1634
1755 1325 743
1757 371 107
367 2180 1414
1391 1495 480
1245 2100 1394
220 957 487
891 1360 910
1894 90 1449
1906 647 183
1015 1167 202
950 1078 2076
324 1384 854
363 1748 181
293 352 1625
1464 1490 1985
2190 502 1259
2157 955 1259
1616 1292 2172
1011 2052 187
730 1462 1024
839 1630 455
1088 954 2042
655 19 704
436 284 420
745 967 292
1805 20 1933
1582 1510 1530
509 563 1351
1062 1900 1058
1550 827 583
1677 1139 224
1044 374 65
1184 1122 1539
1817 913 13
628 70 2094
1089 1044 99
137 894 1300
278 1575 1969
234 1249 867
1791 536 1027
1211 1594 1318
370 2150 1870
228 2175 2020
1229 725 1471
1009 1805 1558
1589 1428 1117
971 1796 746
1146 1803 1188
512 935 739
2105 1464 85
1494 1088 63
1192 377 1310
1816 14 760
455 778 528
2180 58 2149
1715 79 294
1749 922 812
1223 665 1921
1232 430 1429
905 773 1793
198 1817 1307
1383 1969 494
315 1730 439
216 179 960
664 950 347
1752 1934 1729
134 458 533
1101 1264 2148
785 839 1883
2182 2107 1600
1761 97 628
761 1790 1550
1044 589 309
1525 742 1026
632 633 591
733 1802 1318
74 531 939
291 1431 558
1410 1105 905
2128 727 900
18 2258 10
1420 1904 1826
8 85 1410
295 282 79
15 2127 513
1963 1159 1607
569 2248 2067
1450 292 1916
258 1032 370
902 1150 674
165 400 1718
1188 2158 2008
811 483 1807
1110 1356 176
1700 2005 2210
1268 2235 2101
94 67 1397
2261 79 1601
1976 1224 1546
662 1134 1019
476 689 1410
1845 118 1404
2033 142 2069
296 52 1546
384 28 771
272 856 2271
1519 2207 1988
470 626 1181
1522 1438 2033
436 2114 516
317 326 2138
1047 1082 1839
128 1196 190
2300 970 1803
677 2049 1918
1520 351 767
1006 13 1868
1202 8 1203
2098 1130 801
1388 573 2042
1032 638 461
156 2312 651
1774 1564 222
1753 77 1265
243 68 1088
2277 182 969
514 563 1178
1240 2302 1265
1821 1583 1649
908 1172 1251
2038 836 556
1075 407 819
847 1585 751
2225 151 578
1375 515 1663
1005 656 470
1293 2 1724
1953 205 1909
1501 1139 2195
1177 2061 890
1632 188 1014
1052 1827 2018
594 108 2214
981 1510 2088
1069 1249 137
2305 1487 1450
1485 2300 2244
368 973 2130
1497 1951 2029
1076 928 1796
2301 571 1418
1656 1766 2064
1460 313 99
762 658 2178
2192 194 29
321 24 215
322 506 1323
1164 1468 1871
1733 1484 1289
1810 1140 1139
822 353 2227
801 1826 1376
965 2336 1132
1008 963 2008
1031 1997 1509
505 2066 54
746 42 1062
2213 999 1707
1876 1487 366
1560 663 1752
129 36 373
630 1750 2358
528 242 299
937 1619 146
2137 1532 478
2 719 1415
808 1075 1997
476 1504 954
2214 705 1140
287 1020 513
485 2320 1236
2313 1225 339
1176 1512 883
1654 568 1129
1323 1879 603
324 2196 639
1204 939 1913
2102 616 189
521 1476 746
2275 1633 1695
761 2099 1569
519 2156 2040
1934 364 1992
561 59 1466
2236 467 1415
817 958 1544
1808 1149 847
630 358 2032
763 1080 333
1775 747 707
1524 2189 2342
1137 1121 605
1065 1865 1050
695 495 1093
2145 167 1570
1228 1764 1329
1461 2012 1400
1455 2147 964
1366 1479 90
218 1540 537
498 2003 986
1049 1648 2053
567 910 1697
1485 2303 1242
1504 14 668
367 448 1855
610 170 1614
1572 2371 1393
504 353 385
50 203 95
24 435 950
1401 1007 1629
1314 1428 1706
225 123 469
248 1771 398
1276 533 809
967 1337 1799
414 1717 2381
1645 2302 22
2406 1308 1363
174 895 1982
1406 573 340
1926 1581 1870
2108 8 2398
2274 1942 1929
966 753 567
197 557 1119
1813 673 630
1455 172 212
843 996 1807
550 1858 1576
1336 1277 2151
1242 1576 139
158 233 457
1863 2266 1138
2227 732 1569
1338 646 198
882 1651 1197
1041 56 1555
155 2246 2127
1552 1259 2376
908 458 1616
1784 1344 1583
2268 627 1127
1750 2091 112
1093 1749 270
1497 321 1861
2275 2409 490
1454 2113 781
1286 749 1807
1261 675 692
613 328 1666
659 1948 2077
361 168 1732
1031 2423 1957
1491 2063 1686
1498 1 646
1930 2427 87
1612 405 624
1519 232 2009
1803 1612 518
1151 760 1415
2377 2377 598
2244 1719 2362
1477 1590 1590
499 307 2071
2313 1169 1437
1476 359 2319
17 2025 2151
452 1670 154
2204 2195 2096
804 1062 1755
2213 163 257
1638 257 1530
421 1756 2327
1273 2178 1242
1526 967 1260
1969 535 1247
5 1111 1792
1005 836 1738
557 1223 2064
1822 2191 683
184 1450 1568
2229 366 1343
1221 1911 1265
1728 491 1794
1046 1939 2268
2235 1272 981
2329 770 93
1022 1388 2135
817 2251 739
253 152 98
1123 2427 45
868 1362 673
2487 176 1117
1123 298 967
813 1353 1692
1587 1470 2228
1363 2089 2074
435 2044 1052
293 856 1740
970 1608 1213
1155 242 2024
87 193 104
232 2296 1117
993 1624 2138
75 1672 133
1665 332 1453
2270 2110 66
1744 2210 1584
1573 975 844
2241 1931 125
2101 2187 2031
428 1990 1818
1924 618 2485
1953 2425 6
2369 1314 1933
514 534 1793
207 1145 2388
1704 246 2414
2246 923 2383
2517 414 1504
2468 1722 2139
1384 120 1349
641 2212 2139
1552 1384 111
47 468 1818
774 683 1776
393 1262 206
508 295 1255
1629 1538 2060
643 0 1686
1598 1279 1775
23 365 2174
2124 2369 1121
2142 1759 697
300 2364 1190
1397 2285 2315
2129 480 1763
2069 877 490
876 1194 1953
233 2535 1193
1886 2011 468
1965 1492 480
491 1580 82
881 2297 688
2071 1078 2349
1902 880 1379
819 1137 2212
2475 2316 306
1141 1283 1722
955 1634 1737
2390 510 2320
2468 1839 2016
1583 1574 2192
1836 472 1543
322 297 2523
1533 63 2111
2088 204 791
274 1333 716
2456 1391 172
1972 33 1990
2154 1286 115
2547 1725 2188
781 358 629
1776 2249 1215
1334 2344 1211
359 428 1944
1596 2360 1908
1792 1713 1243
2049 1678 867
1554 2413 383
2091 1840 1226
575 573 1190
740 2160 768
875 2340 2314
99 1349 930
1182 168 2144
678 1964 1381
1712 1922 1137
229 1732 332
1621 2232 1399
421 950 2266
2232 267 403
1472 1813 918
779 308 1424
1633 1515 450
1333 1752 1134
658 741 528
1438 1750 1416
1748 855 102
583 151 330
1719 2434 1245
2487 775 311
2280 2546 1646
21 1786 2052
1642 1484 1876
2469 754 1994
1221 981 1997
1434 1360 443
1236 2188 2501
2323 2069 2361
1335 2511 2311
2376 1715 394
1157 277 2413
655 1584 1744
1234 877 668
1871 730 413
2289 1886 1913
763 0 303
220 544 991
358 1591 2607
618 378 127
2566 176 2093
1931 1402 2260
231 1545 573
2239 1167 2094
1541 437 2098
1589 2145 2074
38 45 127
337 1948 1774
2056 347 463
1446 1854 719
815 388 1597
1747 1376 2080
1801 2585 2282
1420 2085 198
239 890 2361
349 1979 641
1217 407 2436
1000 2113 904
2509 2377 2052
498 2067 993
783 2004 1361
2238 56 506
1843 988 1075
505 1446 2549
1672 998 871
1616 1114 2382
1447 1279 2595
187 421 2629
2472 1387 1573
1857 2596 1892
804 235 25
1444 2193 2286
2037 1519 2545
2492 2254 2565
686 1975 2053
193 448 1977
591 711 1692
2262 926 1410
616 1036 121
2502 2568 2624
1273 1715 1156
532 1542 1038
1378 2245 1096
2001 734 2381
1008 1719 2089
238 1299 783
572 1621 1774
275 650 394
718 43 640
1158 1770 342
2153 426 1454
1489 2161 910
1609 1750 1855
1449 2066 2494
2492 211 184
431 1920 1113
2497 991 2259
1509 634 782
894 1606 967
400 100 1105
2362 145 142
404 682 154
888 528 1187
2286 2490 1742
1170 1871 718
461 1407 546
2368 2152 1975
15 742 1187
39 1973 227
2067 981 2228
592 1911 339
1854 2410 581
1117 1744 2431
1142 833 126
307 1369 770
538 1550 2231
980 1108 1813
2173 1333 846
1939 2285 185
2230 1138 1025
340 297 269
49 1947 1694
1803 65 1589
2223 2392 1337
1272 1638 2217
295 2276 2502
322 2436 261
1416 1838 279
2457 2695 664
720 2108 2254
1676 2000 2443
849 2472 2553
89 728 993
1047 1874 2061
2085 352 2220
75 743 2548
1330 692 1268
219 1949 1310
2144 1351 2509
2613 1955 1134
989 1963 1717
166 917 242
1223 1017 2384
2182 1477 1087
2702 1448 788
123 134 2262
1791 1459 1822
2664 850 2621
814 1226 1263
2254 343 682
45 2617 1682
391 107 1171
2717 424 427
678 2608 109
776 1833 1427
1949 784 1744
74 2129 2576
38 2412 2095
288 1519 2515
516 2709 667
682 1354 1525
2069 306 1470
2549 1037 308
212 2590 340
1863 2225 1592
397 2157 1166
94 418 1721
1563 1364 478
2028 2034 2389
1475 2206 2708
437 527 1749
190 2615 1985
743 1627 1301
1847 2000 2151
2456 2634 345
1114 128 987
1913 2169 534
2354 2450 609
1768 1198 2130
1304 792 2570
1056 2175 1561
1534 1408 550
2011 1456 894
1135 106 276
356 804 1165
1314 376 647
1901 62 112
1084 1644 1112
1227 96 2104
1121 1386 2119
405 1013 2163
2658 671 2425
1282 801 677
1586 2036 2003
1978 1598 333
2457 1017 2374
126 1658 1974
2050 2594 1566
2456 1001 66
1646 1803 1295
384 1911 306
1569 1330 1410
2376 168 2317
1945 77 2172
2044 548 2420
2665 578 2114
2198 1941 1276
1550 1883 1837
1617 1298 1631
734 608 1382
1864 671 2576
1097 2764 178
663 757 674
1406 2360 888
1872 1297 2638
941 969 879
2497 660 2737
1873 2487 1960
1776 1959 279
2097 1773 2521
542 2697 1666
2654 1901 2607
355 371 974
783 2013 2773
2093 419 711
211 1032 1053
722 581 2545
2236 457 773
86 1816 1317
603 722 1349
1581 2464 2569
1640 102 1824
876 632 1669
1318 1137 299
844 666 1186
2614 2383 2670
2553 118 2246
2423 628 79
1033 2255 886
2531 2584 783
1754 1921 1322
1044 586 2549
696 297 1893
495 1731 2679
1195 1571 2442
2503 1681 531
1678 169 2663
950 735 203
1966 2417 409
2346 636 2412
144 1864 2023
2341 823 103
636 1855 153
2193 1122 2377
487 2536 1916
2272 2495 208
2407 2457 1127
2795 474 2064
2542 306 2829
1328 352 156
2789 2565 1774
444 1316 1331
1268 1036 1387
213 274 865
578 2811 2138
2509 2252 1610
1262 42 2030
1680 2076 2453
2039 1576 2205
1542 858 2041
2361 1407 1198
1451 1494 2080
819 1083 1327
2607 1414 1162
1208 510 1334
1744 365 2450
1367 1641 541
1091 1510 529
2109 2228 583
653 425 2176
2691 2561 1471
579 2112 1785
1318 2145 2503
1688 2832 2355
1173 2731 1988
2192 2025 657
2359 2802 1688
2711 2146 2439
889 2223 575
2109 2235 2181
1887 853 1010
2151 1339 358
1687 442 1580
1982 1878 2251
2551 1286 600
2435 1153 101
900 2250 2108
2600 1929 1517
87 624 557
1688 932 1614
2404 2568 483
1170 1389 2350
1655 2452 133
1167 1680 1731
2741 783 1922
2855 1194 263
2560 2350 801
1194 1981 1485
1785 2591 1372
2183 2684 1681
660 1975 2067
1997 2725 1205
839 1615 898
885 271 2726
1657 2273 415
334 116 997
2821 2064 1601
2236 523 1327
2545 1763 1651
2452 2889 1076
829 699 2619
795 1418 280
2896 1094 2103
2463 1024 2111
2798 235 776
693 1457 1487
2062 137 1385
893 83 753
2143 2449 71
2082 1699 1407
651 1590 1102
1565 1487 2299
1804 1372 783
859 2615 2721
1722 2105 183
1428 840 1191
1075 2303 2299
245 2387 1749
1396 486 88
726 643 1097
2285 962 2771
1604 2684 1923
424 1377 1655
576 2133 2437
291 1871 2073
2290 1223 1795
1947 1464 733
2640 106 1532
137 1107 2737
1645 369 466
1045 13 1066
1304 149 1305
379 1638 1997
1273 2612 1099
1939 75 902
1751 2652 801
62 296 1493
1572 1466 1508
1698 2524 2819
626 533 2476
2106 1026 649
2765 632 2763
333 1764 290
2824 1053 2483
2307 192 2329
1308 827 392
2627 1241 273
1225 352 650
2656 1954 1372
1901 311 2704
1902 1046 635
421 1044 22
1032 857 2615
1271 443 1380
2101 2755 2527
2906 2249 2632
1126 2287 2487
866 2799 1733
141 2469 2638
2939 1545 1615
2596 1136 2889
2703 2766 1978
2280 1147 1002
2936 1314 750
1185 2579 88
1917 1449 190
1913 1653 1806
1581 450 2499
1951 1347 2494
1143 2174 1236
2072 2503 2237
1160 1867 218
2195 34 983
1695 2270 6
1996 2873 1789
1958 133 1169
2592 1889 784
1449 885 2629
946 1333 2433
2111 429 2354
1704 1117 1608
656 2626 1227
1165 2694 1432
2085 890 2039
2549 1744 2539
2945 2529 777
71 2 2439
2098 441 1269
2068 398 2918
728 2876 2235
2895 2091 686
1616 2828 2763
2985 2362 106
692 1535 657
2186 632 2330
1603 1982 1920
815 2387 2205
2975 1672 290
2779 2577 1385
2643 452 197
783 424 596
2507 2409 2677
1590 2027 2945
2743 2095 2408
40 650 2269
91 1319 2036
684 1004 2220
952 1102 311
100 2896 700
58 199 2031
2275 158 1150
2407 2135 159
2135 1267 1390
505 2738 1566
2561 901 575
2870 1006 1326
2457 1267 345
1789 2368 1319
60 2137 2755
3000 2965 1184
1658 2810 2315
19 2533 269
1251 1096 2538
1253 2316 998
1322 2623 1915
2609 2867 942
248 1001 868
2246 945 564
1674 1376 1295
2909 331 776
1055 948 902
1491 1480 1861
2709 2662 2167
2397 2556 993
1008 2055 207
212 1847 1341
977 1458 1219
8 2520 51
484 1032 2063
824 1891 2111
388 1948 176
884 1712 1237
1428 1320 2928
1399 1340 2312
1123 2393 1570
499 2373 766
2949 1528 534
2321 1376 36
2132 267 203
1704 1657 1405
1177 2063 2867
2547 2739 2085
1986 843 254
1735 2688 608
2436 1770 2636
525 804 1975
997 1935 1964
2260 1316 29
2952 765 1293
2759 120 1145
2334 1379 1667
868 1804 1524
741 2366 473
334 788 469
2841 2050 279
2897 1182 647
892 2456 774
1861 477 677
480 1132 2813
1322 2064 1153
2996 2545 2037
2049 13 1500
2953 226 216
2183 1278 1607
753 2655 1932
2568 1396 411
1019 391 1965
2247 218 2320
2429 2354 1723
1254 790 1644
866 2724 2419
1833 428 1482
2353 734 1266
733 747 164
927 2126 2722
953 84 1188
175 1476 299
661 711 1267
1501 1868 460
1127 761 2750
1091 295 644
867 922 89
1422 1967 1290
2956 1101 1681
1075 2402 1662
1911 1645 2044
197 2825 2041
2884 1794 3002
2457 2611 2179
2510 2973 453
2381 55 3080
2144 2068 437
1238 1413 640
1282 272 531
2333 104 2400
2170 70 143
2647 1911 942
2640 398 662
2999 913 2804
420 961 234
2477 2661 2992
3079 751 1220
1577 1703 2190
2363 1445 1891
1988 887 1045
2785 1068 3055
1500 2836 2154
118 1979 114
1256 1104 1311
2210 2353 356
1181 1681 2249
1287 1725 1252
2068 399 2619
1778 2966 2070
1658 1139 2979
904 1250 1305
2284 1135 1267
1627 2081 1444
1751 399 2067
1593 289 1946
1030 725 1158
1069 1672 1266
463 1790 299
2362 1626 2046
2905 2003 2482
1647 451 1625
1798 688 579
2483 1610 2524
1321 2007 1340
1461 164 1611
967 2892 523
1239 968 1935
2857 1221 2996
937 3120 104
1450 2329 2615
2801 754 1501
2427 961 1325
2891 1071 512
1797 2176 1650
139 1453 1128
1252 486 1465
312 1332 1068
2610 1349 2699
2962 1919 532
940 983 2579
746 2164 1345
1622 2242 2273
1503 2864 2834
2699 120 1576
948 2804 53
231 241 945
2073 329 898
1617 3043 893
753 2403 1542
2957 1524 1062
2014 490 1055
446 1357 1985
594 2977 580
1271 1385 567
3031 1262 2761
2928 1959 116
71 2930 1514
12 2053 2725
2618 1968 1979
2929 2606 495
388 1491 2169
65 3077 316
391 459 3012
877 218 1942
669 1725 917
2298 2063 1867
2078 1602 671
2089 1343 2231
3133 2280 1592
3113 2987 2887
706 1648 490
2760 500 1271
560 2873 349
504 964 1771
64 2306 2151
1381 222 2236
1833 888 620
238 2249 303
232 84 967
69 1813 1252
1636 2460 2537
323 73 161
2336 1218 1681
857 1110 128
1651 735 1456
604 110 2555
3119 811 1285
1250 2619 613
1199 101 1468
2711 1291 1682
2120 1114 1039
1062 479 2100
473 2812 3100
978 1760 1779
609 1642 2224
909 2192 2279
700 2346 2240
377 1481 2163
723 682 1251
1850 2547 2788
2933 239 3145
1272 2897 1990
3064 2918 1425
2315 2519 1012
621 2155 469
166 2526 77
719 1917 963
2525 391 691
237 2147 1117
2391 962 2796
1519 312 1961
1182 626 66
863 1568 1834
68 1442 1341
1582 1706 3097
1897 3215 1947
101 1284 2301
1293 571 1509
1865 2152 3027
2157 1324 2300
1861 1531 2056
1591 1905 1274
1663 3169 303
2112 3028 2846
2316 2179 864
727 2365 109
861 1685 1745
58 379 2245
599 44 3039
3014 1355 2866
2761 42 1172
778 2196 917
990 1249 1845
1231 717 3062
642 963 1161
1708 2812 1526
3116 1417 1861
508 757 3075
1700 329 1400
1669 2327 1458
645 1706 3172
609 1452 1330
1938 1980 813
3087 1555 1995
1460 153 1856
3024 1728 624
124 882 1449
1104 1477 721
1800 102 17
2309 384 917
3201 347 1046
371 1765 1800
1690 1706 1857
1403 1866 1445
1220 3120 1572
1487 2176 641
2477 1082 171
1196 3214 3152
2106 1896 2705
2336 645 3260
943 2383 2212
2505 2489 2467
2165 2036 1305
1752 1689 934
1158 771 597
1005 8 2205
1196 2873 1073
2006 3203 2853
989 857 839
1128 1624 1377
31 2338 1198
26 1227 1210
2922 2979 3270
1172 3279 2869
2160 1318 2019
1532 205 97
1578 4 1953
522 1713 2167
76 1328 1077
634 1643 567
1992 1194 1265
2329 718 2493
415 2019 932
3239 2282 2263
1790 477 2472
1138 2368 302
1333 1479 2150
825 1139 2685
2253 2427 285
2011 2227 2501
686 1080 2673
1937 904 2705
629 1854 3003
1096 397 886
763 3148 1348
2263 2233 1143
1603 3246 2697
1864 102 558
1587 2663 2275
229 2669 2462
1020 2832 669
2587 2485 1973
1349 2835 2414
169 441 1939
3174 1636 3243
1745 2433 173
2915 1904 3273
1277 877 785
2410 2666 2606
489 204 1742
1528 3222 974
479 1045 113
2273 2909 2873
2398 1861 2378
1841 2003 137
2700 3066 1225
1222 226 958
2045 301 3095
2702 2833 1196
708 1332 1170
376 2979 2500
2482 577 1309
1594 479 2457
666 2579 2096
2023 2604 3137
2943 433 3215
3087 668 1786
30 796 895
2416 631 519
3241 1771 2796
943 1509 1931
3003 3196 1058
54 1155 602
2395 1598 3210
1316 1012 731
658 3144 2961
2091 2673 151
628 1041 2161
1764 2139 1377
1599 493 872
2764 2171 1192
1284 2029 2474
2001 2855 3129
3333 1540 3016
1910 1456 946
3071 2061 201
1793 64 571
2854 571 3144
1393 2581 2090
836 2446 1950
130 2307 964
1453 1333 2762
1197 2022 2733
2577 3301 1283
2925 438 996
301 590 2893
958 1044 959
2139 179 303
2657 734 2893
2311 3282 2738
3246 1695 3315
1226 2179 1558
320 585 1002
384 1417 1649
231 3074 2473
3043 3062 1632
915 645 1173
2179 1582 3109
622 892 822
2723 1505 2470
897 1396 1087
1442 1580 351
567 2025 188
2306 678 1627
3326 654 2665
1663 3153 0
1484 2960 3255
342 98 79
564 1634 2938
214 2548 521
2245 2483 3063
2008 468 1851
1193 1636 1606
2902 247 464
2148 3126 2413
965 1879 2325
1607 785 3314
1613 2683 1162
3100 720 1294
845 1563 471
2670 2748 3012
2731 805 53
191 436 1368
1846 2516 1341
2212 2993 2916
241 1872 2243
1601 2960 2767
3015 1636 1098
1180 809 2524
527 469 3082
3074 2213 389
3026 1350 2909
2544 1437 2883
983 2239 3082
2365 1180 879
764 2603 432
1144 458 2494
584 761 483
2601 116 3083
3286 343 619
1073 3085 390
2726 3352 3050
1940 2868 710
385 1644 818
2446 2918 442
1767 1629 448
3292 1605 1554
1143 2736 753
1489 2561 3338
1883 2493 602
2517 1478 70
2032 1555 3419
526 3108 2646
2321 728 1930
1226 2247 2058
1680 1976 1414
1454 1160 2538
1547 263 1246
246 1631 2442
1017 3410 3399
857 2687 1687
3235 105 498
1136 3050 3435
1711 1326 1489
1278 2771 3236
913 644 1799
2608 550 1801
62 1463 2494
2032 2774 1103
2506 1215 1430
3101 1419 1476
1211 942 231
2981 1383 3191
662 642 2338
2738 1037 821
2164 2687 1692
1405 1570 2372
1674 1849 1783
30 3231 2397
874 1327 425
2137 903 21
807 2554 1929
404 2310 468
1231 2748 2752
775 359 1008
2181 547 2775
3217 1277 1452
3104 896 1072
2288 3144 1654
2953 2097 476
2184 1382 2896
2275 3470 232
2628 2431 1644
2542 3250 2620
2318 2653 3044
18 2056 818
1692 2191 1497
459 1134 953
3316 1142 1878
2801 1417 1287
899 3043 2443
2343 1368 1247
1320 2284 2870
1284 3085 490
1043 32 2780
1385 1205 2947
1086 1506 1512
2722 559 1163
1685 409 430
2829 352 3262
405 1466 2072
2878 2901 2548
2595 898 1031
3440 1258 2523
2974 1714 1653
2945 812 2235
2963 2020 1760
1761 3184 2823
3145 2064 3266
456 247 1860
2974 1283 607
1399 1477 1944
1214 480 3120
669 1070 1934
367 325 1082
2412 460 1626
1486 2024 1472
1527 834 990
2834 3106 1258
378 1271 3081
1545 129 720
2821 2360 3318
2215 2855 3192
3071 1173 2419
2932 3036 1043
33 1924 2112
2975 2888 2254
103 297 174
1540 3473 320
1921 1926 824
1131 2656 1379
539 1304 308
3462 311 778
634 2592 1306
1972 1460 1710
781 3213 3138
2834 66 1314
2241 2553 2101
1248 2103 2585
3522 2059 826
1889 2999 1682
232 1637 448
3518 2529 245
1252 2350 830
3329 237 2860
1099 1630 1634
85 2546 3321
1312 1205 1081
746 2424 975
2911 724 449
335 1740 1361
1168 1275 1460
3274 1488 1674
2161 1030 981
967 2861 1237
1244 1995 1453
1281 2296 1292
864 1690 606
2549 1401 2481
2632 2752 2882
3306 1626 2170
1985 3319 1138
1135 2417 3045
258 2244 484
2566 2269 1745
1567 3069 507
2092 962 3475
897 1103 1581
2183 727 252
2878 2916 1212
2459 2233 453
1184 527 2737
68 3410 47
3195 2805 2801
3489 1404 910
1549 1257 1680
1685 265 2214
2016 1365 3244
3257 229 2388
2498 3350 575
2438 1491 126
1189 2963 3427
2320 472 1019
1817 1210 2273
1198 2035 2548
457 3398 813
3566 198 2113
2289 1664 225
1845 981 1002
2728 2328 1320
2686 30 2751
1634 2990 3134
3176 2341 3259
550 1621 2680
1812 2638 1441
2812 2723 379
312 3205 1560
2343 847 239
858 2209 2202
526 3281 1722
2771 73 2093
940 1634 934
2194 2865 3346
2880 3013 3163
1468 503 1409
3474 653 1267
1210 486 693
1417 1671 1801
656 691 1771
2761 2194 3102
462 1816 3552
19 3092 949
1673 2814 2950
2305 3075 982
2304 313 2204
1164 3245 654
3457 131 1513
2232 536 2717
1231 1452 2826
2312 2500 588
2691 1708 2571
1159 2688 1028
2581 2757 482
312 1295 2719
3585 3540 352
3072 2377 3470
997 1718 2335
1009 32 1081
2162 769 2477
1635 2075 2867
79 3565 64
2372 3318 1837
1152 1129 3542
3051 1822 2178
2063 1170 1250
3311 1949 911
832 3583 593
3371 1283 3558
3588 1440 91
2316 3149 3326
1181 837 3531
2645 1269 946
3462 2547 706
1177 1787 2099
569 2786 526
942 1493 597
3067 2981 2898
353 2795 3114
3468 3496 235
2668 466 2986
505 1890 2033
3521 673 543
2917 1359 2470
524 2929 276
2635 2425 1684
1012 1734 3447
600 3516 2359
1227 2746 1437
265 1041 579
3241 522 133
1449 3063 2600
2194 143 3446
38 2388 673
340 2345 2263
741 3537 2716
1993 642 1337
897 2444 1064
563 112 1381
2481 1977 2185
1843 3016 3192
2998 1230 470
2618 658 1433
3616 2878 1703
2252 2244 3308
2023 477 579
3034 289 1395
1681 1602 3013
3330 828 650
2036 2674 550
384 366 939
3118 1477 2558
2822 998 1364
476 1584 3221
1778 1925 2230
3380 2099 2902
1982 278 1431
806 2386 2436
3219 2352 3129
1380 881 2286
240 384 3445
1680 1970 1465
431 1621 2788
2996 101 3562
1129 1560 1723
955 2040 1115
1221 2873 3577
1013 2984 1426
3127 2619 3245
1912 1011 298
3344 1585 1125
3603 2670 1074
1056 2420 1679
1412 1501 2956
1593 865 3542
2670 1188 2037
2676 2929 2683
2072 980 2519
2313 1519 197
3155 704 1886
2491 1036 21
2692 2381 1537
1753 2762 3073
666 767 1344
2232 1258 332
575 2688 2721
704 25 3674
3311 159 3158
1883 2085 1835
382 1076 16
595 461 2435
392 374 3664
1250 81 2966
1415 2556 1682
2029 2498 1157
674 2458 2859
1257 2956 1216
2670 3159 2900
2923 3298 2817
380 909 3643
2796 1454 3155
2253 2502 1656
117 660 487
1081 1803 2011
667 1903 1915
3020 3482 2421
3611 2875 877
1113 3695 3697
465 3567 3144
3483 460 567
2868 971 3392
2548 575 315
72 912 1991
2985 1029 1033
3437 2874 2104
2667 961 542
2028 1135 2604
188 3517 2541
1671 3323 1099
320 1788 1763
1210 762 2339
1705 1621 85
2303 1548 1998
3119 755 3001
2501 903 933
2289 2224 3636
1651 3337 2932
1852 2797 1106
240 33 396
1288 1149 444
1729 819 2583
1548 732 2580
2664 3124 357
801 2698 2045
2145 2547 2911
2653 1904 1587
331 2956 1551
3472 1587 1075
2021 128 2922
808 1541 3472
3598 2324 2767
57 1531 1181
3711 1123 1588
2931 492 2623
1706 3185 3739
1972 583 727
1297 1755 3704
46 1845 2920
1483 1488 2746
1821 3464 2970
3378 2295 1436
730 2977 151
435 2234 3395
1028 292 2426
2695 2058 1581
784 53 2640
1535 1402 164
1754 383 2253
3035 1890 1497
3478 3321 1187
1514 2183 664
3693 2177 3283
1853 3041 710
965 2290 927
2330 2715 1603
1689 961 2008
991 3559 79
3487 3549 3368
789 1664 3479
915 2949 172
3532 2521 885
2226 259 3266
641 1718 2663
460 491 2398
2355 701 3062
3585 1650 302
2345 991 1607
3334 3168 658
1118 100 2782
2215 319 2816
151 2087 2428
1005 3656 116
2013 1461 825
777 857 2782
843 2977 2860
2450 2518 854
3581 1550 3772
2191 1745 1431
1197 2016 178
3204 593 869
2952 201 3733
3326 1094 2316
1684 278 15
1906 2557 1243
3403 2468 1142
1440 762 1925
1676 1839 3628
1439 886 2088
3168 1213 9
2378 1486 827
58 3794 1336
2116 3023 996
2590 1283 3794
149 2940 2009
1707 873 3207
1946 3686 3231
3202 1109 2846
1002 1328 3095
3129 429 3243
2881 3093 2429
3789 109 2996
442 20 206
3516 3072 2429
3690 1880 903
3039 393 792
3287 1428 3728
2440 2788 2872
1763 3184 932
2301 879 1270
2243 3623 2102
583 1624 222
1168 626 3232
908 1273 1592
1209 85 2986
972 2215 1194
3222 574 2157
1531 3799 810
3029 3653 3153
1234 3444 1337
1235 1855 1802
322 2010 3128
3009 1709 1552
2236 1196 112
2537 1541 3185
3655 3671 2253
3273 2308 2881
1094 2359 2845
988 1746 672
1404 713 2456
3854 1005 264
249 3712 2403
506 3080 2765
1404 329 1961
3010 3057 2708
2959 1248 1014
257 3376 365
2730 1990 2943
2334 924 2456
1648 522 2283
3367 3605 2035
908 1495 1828
3491 2793 67
3636 3033 753
3408 3127 2542
2965 2793 3020
3075 2494 3493
615 2169 3069
3034 71 2088
592 1844 1351
1876 2340 757
766 1827 3515
574 1185 31
1643 293 321
3819 543 1510
1782 3702 850
2995 3408 983
356 2885 2207
1194 1579 3430
2517 3305 2032
3619 2933 3856
3476 1743 2340
736 646 638
3297 1616 3327
2596 1641 3321
1479 3050 2393
1329 535 3835
221 381 3814
183 1378 3239
1814 3426 2181
250 2217 773
3781 261 3872
2669 1453 2774
3021 1859 67
3728 161 2389
378 3697 550
357 1568 852
655 26 1909
2563 3683 3804
1766 3897 958
2793 2271 2592
2547 1031 2974
1639 1214 3647
2544 3249 1442
1673 3068 2407
3059 1510 2083
424 2360 3511
217 2172 1078
1570 3788 1671
2592 2258 2350
2642 1631 3451
2746 1186 1511
1066 457 1893
2773 236 2511
2497 2732 2141
2719 1700 3120
657 3120 1652
3254 1724 388
971 2815 3651
2728 2263 2372
3131 395 2525
387 2439 292
847 293 121
3394 1020 3365
3300 71 1705
2637 2822 2202
3763 1630 3776
2341 2270 2011
1677 771 601
294 3647 512
2918 16 3160
2325 2433 748
591 2400 2355
1677 3184 3871
612 2192 2471
889 3153 1944
1076 3209 3346
1626 1466 3371
1932 2596 953
2623 150 1232
3622 3232 1071
3222 3489 3304
1431 2714 945
3648 3666 1294
1474 1853 3254
218 1591 2947
1261 1983 2968
639 1880 2372
3787 1960 839
2694 313 2765
533 1942 3188
518 817 2094
3359 512 1518
3422 1673 2501
3336 1663 3390
3189 673 2243
2326 2089 3044
2479 871 1375
3346 3175 2106
1094 592 3908
3397 3822 2142
3561 3902 1311
2312 770 2322
563 501 3337
2400 792 3102
1099 1093 1755
1984 1487 2819
1841 2958 1871
3212 2830 2544
3213 1502 1374
2045 3022 1209
3590 2635 2784
3962 372 419
3810 2308 3435
27 476 2738
935 2223 1452
1889 107 412
2273 100 819
1705 1256 3017
382 3305 870
1446 1313 1207
3544 2755 1739
1777 3725 3500
296 1131 2763
2021 2300 2412
1026 1928 3990
2315 2673 2629
1943 2836 1254
2824 2357 1058
3423 1402 670
1573 76 3062
103 2284 2768
3345 818 2749
66 2472 1462
3011 2130 1143
1856 653 2300
1570 305 1117
2691 1204 1218
1451 2568 3097
149 990 131
12 386 2929
2813 581 735
2943 1654 1
3278 196 259
1151 3114 1313
439 3423 1216
224 723 2138
235 814 3576
2857 555 3390
1839 724 3988
2960 441 3886
790 3343 3533
3818 1089 1899
1987 2931 3436
1741 2403 1557
3178 2100 3472
3203 2211 3733
2717 3699 1266
3069 3410 2159
1906 3466 3724
319 1886 1583
1526 1523 3668
127 378 2334
3008 2108 1876
271 3181 35
2124 3045 2877
350 3962 3253
2943 1145 1833
152 1794 1189
3677 2432 1237
406 1932 1248
3300 3525 1285
1137 1100 1963
628 613 1424
2003 889 888
3067 1369 480
2643 3821 2786
3615 2807 2652
1332 897 3480
3794 3583 849
419 3732 3231
2760 61 2652
293 451 2142
1957 1788 2856
2964 3802 1310
3590 1494 1321
3496 2324 963
1091 1781 2352
2187 34 1146
3521 3481 4033
4050 4041 3510
2838 2389 1291
2584 2206 1521
911 3160 823
3148 200 2368
1672 2693 2307
2680 2206 1490
3529 1533 1029
2323 2804 1152
2949 3285 3758
1927 1522 2270
2856 2446 3651
3719 2613 3281
732 1697 3672
2898 2600 1577
28 2450 1675
325 1602 1012
3522 2665 3718
2894 491 721
120 1148 3370
2106 3298 3571
3441 2649 3250
2826 574 1390
2354 2130 1902
2320 2816 1262
655 2495 1709
283 465 2477
235 2227 4056
3664 3968 2535
388 1602 2093
1398 1572 2875
2417 1761 179
115 643 2995
3954 3056 3589
3697 1203 696
2144 2677 590
33 1244 2655
2741 1770 3670
3898 1466 29
1787 855 3277
3788 3653 3976
1067 1001 3451
3932 2492 887
2388 3062 1764
1954 1782 1466
3790 2455 360
1752 2127 3500
1443 3433 1190
3884 1654 2711
1811 617 3659
65 381 1682
3021 297 2882
242 3445 3299
2832 47 3944
380 2129 3149
3993 2192 1411
1536 3268 4081
3126 1755 1148
3275 3235 1556
1160 1680 3639
3811 245 2288
1532 3458 770
1885 2008 780
3147 2399 2464
2479 952 2770
2810 181 231
2252 323 2072
3979 1511 1458
417 1925 103
1256 396 1799
2522 2941 1896
2437 2468 1445
512 1124 653
1828 2210 3067
2469 4055 1621
4087 917 3745
346 2037 275
830 829 281
2641 264 496
670 3049 3036
1079 2119 2810
3267 826 1573
1956 2787 4049
2422 456 2262
2941 3112 3792
3327 3265 1243
3303 1169 2298
1471 959 965
2800 503 2882
1672 239 1765
3397 1775 3867
1272 553 757
2928 793 1370
344 2192 4072
320 267 2608
3660 682 500
1437 1143 2988
184 512 2429
601 2361 1260
4124 3329 3549
2527 2379 1323
2958 2624 234
1382 1616 3731
2341 3962 3991
2722 679 2751
3258 695 1406
2 1096 2395
1203 597 2084
3413 3042 3631
2325 2036 1763
3176 3652 597
528 2324 3619
275 252 791
1704 4161 1750
739 223 1502
1186 592 3763
2137 46 2223
702 1767 3669
97 3379 1944
3512 1607 3171
2523 101 3239
2242 793 2607
1638 3096 3187
1357 285 3380
2278 3009 2414
1652 2789 1562
2370 3931 3332
3934 2145 3017
3359 259 3236
772 1109 3406
1645 3907 1163
1522 2183 436
2201 2398 361
3776 673 2233
477 1535 2204
1189 3229 3590
2151 1568 3824
234 3847 894
3159 3945 2379
1624 1867 1297
4147 314 316
698 1186 4033
1161 860 2138
2498 919 460
1728 2362 4188
3892 3140 251
1324 34 1368
2169 2655 1100
1159 3288 2247
1578 3109 3814
3810 173 2739
3747 115 2702
613 1510 520
2384 4051 1944
1881 1820 2448
2427 2860 1840
1022 3021 2815
3450 3160 2299
1117 4183 861
1144 3128 3797
3222 1040 1740
2058 3452 989
4118 3552 2141
2287 4219 3806
764 345 706
54 3269 3253
2587 2324 3485
3038 2192 556
2169 4182 2340
1453 2184 577
3853 2352 4011
2006 563 2156
3932 1806 3301
388 4157 2504
1928 2614 3292
516 3273 478
444 2929 586
969 1350 1054
61 3570 2876
546 3835 3649
115 3802 161
2929 916 1956
3944 2740 3435
4214 3805 1610
2941 3524 2947
3497 2148 3927
660 2699 2869
3966 113 1645
1078 1860 3661
669 648 4091
3933 1243 3571
1600 2180 1044
2208 3982 1936
3933 3321 2378
1270 2226 1617
222 155 2144
2378 1331 1344
77 252 2882
3481 2880 2464
2167 4145 846
3465 3888 2677
1241 2022 4017
636 1829 170
2839 1554 4142
1775 4134 798
912 2532 2363
722 3909 1188
1631 916 644
2349 1151 1067
3123 2478 3556
3308 163 286
248 3592 2151
12 4235 1
3630 811 1663
3990 4192 1657
2123 3378 1779
3598 1515 3872
3392 1428 2107
4057 2829 12
2957 1655 327
2514 2608 4103
1007 219 3654
2663 1703 3590
3000 379 303
307 190 1949
2150 3683 2532
4094 2510 4034
4257 1302 3721
2648 1378 2637
3676 4145 4187
2747 1005 650
3149 1206 3602
1866 658 587
2922 1901 2079
791 407 1397
2 3572 3298
1375 65 1274
670 1597 1537
4077 3629 811
1775 938 404
221 2321 3137
3043 1637 4291
779 3156 1779
3448 288 700
2103 3772 2214
2817 4113 3952
439 673 1497
2244 3536 4253
2323 978 1015
109 2880 4153
4227 1635 709
1803 1622 1792
340 3973 4200
175 1449 865
1813 2896 29
4244 2207 1808
4237 2733 1376
149 2647 2187
2764 369 1320
4094 3290 2126
2065 2557 2671
1822 4144 3064
2404 1916 2223
3305 4309 810
750 874 2177
1646 3000 1760
40 2620 1519
4227 3876 366
97 1103 2430
577 2428 990
516 1299 2219
3986 3813 389
4178 3017 773
2843 3484 2901
1564 3032 1026
2612 4162 987
2801 1772 4004
2019 2383 1512
1647 2493 817
697 342 3109
1673 2145 2191
3848 1279 2216
2491 4323 1045
1235 2108 2930
2315 1999 1868
87 239 2904
4069 3669 4294
3739 286 1137
1685 425 4312
1793 755 4320
1026 3719 1098
3525 1034 1603
3428 1226 3139
3717 4072 98
2382 4040 1647
3221 3946 4183
4239 4343 2428
3978 1190 1296
3330 1865 3089
4195 3402 1364
1373 2329 530
2970 588 3846
3016 3245 1370
4248 3105 3779
214 2932 669
1726 177 1595
1091 3609 3069
2868 2775 633
2302 2207 335
123 1793 3588
408 3670 3540
2280 2072 1577
1846 2104 1547
2735 3069 1184
679 3277 1226
2019 1080 2669
2645 3511 4131
1995 3849 3988
1846 2066 2798
3085 2215 1230
2735 1574 2105
934 2688 1942
879 2231 2654
1573 1594 4294
4004 1415 2422
1679 2909 3688
108 2962 295
742 2717 3093
1112 2193 2167
98 212 4224
2136 3783 1874
1126 3300 121
1540 2554 1615
1824 646 1460
821 104 2254
1203 1307 972
3760 2043 487
2978 1848 2532
2565 1510 3795
2888 2104 313
1332 4057 4247
1635 3493 3230
1467 3871 3982
3028 3201 2774
1605 1287 464
2794 2665 2446
2975 3132 2674
2625 1376 3580
603 2793 3526
3535 3265 1327
3992 3200 2751
1550 1104 1610
1508 2765 1074
322 1946 1480
587 3882 3519
1645 320 1280
3054 2850 434
4034 1966 1077
1448 1194 3865
3617 2633 186
57 2265 1014
3579 596 2215
3526 3513 3474
2702 3070 4177
327 2609 3375
2080 1760 2197
4039 2242 4011
671 1610 3284
2629 2320 4294
2834 3617 652
2733 2270 3820
3938 2595 1996
2130 3969 1824
1808 3166 4251
417 2212 2227
2131 3868 404
675 2050 3920
1147 1315 2917
3497 1572 2260
4398 1164 1937
3370 3318 2853
2816 2856 1132
2281 3780 3095
1245 3327 1547
4286 302 1475
486 2137 3550
670 1565 4388
3716 3790 3608
2340 2234 2030
507 1451 1429
1528 2055 3114
4084 229 3945
3539 1913 4391
1191 3837 1871
453 1771 1850
100 1201 75
2917 555 1054
3815 2119 2400
2941 1011 2480
2260 474 1771
3054 4339 479
1508 1191 2158
80 4210 2158
4102 3635 2695
3634 186 4395
2263 1787 2774
4377 153 1361
25 2547 3127
853 2498 4273
3283 1465 2386
2009 2991 2655
3142 3800 667
3864 4275 956
2814 1847 2342
598 728 3694
1894 1999 2886
140 216 1854
3048 1443 1934
1167 286 3169
3347 2600 422
1276 1050 645
3577 3675 4330
2460 3842 4048
229 1678 1326
436 2711 499
2153 1107 2995
1557 3741 530
2259 2167 2907
2503 1800 1290
2912 3212 3338
752 1743 3011
3331 2513 4436
2140 2507 2460
2282 1135 1180
3978 2540 2043
2462 1493 3861
3067 2504 4151
2454 2254 1397
2823 1224 2010
3997 962 3426
2670 3382 2446
427 2519 2121
2096 2058 3893
2334 2140 4118
250 2772 3975
4463 3433 1380
549 3461 1253
540 217 2234
2866 30 931
1910 2375 4349
4055 2960 1555
3484 937 2648
2460 3109 507
4362 3681 3327
2076 2765 645
3306 3149 4356
2063 2337 1123
3738 854 3013
399 2109 2740
1955 1965 4481
2314 3653 821
1011 1625 1493
4069 1197 4114
1299 4061 399
418 1894 3506
3506 2284 2781
693 760 4248
2883 3322 2018
1203 3950 1649
1044 4433 4122
3177 2926 511
819 3490 3788
1549 1829 274
329 3884 1299
3660 2475 1173
2375 2823 1518
926 3380 947
1139 335 4381
4003 1151 256
2893 2518 3358
4160 656 1576
914 3459 2559
1623 4168 2420
1110 1615 4289
4266 1428 1274
383 3036 1283
401 4301 1075
3933 2836 4174
2227 3439 1843
1125 3327 2260
1563 4194 582
872 445 1637
291 739 3592
4126 3668 2637
4207 2882 4273
137 633 1911
556 1218 581
16 4278 2663
2323 1983 2448
2159 202 3790
4029 3791 188
1609 3955 1523
342 2157 500
3068 2165 3438
3225 1152 292
2814 1533 146
700 3798 4286
2674 1443 2593
4045 112 911
229 4358 4064
3737 561 977
4305 166 1449
2623 1276 1263
4509 35 3095
832 1121 1102
3400 3309 2797
394 4018 3576
2562 3607 1927
104 4227 1542
2505 3208 2840
3143 665 3958
51 3253 2929
1108 3786 999
4003 2191 4154
1119 8 260
3481 1976 199
25 268 135
3404 3182 134
186 167 1756
623 1646 2110
3305 4160 256
1757 1038 520
1222 926 1576
667 2950 2
1214 3671 4515
3078 32 1158
1819 1387 2642
608 4547 956
3002 2943 2799
2075 3735 3531
4358 880 2925
518 4214 713
249 3051 1864
4596 1618 3774
2454 3075 3411
202 3586 1301
779 2247 3802
1402 1354 1126
4411 1166 2008
463 775 221
18 4279 3512
3653 4206 2589
1877 712 354
4125 4586 3678
54 2448 3357
2863 232 3343
3443 1670 645
1324 1213 2939
3488 2045 3973
2664 1915 1961
2981 20 3888
4144 1569 69
2501 2642 1037
666 2391 4148
2606 2896 3020
2560 3270 2455
1172 3173 3944
3250 1776 4318
54 2760 438
3860 931 3996
3961 1664 1846
1092 2504 1415
1714 3070 2657
2608 3872 186
2500 3227 1237
52 458 573
3881 3010 3982
3704 3504 2656
4442 426 1072
3737 1936 4301
1416 3318 389
323 2464 2915
3576 488 1141
865 3521 540
3827 4441 1852
1417 612 4004
1851 3890 3956
1800 1747 4092
1861 1654 2507
1727 855 3764
583 976 4593
2593 554 1570
4237 1247 4029
3114 4273 3224
2922 2282 2914
2834 3597 2185
3817 1429 646
1572 3200 2486
3159 3084 2036
4629 672 4272
4266 1727 1729
3271 57 3434
1071 2423 535
3782 1296 562
1870 3352 2003
3742 2479 525
664 134 166
2940 1154 1633
2057 1065 1484
2493 271 3475
1540 1906 2638
2736 4555 1865
4031 4251 1473
2950 1395 2590
3494 454 909
2622 2330 1751
1256 3393 320
3423 1479 3476
2982 4597 3398
1659 3918 942
301 312 2754
2682 3173 4199
4202 4243 689
832 3146 422
278 2588 2152
788 132 3211
312 2372 1975
785 2200 3727
1867 3449 856
1450 3378 3763
2509 4084 3107
1842 4274 2814
3492 2512 1933
3096 2211 4627
527 208 4002
828 695 731
4280 1696 3228
1799 2105 1630
2907 452 4467
223 2490 4104
1728 2669 1598
1555 1719 1013
1064 215 1430
40 3289 140
4170 3962 3492
2652 4633 3050
1156 2443 4666
926 791 4547
3622 1212 647
3883 720 875
1201 1838 4193
4242 2589 3811
4042 1954 2374
502 946 2144
1622 4578 1785
2219 2770 998
1810 2126 1845
2524 1908 2045
1265 4633 1660
3070 2471 202
1889 4239 2663
621 3262 563
570 756 5
723 3120 1246
160 3794 3859
3615 2927 1362
2828 2770 51
1450 3119 4723
778 3465 2655
573 1998 4458
1770 2676 2947
2742 2010 1947
2035 1365 3007
62 413 1133
462 2550 1763
2763 300 2462
1250 3278 3412
1540 1851 2113
518 1404 717
397 158 2546
3986 2291 1096
2813 3319 652
4205 1115 1529
1790 3927 1201
3104 39 4273
1091 2451 3445
3757 3767 2441
875 4442 3519
4530 1371 1685
389 4359 3254
4274 2026 1629
2435 3180 1683
3145 50 1858
3483 2651 645
686 4182 2053
4141 4050 3064
3030 2057 2412
4706 1498 2502
4507 2073 3842
1484 3082 3337
395 3224 211
3740 3589 1702
4644 704 1774
4761 2993 2067
529 1379 3384
4599 4204 1253
3364 1954 4129
2565 2143 725
4138 1467 260
2740 3556 4115
1090 1288 4496
3480 3926 1720
4415 1708 4185
3945 3882 327
1955 3480 908
3192 4667 2991
88 1817 455
239 1177 4629
3304 4452 1545
3940 1600 1444
2772 2806 4112
4170 4411 331
3621 3409 430
3938 2903 2270
4560 3182 1037
662 2241 2042
2581 3014 1834
1704 1607 717
940 4638 1487
37 3200 2727
1211 417 2046
507 3732 3105
387 3835 2394
3991 860 1151
1354 4530 507
3603 435 2509
1377 4696 3704
231 3088 4073
3951 1130 4074
2514 4019 4524
709 3119 1560
1473 1943 3644
4713 3725 2026
2647 2119 159
180 960 4357
3419 738 1066
3928 3732 2199
2318 186 917
4598 1674 617
1263 2678 2930
563 3132 98
4360 4809 1668
1342 865 2745
1563 2849 2063
3815 263 839
3355 4018 1157
501 1787 1129
337 1149 2764
6 3732 3230
3637 300 2851
4432 311 1095
1853 4055 1832
1842 2541 1401
2295 1655 11
2121 3824 727
4436 3218 3249
3649 2655 4378
3710 1035 2027
462 1965 3515
2831 3432 2459
4733 2336 327
3378 2104 2262
4521 2278 1138
3835 1396 2002
2052 2928 1349
3921 3426 2527
3146 1166 4456
4599 2819 2214
2054 1416 2188
2209 4144 2119
3653 4547 2491
4195 3850 1572
4365 689 3772
2429 3857 890
1434 3226 3365
1957 318 198
2903 2207 2113
2485 208 2870
906 490 1106
828 887 1716
3082 3396 1969
740 215 3051
4283 4467 3748
953 4567 3471
2195 4472 4416
2185 4097 2035
4436 1187 3778
2735 1685 770
775 33 245
1454 2316 4579
3568 4140 1009
1245 1103 1783
1566 262 4043
2992 1727 3751
4092 3973 574
3007 3497 4174
1193 426 4627
1899 2866 2478
1194 3062 4429
2668 2043 1599
2369 1590 524
2804 3780 4448
3263 1440 4655
3284 4245 4832
29 3950 635
13 628 1086
53 3028 1500
3413 4116 1616
3466 3918 3141
292 3293 2931
4055 1324 2309
735 3961 1648
2941 2214 1487
1525 2279 1626
647 4151 2758
2347 1249 2900
3032 3792 2218
3642 2682 2275
1416 4656 4883
3784 3872 1406
513 2276 2488
1232 3934 1652
4745 2188 1548
4202 3011 4875
2869 3202 1016
1046 1410 2027
1614 1178 89
4624 2777 3832
4118 213 4272
1817 4073 4572
2874 108 2770
3531 4009 4651
1648 1131 4014
1726 582 1432
3951 159 3334
100 1099 2561
1122 1557 589
3502 748 683
1825 4182 1392
3806 2598 2016
2875 4470 1377
634 247 1473
2090 4722 3801
1860 997 377
3969 922 2834
952 4109 502
3658 3590 4395
1846 4881 4417
364 4043 2131
3571 764 998
1468 4019 3099
1593 230 4116
2515 4078 1209
3966 4092 2865
3605 1463 1195
3427 45 2948
1780 1869 4908
12 340 3143
475 3058 1983
758 3914 4005
2859 3562 3091
2690 2011 241
501 2503 3050
4079 3502 483
2365 1413 505
2980 3808 4634
715 591 2345
446 895 2424
3357 3008 4202
1174 929 4178
4056 3170 1532
336 4163 2489
4829 3584 3621
1660 3211 1701
3823 2908 2102
589 2884 3615
4469 2936 3734
330 1988 1126
1541 4538 2805
4158 1803 3283
2084 2894 1120
4323 2054 2161
2783 1705 4399
3080 1474 3169
2319 2881 1198
1269 4861 4551
4482 2656 2622
3520 217 460
448 3453 1296
4538 15 1234
4258 2319 4735
3596 4578 344
1018 3958 2356
2085 1756 1725
2769 4266 3474
2897 3794 3127
756 3457 4914
4461 3844 1273
3822 1534 2708
2662 3882 690
3079 1243 2192
3149 2783 2323
1522 415 1208
3883 2793 2623
1286 4281 2678
1584 1480 2288
1453 171 3028
1848 436 4643
4322 4612 954
4665 235 4794
4590 92 2810
836 4820 1628
1227 1128 3342
46 1689 286
1611 1590 4572
4729 944 4911
2124 4639 411
3965 4470 2255
1629 3245 4693
4022 1007 1534
4451 2300 3270
2697 1255 347
115 2375 4400
781 3098 1011
3203 319 2347
4379 4872 4445
4934 973 331
2967 3713 1355
993 2835 3178
4870 3968 2257
193 2655 3072
176 3643 3721
721 3708 3439
3058 2486 2795
1889 275 2661
2595 563 2499
3115 4619 3159
1854 567 3421
902 2769 3742
1884 2595 433
578 4161 1328
2813 3559 3544
419 134 3379
1113 1928 2232
1517 234 3551
4776 2695 2924
3914 345 3199
1422 1719 2733
4520 490 37
3588 995 408
2332 263 2122
1728 2649 3877
2326 3594 4340
94 2321 1652
16 2297 1253
1071 270 2907
986 908 4065
333 4528 152
360 536 1023
1557 3082 3818
4870 742 4135
4998 2791 1646
1038 1327 3826
476 4640 3856
4754 4777 1283
1420 53 4128
4757 2430 2817
328 723 4476
5002 1094 3376
3120 4501 1617
4183 4067 90
1338 1020 716
3281 3334 2641
4121 2150 1238
785 1394 30
1891 2533 1477
2100 1174 4566
4303 397 4154
1568 1653 1616
4702 2959 1299
1667 4164 3844
4475 315 1014
1680 915 126
217 3134 2533
3455 3481 4412
288 2203 1584
4376 3488 601
4386 458 1158
155 2802 452
3291 4578 41
3875 4435 267
1305 3125 1021
3831 1950 4862
1817 427 1414
2899 1618 1366
1624 4963 2189
4128 3671 4049
4838 641 1350
147 3245 3076
3235 2530 4237
3077 1797 2812
4359 3139 3714
3611 2494 4411
2239 4802 4424
1857 1859 970
3604 2282 1096
244 108 4678
4958 2860 968
1272 4471 3230
4343 529 2962
3783 3059 2436
4512 1691 2341
4149 593 1466
3997 299 3423
1681 1454 1859
1806 4627 1506
2363 1600 406
2466 2820 2137
1414 3230 3410
2366 1071 344
4470 2983 4154
175 3029 1701
1772 3556 1756
3706 564 4081
4133 2946 4993
1445 4152 3971
1039 3283 187
4153 1735 4484
1132 2213 2797
3430 4524 2675
2371 158 4271
2502 464 4311
2669 3157 5070
1675 813 4948
4767 3856 4094
