5307
0 0 0
1 0 0
1 0 1
3 3 3
1 2 3
0 0 5
0 3 4
0 7 3
6 7 1
3 3 4
6 4 3
11 9 7
9 4 9
6 12 10
6 5 9
3 7 9
6 12 11
5 7 9
14 4 5
5 12 4
9 7 0
9 9 7
3 17 15
19 9 8
24 8 4
18 3 21
11 6 10
16 5 16
21 12 0
24 1 3
23 27 21
15 17 6
3 30 18
14 5 8
21 13 26
6 30 25
6 28 21
29 9 36
37 9 8
36 34 22
29 8 32
29 38 22
11 17 33
17 34 38
36 34 15
1 4 8
1 12 24
35 30 42
11 9 21
29 35 24
1 4 33
38 0 50
14 47 10
5 10 23
8 18 1
34 1 19
43 52 29
44 53 1
32 25 16
59 50 47
39 20 24
49 52 56
9 2 4
31 21 3
32 9 41
31 33 22
12 2 11
32 18 38
43 66 34
63 2 39
30 55 62
68 23 69
64 39 10
29 22 42
57 31 32
25 57 71
47 0 11
17 76 34
47 11 17
51 21 2
66 77 6
64 39 32
49 14 69
45 26 4
34 57 26
30 7 27
46 31 70
68 49 64
47 18 22
82 68 30
73 13 39
46 60 36
5 73 90
18 66 5
55 65 23
92 48 67
76 20 63
39 8 9
63 77 23
63 79 7
42 88 84
42 94 23
82 5 66
87 97 21
75 52 77
1 7 79
68 22 87
74 25 58
92 11 81
60 75 45
13 0 30
45 107 89
78 41 20
81 106 50
60 99 110
24 34 74
90 115 26
82 37 99
18 72 72
105 85 55
74 56 43
73 29 38
18 42 108
25 3 63
17 103 108
46 6 110
72 59 118
31 72 29
2 126 33
40 17 67
52 65 21
59 108 75
76 81 3
132 39 67
74 19 40
127 134 61
124 61 134
135 52 0
91 129 59
122 39 100
33 52 110
98 91 112
4 41 116
109 132 44
50 18 27
71 53 69
10 125 83
78 62 74
28 23 55
74 127 75
71 41 30
41 38 18
61 45 146
67 72 66
22 61 90
44 36 139
71 46 77
143 34 147
64 62 42
65 4 159
88 125 74
16 107 89
35 118 35
105 111 73
5 96 114
82 73 110
14 140 84
87 112 52
51 25 6
160 158 71
42 107 105
60 3 58
70 36 56
87 126 145
127 114 115
155 41 57
58 110 95
56 128 78
48 121 159
13 55 23
62 89 180
33 8 53
169 109 162
131 182 83
67 54 100
43 36 165
121 120 172
138 176 184
184 70 58
47 103 120
111 44 82
132 22 104
134 89 24
6 61 135
84 72 92
83 190 113
182 32 4
56 76 138
72 16 197
45 183 176
172 113 177
3 8 111
47 190 146
198 164 163
145 202 196
92 95 56
202 168 77
173 99 21
144 108 126
43 102 36
75 131 48
15 68 43
120 196 68
183 17 83
159 86 209
175 28 137
87 102 114
116 23 113
179 66 170
165 131 137
195 173 137
1 70 93
115 210 200
163 94 92
54 40 149
83 148 165
212 175 138
22 194 225
193 18 126
106 19 18
92 186 208
113 23 109
211 225 224
106 114 69
33 140 52
77 197 45
185 216 222
148 89 168
181 119 205
134 207 85
192 206 59
20 75 96
175 59 28
177 179 78
86 174 166
7 151 36
24 40 118
21 211 99
107 152 85
204 11 172
162 26 188
133 21 230
31 186 173
213 38 171
173 107 117
97 117 255
62 201 154
107 220 19
232 73 225
103 110 120
141 115 237
230 57 4
241 183 30
43 260 16
228 104 152
91 49 159
170 106 174
77 158 87
173 157 241
81 110 110
133 194 130
232 10 246
66 36 229
247 95 104
239 260 14
198 120 209
187 275 157
169 159 68
53 6 23
161 9 207
265 267 176
183 200 26
13 163 4
226 170 188
1 229 89
280 125 9
201 51 18
86 237 202
125 246 2
3 17 153
189 162 122
121 60 195
102 37 129
254 285 169
284 32 99
135 280 105
72 14 30
34 188 96
33 180 7
127 282 227
10 177 122
242 81 279
249 266 105
64 254 74
48 101 294
98 304 160
19 129 270
273 83 211
166 235 118
42 31 72
87 249 235
104 299 276
26 282 53
0 22 257
266 2 263
209 10 44
186 67 302
162 120 216
40 189 10
201 23 111
77 88 159
229 142 94
248 297 4
61 0 160
91 227 12
161 289 287
30 64 131
0 159 209
208 89 274
78 55 158
241 133 299
124 95 99
96 243 4
78 202 190
293 240 206
175 276 146
185 177 108
50 324 21
61 199 306
332 134 188
42 136 40
289 116 205
300 310 151
246 120 95
5 254 153
92 243 209
200 98 16
168 343 183
73 51 201
212 229 348
28 169 116
99 241 176
43 10 5
348 334 84
197 340 325
152 192 105
254 32 276
193 354 159
213 172 6
64 119 21
110 234 32
25 96 304
120 41 3
290 248 305
55 313 268
98 142 267
16 145 324
365 300 0
6 253 275
43 45 22
86 255 353
89 17 370
174 314 328
66 87 89
3 146 136
87 283 329
198 352 213
331 55 181
202 209 324
7 124 140
10 58 372
220 211 145
285 317 28
341 50 186
302 211 244
1 249 61
306 355 104
291 68 377
30 305 14
319 176 186
84 162 81
388 14 4
16 234 248
200 327 347
116 200 195
272 375 32
240 147 324
105 257 94
376 279 32
191 69 379
236 329 374
176 266 379
40 367 19
320 322 191
97 3 242
281 282 324
340 344 170
73 48 78
319 230 301
29 272 224
324 384 272
406 87 343
281 110 239
279 60 125
344 370 110
202 148 315
67 258 265
399 70 354
352 287 265
280 77 353
346 59 400
233 119 306
14 40 353
142 167 47
325 335 353
124 383 340
258 100 21
340 343 96
143 210 215
230 274 311
408 81 302
190 372 242
372 311 225
301 17 76
365 212 116
401 14 418
215 368 17
188 219 304
391 293 213
284 14 298
37 384 49
398 279 419
47 225 433
432 228 102
237 12 20
47 125 290
61 430 3
60 417 149
379 410 381
209 48 168
134 309 51
429 296 413
409 295 267
63 318 365
391 417 282
158 155 238
57 182 243
113 409 212
94 429 335
76 447 280
297 403 162
447 65 225
155 393 289
122 394 369
296 109 382
333 430 44
240 191 198
183 48 187
352 173 337
7 146 51
47 17 92
49 77 156
44 91 343
32 265 364
86 186 323
260 73 121
459 54 256
19 397 464
426 332 13
200 310 130
53 51 150
420 434 269
15 334 221
188 279 95
276 242 3
100 40 381
261 398 352
325 123 142
12 463 263
105 12 399
195 268 0
432 358 201
294 88 372
394 8 484
65 93 445
313 483 252
155 472 425
328 161 443
18 53 321
168 152 234
153 157 114
340 188 136
53 10 214
388 484 150
427 250 88
441 66 418
39 486 213
23 426 85
19 140 88
107 320 416
203 338 205
106 174 97
14 26 191
455 178 69
466 77 265
477 69 372
507 184 466
346 121 83
462 44 435
249 316 511
252 190 333
442 462 382
286 509 126
202 383 328
426 496 37
53 177 51
214 192 399
381 75 102
434 515 431
255 19 5
10 505 146
450 454 210
17 170 345
526 529 489
16 512 409
471 83 321
403 222 461
160 210 486
185 99 422
47 43 501
171 197 109
377 480 421
367 206 399
75 534 222
412 58 80
52 1 240
376 322 5
466 97 72
265 508 330
61 239 374
75 487 449
56 549 57
265 484 363
309 463 224
108 363 469
272 445 388
51 376 272
187 27 254
494 554 153
12 356 418
100 558 190
511 516 340
293 422 233
384 516 305
196 18 210
45 431 73
169 224 100
261 260 385
249 528 70
267 27 384
45 261 387
456 26 322
331 549 519
458 251 430
457 252 244
258 394 154
64 129 240
441 169 562
447 332 402
285 407 136
67 463 453
140 448 439
106 505 437
512 194 390
489 74 327
390 41 415
100 197 316
492 347 295
57 194 412
295 162 176
391 255 92
402 323 554
427 441 272
27 120 80
393 331 534
193 2 163
219 242 363
486 82 141
19 385 84
433 585 327
254 391 139
425 252 123
238 113 430
194 208 129
4 379 511
242 96 500
102 404 191
514 199 194
591 456 42
119 54 189
225 366 457
23 326 328
146 608 407
163 250 196
334 284 581
422 488 164
82 423 285
414 227 47
149 3 145
32 340 189
395 438 552
610 183 574
90 255 400
319 608 446
58 433 358
254 23 295
118 601 157
270 132 46
208 453 301
133 430 563
245 329 198
100 75 281
318 37 527
160 390 327
123 538 256
91 64 108
112 117 289
378 477 272
507 180 518
495 178 208
623 72 567
280 587 505
521 244 160
244 416 366
294 252 25
456 310 503
122 519 229
190 224 166
535 194 625
637 33 148
588 285 503
604 384 54
453 70 99
632 387 279
240 134 129
254 538 279
47 576 396
430 329 14
66 551 117
572 649 518
153 490 531
421 53 526
185 216 140
565 579 217
60 155 652
454 135 194
263 536 240
91 86 558
406 583 647
149 460 599
515 394 117
94 584 120
492 600 212
115 155 148
651 224 451
462 227 245
652 200 487
386 9 602
164 32 641
398 263 177
634 286 289
234 457 269
232 355 661
436 605 458
540 563 2
455 139 410
614 27 209
218 489 212
478 211 65
227 593 570
294 419 609
312 593 144
251 8 71
367 611 13
189 95 126
691 197 636
406 627 411
396 130 111
351 625 498
93 257 527
8 179 172
237 688 374
156 419 370
509 663 480
299 352 2
506 374 520
193 12 564
282 201 439
371 169 656
43 464 363
658 620 434
140 74 93
220 618 351
35 713 552
642 28 85
104 126 104
420 545 696
183 22 333
20 185 210
13 431 510
571 236 315
390 150 420
58 465 431
633 609 391
609 22 350
690 185 715
725 270 4
243 341 268
664 401 385
715 562 684
378 73 226
332 709 350
27 651 662
322 292 508
303 734 686
222 337 598
602 643 7
58 733 494
515 542 525
86 30 381
201 153 509
488 177 198
424 452 697
410 134 229
293 689 104
129 730 101
393 431 589
675 103 673
138 357 18
216 69 683
335 596 266
433 177 542
93 183 525
526 286 41
541 257 135
462 44 513
611 293 517
330 213 590
668 450 747
318 535 389
218 725 64
366 77 17
609 346 252
147 146 108
642 705 36
754 274 698
403 246 24
469 472 539
696 50 179
206 456 118
662 3 348
433 37 481
449 121 88
561 338 764
18 762 128
741 585 101
153 668 528
604 669 611
355 556 0
755 500 492
17 727 388
116 629 438
558 744 137
5 484 432
456 565 636
428 11 185
476 377 410
675 70 345
141 8 340
699 778 742
707 627 465
457 646 728
514 157 725
123 157 431
333 703 80
761 710 114
757 283 508
641 565 780
355 76 723
246 752 661
367 239 184
769 111 662
424 49 56
769 533 555
312 87 511
653 24 687
469 643 16
201 102 615
559 740 508
514 290 32
146 443 318
365 573 660
335 223 169
541 155 481
143 459 313
222 26 397
755 457 582
175 425 682
64 535 358
222 120 614
700 661 292
13 804 38
375 711 666
274 29 680
364 743 477
681 462 623
95 586 577
118 825 514
52 537 342
809 172 74
276 266 651
549 458 228
818 143 267
718 712 204
63 146 336
84 692 337
180 171 52
794 582 510
298 439 717
766 251 478
159 599 116
516 148 457
426 12 161
37 602 626
437 807 588
567 802 91
565 504 227
641 572 210
291 25 262
173 93 322
38 662 594
652 296 196
629 550 421
367 114 607
643 69 256
830 681 1
606 535 96
412 700 851
611 634 451
198 71 55
609 583 77
250 678 407
750 254 356
7 126 700
274 20 474
316 776 708
261 455 386
276 859 352
454 728 852
596 807 492
741 669 394
199 414 240
497 547 833
474 764 187
97 700 126
713 412 190
366 140 174
513 229 521
876 448 770
229 99 820
813 860 732
94 842 732
438 729 383
152 453 88
864 865 157
231 387 727
660 79 350
79 801 203
36 98 783
694 40 621
638 603 631
63 99 716
217 153 728
17 589 748
719 257 875
350 325 8
163 854 449
879 865 153
219 73 201
584 349 456
253 900 692
500 11 376
664 365 494
848 683 493
854 272 104
526 822 638
196 68 625
638 230 858
288 534 550
312 901 783
893 608 675
577 360 186
816 713 140
779 563 217
744 181 549
497 884 556
275 210 670
740 349 64
13 778 143
646 542 639
392 703 337
727 683 66
747 732 609
842 239 706
774 285 352
911 330 274
463 843 155
125 17 575
67 296 685
84 907 573
542 28 266
786 630 206
335 593 886
262 303 383
251 676 181
309 447 490
651 637 541
37 802 357
77 906 169
589 18 462
119 674 642
392 916 45
468 519 810
553 412 517
296 459 221
460 399 775
530 577 879
481 262 132
187 527 832
783 119 188
14 483 650
499 195 543
58 128 863
623 413 405
177 250 140
549 841 43
395 438 795
63 399 12
278 638 341
1 718 618
273 730 208
718 239 107
551 110 409
250 876 884
960 701 866
555 925 685
944 898 67
958 951 739
894 853 229
853 756 824
766 529 52
130 912 315
735 802 883
737 528 595
735 749 343
458 83 925
149 932 132
269 971 972
544 697 290
165 315 480
128 473 778
25 160 14
483 906 44
621 680 101
668 465 304
202 308 862
127 893 849
190 957 740
301 203 400
396 35 950
590 568 748
179 966 984
395 286 472
559 906 497
419 735 310
429 680 383
684 427 356
796 333 950
261 886 79
381 187 901
323 804 421
861 683 942
376 26 462
180 192 897
598 534 67
841 829 411
111 416 970
74 118 834
903 861 222
863 94 854
296 663 127
372 142 960
460 986 557
844 7 985
561 523 146
439 488 340
135 818 885
190 469 723
476 622 105
327 971 457
445 626 280
728 421 985
157 212 719
762 386 82
242 318 200
237 794 185
26 117 636
584 570 846
469 269 655
479 186 733
736 765 905
381 922 358
1006 713 385
462 165 861
467 225 630
736 1021 844
1019 993 949
618 576 154
754 138 152
76 926 233
71 140 484
875 590 566
895 775 498
326 1 695
145 664 317
247 136 433
408 696 196
302 870 673
518 270 763
253 652 518
944 469 763
847 538 677
46 534 35
142 61 511
671 596 520
293 658 767
459 710 192
285 282 757
672 1040 489
677 453 236
565 575 589
131 583 46
1037 956 34
1052 862 501
710 873 296
383 76 939
654 984 738
302 437 799
1011 88 452
37 307 263
475 56 829
860 1025 345
613 1049 340
472 18 685
498 847 648
515 47 283
128 795 204
185 825 682
966 655 368
351 1075 162
631 820 95
317 248 396
476 1044 1017
592 470 240
257 17 143
748 542 785
637 619 381
996 277 57
264 260 1018
773 1012 379
437 419 983
722 1080 455
515 877 842
645 432 144
301 1079 56
150 296 1085
161 104 1078
721 389 127
1082 243 123
1067 622 915
344 1100 191
676 587 541
452 589 785
654 165 857
950 136 847
834 345 428
593 395 931
727 338 397
245 663 781
425 1041 529
362 768 786
180 882 858
900 791 522
474 949 847
215 211 634
272 975 193
988 469 477
762 10 109
632 780 269
832 627 383
1025 202 491
264 305 447
962 774 725
670 746 238
610 963 766
218 260 258
617 659 168
230 902 1038
789 380 976
903 310 29
868 699 666
437 231 1121
846 564 271
959 924 572
51 961 860
1076 672 283
763 521 992
231 888 252
453 426 143
1085 924 105
947 490 987
96 641 542
640 61 645
909 983 968
1043 285 1102
1129 383 379
483 1017 1
1011 656 235
1056 783 642
431 843 112
839 57 302
681 100 521
1141 733 770
770 438 850
32 677 789
739 971 368
1058 808 348
983 119 867
422 42 325
747 134 717
495 1109 912
1144 779 50
756 1041 935
820 217 330
1013 314 801
832 771 239
783 173 581
1076 912 628
834 397 207
968 302 1162
401 897 797
444 580 170
549 678 168
556 795 947
425 468 720
908 364 177
117 63 478
337 829 98
708 392 986
1084 581 1017
953 314 188
863 594 978
68 189 1173
671 86 597
424 69 244
1180 88 301
832 1148 1042
714 877 454
914 968 39
33 4 499
845 1178 265
739 67 887
844 1064 144
208 990 879
353 476 347
924 586 886
565 495 409
83 476 706
880 524 130
150 157 620
1111 825 6
515 932 338
807 62 1130
455 635 888
1038 375 114
1021 774 938
186 340 75
986 216 725
67 1078 619
1183 882 18
598 506 846
977 1104 550
486 330 965
668 328 1089
640 704 1075
513 679 198
954 932 16
226 833 289
868 338 559
702 715 378
259 890 975
926 218 555
532 523 762
900 654 71
860 827 212
430 463 124
448 1214 633
802 154 900
1128 736 509
193 559 857
835 308 318
1072 248 585
919 438 634
726 1071 1135
1007 277 671
647 971 122
1106 1158 653
657 801 609
1125 1162 766
1118 256 920
485 1216 238
924 228 5
335 34 1153
651 1032 468
14 51 324
942 464 442
824 578 1089
73 885 310
772 485 979
646 1005 835
1200 913 979
573 1128 187
25 779 66
1171 1232 1029
1250 1116 895
94 63 319
500 148 235
995 1081 991
1071 164 1024
100 623 1021
453 217 1078
100 123 833
857 771 405
312 918 1089
1194 423 677
616 52 733
553 587 95
1131 1231 564
670 384 191
577 1133 1150
1167 823 842
214 362 132
119 23 650
659 1156 260
725 183 226
650 895 1083
366 800 238
4 1252 28
498 717 396
1106 59 283
255 755 965
132 912 1156
104 935 80
494 1256 784
582 978 496
1061 122 567
1267 954 1160
1227 348 991
615 727 992
63 941 237
723 946 1096
526 724 218
178 170 368
140 538 260
267 238 473
1000 606 607
670 84 1076
466 820 510
728 450 102
999 19 405
709 1059 852
1063 107 292
186 248 1180
374 926 355
443 1166 238
816 1227 1120
385 897 643
1036 701 1040
935 379 396
1011 540 378
301 1310 1291
542 1175 114
744 255 351
1133 520 227
527 227 151
49 669 643
144 68 610
147 990 656
998 1208 1170
491 632 705
217 1075 58
1247 212 1050
1300 1091 752
36 1186 1079
766 1215 205
216 763 180
345 899 1152
825 545 411
514 60 34
1138 966 1150
300 629 182
954 225 1090
985 1215 904
380 1288 1144
997 610 1211
196 321 313
687 971 586
868 1174 1299
4 247 872
48 923 198
474 199 297
1145 868 114
905 1105 881
803 272 654
945 1222 456
271 1109 1125
624 183 174
406 635 935
271 317 39
729 582 1230
574 274 543
1133 29 834
245 491 204
921 636 197
916 1245 1306
56 821 718
342 801 510
746 165 663
593 304 748
1184 321 445
1056 1100 276
808 103 385
987 868 1116
1163 1032 286
772 1083 354
543 1015 1229
249 38 972
272 798 744
419 467 1012
441 186 120
552 116 586
540 389 624
580 388 322
1300 717 1134
1189 126 1331
243 715 924
302 880 1238
752 430 100
1155 1235 189
466 272 1364
410 404 1063
566 1222 87
392 1084 768
133 621 410
1008 1159 1381
69 700 782
1076 183 668
885 526 566
124 1216 986
141 122 259
922 782 984
543 341 765
867 845 1367
386 1142 616
755 1309 376
896 1111 45
904 1257 478
250 1034 469
1324 500 217
164 894 985
467 1289 470
245 143 520
646 1115 639
1233 1159 1380
169 973 68
1070 311 423
178 462 950
516 766 676
1400 1269 1045
0 1396 36
1014 269 778
462 1050 1386
364 803 830
1355 1321 325
1151 712 899
965 1032 1141
520 530 1221
1088 737 945
561 504 439
1264 1062 428
388 951 349
379 1372 843
1300 58 39
1058 1272 361
1307 750 875
838 240 499
951 1011 565
810 978 1107
1170 117 652
12 1 264
983 1181 304
1224 70 1314
1101 1063 346
1097 601 1361
1128 990 694
1366 1005 847
785 1436 16
340 1406 1387
451 1398 168
685 600 469
7 1038 3
1234 685 662
1078 105 391
210 536 233
571 380 684
984 1124 609
685 23 367
696 385 1197
409 1421 921
522 24 898
931 785 937
335 1381 1124
490 816 142
158 1321 256
420 613 449
487 848 1203
538 1389 271
248 20 1263
1127 137 1233
558 343 211
259 697 905
728 727 666
443 562 527
448 953 1236
1225 138 203
1055 309 45
1117 327 389
1169 492 168
365 829 932
426 1288 806
339 74 373
224 86 1463
608 1307 906
381 403 1288
632 810 574
909 1066 824
721 1374 763
832 502 483
1414 394 645
713 417 850
533 188 802
100 266 1401
496 946 1097
202 357 1061
962 67 580
744 1402 597
415 1141 1165
1465 1397 574
220 1084 173
437 757 1429
401 1378 820
180 302 149
336 1103 437
1297 72 733
128 1490 710
754 1429 590
394 1227 645
1049 406 1299
1085 645 1164
567 1136 1412
141 343 487
1398 976 961
1151 747 372
913 1367 651
86 1024 445
1462 234 719
1094 328 1290
1289 560 692
321 466 392
213 694 844
8 882 391
1306 527 152
763 485 17
725 161 629
1049 924 86
1357 934 1401
1114 375 356
93 1355 1471
1270 523 182
1328 34 973
171 1326 542
405 480 756
164 71 1318
642 768 55
1153 565 585
783 1270 792
150 178 844
950 1150 147
1384 807 943
1167 721 86
45 898 1155
802 139 1398
414 1352 1058
1434 971 1005
1287 1240 22
315 1482 710
1160 391 54
525 149 355
577 211 97
318 792 29
991 1536 1081
856 718 919
555 1541 327
661 143 699
618 1093 821
196 1220 779
865 617 766
834 1452 1014
422 1027 375
1205 751 1368
105 359 422
181 509 1304
1422 1472 8
1438 1183 110
120 743 1544
739 908 21
1483 16 199
500 25 681
760 1241 1439
1192 186 13
749 1501 1170
1243 511 222
55 1085 667
515 1509 1419
863 43 11
706 657 825
737 850 138
1122 1479 792
1193 920 127
262 1348 1020
978 591 21
474 990 118
758 399 1197
496 261 399
664 1111 1483
1194 466 161
729 847 238
428 750 1348
466 1509 533
1076 923 1283
968 1166 1321
369 1327 396
249 616 1574
963 953 520
950 453 443
324 1366 327
417 261 997
612 1003 89
348 1303 736
456 1364 822
145 1532 86
1083 287 1392
324 1002 749
303 999 1094
358 635 100
1330 1102 1492
211 186 646
1000 328 715
1217 408 155
1249 1282 1308
263 875 962
239 705 1179
383 389 1243
1364 323 1333
1129 1101 868
97 681 184
1267 1081 946
365 632 333
686 501 231
1564 1523 1195
348 688 1265
1147 607 596
118 1472 1427
827 1381 853
1418 563 702
83 274 936
1457 942 555
789 12 809
586 671 1570
1136 185 1580
256 481 387
851 1277 1098
898 1235 148
963 5 1015
1270 989 1301
403 237 245
24 1062 209
405 131 1206
572 940 491
1597 265 753
1356 1287 226
1120 940 905
633 633 432
156 431 181
640 958 460
901 1085 438
50 1100 124
991 834 1410
349 1331 969
1245 683 63
1212 900 11
774 460 857
1119 1452 1386
1529 213 1298
52 1023 1279
308 1238 784
496 1142 1622
1555 435 710
745 974 1037
1310 720 507
46 1001 1107
812 1001 344
1388 273 378
123 543 146
191 275 1647
585 1305 879
743 846 103
13 1247 1435
232 605 377
1616 655 1512
458 1015 1439
773 290 305
660 1 801
919 1381 1603
125 1498 1515
428 1056 1271
674 1500 637
661 611 841
911 451 608
22 1427 621
18 55 704
614 1331 1018
1534 780 1642
773 435 18
787 638 1667
740 866 132
851 1321 657
1015 508 543
373 662 559
412 291 1613
1457 1465 1033
1332 82 388
1268 679 180
1669 797 1316
264 1289 461
1247 213 18
1317 317 429
664 451 1671
1447 550 317
1659 796 870
1348 150 1071
1365 241 1237
309 60 282
1100 1364 1060
1581 985 1431
549 1634 669
461 1231 947
1413 669 1445
1462 1416 207
183 88 261
100 1471 187
303 746 331
657 306 1141
215 23 15
706 1258 145
176 1443 89
127 1320 859
1702 201 29
718 606 1545
471 1440 1245
104 23 554
682 895 265
849 14 1132
1373 1316 749
1355 113 1589
759 684 530
531 871 521
932 905 653
1159 454 1013
105 371 599
1255 191 1641
972 1708 230
753 626 891
1468 722 1030
170 1713 355
167 1162 769
1554 1678 1127
1085 268 986
1124 1644 1407
587 73 309
1464 236 1486
965 620 1386
509 1089 216
1211 1379 1535
745 553 218
1450 163 1086
894 748 521
969 260 1367
1596 874 278
1405 1172 217
1368 862 1522
1088 135 5
325 1378 1231
319 843 1566
1101 469 867
746 291 238
592 369 1069
1649 741 632
1456 939 942
205 1212 640
474 1211 1027
1462 285 109
519 511 148
1325 752 1557
1599 1073 1447
629 477 485
1138 816 3
193 530 1532
376 678 865
1111 1395 607
1057 375 554
1367 983 231
1200 504 1719
1419 737 638
868 1502 60
1551 938 1058
998 1551 551
1227 1165 1154
921 1160 1255
166 940 1645
865 1548 988
491 155 103
1025 1537 870
903 550 1269
806 1330 488
1252 1621 1709
1281 1641 1090
1507 1776 1200
1674 965 974
1631 1171 286
1315 1205 417
146 581 1206
1308 293 581
1022 1392 77
1727 1585 45
1640 1333 1514
1769 822 1759
859 221 1110
1198 327 1087
847 1275 94
428 195 1303
1216 1242 231
1388 87 1197
1758 423 522
1638 1113 71
600 436 1595
1106 960 1664
1301 332 891
1032 1074 1072
1217 1271 59
1626 106 910
1442 1177 1687
572 103 360
642 1017 364
893 1600 102
956 1711 251
1538 1470 1479
1667 1010 72
851 718 17
278 233 301
1442 1772 134
884 684 1646
1064 18 199
1081 870 962
610 1767 185
1342 572 1605
1540 858 238
444 119 252
747 469 1596
1072 1135 1331
367 1300 438
1345 283 34
401 1313 1441
1386 1340 1124
1430 256 237
1554 17 606
820 903 380
1300 308 984
686 1683 436
511 1669 1249
1341 346 333
359 93 82
1065 511 1185
1708 971 1122
1326 1737 128
533 1462 1216
1337 1387 1552
617 348 1477
1377 801 963
693 542 703
901 41 1837
1505 209 897
1197 78 913
1565 976 375
159 1769 1731
788 1491 1470
1792 1281 1007
1228 1570 874
1587 1248 1331
916 1613 409
55 153 357
1175 1080 1017
89 1222 879
1232 681 216
1313 1242 81
234 1620 1775
904 1021 1523
1626 1106 892
1066 396 716
1497 1172 1029
491 61 1622
803 219 1602
1031 479 1401
1613 319 1616
220 1628 784
1090 241 1453
1419 1118 1318
465 450 228
44 767 531
195 969 590
362 951 1683
1302 1122 955
1220 477 1459
1311 3 1730
1467 544 1819
1215 1476 579
1754 199 23
1829 29 476
92 323 1199
177 165 1042
1837 840 1408
478 698 1390
363 1687 274
1117 459 844
64 980 1845
1804 1582 646
210 1383 988
126 1283 454
382 1244 613
1683 721 1229
797 736 287
1371 1804 240
915 8 379
632 1882 342
542 128 845
312 1572 1154
347 848 1586
554 1853 1419
56 1256 1682
1485 364 1201
526 177 1793
788 451 1582
1325 1809 775
1445 967 1604
123 611 1247
1375 432 1511
1420 1289 1386
1870 370 1749
917 1507 1663
1547 1348 1219
511 1908 423
1875 1393 1414
749 781 979
165 1784 1613
180 598 803
1318 1885 1691
578 263 1687
1783 784 1629
1260 1555 1047
1187 1544 1194
579 1058 877
445 1639 1885
1575 762 1344
1191 366 985
1080 1651 691
424 1766 550
1574 390 1548
1769 713 1877
1917 1380 1839
1036 784 105
45 177 1736
1374 1227 1240
518 966 309
182 1658 531
1745 686 533
1206 1787 1289
15 617 878
1490 412 1630
1311 177 1547
930 661 1871
540 270 1308
1006 1489 307
825 1446 120
1865 584 648
51 1727 1935
1125 1237 250
943 103 80
696 1632 637
309 414 1716
190 1772 1130
704 1901 1927
135 1060 517
717 545 742
1181 1058 1939
266 1782 280
95 937 504
587 1718 1419
845 179 530
884 275 1246
1262 601 691
990 175 1012
1304 668 1037
1010 1655 1790
1606 481 1939
1948 1627 118
83 453 1358
1306 1782 869
646 326 1592
1420 1367 699
1588 824 1460
1174 254 1451
812 1684 1017
887 1615 1285
1945 1201 1314
841 1609 518
845 1057 361
1931 543 805
554 1206 492
234 702 1527
338 1365 1593
574 1706 705
1266 1859 41
583 51 1682
688 465 1802
934 831 1124
1257 750 1983
413 1832 381
1965 945 1034
798 1603 1941
974 665 1829
1666 971 1868
1641 1151 1539
550 746 1195
347 485 414
1649 1939 1623
1347 1860 471
1421 1477 128
886 1399 403
1768 1234 1886
793 101 906
1049 1962 1396
1125 1449 149
1806 1788 1107
1649 1286 264
792 1453 1969
573 923 511
1894 1666 1672
1973 1528 1874
1283 1391 1252
1497 545 1479
1023 1508 1844
1264 955 502
767 865 1834
1992 1845 1725
1871 1223 623
1228 940 1689
802 301 306
973 764 1155
697 1080 1481
582 1830 36
1237 230 600
497 1655 1992
313 203 1433
205 70 1085
275 682 768
1537 480 1865
1989 762 922
817 1164 433
568 405 457
47 1428 296
1000 4 1823
929 673 2016
1929 62 1653
1326 1069 761
739 362 1183
421 864 743
1505 1447 1126
1128 727 1674
556 849 1868
4 603 1100
393 1458 1591
693 1197 1594
1198 291 442
1593 247 2022
308 1393 712
800 398 18
1911 223 930
358 180 1545
1783 1109 1491
1670 1671 86
1794 996 1632
167 747 338
689 1732 1731
140 551 1827
917 1209 387
728 977 431
1682 1206 1132
1633 1016 1123
1391 1576 1359
1035 949 106
1258 1714 1489
1450 1976 851
1770 436 699
422 265 1101
807 273 824
1004 1481 1084
412 418 129
1664 749 1595
1829 577 1336
658 745 417
1157 2008 1136
197 1211 2004
1714 1096 236
1013 1753 1098
575 1606 1208
687 740 26
1404 1776 1686
486 1299 1873
1301 171 1404
1310 1159 284
1069 1777 1963
877 1969 991
748 122 1171
728 431 1502
1453 104 1470
1365 1621 926
1250 1820 1190
950 2069 831
1351 840 212
1797 1543 1837
466 1454 1058
252 1477 711
2029 754 1122
1599 1626 169
283 1572 1217
1417 1330 116
1362 751 156
1219 872 1263
247 1413 1040
495 877 235
86 1152 1596
1922 1196 89
172 1691 105
1536 1168 1124
760 404 1646
446 1295 218
1710 1281 30
89 76 136
1430 1582 1636
1549 1911 1483
1899 1560 1457
990 139 696
2084 1101 1603
1614 125 766
690 959 1939
832 1456 1061
2102 34 1072
780 793 969
264 1422 1890
1903 1314 1040
1254 790 392
1912 620 1222
1148 1547 1060
773 1001 566
567 294 662
846 769 197
762 1802 299
339 701 2012
679 1319 1213
1472 2065 516
2046 21 1720
29 1752 126
1141 1944 839
493 718 1049
539 1908 1687
87 1814 1100
1496 428 817
1562 2035 1132
270 97 470
1353 1207 524
748 1772 1381
1758 1467 621
1906 1698 618
1298 2089 1808
648 1142 329
1694 1016 1439
1172 655 941
1382 2113 250
1146 1309 1559
1225 583 595
1897 1114 1072
1338 14 917
2129 24 1484
2097 180 1258
540 139 626
673 102 1776
1681 1060 1920
343 1498 2042
803 1368 637
232 914 498
1980 1212 553
591 1743 445
309 461 1924
1389 1194 1458
2121 197 1300
1005 2069 1950
2124 1047 225
636 1221 1974
1168 2059 1264
1797 1801 598
1885 624 386
490 169 663
567 2171 360
1489 1440 16
703 1359 1007
1773 730 1942
2055 1837 801
1403 1720 729
233 324 50
844 1629 353
1069 85 2180
1042 2089 1912
402 646 248
882 712 658
1048 630 354
9 505 802
417 2084 1544
1463 355 2065
2136 2069 2172
1551 2146 1957
1199 139 1980
563 907 1564
143 1133 1263
1348 1873 1499
555 1509 2079
1769 596 142
259 1937 961
1142 1120 1656
871 948 1761
1215 798 1747
1035 819 356
1849 605 1744
1256 98 289
228 1897 117
249 2190 2147
1147 38 747
628 458 761
1990 1512 1029
2120 1535 17
652 1330 1358
956 433 1178
81 374 1562
1977 822 2114
2204 15 1113
677 9 578
805 947 1636
678 1954 1502
1400 2089 719
2132 1792 983
1850 1236 1237
1995 1506 61
141 1984 1835
25 236 1252
890 475 1753
380 1273 1179
1449 1809 2094
1378 447 1204
707 59 31
1008 222 1724
798 278 562
2059 1603 961
990 1102 1790
388 1362 107
455 1325 613
238 775 1172
647 135 468
270 1962 1346
1686 47 45
1748 555 528
2220 1306 1195
2066 106 1302
1044 1814 564
43 2192 392
1285 424 1793
191 696 2032
2099 164 682
852 2033 1746
123 2124 1247
229 1486 1316
1509 2214 143
1879 246 775
125 2152 2123
1430 1305 762
1666 583 582
2037 1788 1217
2180 812 2108
1528 976 1310
825 871 614
2064 599 1891
1524 1512 175
210 592 1646
419 1221 515
713 1687 1546
1999 1548 496
2260 1368 1389
1273 1036 715
474 1422 1503
483 1412 2252
29 1966 692
112 2142 1048
1486 224 1231
802 1965 1292
1880 754 1592
2123 2114 337
1216 928 1737
2099 2010 1400
447 2024 1891
1710 1969 968
1144 213 281
1636 0 891
1603 1827 2222
1727 682 896
32 1161 1535
1199 2236 366
59 685 95
538 529 132
1602 832 400
2069 2211 1321
151 969 1960
972 1821 793
1719 51 892
743 471 24
2178 1969 2157
526 567 2013
527 2066 120
845 1950 541
2276 2180 1083
1833 390 1910
904 367 1636
2150 73 1546
385 1511 805
489 1564 183
1970 70 1005
1117 529 1233
1112 1138 1181
742 1665 1555
1963 1488 587
963 1729 1861
405 2239 1130
1496 464 880
1987 1690 1619
2230 1389 1647
1808 455 1714
610 2123 236
164 2218 1174
491 26 1587
1045 1840 2200
1343 1623 1206
1951 1005 1361
1599 1167 1616
1368 1067 852
1496 48 1601
2031 715 1140
503 1895 2208
2200 1772 2300
2250 2009 776
932 2178 1637
855 120 112
1798 594 616
1883 1650 565
805 1269 1730
1799 606 1158
16 529 1419
1149 107 1670
1587 1725 1978
1723 1549 1608
1630 655 1137
1584 1151 260
1072 302 444
1195 371 1101
2050 699 426
2011 1103 2168
2330 469 789
131 1489 262
1947 997 929
487 847 19
421 905 1246
538 274 2344
1043 1225 875
1681 362 1074
804 1543 1533
1448 1656 2219
1749 97 1247
879 1404 2103
1302 1137 344
741 2170 549
1119 1484 1845
1525 1175 368
263 211 2325
210 1979 1353
1422 2332 1149
78 1883 1495
2292 611 1494
2202 2103 1496
1786 2063 2181
1933 839 680
91 2180 1872
501 616 367
1881 1597 1968
139 744 2054
1779 2061 1990
816 29 1712
563 126 1487
902 989 502
2089 1468 336
1121 1384 1436
1965 196 2269
1672 1332 637
1470 1813 2230
988 2238 1753
1947 697 1702
1750 23 2333
2367 792 376
114 2255 377
346 195 1552
2317 1684 2183
1195 241 424
246 1075 1769
500 1529 97
208 273 711
75 1933 1721
2325 910 236
361 821 1686
705 2184 330
1090 1261 1905
1299 2046 1119
312 1580 436
1653 1857 616
120 1340 657
781 469 654
1054 2156 1085
603 38 1802
920 2151 819
1591 2336 2373
580 957 2190
1652 1549 1317
1606 2041 1297
1914 156 1453
2287 1116 1109
608 1815 2033
2217 1868 1302
1261 731 1642
1916 184 317
179 2251 1671
2236 2106 659
1442 248 670
1894 511 137
928 624 1582
548 2318 1156
1301 1507 226
1900 1412 1969
2167 647 1097
338 1398 1464
192 1490 2341
913 191 841
523 977 2014
1500 828 674
1629 995 753
2059 2364 1652
1010 958 1278
1272 517 1573
63 1422 719
1218 1435 137
1625 1379 1828
896 2040 531
1023 843 2270
2024 47 376
870 543 1730
707 1802 431
1715 1197 395
370 315 1437
951 1306 2063
1894 519 172
54 1908 1644
505 807 1773
2415 511 1125
1631 71 366
294 1554 1259
1259 970 1520
1954 780 41
2194 2050 1540
1432 1405 393
1082 1469 1664
264 1292 1111
2091 764 137
1434 401 1046
156 569 308
1341 417 991
227 1889 1918
1659 1362 2306
664 2124 1128
634 79 1915
448 2294 2423
130 104 2125
1484 834 1417
1857 929 2284
488 360 2205
513 940 1695
1120 20 625
899 342 401
773 668 1303
651 562 1956
371 790 661
534 68 38
1163 585 641
1718 739 368
177 393 773
1475 1037 1583
1752 2062 496
1741 785 430
1160 1076 702
414 2192 530
2253 562 2020
1694 1308 1281
1034 2110 1973
610 2018 737
1899 699 1112
1438 2372 1008
2269 193 579
1208 405 2327
2204 898 51
532 441 256
831 912 1200
55 419 1584
982 1539 572
1949 1417 1839
2031 14 524
1176 1092 1281
1240 1995 150
1557 990 2038
567 1655 1491
601 2184 398
2445 1216 1046
906 1591 1192
1798 2215 1055
1338 1275 1623
1905 2444 621
665 2316 382
2003 2499 301
0 1156 1834
995 2058 1095
1231 2367 2503
126 2061 60
263 1490 97
62 968 2204
833 1725 2425
1435 1693 736
302 1020 1011
1217 1465 2329
2117 1594 1309
370 1738 807
2298 1733 2198
738 1221 2042
1598 1580 1635
407 2222 2322
1776 574 462
652 2238 1805
640 2072 1774
1548 1259 1728
1239 91 2380
2319 459 593
2061 613 1991
2479 556 500
2153 2088 858
1114 594 2377
588 2399 101
448 1708 2090
2264 2020 833
1156 955 946
2452 1973 2215
1744 1694 1016
705 2175 856
140 1372 2091
2409 65 2077
943 1752 926
767 1389 2099
961 1297 2401
1842 641 397
572 1712 1824
1746 823 1586
260 679 591
2128 173 969
1838 785 302
2103 364 1017
1890 32 2060
2215 1899 1980
1948 2137 2024
888 2214 718
578 2190 976
984 614 514
1042 2454 623
348 636 1808
305 48 107
865 1369 302
428 1122 704
763 1029 1124
1160 206 1135
107 2470 1146
370 2197 1808
17 1851 64
1787 1778 504
1153 559 1622
1228 1093 2445
224 26 720
55 683 430
764 1166 948
2257 1702 1310
461 2200 1988
714 885 1523
2555 395 2289
603 1705 2315
1077 2089 760
1606 112 1169
159 944 567
1652 1801 343
1781 2562 860
1980 1344 1707
355 2169 2383
1135 910 2029
1504 758 1477
1988 2026 265
2501 1311 835
2127 1020 1283
2281 385 1987
1991 1885 2185
2059 1074 1179
1226 939 1995
450 464 2029
727 1032 29
1004 286 2579
770 2070 2277
1320 1058 1611
1144 956 134
237 1052 1227
963 2343 1012
2510 1087 404
2160 1112 546
1346 937 1682
220 2007 751
980 1002 282
60 1879 1623
74 742 1724
1830 44 919
267 645 827
973 2556 2491
274 1054 566
1628 2064 1422
1790 1543 775
424 286 1696
1016 1572 660
2495 2406 1747
2312 919 1363
190 2417 19
416 1689 1640
1416 1938 982
1087 842 577
1494 1620 2203
900 152 1004
1023 755 2325
236 1599 2020
7 725 878
329 390 1959
1997 1558 1790
2514 2186 600
1129 1772 2421
2510 1064 222
1038 326 2140
819 2445 1080
1691 151 489
2487 1046 1622
1005 1610 1144
963 1977 892
2421 922 708
2116 165 253
832 477 1979
137 1679 2580
2571 2366 109
929 1876 1385
1162 673 1086
276 1733 573
1403 1416 1342
2268 2649 1823
859 1896 154
2121 1360 2322
1393 1944 1454
971 1491 838
761 1702 1831
1993 904 1105
499 2517 2546
1112 1485 979
802 1686 1252
1503 484 1661
817 758 2240
1827 2601 400
1932 1122 1209
2569 534 1557
1632 64 1378
2271 2206 2531
558 1117 1047
2297 2225 1801
1802 2401 664
2350 996 976
2573 1531 1809
1213 1708 1728
249 1717 1610
2249 619 1545
1674 2554 1325
1502 1574 2192
201 1183 1321
481 823 1388
2130 885 1414
1037 1014 735
1892 2604 2524
15 1517 25
1592 2239 64
1693 1127 2566
1625 1137 748
1592 1228 2079
838 1513 1584
1013 1909 1341
2334 1744 1624
721 843 1584
971 79 637
1817 1226 2218
39 1024 245
558 1413 716
262 2370 1026
1174 762 28
31 1019 2655
1364 1037 2536
300 1537 1287
1032 114 354
1361 748 510
1734 266 1123
551 1433 2299
2014 725 1433
1062 804 1729
669 1944 2310
390 42 1092
795 1661 1806
2371 1962 832
2447 2467 1499
651 310 254
942 1978 342
2031 114 1622
922 384 1369
1220 704 791
1572 148 2004
2127 2487 2001
976 668 114
2112 1926 640
852 2256 2274
1516 175 1363
1080 909 1614
282 907 84
1661 1298 651
1052 1883 2183
1361 2353 2479
1441 1919 2520
367 1699 2310
1479 1651 1334
2604 2491 844
1179 2030 920
2400 2642 596
2657 1407 1322
539 2464 64
1806 2502 2360
1786 291 1055
425 1007 2316
395 1705 2300
373 1464 206
2453 640 757
841 567 1055
1541 2097 332
2041 1875 834
282 1446 340
740 2006 582
2001 420 1612
2241 165 53
1542 590 1699
1554 709 555
855 1217 506
299 2182 1291
2254 198 1413
874 223 768
2073 206 755
17 2445 312
1306 73 3
674 2505 2375
1417 105 2144
665 2558 1782
2654 2723 2606
2226 1403 891
99 672 418
794 1595 2322
469 1346 1116
75 727 2757
2538 2194 2512
762 1611 1051
769 53 628
1570 1795 2290
673 932 2071
2532 1340 629
2065 1717 748
1874 809 1365
2139 2662 2455
1959 2118 1251
482 1647 1096
2484 2704 1843
920 1500 2761
336 1407 62
1765 2067 1353
2286 404 2559
1964 2335 608
10 1223 262
2462 2717 1087
343 2723 2688
886 2207 143
947 1670 2141
1451 1997 2122
1869 1943 2344
2501 1757 718
2725 2592 83
718 2766 9
2251 1445 1849
1786 261 786
494 697 1349
441 1910 226
1328 1295 898
1509 1796 624
678 1628 216
2389 882 1757
497 397 2087
1496 965 676
1529 1179 2379
1148 1803 323
2061 2611 1092
2143 232 1262
217 128 976
1656 1802 350
1546 1512 2477
876 851 2655
26 2742 2304
1396 2119 2147
2555 71 351
984 744 1755
966 1003 186
1467 452 1096
2151 2771 742
2699 526 2254
51 296 1384
322 1359 667
337 1438 2123
965 1586 2272
2176 954 444
953 604 2360
2115 1277 2453
1806 1078 44
967 148 723
910 1804 1906
734 985 1365
2129 1459 67
2690 2458 1254
2330 1679 1195
176 739 2500
921 857 800
2349 2393 999
2038 2655 278
1882 1200 899
2418 700 14
2774 1188 2466
1374 2647 652
2009 562 1957
562 1110 1717
722 383 657
2460 2430 143
1820 1615 2379
1908 931 918
1452 2737 1007
401 1199 1727
2224 388 1183
1744 1399 814
352 660 908
1530 2794 2843
2047 2273 1245
232 2568 293
558 1530 1712
2347 1749 2089
2361 1045 2150
2789 829 1918
932 627 390
2199 753 2433
918 1688 360
1110 1847 1717
2283 2447 2266
687 800 2216
915 269 2028
341 160 2364
1576 1174 1440
2267 2025 2719
1835 684 2487
1349 24 2162
2594 2275 2113
2761 2588 626
1882 735 361
1799 747 881
2355 1160 2481
1193 773 2256
986 50 1626
427 467 217
866 1774 1315
1535 148 2526
595 604 1805
2174 470 739
46 1808 2873
1041 2122 1701
2320 2790 2727
1222 847 1310
953 2688 1279
1884 774 472
1395 1925 378
2425 2601 1755
1243 2071 1392
2333 2893 2261
2156 2299 486
1161 2579 2803
1332 2851 630
145 2501 1118
653 1439 1787
1888 572 1742
1357 473 770
602 827 1871
810 1889 704
2830 762 1983
1459 569 1854
1306 1927 1953
1305 1408 2843
507 183 916
1067 914 836
616 1546 369
534 961 2876
2453 549 1515
2081 2679 1198
1674 605 1021
476 1770 1537
1202 2556 2420
39 1163 1291
2450 1149 265
1175 346 2017
2252 1586 1148
396 942 1679
159 948 1909
447 684 2734
1023 65 1382
1144 191 312
706 1316 811
2039 2276 2164
1085 77 2598
1757 1905 763
39 33 1198
2023 2381 153
1429 2040 769
483 359 2810
2262 604 765
1896 1831 126
490 1647 56
2557 356 2441
635 489 532
95 2280 257
2437 1293 1499
2384 1765 1635
281 1087 2607
1196 2510 1306
1436 1795 2327
2324 1645 63
2742 612 2039
1452 289 227
2354 1348 1643
1057 2036 2555
1699 2321 788
306 2926 1298
2419 1130 806
458 1273 589
1447 1930 1688
1355 1610 2758
662 2414 2860
847 1410 2688
1297 625 2032
1508 1389 1840
1200 1746 574
2664 2576 869
1015 474 2710
1686 2733 1960
50 1289 1954
742 535 2694
1056 2915 412
1271 2272 900
1769 2327 1555
1417 1715 493
954 1183 1112
452 933 2172
842 2659 819
989 153 1009
1496 379 673
1466 793 1871
2854 409 2483
2462 1590 912
1567 416 2672
91 2483 1292
1233 2076 1797
1590 2875 605
1734 2645 2684
2962 2434 15
1550 1862 267
2879 1902 688
617 1303 2191
2215 2167 0
2929 1607 2773
2905 1682 2337
31 526 1564
1263 2928 1582
637 2220 2267
1586 1613 2806
423 2324 272
609 540 1227
841 2352 1298
496 1344 1524
167 1645 576
1384 1368 2412
2534 226 1156
1385 1507 2756
1580 2557 855
795 142 1302
1932 1120 1921
2051 2211 2217
2007 401 2448
910 2597 1269
2182 1628 2502
2493 2826 2765
461 1379 1410
1837 2677 1972
1041 1912 90
1335 2547 1635
1651 2006 125
1801 89 2077
1649 2145 1500
1102 1602 424
228 2984 2314
1272 1013 1351
2262 2668 504
2743 88 777
2215 818 1758
1777 777 1674
2191 2225 1299
2047 1512 1972
235 2319 2608
2213 2593 92
647 1472 2795
1439 1865 837
512 1388 763
456 2979 2321
1545 2005 2970
2944 2916 414
2061 71 638
84 1464 1974
2588 2258 2002
1448 1383 829
2434 2324 2576
395 726 2198
272 2046 541
1943 536 248
374 1060 1238
2714 1257 600
357 2266 615
1849 1657 401
597 2161 293
133 2859 2029
1126 2166 1762
142 2913 2167
2017 182 397
1207 2322 1816
128 2261 1134
329 685 1887
276 1307 2888
2768 1912 694
874 113 1036
1121 2914 2631
879 1395 324
26 1477 3033
301 1968 1881
2332 2855 2498
905 10 486
1736 827 2849
631 1477 2268
2356 1083 2167
2933 2374 561
1129 136 715
607 2592 1861
587 1504 2783
2780 2815 400
2372 622 1683
476 1308 2099
1474 2116 73
1155 2219 1737
2255 684 935
2578 2134 256
1800 2728 2249
1807 2929 1598
1985 3036 930
286 1142 1358
2708 1973 2168
1027 2844 1754
1918 1502 378
746 1456 1506
60 2672 1536
1455 2199 355
2689 691 374
3051 2686 221
2635 69 2609
770 1274 2219
164 3015 2813
2827 1316 2455
763 2209 683
265 120 776
2708 2645 2569
2422 1831 252
2648 3063 204
1865 2221 1485
1699 2875 183
1025 2098 1247
2145 1971 1767
2761 1722 1651
437 2812 1812
2614 1356 1572
358 514 1593
2825 3018 694
2289 2080 1273
1705 44 685
1319 2595 566
1796 1291 2235
25 1248 3044
2984 612 1058
1830 1752 251
1204 2955 116
2755 2083 2010
1559 967 154
77 595 1441
474 1554 1982
1924 236 781
1035 1929 1185
997 2783 36
1316 2923 436
1291 325 133
2077 1373 1184
2324 400 1534
560 2723 488
1226 2986 2758
645 649 1818
165 1899 873
2358 2631 276
1141 1793 2723
1186 2870 365
2665 1324 1614
355 2218 1334
2168 133 3103
622 1481 2534
976 1069 786
470 649 175
2344 2883 3115
2367 1648 1113
358 2960 3001
816 127 1961
49 1348 467
1182 353 1759
989 1535 2236
2327 2799 2449
1905 2494 2233
2988 895 2398
616 2649 1375
2328 1197 23
2989 2605 2142
771 2788 1219
364 1934 2491
595 1973 3033
1510 304 1594
1575 2339 1325
947 1740 975
1504 2291 1172
1764 2530 3141
2077 657 877
2225 1450 2317
1070 359 1367
1216 692 776
32 1517 2897
1828 2421 387
2028 1546 1278
447 1694 1129
2771 1779 1095
1727 870 1636
2975 2662 3037
132 2722 430
141 2701 450
801 1586 659
2602 721 357
2553 632 2134
589 1152 1905
1720 2811 454
2598 2597 1337
2051 200 2029
2820 840 2096
655 1296 923
92 1270 472
2197 2580 1297
754 378 543
1941 1767 272
1604 3183 2499
1816 1258 3051
2588 1533 2641
2446 1193 2694
1150 3067 663
2162 311 2576
1843 1692 1846
560 1160 1843
1720 1189 904
1979 1492 2337
2476 2411 1767
3181 2336 424
3068 1022 1720
2509 321 2823
1559 41 2556
2472 1978 625
2188 552 1814
446 1388 2103
2995 3149 322
3180 1500 1076
305 2171 3022
903 2244 1908
1207 282 2695
3136 1227 1198
3152 1148 2226
1672 1058 1196
1517 2036 329
1673 274 1
1957 1846 812
2684 1289 1267
742 959 4
411 319 2236
8 1680 191
3214 1814 238
48 136 141
31 1033 253
3069 1928 1244
236 2302 3012
1276 1426 1424
2077 1940 1907
2327 457 67
585 24 1274
2748 1208 95
1898 591 1506
3203 2612 1206
1378 2013 2508
1086 195 1278
2562 1788 2837
531 403 1951
1435 1824 1398
1605 2543 1328
3116 2426 961
2710 2153 312
2121 1576 2538
371 226 1476
245 2263 92
2078 2556 2456
1611 1953 2955
716 672 1305
2548 1334 2692
671 1897 2124
1196 539 2827
100 230 2153
3001 2306 1919
2121 2764 1463
1778 812 58
2363 2381 966
2108 1067 2510
1349 3114 188
1521 1859 2323
2383 93 1283
2513 1555 1646
1292 1169 3241
1013 1894 917
353 1330 1774
320 2822 550
165 134 46
3078 309 178
2158 821 822
2833 1932 1856
2329 3096 2085
1069 2089 1025
998 471 2120
2599 281 2858
1972 1950 3235
1395 2506 2407
1449 3023 2870
190 1953 1078
2110 1285 763
1394 214 269
676 446 351
1788 2793 578
1885 2900 3053
1712 2263 2182
495 2739 1058
1017 2910 1778
2010 214 1328
2027 316 298
355 869 2807
2577 175 2665
615 205 2362
657 504 1728
587 851 710
52 531 871
867 151 2075
2438 677 1418
3283 2795 578
2662 727 1825
975 1137 671
3185 1829 1062
5 2737 806
2861 234 1016
876 2532 668
2163 931 8
810 3292 1545
2775 1841 2344
1632 576 3248
1436 719 556
685 2087 2590
748 1728 2667
1289 202 2580
3028 420 2964
35 2198 2183
1272 4 3134
2315 401 2022
286 3005 1198
1904 3090 259
3288 2184 3303
1650 1947 2274
2125 917 759
2558 2866 1735
170 3022 1148
3050 1406 516
353 2916 1566
2888 1411 1329
2353 1337 2051
3077 485 413
2060 841 286
3139 2053 3153
1375 1699 1816
681 1042 2861
1644 2521 569
2677 1342 2316
2137 301 907
2349 505 12
1971 1090 975
339 382 844
2484 2921 2703
2272 498 793
920 564 2561
1525 109 1884
1577 2588 275
2729 833 2781
1346 2509 2027
176 1564 489
2174 867 117
2752 407 3334
931 146 2248
2037 1507 2929
3228 1650 292
1216 206 2276
340 3316 700
1332 1939 2130
698 2240 1216
1445 1787 2125
2758 426 1
408 1589 1162
1329 1182 205
321 223 2367
243 1452 2368
3017 2541 1663
417 1761 126
2039 3352 3153
1817 1065 2089
2961 2879 2680
3157 2238 542
340 960 1086
826 2175 1566
3138 184 3023
1764 2030 628
1113 3011 898
205 1548 896
714 3119 2740
878 169 1911
493 2171 38
1425 775 2336
697 1277 2108
1868 1685 2061
13 810 1678
2913 2522 1939
842 3104 3003
2110 861 2265
375 2200 271
2833 2976 366
166 2628 102
471 3295 1337
2354 2580 403
3142 797 1031
641 1194 2000
2821 1244 773
103 1325 952
1466 1173 337
2020 2885 1894
2683 2902 2710
3245 3349 1161
3341 657 877
2654 1742 2041
982 1769 1105
89 2999 2701
1942 2797 2600
1428 1757 2049
450 587 2553
2278 2380 2141
641 2567 425
3264 1124 2284
1368 998 1157
2120 2646 3158
228 2892 135
2407 1561 207
2338 2170 685
1592 2778 1620
1331 32 3257
1623 1145 1328
888 2987 1317
1366 3075 2710
613 1259 608
1926 1298 1330
2780 610 3011
2446 2610 420
1271 3099 1788
3020 2742 1640
602 136 802
807 234 408
2294 1912 1467
309 2555 985
1741 243 2092
179 2551 2586
2405 2883 2934
2130 2944 2597
1245 989 2967
833 405 1379
1490 502 3007
2390 2483 710
3069 2192 348
1183 1068 2543
849 205 1640
1270 825 1009
1515 219 2050
3275 2848 2110
625 2795 2886
2125 1563 2365
2450 3030 2454
2997 2928 281
1465 1474 1163
702 2236 1114
2142 1529 643
1192 2678 2066
3178 2904 447
2854 2083 706
47 1119 1955
542 1612 2475
857 2380 33
391 3343 539
1329 2010 1617
244 1464 1735
3164 2234 2658
3149 820 2512
2931 1550 131
2130 2119 3221
1067 2944 2744
1341 1486 2103
3268 1974 2591
276 1856 703
777 1370 2402
720 2361 1284
1614 2327 3436
3084 972 516
2553 3117 2183
1437 445 1095
1668 560 1000
2156 2825 242
352 1707 1345
1457 2528 3377
714 2479 2346
2634 1043 348
1457 3364 2118
1449 276 2423
657 506 1070
673 3261 1855
1877 256 937
2612 695 2541
1297 1885 570
2023 2812 167
3370 2211 2600
2709 2508 1713
3382 3324 3129
103 3355 1060
2023 1067 515
2067 755 190
1330 728 3025
533 3205 1143
448 2250 3348
1043 1383 1534
2313 1849 1557
306 1248 2650
2261 2632 3154
1917 1347 1728
1429 2055 2810
2839 2130 241
286 1062 211
3142 2222 3422
1294 2287 329
2194 737 112
1711 985 2273
2268 1882 872
3403 3485 1809
767 595 460
43 3000 1080
2269 2554 3180
2894 3273 1952
1027 1517 925
1329 1095 586
2580 2705 3072
2134 572 1269
3077 2142 1607
2150 2972 2970
3339 1784 2909
137 323 2542
3129 3183 2893
619 596 2436
3082 2808 13
1455 908 2433
192 1215 1050
355 2720 597
969 2928 967
3376 2261 73
2620 3259 1201
174 2177 3332
3051 1259 2543
1638 3100 1740
2355 2748 732
330 3047 257
1258 3279 1225
2198 534 3086
190 2928 2370
264 2280 2992
3362 1517 1627
3135 892 315
2043 3104 1931
3181 1651 2635
286 385 866
562 626 2682
2926 3057 1810
3145 2964 3106
1607 2430 549
3393 1328 240
1479 2314 245
1283 1104 2119
2812 3510 2962
28 1638 1090
2147 260 245
3105 268 1686
307 2896 3370
2257 665 2650
1077 2641 301
870 3373 2794
1747 1959 2731
425 2664 2069
113 1436 2661
3219 2028 1983
2253 378 1994
450 3428 3167
2302 3553 788
3090 2571 3288
2549 1241 3310
3198 1602 2593
2939 2983 2874
2078 1775 2229
2160 2870 2759
2808 1755 2788
971 3273 195
313 2238 221
2673 790 2764
2936 2341 2055
2975 919 2877
802 1176 2874
2966 1091 1247
2325 1870 983
2709 1994 2175
1114 1293 793
1840 1620 3126
3204 1606 369
2177 842 3420
3244 1168 2501
1075 2340 1706
3559 1958 553
1214 759 3049
1741 629 2368
3053 1916 2349
3389 1114 3344
1460 3537 3049
2245 1627 2809
1518 1388 2826
2266 2634 3231
227 1127 376
1944 2310 934
3323 3172 3373
1029 3074 616
2217 711 2734
2808 2804 2977
1891 641 2888
1396 679 1906
1536 429 2009
668 727 2101
1331 2435 1862
726 2935 2177
559 1310 837
3311 508 1838
610 2420 2586
2342 2683 277
3332 681 1251
2106 813 1366
3328 3397 2958
3052 2651 3249
3147 3061 2300
1698 3355 760
3048 3121 2954
1857 658 2091
470 2340 1242
656 1838 202
2256 396 1934
3439 2614 438
3597 3019 3144
3597 3520 1838
1380 195 1734
291 2962 212
2320 630 1889
3545 3446 904
529 2426 1605
413 1988 904
1785 542 3613
716 2582 124
464 2972 328
2483 2829 1832
3307 2255 1469
1525 2447 3322
2476 1953 2822
108 2225 499
2932 630 3160
507 1133 392
2243 320 2384
3345 1851 374
1315 1430 210
16 3025 260
31 1139 2870
1847 1262 2367
545 1285 1379
318 3504 2130
505 915 622
2040 2682 3164
190 200 3590
1357 2687 468
3075 2775 3327
3262 420 854
26 656 1400
3597 1823 1530
2242 410 1998
480 1242 1471
595 620 338
1696 818 1123
1236 764 2378
1383 2429 3651
1850 3627 2046
2427 628 533
385 2479 2483
2973 576 2083
3169 2014 2641
2394 1050 1237
3499 385 1875
3178 3284 252
3275 2628 1812
238 2093 945
354 3003 3045
2480 769 887
365 1855 1653
3064 663 3201
3587 253 721
1380 66 326
3214 2026 562
655 2405 1161
2728 2174 2094
1428 885 976
2329 829 3136
1961 2177 3098
927 2075 529
680 1296 580
1738 1479 1083
2727 3479 725
1034 3449 1362
124 1567 1878
1450 2251 2354
2105 2525 2136
2220 181 55
1614 2970 931
1383 1414 1231
324 3280 3565
364 1689 1576
567 2806 168
3411 1479 1194
169 2933 2483
2791 1438 771
893 60 2837
3295 1642 2392
2405 828 2243
2794 1893 3412
1219 1153 3053
2909 3534 2991
852 2454 307
1620 3350 1834
3630 673 1194
3155 627 2759
245 2772 1820
2414 1616 1999
3440 2751 1977
3154 2039 2285
2179 3306 1863
3643 1494 3366
3473 3241 1531
3501 1583 1121
3212 2908 2723
917 2950 1422
1019 2229 2604
3281 3317 2799
833 3252 2483
3242 2457 3254
120 1571 1100
2992 2919 2198
2973 3238 755
732 549 798
244 863 2541
2246 1874 3108
3120 3186 1734
171 2708 2181
2914 1318 1717
3307 775 868
391 679 904
3004 3335 895
1573 29 1657
1331 2964 1327
3558 3197 779
3606 2992 2406
609 2106 669
2439 1933 2745
1879 1244 1198
1370 776 187
1959 3399 1623
3108 3162 579
3665 2898 2958
521 2891 30
395 665 2713
2877 3102 547
2317 170 3142
3319 1153 70
59 473 2585
1347 904 1006
1964 763 52
1371 50 1657
1943 1484 1780
347 3431 2103
65 1021 3366
1389 1744 2994
28 128 1156
704 509 1883
240 3125 1654
3195 3404 620
1931 2980 3678
3241 889 3586
1966 2826 3534
850 3093 515
3333 2977 3641
392 1668 542
2379 1818 3387
3009 1125 3764
458 3100 1060
2697 2116 1743
2506 3715 913
2463 3714 696
1978 2420 1331
3282 1373 1888
1852 2675 1151
3676 1418 1409
2655 1157 428
808 1873 594
1885 71 1414
1993 2052 367
3393 1840 1064
842 522 1900
3326 1672 2174
3253 263 139
2419 1760 2684
2937 2516 692
3549 2174 1649
1205 2685 3389
650 468 1220
3737 2808 1094
984 3648 593
3483 3475 2931
3317 2761 835
423 96 2463
1812 3139 3470
2263 454 882
2036 3516 505
3273 3340 3382
3764 2768 2066
3354 946 3618
1228 2704 3770
846 3421 2634
867 1330 1275
2229 1230 1432
1003 3222 3584
3772 322 635
3741 3555 65
252 3037 460
1417 674 2086
3711 2371 79
1048 1078 156
3755 1949 475
1862 1589 3001
284 512 3777
3635 549 76
3198 670 249
1224 3576 3301
3356 2504 1570
2424 3492 2651
1591 3592 1484
256 1910 2277
919 2188 2559
3573 2062 1372
3612 1321 1071
2222 1507 2564
1876 650 2744
3521 2847 1526
408 76 3709
3723 825 1322
1997 2848 3228
3238 3477 1087
3073 531 3202
2607 2506 396
1641 1433 3796
398 231 253
1884 2881 2507
3531 301 2998
1412 177 172
2472 315 274
1083 254 625
555 2451 3680
3664 1740 3538
1627 1035 2182
546 461 3212
1495 1975 3708
3295 2293 420
2021 1197 3740
1981 3259 1299
687 1388 601
3606 869 430
850 2760 3461
730 3831 101
696 3496 2091
3120 2685 3155
3330 301 3501
2628 3824 655
719 463 3643
3255 981 2551
1854 2476 2643
3440 1975 1894
943 3470 3514
2393 1754 2060
2579 2690 1248
3496 2243 522
2593 2283 3692
2853 3295 2517
3496 2584 177
2833 740 2247
1880 1159 126
172 3026 2371
2373 680 676
543 2294 1102
1723 1035 3313
3532 1224 845
3488 424 1645
2965 3115 2581
1068 2291 141
3450 2493 3450
1242 1054 2702
3388 892 814
152 3432 846
481 3391 169
1990 436 732
1678 1031 26
1549 3259 806
27 1294 1533
1555 1700 122
2125 271 268
2356 846 1518
3398 3428 2636
1122 1279 1159
3535 2208 1673
882 67 2244
467 384 3037
505 1268 3419
2930 1029 1298
1968 788 856
2463 2092 3683
944 1357 746
2897 566 3481
491 3862 1355
2302 2347 2924
923 2106 978
1015 1379 3586
414 3233 3706
41 3440 3220
508 2026 1857
853 3581 3719
2974 794 1166
671 1052 29
3765 1056 851
1046 893 569
1203 400 740
2710 443 797
1202 60 518
1616 1774 2576
3155 2280 3736
3389 927 321
65 312 1693
728 1449 3620
1169 2652 952
3775 321 2548
915 1383 3793
464 1548 1974
962 836 3390
1730 1157 742
2185 2374 344
3769 1438 2977
994 2598 1012
1011 457 2495
2723 16 3900
3776 996 2760
3216 2085 3362
3927 671 837
3289 1119 3579
2236 377 3767
2335 1120 1190
2236 2914 393
2554 1662 1673
906 2668 2254
292 2710 715
1169 1229 3909
1007 2554 554
1357 3076 1723
3604 1846 2963
1794 343 505
2648 2270 3901
1218 1369 3540
586 3490 254
2836 583 2894
1311 2650 391
2341 1229 1949
169 1665 2262
1662 1610 230
1582 3482 3343
3692 1326 603
2900 3710 270
2847 2702 579
571 2140 204
1381 3358 2615
1099 2409 1304
1876 2313 3097
1263 2511 859
2586 3507 3737
2822 1028 3940
368 2523 678
850 67 906
2601 793 204
3826 2369 1092
1790 1325 1347
3841 3711 1500
142 1745 3716
775 2171 2970
886 2251 82
424 2137 796
3013 3587 1043
1206 3589 587
2041 3719 959
352 3782 725
3020 2116 2973
3804 1509 1910
2101 398 3952
2468 2688 654
2572 600 2256
2767 3893 2189
2677 3053 3478
451 1216 3528
2135 2283 1687
1748 1754 1606
3924 2804 257
207 2319 1008
2772 2019 1688
444 3754 536
2780 3693 1545
897 2822 2446
2860 2991 373
977 1693 3863
442 620 1399
1712 354 578
3927 2968 2779
1542 3128 1942
2155 3402 2620
889 873 418
1127 24 1074
549 2059 622
473 3255 2747
796 1822 2198
1920 2903 3302
661 1218 1007
1953 815 3901
1313 2366 2578
3875 239 62
633 1365 1284
1014 1995 3193
2022 2531 2747
2807 1866 1835
455 677 2255
3617 100 325
1903 1943 273
3178 2737 1047
1537 2337 745
2975 1911 2487
3956 665 3217
844 484 2742
444 65 3766
3467 3163 221
3283 2561 3588
2830 3254 1598
827 3178 3147
1517 764 1817
1874 2353 2516
1698 2518 1951
2864 734 1634
173 3411 892
2719 1352 2886
3683 2447 3305
63 2933 1
3986 1791 536
3156 2532 1473
2400 1036 2202
466 2613 3644
2118 713 11
2016 1801 986
849 2310 1554
3776 767 3157
426 3202 1977
650 82 2197
3617 3425 518
2951 303 118
2939 745 506
1246 3013 3288
3628 3121 1497
3165 374 1124
99 3830 2527
1133 2992 652
245 862 3957
1057 1074 1459
620 2479 900
4003 1589 1028
2392 3363 1723
2975 1786 2849
2249 2469 119
1815 3690 1367
3777 2863 3136
3703 2003 1534
1568 2699 3528
3330 3313 2855
3098 365 3624
3352 1548 715
3254 2519 2725
2654 3025 3207
315 179 1826
2959 1928 2158
806 3586 2028
1004 2679 3623
3765 672 2511
1136 1202 58
3402 1598 2252
2724 2029 1157
3041 1135 2764
3077 39 1087
2226 304 1443
2193 2118 1956
3615 2295 2701
3088 2344 1431
944 885 317
3528 3989 381
165 314 3481
3466 39 1262
2322 2588 245
2713 675 398
2318 2245 1128
692 2282 1385
3672 2126 2859
967 1664 1051
3004 1890 1252
2233 3926 2199
483 2191 1436
459 3381 196
674 722 3213
3290 3743 2777
3959 758 390
2069 3222 2917
1373 2332 975
497 970 3335
3242 900 2827
3229 124 1946
286 1189 943
1868 2247 2985
2604 2232 83
2030 769 194
941 3378 721
2737 1798 1332
197 3884 3944
289 72 430
1011 373 3340
1689 1111 772
1075 3754 1978
3968 3036 2189
3272 2296 3083
3310 3996 2306
3701 4035 3808
1164 2384 3128
2481 345 468
645 13 3250
2328 245 106
561 2403 3707
806 3450 3482
3054 2711 284
531 534 3533
3510 883 298
3301 3940 4004
2072 57 1164
1339 3982 3037
947 4131 3123
1766 2302 2679
2656 382 2608
4104 2847 2528
3960 2619 3961
2346 3262 2845
2327 237 549
2440 2934 1196
3681 3905 985
651 1296 2692
2615 1907 1640
48 2998 893
4041 3713 2594
2702 2415 1269
1864 2417 3829
2623 750 2795
2053 1502 859
771 1993 1163
2189 3331 2241
688 1558 1783
2872 3548 2211
729 2136 1155
1552 1963 2409
698 2454 3719
608 1673 530
2926 3742 852
1127 595 2219
2277 1204 3895
1277 512 1420
52 1451 165
1860 1083 1885
2347 1062 199
2251 2172 199
602 2919 1820
478 211 3658
2977 2368 4080
96 131 1927
1501 3292 1138
3499 3619 3291
67 3179 4054
3110 529 2649
3343 343 3239
138 1585 2338
1963 4132 2003
708 561 424
842 2309 1587
1246 4041 3176
2152 2408 87
1445 2001 2165
103 3841 2405
3707 3486 2772
616 1051 2392
170 1661 2458
131 344 3779
2247 1998 3220
18 470 1285
1090 146 180
3290 1170 1259
2483 958 4116
3512 4127 541
1746 1792 528
1645 1976 3783
3635 3512 2098
2014 321 2720
1752 2623 2124
3970 272 1903
2441 517 1580
3212 2802 170
3912 3234 2716
1144 3915 1992
4024 3062 743
3025 2626 3506
1961 702 1465
678 1196 145
611 2268 4187
1408 3845 4044
2083 3839 2673
2157 2758 3520
953 3541 238
3476 2100 167
1527 3257 1221
1904 1494 2259
3376 2649 3135
782 159 2780
316 2778 424
1508 1204 1246
1493 3741 2308
2097 2919 79
2088 527 3265
4189 2287 455
3272 715 2296
828 3652 2341
979 3287 3918
2614 3207 3297
3356 1793 2359
2299 1202 3163
458 510 889
3822 1170 2609
269 1688 2074
3445 3188 4165
4068 3897 2867
613 3401 3336
2838 2814 955
2725 1597 2265
2742 1991 3964
2675 1713 3689
1286 3918 422
81 171 1181
2087 3979 1030
1626 2582 2833
2934 3994 2811
351 3734 1466
153 2926 656
3353 4052 1206
1719 1243 3256
1869 2398 897
3520 792 4173
3272 2031 1542
3935 1117 2392
2926 3459 2613
3523 579 1998
3093 3750 2916
1787 3275 2319
3948 3902 3600
2725 148 1083
2539 2071 3796
3871 300 4213
533 3509 364
1078 2136 1635
2596 1435 1528
67 4154 2029
748 2627 3681
3970 249 3907
1176 727 1784
4106 3813 387
3213 2759 3200
4022 487 2890
3778 2255 2875
2127 3103 1927
657 107 4167
3303 3368 3598
1761 3789 1817
3306 1691 1562
70 2448 4155
805 1807 3639
3970 1745 2313
991 3950 1930
1003 3951 27
3924 3909 2537
3331 3312 2711
4168 3576 1044
22 1588 2304
1347 235 3458
1128 2042 1177
1284 629 2371
1023 2546 2571
2487 3389 893
1227 595 2465
4204 2821 2685
2334 4128 1521
2492 4278 1538
3898 2654 1846
4155 488 2265
3756 3225 618
2965 4235 1144
3235 858 2814
3662 3010 3673
1712 1351 3015
1256 808 1007
1978 245 3737
3722 1420 832
2317 3207 1815
2334 1083 3775
3090 2158 645
2402 1680 2187
147 1872 3324
716 609 4055
2076 2590 2073
1904 105 2093
2521 4094 2900
2099 4154 1437
1853 3223 631
185 1388 1900
746 1668 127
2856 3290 1399
1166 1084 2177
3025 2402 1878
2599 3844 4112
3674 3228 2283
3763 2619 551
2962 1419 3011
3471 485 4266
1909 1729 453
3789 2338 142
1962 695 1573
3044 1479 632
49 711 2761
2462 1558 3762
280 1421 1173
4226 950 3013
3099 2278 864
3488 1072 2180
86 570 1266
3082 2543 2344
4040 493 1981
3125 930 873
3219 3595 3194
1043 2892 4310
1631 3174 920
3799 4201 1929
3267 255 2653
2690 3099 2848
3877 610 573
2525 921 2690
3046 4176 3100
2746 2562 742
3687 704 2393
2334 982 2184
4276 3492 3907
2116 3570 4131
2388 3212 985
1735 2215 2654
3932 67 3017
3018 1157 2308
196 3423 3768
2059 3273 834
1263 3004 786
1265 514 4259
2612 151 1486
2268 880 376
1641 4336 767
2039 2476 2975
2428 2320 2748
1811 3967 239
2636 942 706
2574 440 3391
2206 922 2226
715 1729 3380
1064 1993 3042
3953 4073 3081
4349 2391 4278
900 2372 911
604 3937 271
2746 3537 720
697 3936 1613
3287 3848 4186
1227 2511 698
882 3215 437
2 1075 2647
1899 1060 2593
3467 4064 2730
2108 3674 1052
1392 442 603
2936 2292 2423
716 341 3850
1647 3592 737
2952 236 758
554 85 4263
1656 3156 3419
414 1649 1230
1443 4107 2136
1593 3494 2467
3034 659 693
1057 3790 4072
3683 1730 1274
2379 4086 629
3019 4052 3851
3025 435 506
3249 638 4110
1139 249 1178
2996 3342 498
2714 2720 537
1754 27 3680
885 1719 2001
1131 1878 2993
81 3809 2978
263 4347 4039
69 2785 917
192 241 2421
2140 2914 5
382 3459 225
2536 312 2689
2474 1290 1332
2547 55 1413
3272 1414 852
1412 2692 1562
3582 2856 4108
888 2553 4087
3707 4124 510
1872 1852 2950
1814 2794 2678
1138 770 874
2105 1790 3551
2424 2666 3321
1805 4096 58
1667 2990 785
1372 1622 4248
3344 3637 2571
3016 2477 904
3733 3666 873
137 2902 1969
3102 109 437
2118 4152 1081
3550 3296 64
2803 412 3978
6 377 534
4420 1567 628
1718 1949 1039
2497 284 3249
776 1686 3851
279 1850 2998
4007 4323 2579
174 919 418
1490 3021 50
3790 2470 3523
1096 4122 2175
2087 1263 463
2725 2504 2354
859 3763 3465
2166 3780 2246
1369 2663 4006
2860 797 3735
2927 3868 4383
4443 511 2397
1925 3052 2064
3159 1161 2758
3798 1309 4170
2355 3982 2748
1959 2859 1422
2125 1718 1209
2453 4005 4265
1291 2320 2015
3534 1226 3860
487 1048 2608
4201 3270 374
1228 3813 1101
3535 1157 1861
1168 4112 1367
499 4379 581
1641 2781 1265
1830 110 2948
1777 4099 1324
702 750 2512
3350 2534 1376
3160 1184 1814
3780 3452 1878
1735 1532 2779
2923 358 3067
3133 605 4267
38 4089 1383
217 1154 1075
1929 2567 2682
4238 2952 1870
2052 2342 1622
2518 2982 1082
2028 1016 2195
2971 372 1508
1474 3622 3699
89 4143 3570
220 1042 1607
2159 2823 2693
2485 2893 406
3266 1137 910
66 4393 2827
4285 896 331
83 1747 140
3483 1753 1071
2024 2056 2197
3915 1296 1292
2068 1159 2061
3964 2439 1805
1099 1402 942
1360 168 1393
4200 584 1486
2388 431 1511
3230 3606 914
1537 2421 2263
352 3515 2945
2251 2649 276
2040 3825 1397
985 1797 1172
4053 1793 561
930 3218 1892
474 3539 181
3563 291 2049
478 2432 876
3974 3495 1245
2522 4435 975
4081 3582 1421
4444 1621 3828
201 3978 1160
4366 441 4321
3512 341 4293
2425 35 1651
3366 2724 3133
4364 505 219
2520 3625 3508
634 2207 3317
4231 631 1960
379 1099 2585
3914 2060 1126
3831 3547 2880
2427 3406 1378
3946 2405 4480
4387 414 618
664 41 4381
420 999 3338
4043 265 642
860 3384 2974
4001 562 349
3192 1804 1951
1008 4321 2954
3180 913 1930
4258 3346 2981
341 4371 3847
2143 1476 37
1590 4331 3062
908 2216 792
1136 3106 1498
1908 1953 885
4477 1751 2854
2065 341 2369
2081 718 1343
2320 3954 4173
3708 2845 933
4136 402 2058
3774 4465 3350
2029 1540 150
1629 2571 2690
67 3688 3084
195 2596 80
1210 659 4437
238 3650 4229
3794 878 2182
2418 1602 3818
3431 3604 2827
134 1147 385
3356 1229 4135
3211 2825 1438
595 2917 2754
1275 1356 198
3031 2907 548
1315 2816 3497
4530 3885 2820
4258 4576 2919
339 530 129
3744 2961 2812
4075 274 3127
528 2495 4464
806 47 2092
102 2325 2386
118 3494 2136
572 1564 418
2809 1469 432
2013 4399 3146
2404 4492 473
2864 903 4475
2959 4025 2583
2021 3387 3059
3987 842 2973
2691 2298 4516
2241 1808 3492
1308 937 3565
4208 1725 4382
1248 3317 2267
391 2022 488
4265 526 1728
2981 4277 3374
2472 63 1503
3664 376 2442
4235 2443 322
1167 1616 4223
1869 921 52
2571 2059 967
1015 942 2339
2324 1288 3057
1346 2296 4511
3061 2002 402
2088 535 1507
3617 3511 4569
1455 3131 231
922 3930 1764
1543 141 2851
3722 278 322
4067 1284 2487
2891 2899 3958
2081 2570 3916
3647 2718 1341
3310 3881 2078
881 3774 824
605 678 9
1862 2327 218
4390 3141 2510
4066 846 3670
498 3445 4358
1468 671 1194
1382 4363 2417
1308 164 2866
1702 698 2270
4208 493 403
3420 31 2189
1356 3517 3637
2673 167 4084
3520 3822 4275
2781 1175 1941
58 3001 1755
1955 3051 3808
2505 448 3484
4031 2150 519
1758 686 293
258 4027 3954
615 3889 4143
11 2729 3821
2550 1476 493
627 1265 1093
3290 920 3590
60 1417 2549
4359 1100 3056
4337 4086 3004
1959 4354 134
3714 4154 871
3702 4472 1838
2384 1869 525
640 2726 3947
4095 3660 3962
4519 4612 4435
2765 3323 4280
1474 1374 1887
280 2593 2098
729 351 1711
1222 184 596
2411 3019 858
629 2328 4435
3482 109 1890
304 3625 716
1372 454 4282
2905 802 2314
3889 3948 43
3407 2349 802
913 4667 2767
3576 74 4036
1165 2815 4130
3698 4288 923
725 2222 486
2402 2558 929
3977 2765 3066
1987 4000 3554
1086 29 2184
1420 4607 1469
2153 1202 1986
157 1155 3815
4449 3160 4368
1557 185 980
1192 2640 4293
1182 2993 218
4450 3192 1819
3756 1892 2198
3031 180 1213
1474 46 4420
4199 3417 2395
3205 2676 2481
3219 2818 575
2344 919 3648
567 4561 1819
2731 2789 1661
3685 4674 4561
1534 3270 4152
3049 1504 1506
4143 1708 1256
1914 1669 3444
3230 3680 4229
1390 347 3374
3960 1288 1290
2160 2222 763
2459 4668 4341
447 320 3830
4277 2837 3210
665 4290 3441
3183 3771 2761
497 2036 4377
2323 3600 4630
4514 533 176
1161 4400 2099
470 26 2724
1823 8 1401
2567 3348 589
172 2876 570
4359 4718 139
731 3149 2083
1307 1506 2943
980 3901 4700
1426 3291 1503
4640 4455 1187
521 348 3860
1109 897 463
1786 2696 2541
4274 1792 291
3749 4455 1013
3280 3327 4127
3317 944 1387
3131 4447 2203
133 1761 2655
3731 1948 1698
2418 1955 2927
1428 1713 3295
164 4451 1641
3488 1433 4599
4559 1873 2379
1416 2347 4736
1541 2781 2968
3033 1591 2729
1519 3399 968
2488 1680 1473
270 4036 3008
2663 2628 2237
3385 346 1399
2137 1514 3597
2238 3784 3279
2023 1531 1169
1278 3947 1126
3807 1335 1802
718 1159 4187
587 3937 845
4756 2659 722
12 4163 3129
2866 411 110
284 2601 737
40 454 3777
2199 2341 3795
1351 2359 2400
1689 4427 1481
3959 4484 4555
972 4687 1743
4501 775 2795
837 1641 3246
4641 3528 1448
3607 1770 2989
2981 3544 2139
4698 827 1336
4322 2675 3473
2172 2735 361
1879 1237 623
1812 456 1801
4662 2726 396
392 2039 4626
751 2196 3306
3681 2045 2363
2700 2158 2273
2590 468 2365
3672 3767 1543
3695 501 1545
1607 4008 2412
2909 2355 4332
3800 1300 4317
4661 3372 3801
2315 3732 2033
4752 3548 4109
3495 3507 118
1274 1276 932
269 3409 4596
2125 290 2860
3871 2554 4492
169 1223 509
1886 2719 4421
3751 810 3360
4088 3441 4269
3542 1818 1652
1291 3195 1371
3479 1601 2867
127 3116 1504
1640 8 3767
2030 3964 406
3473 4628 1035
1098 125 2986
2780 4694 4261
964 4758 3955
2713 577 790
2951 4166 823
1479 463 303
1938 150 665
4144 3093 3695
1784 718 896
1288 3348 2192
1911 2083 2978
2 2401 3014
3242 2763 1689
87 2469 3638
3161 400 4665
3681 4384 642
1515 1820 2377
3392 1239 3403
2686 3677 381
2360 3981 3615
392 3538 124
4388 634 1078
2293 3560 4065
469 2504 537
1247 3335 1801
1677 3744 3092
327 1114 4253
421 2771 380
4050 2173 845
943 2670 3904
576 191 3192
3025 2396 1220
2551 3446 3463
231 4177 418
1940 1498 831
929 586 2026
4076 3538 3622
1385 4100 2264
4534 1865 3897
26 2492 106
2334 218 2986
2044 2586 3679
4821 2299 2724
410 1168 933
2472 3620 2653
1975 317 3260
2610 639 111
1458 3846 2752
420 2570 1327
199 1185 2401
1497 277 2146
3749 1887 2967
2792 4782 3752
2328 4342 824
970 1060 1912
1479 2010 357
4042 1782 854
2709 1945 3177
2270 2404 1537
4659 2196 2787
2748 854 2202
3062 3208 4049
817 3944 492
2117 2271 347
4500 4567 3208
1989 3409 4242
2191 830 2312
2020 2589 2313
993 1744 4247
1554 414 3139
900 1082 607
4413 1086 1715
2664 4561 64
2379 1395 350
3009 786 1559
1469 246 2260
3399 4015 3421
2619 2800 3341
897 2342 3841
1476 3353 1017
1506 2423 3788
4349 3662 4558
4071 2716 2793
1399 1214 3436
1228 4282 3160
4882 4066 3893
3708 1994 1942
2991 1020 4302
3663 234 2418
710 2378 3061
2899 4176 2811
1274 850 1285
4236 1293 4764
4372 2256 1315
1922 4286 2430
1259 1527 783
1321 1758 4455
2544 309 2732
3149 2384 4333
2242 2343 3935
531 1591 466
3801 1435 2327
1676 4042 135
3731 1052 783
2245 3169 1152
136 1132 2160
4450 3309 3448
997 2876 2179
2743 4590 452
1158 2743 517
4349 2970 4398
366 3531 3053
4804 4322 1275
2039 3497 363
5 1089 2914
4061 716 1405
2696 1426 1693
4213 1551 1664
407 1092 2025
1610 3671 2759
4081 3440 3578
656 3660 3754
3747 2050 4387
4692 856 1866
1099 971 1037
774 407 1149
4231 1865 3591
2797 4625 1336
3053 2155 2713
2906 554 2624
4174 4526 1921
1444 2466 2803
937 3294 3953
2488 4522 4112
350 3714 4299
2429 4160 2129
1547 3834 623
1006 1053 2225
3419 4760 4894
590 3521 1746
4541 353 2689
3414 2763 1172
3371 2289 4767
1037 4370 4384
718 1797 2427
215 1891 3155
1575 608 2021
2959 1111 930
2563 3852 2437
3564 399 3507
3399 3500 2703
3908 2762 4703
2088 4950 448
1374 790 326
3038 2118 4165
3109 2118 3234
1099 2936 2832
1725 2275 3640
1748 858 1273
3820 3564 1126
4421 2343 996
1465 1795 942
1576 4303 237
3733 239 614
1056 1681 4400
2871 3963 3635
1247 4410 4160
4107 3059 523
4053 4634 1442
3832 2569 1319
377 4535 2651
3017 759 302
4553 3116 32
2990 4777 3936
1866 2894 683
1283 2340 3788
4311 3173 3752
863 3746 4752
248 3050 3699
1751 110 1858
1402 2602 707
3863 2920 1975
3359 3041 501
1284 3227 4769
891 666 2327
2131 3784 4324
138 4331 4080
750 2075 21
2667 3939 4768
1577 739 4826
2551 2896 4255
1093 742 4254
830 4045 2146
3054 1589 4403
3708 3768 3067
798 2478 2983
694 527 991
2611 1798 4248
1082 1084 4237
3205 398 1258
1762 4555 196
4311 169 3061
1141 455 4542
3847 2860 1219
436 2561 4668
0 2988 4906
3756 4591 3686
3687 1359 4431
1237 405 1466
4718 1705 1416
4553 2602 2573
2866 4075 4465
3211 4722 1946
4901 2220 4039
3261 4663 3319
1026 2268 4824
3760 4253 2512
4699 956 474
3263 909 4292
328 471 1661
3377 3939 238
1378 2250 326
4092 3992 1961
1447 3400 3566
4552 1257 2418
3117 4420 1784
1790 1664 1210
2382 254 698
3532 1041 4367
4601 4233 1110
2713 3134 1199
1831 3543 5003
3766 3204 3316
4113 1556 2466
24 1760 4332
1777 4747 2318
3305 3472 4337
90 2248 4981
792 3672 707
3816 3059 3265
36 1527 3779
1815 2605 1517
477 4044 2479
218 2280 2265
4816 1609 908
1077 2229 665
2367 3353 3027
419 2054 1192
4126 30 984
1331 318 516
1603 1035 2740
3632 499 1880
4907 260 1404
2063 776 1447
4686 2007 1341
4982 2755 1697
3119 4939 1817
2367 4190 2430
193 2425 669
827 2405 1601
4084 3251 3910
3797 1440 3274
3941 2194 2303
4665 4202 3843
255 1212 3390
734 2209 2548
557 2930 2814
3944 3608 217
571 1743 597
266 2979 4517
1134 4035 4412
993 787 2749
2395 3144 944
1180 4308 3046
1900 2966 2850
3670 4241 3641
940 926 4531
4405 3065 3152
1009 3853 2480
4080 2366 4526
1681 3508 4840
578 3659 4116
3482 2277 1202
4311 3393 4887
735 3582 2728
2823 2128 1114
2292 4722 2970
1328 1030 4648
1634 2360 1799
4995 173 4743
2542 3532 792
3741 2153 3666
4196 4861 3951
1106 1706 1297
3368 1156 3891
5080 2981 4719
820 2500 1224
1308 1337 2161
3199 2481 1705
4472 2939 171
2239 5008 4390
2325 1429 1796
1072 951 1979
1434 4723 2416
3559 4884 92
3213 4725 161
4937 4736 3784
1875 4014 2297
806 540 3767
1240 2194 3312
2397 2228 1423
3183 2212 2480
613 3199 3766
2462 92 3128
4173 914 840
3282 73 4975
3199 3108 4002
641 1758 1043
3943 846 1000
3400 434 1850
3430 4511 2431
1620 1420 775
3701 1541 2799
1208 3652 2220
2559 1601 1866
738 4322 2669
1214 4273 4087
3611 3454 1211
3381 350 1879
1988 291 960
675 263 4971
3086 2092 2627
3084 3101 1960
3937 1597 4494
2436 309 2407
2665 3773 2584
208 3969 4443
4996 2343 3407
636 2542 2980
3962 2610 3976
2918 3276 3312
3136 1076 1855
26 251 4768
4178 573 3188
3766 4094 3559
608 3392 3867
406 1111 2494
1916 1056 4903
644 940 4947
1726 4159 4270
1750 456 3699
3566 1262 598
1151 2988 2508
823 4388 3829
2848 760 1855
1439 1089 897
22 2060 3886
2098 1227 179
5093 4335 3087
554 3273 2314
3710 153 63
4422 1793 3024
2604 659 3770
289 242 4048
5142 3380 5093
819 3915 2409
397 448 2809
1008 194 2146
4479 917 2295
2632 1580 2075
4441 892 888
3339 468 996
3955 4468 4658
4639 2736 4693
2590 3615 3712
3219 4856 2057
1222 850 2824
2417 3694 3264
2084 1405 2989
1052 4203 2354
1362 2165 2841
3616 2994 2355
3460 455 351
805 494 1289
4337 836 2101
2886 5117 5048
4089 265 1934
2684 373 1323
4812 13 898
548 3482 599
1731 3043 3680
872 2178 4063
3187 1322 5084
597 2629 498
3340 1664 3322
1993 2941 1822
2136 652 4458
4999 4486 3089
1391 494 556
363 6 2405
1734 39 763
1955 3176 2455
363 3928 4332
5171 3984 3373
2342 2533 3712
4051 1577 3217
1931 1248 1641
5008 1135 5098
4042 2668 4038
1686 225 4872
346 1383 4482
4179 26 1163
4072 845 2493
4569 3568 4281
3020 1401 2772
2598 2072 2938
2825 211 3981
5152 4189 805
749 2468 3768
3239 4123 1785
905 2430 4311
3083 5193 3646
4934 1781 4776
118 4310 997
4922 4657 3515
1474 1439 3519
3915 1723 1068
191 4216 595
1231 2435 3630
200 3138 1233
3718 760 1320
1421 1306 3129
3842 1286 4303
1823 1587 647
340 1746 4355
655 4219 2512
4820 4057 3412
907 1877 4646
2982 5226 3160
493 3274 4346
1009 4184 4730
3382 4407 283
1907 4001 4876
3239 779 382
2920 1556 124
2450 3109 4026
3647 959 3531
1311 1428 2017
0 3773 310
1636 4381 128
3978 165 3445
1319 348 431
4476 3921 5087
2062 2247 4197
2436 1958 3008
5245 2875 1397
1300 1378 4870
786 3648 2441
4541 744 581
1655 369 1387
4911 5242 5261
661 1112 3635
3106 948 387
2174 3815 1889
4473 5075 1552
3524 408 150
4334 538 4138
4442 1554 2173
4741 4791 4418
908 4497 2799
2119 349 2697
829 2220 4910
679 4158 2885
4387 3531 494
1940 4237 5206
3758 1756 1535
5210 2547 1947
1607 2670 4139
4880 3895 5248
1660 1522 3013
1208 1666 2387
910 73 4800
2639 3251 1622
47 4945 3236
1783 472 3944
2746 3123 4323
1963 4667 2906
5193 1403 2040
2152 328 2112
1366 2488 4317
1699 3792 3001
3102 1670 1945
3094 3272 4674
802 2685 3782
2460 847 1271
2913 1882 2848
446 1267 4586
134 1664 1345
1658 540 3895
1821 2535 3603
