5715
0 0 0
0 1 1
0 0 0
2 0 2
3 2 0
2 3 4
4 1 1
2 1 2
7 5 8
9 5 6
8 7 10
5 5 2
4 2 11
3 11 8
12 0 3
15 2 10
14 2 1
10 9 6
3 2 2
1 3 7
20 11 4
17 18 1
8 4 20
17 8 21
3 11 6
25 7 22
4 16 16
7 19 15
21 24 4
28 14 9
11 14 15
13 10 25
13 13 14
1 30 12
13 17 34
2 10 27
29 1 5
35 30 20
4 9 38
38 12 25
33 8 8
33 37 11
40 8 25
27 36 28
38 20 15
3 17 26
4 19 5
2 41 40
19 35 36
43 48 10
8 6 24
30 34 47
37 11 30
34 30 45
18 48 23
42 8 33
42 26 7
32 33 38
14 5 36
30 28 37
23 45 5
54 51 46
12 21 50
7 14 10
40 56 28
10 25 10
8 18 16
28 41 28
57 68 58
69 8 30
51 16 22
3 26 19
20 24 63
19 52 44
26 2 35
47 74 71
68 10 2
63 76 46
50 18 25
28 11 50
18 20 45
81 3 48
11 1 49
54 19 32
55 70 61
73 5 83
85 29 34
52 78 18
11 29 12
68 25 41
13 71 6
63 17 39
11 62 56
16 22 91
60 14 19
19 40 53
83 61 55
75 45 87
12 44 1
13 84 40
79 57 50
7 83 20
50 51 12
56 101 84
68 24 57
19 104 54
37 50 55
15 48 31
108 104 13
57 18 71
78 12 77
2 111 65
99 48 108
87 25 68
46 22 113
30 66 110
50 16 66
60 99 47
28 52 12
107 88 53
103 16 95
75 106 81
90 1 82
91 121 115
68 24 65
112 117 92
53 31 1
7 17 88
91 115 95
34 119 69
55 0 70
100 33 16
85 103 24
76 124 21
3 118 2
36 6 122
105 32 5
26 48 84
63 125 62
22 123 107
35 23 44
33 105 38
112 115 89
128 109 12
126 132 46
75 93 127
1 60 118
144 119 118
37 87 76
4 121 0
90 17 62
96 149 124
34 23 15
61 123 46
126 119 79
18 95 23
76 98 121
6 99 37
27 126 137
137 136 61
132 84 128
151 76 64
70 140 62
87 10 63
34 34 96
162 155 81
110 60 67
103 77 163
108 97 76
59 64 35
95 25 29
69 79 38
48 2 9
171 4 74
119 169 85
23 73 24
40 113 171
39 26 2
50 77 121
35 155 178
33 26 2
126 167 59
148 0 44
103 112 114
129 34 117
70 45 155
179 155 166
15 177 152
40 124 187
22 122 62
131 181 17
149 170 154
85 47 56
178 78 178
117 194 15
187 9 195
166 108 79
25 1 64
53 44 67
38 107 153
70 24 187
40 118 192
63 100 110
203 12 30
197 75 21
196 110 45
62 185 87
201 106 39
154 204 73
0 77 44
151 49 157
60 99 109
209 187 32
126 79 138
183 138 127
190 122 55
67 80 20
58 185 0
26 101 126
92 35 217
145 101 84
140 46 18
187 122 206
59 86 198
185 193 75
85 19 59
55 4 215
122 91 155
167 68 101
49 43 119
167 167 204
151 216 17
155 146 27
161 186 27
126 120 197
18 95 141
36 64 138
207 233 113
223 212 171
235 21 90
159 9 160
77 211 6
102 10 119
131 20 156
22 43 24
37 30 25
75 6 43
51 29 54
114 229 0
165 128 153
113 156 153
17 211 38
150 181 222
22 116 97
168 80 78
165 99 40
247 83 180
41 169 69
85 132 70
46 227 255
245 6 244
100 212 97
112 43 123
130 27 100
241 41 261
109 52 193
204 140 0
193 42 180
138 249 72
90 90 269
156 24 21
195 112 26
43 7 240
14 148 247
196 54 155
100 250 102
131 142 61
191 7 198
247 264 28
141 135 196
29 243 192
79 96 97
170 25 120
99 120 149
16 185 56
188 126 264
120 24 126
243 27 45
191 39 164
97 65 23
77 92 225
151 98 230
108 64 83
22 228 161
17 161 126
65 178 269
240 238 284
105 110 247
259 210 178
295 131 42
239 225 152
207 204 199
117 179 99
289 108 187
100 203 102
7 76 279
222 79 36
116 297 247
194 289 48
130 239 152
93 273 49
194 150 66
265 250 31
123 77 112
11 217 187
146 21 104
125 167 125
44 153 32
199 172 33
19 175 76
298 67 82
92 93 38
195 0 86
190 66 112
293 181 314
38 12 4
301 207 55
239 238 214
297 210 217
155 103 123
193 84 234
168 9 109
107 254 279
5 7 185
4 89 154
106 82 105
56 182 232
100 96 1
43 228 118
109 27 32
62 207 281
313 223 98
134 185 2
39 332 311
308 322 331
158 136 288
94 159 118
91 168 32
238 315 332
171 127 337
167 342 203
3 39 261
127 269 38
177 214 86
136 231 103
98 274 67
191 63 113
248 286 302
295 330 299
67 140 316
203 119 170
115 203 253
347 115 288
187 315 115
80 302 214
21 339 236
250 120 350
205 220 23
305 300 310
241 43 236
262 235 101
41 157 217
281 4 220
299 258 235
240 52 96
128 172 192
329 363 5
100 82 46
203 210 220
172 266 95
43 320 274
186 166 248
263 132 59
215 223 202
215 144 37
315 22 334
99 43 122
361 345 194
165 277 328
70 10 243
253 346 92
84 309 293
14 7 392
343 49 317
172 233 188
232 238 340
66 309 345
150 53 378
85 2 254
120 182 9
106 78 200
129 391 285
13 340 362
255 157 42
219 13 329
274 26 206
105 209 264
308 352 44
263 284 186
244 37 121
317 375 285
361 61 293
138 70 197
186 165 406
208 392 34
171 10 411
137 356 106
165 408 138
415 302 143
33 169 189
244 181 400
74 30 70
331 265 74
223 405 344
162 238 48
191 28 111
97 348 30
66 98 227
414 413 175
209 308 102
400 188 312
251 106 22
422 153 331
397 72 205
234 242 349
369 143 308
415 35 248
343 361 310
80 234 319
62 85 293
22 301 417
400 6 124
51 433 235
368 374 154
32 229 210
418 41 88
22 99 51
115 434 110
176 244 33
187 210 156
16 184 447
404 424 83
329 192 228
20 118 261
266 100 245
153 114 4
450 160 418
176 95 358
40 341 261
319 381 141
449 352 288
371 164 182
193 12 308
247 217 372
297 167 363
247 145 271
149 225 294
45 226 125
467 465 209
156 8 213
87 156 393
259 344 357
136 255 382
193 321 76
473 120 388
57 52 467
197 159 119
338 452 311
224 18 477
134 129 337
174 229 131
53 375 0
430 105 303
319 378 195
33 214 3
231 260 250
288 162 318
324 69 357
262 438 299
421 343 221
322 125 282
471 97 452
463 258 415
283 221 144
206 171 193
437 279 268
384 329 157
0 354 316
110 261 454
154 371 312
291 391 78
478 449 401
179 178 360
243 136 347
118 256 114
232 5 190
476 208 189
434 427 429
131 92 453
242 287 202
30 115 267
329 393 162
501 190 302
358 92 249
220 138 343
76 512 431
66 232 416
481 148 282
116 300 119
305 336 154
260 156 181
333 489 161
158 404 269
237 304 178
234 506 80
58 365 362
161 495 6
299 157 244
162 458 260
30 248 337
516 499 401
268 447 338
494 282 413
58 428 372
317 253 180
197 475 107
34 392 301
113 15 437
52 10 277
214 26 105
164 415 418
318 224 161
496 342 356
362 133 16
401 503 154
228 29 389
400 109 528
315 530 218
546 533 83
538 82 244
108 434 355
336 257 489
459 300 293
319 433 352
512 118 381
96 17 228
90 125 220
402 429 116
198 20 198
385 195 95
108 450 188
12 184 41
63 7 424
207 260 473
256 225 387
110 399 276
484 13 28
127 525 148
300 94 231
132 173 149
220 502 460
537 155 501
531 320 521
98 422 473
515 448 494
245 255 231
218 498 324
221 442 573
226 8 561
268 247 335
278 31 220
378 207 233
148 405 27
36 563 544
398 528 109
305 82 383
397 520 251
564 419 442
258 566 512
397 75 389
86 318 355
117 68 95
253 404 297
305 249 420
145 581 463
494 181 294
286 496 338
333 36 286
82 346 137
150 339 265
11 540 342
160 570 419
549 6 465
488 147 400
262 128 328
435 231 421
554 240 496
549 137 579
24 296 558
210 373 48
539 504 530
69 360 509
436 345 69
535 145 301
251 221 490
138 496 438
306 490 284
425 436 596
400 545 571
425 474 606
517 155 430
141 350 23
390 155 278
65 466 16
434 282 141
88 220 324
545 587 272
277 136 458
100 367 292
335 264 446
73 295 349
289 240 63
173 296 297
584 6 139
618 429 294
119 51 60
615 33 129
31 151 75
169 207 509
343 168 578
82 296 150
347 580 266
317 154 517
41 81 385
132 510 169
415 422 358
36 630 56
441 392 585
596 598 267
359 110 573
593 599 295
349 336 310
68 338 381
621 139 58
618 2 189
230 487 313
198 404 27
56 164 466
421 194 232
216 290 353
204 315 96
510 387 549
143 552 540
640 528 546
165 163 510
218 440 165
160 149 441
542 56 432
561 312 577
443 261 151
200 260 461
245 2 413
443 541 592
173 47 557
98 428 614
526 662 589
324 170 663
387 487 52
423 402 101
63 390 584
659 219 33
460 391 651
211 243 604
493 82 29
434 27 517
337 587 116
643 231 162
25 594 113
373 424 44
332 647 374
365 19 270
571 93 232
610 594 604
632 316 351
259 349 591
104 240 258
174 105 290
305 684 639
594 628 663
27 216 617
317 646 95
385 658 142
428 674 598
456 174 254
524 448 479
256 219 226
247 354 444
411 679 617
517 182 92
53 675 613
608 493 113
614 309 109
119 644 463
455 42 575
678 419 469
49 14 317
619 2 498
247 217 650
358 464 548
40 195 681
237 448 54
91 199 545
666 721 241
36 709 247
660 178 168
590 376 92
298 560 654
555 351 597
203 398 97
385 699 21
490 461 363
73 327 50
21 526 710
541 205 58
83 121 131
724 365 209
2 428 272
599 129 339
272 525 1
324 92 509
433 229 335
724 458 134
448 18 540
337 672 96
203 105 174
37 568 81
339 267 532
453 663 307
619 304 90
469 371 619
56 533 432
644 633 665
475 704 371
398 201 628
329 176 130
330 553 306
225 460 436
111 407 585
675 757 596
674 358 190
217 549 495
268 717 86
535 528 127
106 235 474
616 389 224
400 606 158
240 448 136
164 131 761
422 625 73
171 591 78
68 259 100
445 408 52
430 380 713
2 560 626
567 271 688
739 497 549
114 727 285
550 725 221
530 305 617
632 743 259
95 266 550
95 419 450
12 305 705
586 523 69
49 667 359
352 612 616
131 183 182
496 56 169
310 407 728
705 241 789
348 431 694
661 303 225
172 748 321
84 54 646
25 252 792
780 7 29
620 769 504
60 462 133
200 217 798
98 112 298
304 329 452
683 0 528
34 400 551
98 387 195
87 274 7
328 720 640
95 249 67
29 355 641
644 105 625
699 775 773
609 10 591
479 658 489
640 415 513
618 331 568
232 502 286
751 220 315
796 297 357
16 377 375
496 81 767
5 99 158
615 590 611
140 618 144
265 88 524
306 493 791
525 355 782
338 353 180
424 658 600
704 22 793
800 457 761
469 514 371
451 759 500
302 475 63
552 175 458
228 565 812
47 807 417
207 517 342
501 459 237
20 813 607
414 549 412
733 128 224
755 706 840
6 495 184
686 279 509
304 705 843
458 509 40
126 786 696
271 43 352
676 713 222
634 495 294
411 286 251
254 766 741
170 259 378
246 759 770
299 376 238
554 410 80
726 405 32
624 3 814
17 532 660
561 848 193
5 754 477
648 842 367
43 690 9
536 799 35
462 697 496
436 491 467
548 380 334
648 620 793
697 293 640
705 27 513
474 824 582
452 103 561
855 477 318
361 682 533
648 534 472
698 671 245
593 334 171
857 68 316
733 459 275
495 799 410
531 617 118
43 390 877
639 143 141
458 532 401
651 96 37
61 771 148
395 220 438
123 480 653
689 633 203
289 483 870
757 599 518
424 197 198
431 190 18
266 82 288
588 777 56
634 585 719
868 817 116
237 93 794
625 104 894
391 46 19
467 473 173
178 551 332
859 454 271
286 820 549
146 34 704
267 118 816
295 689 501
570 335 389
192 515 410
702 861 287
233 158 376
689 453 567
879 819 322
291 104 569
448 477 486
719 68 802
830 708 507
391 534 175
468 56 302
188 811 144
746 785 363
167 669 492
635 484 338
510 53 794
99 559 228
639 571 737
347 440 899
542 558 665
605 178 793
494 785 500
675 629 588
909 339 9
661 332 4
469 91 337
873 268 553
450 620 598
132 514 716
899 167 234
144 340 328
18 761 231
771 632 512
199 452 797
723 665 907
276 559 699
486 383 533
939 575 106
324 820 777
816 389 579
347 230 277
630 231 69
108 505 695
903 127 617
659 204 274
845 610 396
418 576 279
195 804 711
412 536 413
187 868 202
858 373 739
461 484 806
187 707 936
884 562 739
234 598 554
631 111 90
829 465 592
328 60 957
189 100 216
589 138 756
710 360 507
790 933 118
67 468 548
646 329 831
743 609 405
365 730 676
65 470 629
378 513 603
371 57 153
433 169 537
555 880 623
693 375 155
56 930 201
648 302 842
832 976 103
157 856 591
957 279 844
11 272 641
871 489 663
555 888 365
668 283 147
202 921 656
157 369 312
46 917 486
474 222 572
595 631 275
796 404 724
825 619 222
956 754 104
371 637 700
175 2 393
881 102 531
528 620 943
434 907 389
516 236 403
858 296 44
500 714 11
497 689 11
529 740 148
512 499 893
781 611 178
590 188 530
335 14 246
165 361 917
535 276 189
11 67 161
602 147 512
139 320 522
265 882 54
114 56 390
450 213 754
364 478 608
471 796 971
283 213 971
613 692 666
256 386 274
369 582 169
794 889 288
387 621 832
639 387 444
60 522 22
126 159 278
224 841 472
409 740 938
585 801 827
367 473 128
163 798 469
345 924 695
896 617 670
721 365 404
272 697 840
900 326 399
963 85 632
577 684 949
617 132 712
1008 1041 197
166 859 42
733 144 430
237 493 604
646 294 1004
0 67 172
476 441 587
870 364 191
678 799 837
362 1008 61
379 1025 542
800 895 753
842 912 946
349 700 996
955 190 25
452 160 503
331 562 962
891 845 89
121 241 5
210 969 799
999 19 583
500 491 368
24 570 419
537 274 684
101 1065 396
731 1066 231
94 250 379
960 498 927
235 486 788
886 624 1046
544 1041 588
127 400 63
592 149 521
557 1027 529
940 642 209
484 678 84
1008 514 1003
776 234 279
415 367 231
529 469 276
738 894 1010
395 638 905
787 149 672
726 202 168
337 518 705
884 554 881
647 577 529
531 269 468
1024 444 244
467 317 329
779 875 536
969 245 861
208 335 877
491 59 822
681 44 179
1083 773 981
653 578 372
995 643 18
660 859 738
162 475 400
463 730 1004
154 454 572
933 688 308
820 98 386
914 400 408
797 795 727
404 555 33
559 162 606
168 447 934
56 69 937
518 449 817
695 873 635
741 69 727
198 775 610
837 34 600
1029 997 882
694 930 453
1005 741 84
507 398 438
354 760 527
366 188 484
490 716 383
742 831 942
769 374 1003
1038 655 1010
1055 446 581
444 601 481
794 3 288
866 155 128
1094 951 871
273 997 605
291 1017 618
545 758 909
256 943 942
947 271 881
361 425 131
978 51 866
161 1135 444
921 841 556
883 681 572
412 860 831
136 258 1078
1124 743 640
1008 286 766
37 708 224
684 31 503
1053 543 912
1058 911 90
20 978 119
118 452 1025
664 123 408
632 877 378
212 194 321
311 886 894
177 670 9
67 862 598
23 954 1142
362 442 1028
197 725 431
1018 1146 72
890 444 616
449 315 493
880 1012 693
622 908 139
1104 345 964
919 935 223
826 949 255
734 653 1014
229 1021 1013
664 869 854
1096 1103 100
953 851 583
660 563 555
374 294 90
348 1000 722
952 782 455
793 161 1090
769 324 684
535 615 140
71 850 176
68 357 1110
697 301 713
292 1017 76
647 752 949
796 242 300
314 607 529
421 857 698
83 1088 1065
984 492 1071
1184 557 965
138 280 803
308 420 1101
369 736 547
346 534 626
281 771 607
1097 759 518
592 1038 426
1043 745 146
183 78 134
623 1066 830
302 554 575
44 1100 390
853 508 54
42 218 845
999 1031 555
40 216 23
984 75 269
630 487 698
461 581 618
475 227 379
919 339 87
394 1176 862
910 433 775
1030 73 912
426 310 663
682 239 1054
798 93 748
771 84 613
434 167 1168
464 535 671
1159 1038 535
15 799 403
1012 1121 838
386 604 487
764 274 850
554 1074 210
219 404 619
395 1150 959
1146 1220 78
495 415 235
439 203 238
33 576 573
14 941 48
707 592 747
828 1095 210
971 145 935
413 346 1230
696 703 800
252 459 619
959 893 989
1235 586 680
869 372 207
1134 876 406
1150 704 173
178 565 595
860 742 271
806 95 37
42 762 1243
470 515 859
985 623 847
1001 117 852
479 153 759
254 830 1134
292 1170 405
899 153 604
180 151 1045
275 926 259
574 998 499
878 719 579
672 553 977
693 473 1211
744 1075 294
898 547 894
576 204 814
245 19 711
53 510 939
529 403 118
268 1207 417
681 267 630
1138 420 895
841 704 341
535 780 1220
944 949 1105
360 165 886
810 204 399
759 1249 401
189 393 234
264 198 6
860 167 1073
889 17 1238
4 269 1011
1254 344 450
995 9 53
643 490 144
197 149 574
467 738 106
1163 270 175
960 972 180
346 633 393
891 949 1177
1179 1005 708
969 923 37
385 1150 895
918 873 492
774 114 1002
526 941 1158
546 87 579
67 967 674
46 917 1181
1073 668 406
183 205 1251
1283 534 1020
598 471 1126
243 513 1010
142 336 1047
1126 1002 125
504 929 520
232 1305 141
945 810 842
276 697 1141
86 968 203
109 367 979
725 815 1293
591 846 1183
1284 971 253
1088 715 1108
315 644 23
379 1037 361
1282 299 1013
1028 1267 267
284 978 589
576 892 1085
967 1037 856
640 861 1007
1122 1235 1196
602 615 978
808 982 730
829 1071 195
126 689 56
730 512 178
873 1253 55
323 477 1233
580 312 459
792 137 977
775 1152 1279
194 900 519
326 353 491
1284 350 1326
402 502 438
413 490 996
1205 101 606
1307 875 702
1180 711 383
408 633 477
904 345 293
165 589 1144
577 415 388
668 1028 367
937 333 314
175 313 438
453 125 1140
650 875 500
138 313 913
1188 154 1131
819 841 556
1160 705 172
1165 487 1
378 451 7
805 353 398
703 934 294
885 1068 1191
934 796 1308
619 855 1310
743 1144 1027
241 182 995
934 957 939
58 154 1204
65 214 843
1161 1186 331
1034 35 906
795 106 815
177 199 887
1159 105 217
1025 592 365
861 348 1160
191 891 933
1248 575 1177
734 894 915
187 54 374
821 1100 42
769 1256 1278
408 380 217
206 719 913
127 1232 1304
1200 78 25
777 355 315
1198 52 869
46 1256 290
665 263 879
674 819 450
1056 707 406
27 547 879
469 813 973
1241 1330 528
667 1146 557
938 435 916
1336 445 835
272 911 573
921 792 615
895 1175 615
830 13 772
743 1295 1386
1228 229 369
1293 1248 125
1213 72 1382
173 504 674
312 34 226
591 75 1241
883 1363 1313
1231 1019 187
990 346 956
529 1305 1408
104 902 187
723 1127 720
438 1292 458
1128 653 1153
68 320 142
911 631 1407
1319 1343 721
1238 492 245
355 693 863
495 2 324
642 580 1222
796 58 1180
1235 507 768
296 489 1220
12 872 168
448 568 1181
853 334 591
1056 667 59
1207 1273 200
901 511 967
1033 188 1177
580 605 492
768 1146 734
256 1051 366
1270 1429 276
2 844 1101
53 663 1295
864 888 437
956 1259 1064
1093 476 1198
624 554 1133
857 48 1381
1253 119 1195
1404 1085 571
998 1244 532
956 1029 177
1253 918 1236
1061 1390 546
459 1305 291
440 447 832
177 1006 379
864 318 603
1174 1053 348
42 35 665
1361 219 444
104 172 983
67 1163 497
830 1 1434
1023 1115 910
218 959 898
1164 784 721
1359 644 331
1021 749 198
1410 823 579
742 779 1036
844 1457 703
369 1204 26
1080 881 384
48 1033 1137
1027 116 1011
1249 1349 541
51 1372 929
193 1288 643
633 754 333
978 144 1436
464 147 441
671 311 731
503 1184 733
1335 490 1433
864 321 889
241 1316 362
1380 1001 1268
817 990 760
787 1048 1252
583 1234 1298
1452 1406 928
365 617 11
65 1088 208
1036 579 1463
980 124 1308
9 490 614
1376 65 219
1266 472 1074
933 896 39
336 482 48
192 1490 159
951 60 167
250 778 1085
42 1488 1316
1303 564 922
576 129 884
1384 1391 821
442 819 1401
458 1129 513
1170 1206 1385
1124 36 1265
124 684 389
1118 25 947
345 1464 1109
889 55 930
933 437 651
689 976 1193
1451 341 937
288 1128 1326
366 893 480
1242 624 546
1287 327 816
1295 529 1287
347 52 224
419 381 648
158 1108 359
1481 634 1327
721 358 1076
1248 1268 738
1422 604 60
1385 1405 41
468 105 949
1440 182 870
415 66 622
156 882 1326
686 949 12
380 533 669
502 1197 197
720 1280 722
989 545 380
1095 722 786
362 1098 247
1480 506 1330
937 595 1130
1306 99 72
743 197 193
1053 1448 333
290 579 1066
744 1010 332
1217 650 873
523 922 1030
1250 1498 817
626 102 309
1081 1153 1035
283 1006 627
261 1512 803
999 1225 1184
1077 1014 725
105 1148 300
1144 21 1238
423 422 656
107 822 337
841 1553 773
266 1008 1450
659 723 657
551 682 1524
32 1511 916
851 1346 590
58 694 267
802 261 1217
702 205 1413
315 247 1286
504 506 1524
1218 380 505
976 887 822
175 151 348
954 115 781
632 89 563
1527 1169 1205
840 1345 1511
301 1304 896
1102 1359 469
205 106 1514
1481 467 335
375 1136 1213
523 891 1369
1280 22 20
672 604 187
435 175 745
1574 629 368
819 517 386
795 239 129
496 181 1057
491 1020 21
1533 845 1115
963 559 946
506 1208 870
495 464 85
1308 1132 217
162 1228 569
1302 245 197
789 1126 296
1192 689 996
210 524 875
43 1402 142
166 782 1461
571 1111 470
534 1283 1335
1500 862 837
812 747 702
1445 1393 852
1566 513 842
527 1527 541
1351 1610 691
380 1178 29
985 864 1557
898 251 68
1440 81 1207
343 1275 507
1291 705 1287
634 234 0
1035 906 227
1325 1278 1092
1243 949 657
231 834 1417
1143 383 437
897 1460 311
1008 1488 16
620 668 552
808 1542 495
608 360 1028
113 894 1301
1379 479 31
493 877 1165
178 608 1315
584 802 49
1307 10 788
1358 203 723
104 77 1523
759 1090 1352
1478 613 1447
924 1628 1046
1548 581 1091
896 577 7
1305 434 61
232 379 377
1479 711 822
515 321 1058
178 1372 545
1559 881 1092
160 663 815
521 491 1119
1298 70 895
352 922 206
443 522 668
732 179 21
1087 125 985
59 57 1596
95 1340 355
637 1627 808
241 244 629
1579 1578 300
1487 472 897
1249 30 470
131 1382 816
1344 1619 1568
1196 1074 506
118 598 878
1413 1369 404
1132 1510 988
696 545 767
1299 875 670
1292 897 993
1388 305 1659
1049 176 1368
37 777 1210
462 431 1217
517 1673 94
1342 603 106
1106 934 228
1496 1379 1414
1290 332 1316
125 1470 57
1312 55 1545
1560 421 1030
1454 1157 1358
17 99 344
928 1083 1493
408 1420 442
424 145 453
145 859 141
870 317 1334
1673 1046 1359
1057 1341 448
362 785 963
803 1198 1492
744 55 1020
1281 1205 400
868 586 1616
1357 1254 1290
734 846 327
892 924 918
639 1120 1611
234 1559 1676
102 1117 1311
1606 599 110
1573 61 1156
416 444 579
30 592 123
827 241 298
1373 1379 1499
142 385 366
908 751 806
1564 392 1444
935 1663 857
1700 620 1342
1708 1347 1560
867 636 919
323 150 1059
1707 1524 108
418 845 459
212 1373 917
863 1003 764
1132 305 68
1530 640 182
1277 736 1224
273 1015 959
667 58 691
1600 25 1159
966 8 357
442 1159 1718
1155 685 1137
695 609 1273
1012 1325 808
981 47 1638
537 869 246
855 1317 74
1094 597 741
1283 145 1438
1283 1008 421
493 1438 1622
794 936 1205
248 1020 782
1079 1679 1605
677 287 1389
1694 969 1273
1651 632 1476
662 1705 836
1583 1429 1741
1680 130 503
720 1432 1150
322 924 1665
487 107 1719
218 562 1737
665 179 1643
1398 1177 486
1394 1497 1085
1078 1321 373
174 703 1367
1645 1401 14
529 1509 1246
421 149 604
1251 739 572
1110 382 1319
1350 1761 73
1673 1157 1562
1081 110 939
1295 57 666
1124 1548 1490
917 1734 246
1049 1082 1102
1481 1715 1316
1050 172 786
660 1305 924
293 862 1474
1147 1601 181
1104 923 420
1738 877 281
64 352 1367
798 1555 298
758 112 1146
476 1565 358
280 98 1185
1534 1011 1675
1478 695 1537
826 644 710
1389 542 753
1622 1494 694
1654 1753 1659
1202 625 196
1279 634 1379
1328 657 170
1156 19 378
786 1103 1611
761 26 234
755 864 180
1287 907 849
633 791 75
24 1217 1509
1662 1426 860
1696 1202 1484
165 1260 802
596 779 1062
1737 13 141
1738 284 153
178 942 164
1597 117 509
467 1675 1100
272 20 1334
1277 1652 1593
1494 357 794
1560 1696 1118
1807 1573 1256
1663 965 1136
991 588 1681
1393 1515 1345
112 1567 1065
1064 1219 1220
1712 749 745
1113 388 509
1202 155 62
806 1330 690
458 574 1199
299 121 369
1344 162 356
1499 1358 1476
162 1721 764
483 999 192
1512 1579 671
1737 1355 25
498 1004 1105
1442 1488 972
198 1287 1698
147 748 1446
736 1655 954
1440 1352 558
141 1406 79
1026 341 1764
305 357 623
738 1819 324
1189 1369 907
917 341 1704
659 1007 83
1411 346 1309
788 292 707
670 377 418
1504 975 1158
358 1526 730
146 1007 1076
167 1535 1271
543 1412 1689
229 1605 596
110 712 256
1489 922 1110
1518 1734 63
7 1481 1430
1074 1533 928
1683 544 6
1655 430 22
97 1613 1293
1308 1139 1387
571 458 260
1850 655 821
602 1574 1326
1146 1160 148
889 632 821
431 1330 1256
1051 1703 1802
1867 1422 1442
1431 1546 1193
742 1750 1552
1695 1649 876
181 961 87
1679 1517 1612
1402 609 1533
734 6 1227
1819 1081 437
486 674 811
1016 1330 1186
320 1739 681
1274 1392 1540
1051 777 1548
1453 951 840
808 1257 40
991 177 1586
441 761 1426
499 830 1460
237 1743 135
1823 918 1770
1600 1509 1236
609 1673 321
1535 537 1656
289 1369 1225
1246 418 1390
710 1329 1070
535 746 131
193 1713 1061
1402 1778 890
732 501 1872
1675 172 564
1877 1440 369
1834 569 813
754 1859 1376
852 64 753
151 770 12
1106 825 1337
972 1676 853
1733 1067 431
1018 306 1720
1180 701 780
885 604 978
1323 868 1300
935 933 771
431 1531 1708
617 274 829
887 1492 1434
25 950 1830
289 553 38
473 776 27
1881 1390 1590
61 275 1068
242 1558 1297
1801 1276 90
647 213 184
375 1250 620
376 909 457
1030 352 1590
1741 1027 362
1469 1312 1664
1662 1763 844
803 1866 36
1827 828 1344
1257 464 1785
618 1258 900
446 1658 623
1802 210 1876
253 926 1164
623 1813 478
1439 1403 1571
584 1368 289
372 1127 1208
1236 262 236
1822 906 177
79 108 271
484 1501 568
670 1007 1182
994 546 1526
182 499 984
1378 1012 1560
1163 1038 1053
144 1519 724
925 1560 1912
690 1196 31
420 1054 122
694 776 1264
841 484 1575
791 1638 1417
1641 1469 451
233 1552 20
1248 690 527
980 1334 1412
891 143 1654
1234 1560 491
493 408 401
1445 1339 1691
1559 387 1602
1556 1636 1871
419 1658 1016
38 919 357
562 1400 1084
702 1702 1694
77 538 853
182 626 341
345 864 595
602 237 253
1801 607 1218
1669 1655 711
1827 1551 320
713 936 585
780 1684 362
1833 1138 460
383 1261 249
883 1159 1352
439 1723 842
1970 454 746
1508 297 156
1902 23 1806
1493 1818 309
69 1515 110
1453 1984 760
866 1539 312
880 257 1105
214 18 435
632 621 522
187 1756 1076
1864 101 1633
1012 1310 1974
991 1496 1744
1461 226 140
406 1680 661
544 1883 1511
486 526 1789
1716 1718 543
167 1291 481
241 496 1397
178 1046 1564
1789 1979 35
1150 381 670
425 515 268
1927 1095 925
1360 1517 950
273 1612 419
495 423 867
1671 141 1850
1748 1919 221
1680 1640 57
573 790 1818
1280 84 393
1981 1932 188
704 1232 818
1958 904 1026
1161 852 666
1961 1145 63
673 625 150
781 1800 52
380 207 1786
803 2 344
1380 1610 1872
579 1120 440
158 432 39
581 1011 957
1839 1164 584
1552 726 1464
448 1766 487
759 1804 1299
1838 1744 772
1516 558 1484
459 174 138
1407 807 1794
442 414 1980
1733 788 677
1113 640 778
626 972 685
1717 1208 886
2028 936 984
19 802 1340
414 436 1827
364 1170 176
922 1982 1863
102 1864 344
615 1361 82
1610 1742 612
527 833 293
1122 1535 1779
868 313 1105
1590 277 1508
588 586 384
986 118 383
1529 568 117
1086 1052 372
1231 274 238
1470 1736 529
1601 696 1718
834 1451 1587
756 872 1862
1719 111 337
611 1584 128
391 1477 1606
1941 996 146
568 1931 8
353 1712 915
849 1287 699
1831 1130 1905
906 1224 1642
1973 705 830
657 515 1873
647 471 1767
1690 4 370
2076 1870 1091
1469 1383 853
1852 7 1870
46 708 207
1941 1416 1192
1574 2003 1690
1019 1654 1308
187 1787 849
1799 402 1796
305 682 1536
1040 2017 376
1353 238 1895
1508 616 563
369 575 704
1793 1348 425
67 1258 1623
1049 1457 806
721 485 1010
2081 158 1069
678 1399 154
1396 1578 1187
1385 1082 537
577 1694 1359
1992 1588 40
813 1955 1230
1323 1847 1882
1581 1613 1197
222 636 1041
1375 1034 293
279 176 188
1680 776 1834
1730 1980 924
625 87 1666
142 27 762
2008 2010 890
1913 405 771
1154 1572 569
788 1384 135
1039 489 2086
1343 693 2031
1979 554 1770
660 385 867
836 1807 1904
441 60 382
964 1064 1648
1858 1712 1222
1299 93 1024
1157 543 874
2048 1836 234
401 1581 1168
1036 1385 706
1754 452 44
301 1085 934
807 1008 1168
1826 151 1855
246 1600 2034
672 391 1261
1782 262 793
1770 1376 35
763 1774 470
542 1110 938
1444 780 308
819 1394 1048
513 787 1234
1242 1003 918
948 309 947
43 1125 586
975 1173 1194
1822 1217 1439
401 1099 1400
1359 277 258
1588 408 359
690 46 510
1220 474 551
1643 1763 2125
692 1153 348
1934 81 1888
2126 660 854
1262 348 831
1344 716 658
477 1836 606
1721 1967 148
1080 1053 650
1082 1840 95
847 59 866
1162 827 2055
919 1958 1262
342 513 1409
1889 1826 1588
1135 1128 1569
908 1655 761
1045 220 1867
1308 2065 1411
1207 305 106
73 294 739
1473 801 1802
1818 1015 34
1347 1248 319
630 542 571
1421 572 1956
863 13 1055
1874 401 2088
1146 2090 910
1280 1623 364
84 668 1777
407 1768 957
793 1840 985
2011 260 94
1548 1577 733
998 97 1096
2161 800 980
1507 145 286
0 130 1162
1825 1716 1390
1327 1584 585
790 1306 1629
1903 1269 536
1221 244 342
1932 1455 1591
1739 930 490
1913 2147 2026
1069 600 1439
2142 550 17
242 1025 1534
1715 892 2167
450 162 237
993 1595 2171
1880 4 1560
1567 1129 357
205 1735 880
1871 635 609
991 693 1559
1406 1166 726
1286 1918 1760
2130 2022 938
1435 2140 1234
1054 662 1830
1400 929 1300
1434 1270 1581
1453 716 1977
1070 2015 848
1632 2081 357
1450 1241 275
689 828 1589
1012 1802 658
172 348 1311
1276 442 973
561 6 816
336 128 810
1364 497 1860
2131 460 1989
1007 1436 1874
1462 2101 1706
1547 214 473
626 2174 393
732 1036 2060
16 1038 2118
1414 964 1214
476 884 1587
1906 302 1919
1563 873 1083
1331 90 899
1954 424 1258
1912 1207 1494
16 1360 1548
565 449 65
1226 1505 1257
84 29 1097
2062 1442 2118
1767 1134 2031
1920 1300 1681
1395 1964 826
957 711 125
1748 2067 1908
685 1973 23
715 1227 921
1523 1115 2213
246 1380 1113
879 867 989
574 444 1234
281 1015 1766
384 1589 1410
1916 84 931
1040 1069 1558
1884 1598 2038
1839 197 848
1426 657 1079
1919 1309 667
163 171 293
1425 139 1962
1589 1896 1317
1414 385 509
589 288 1796
1818 230 824
1407 1220 1458
992 1197 1561
1478 749 423
241 1416 292
1523 1530 2234
179 1927 1671
672 1281 1593
486 1568 1140
309 1552 1726
1858 177 101
1336 594 1095
1465 1929 524
2075 1292 1997
930 2282 1637
402 958 1597
1616 1994 1315
658 156 974
1339 1945 1322
1363 225 1188
901 1029 1439
2047 729 34
1111 665 1097
2061 2128 217
2163 2271 953
1623 301 836
1681 832 110
336 7 1358
1443 1931 1124
276 241 708
234 245 2191
460 987 675
359 163 1177
1702 1049 2049
1310 737 1518
111 1110 1006
803 745 1686
1379 1636 1139
2056 1104 680
888 1755 341
1863 244 75
627 1264 1304
112 668 1094
1601 1281 1671
1577 296 1394
993 1853 681
1143 921 1912
211 0 486
2306 1314 1511
1643 2246 2055
1804 1621 1428
1511 2272 2067
994 2027 278
1447 1929 766
2298 724 101
379 1244 646
1332 488 1031
447 1282 69
2134 1608 1004
273 876 1559
890 640 25
1815 556 1708
901 47 615
246 1624 579
1004 1908 1007
365 868 2151
379 2273 2265
1547 1104 1090
363 665 1283
977 975 2271
1121 2200 1870
501 2209 2029
140 23 1519
2016 1665 2061
1771 1269 499
292 860 727
1257 1077 1245
1132 1308 271
1740 1016 807
26 2148 1159
1193 2109 2113
1797 130 758
703 1120 2182
154 1077 1969
1422 1654 1609
134 1716 2264
2204 1138 1645
1286 174 1612
2040 1392 1048
664 663 1127
909 7 1447
1667 812 2025
2079 786 1902
1768 420 1528
337 2126 736
2359 915 488
935 577 1040
2282 1967 815
766 1530 1774
1119 2100 550
1753 960 1270
1779 1484 859
2275 756 1701
206 2093 184
817 283 1306
1185 1144 401
252 977 1360
75 1096 1945
920 1145 85
2006 2253 77
1346 181 1327
2182 1940 1149
469 1545 818
818 720 1189
1720 1403 2005
2107 1490 2140
2012 2076 2081
186 1442 673
772 764 940
2186 1917 2265
414 820 1209
2113 267 2218
2197 1388 1919
667 975 2084
232 1070 322
2332 964 592
532 812 1411
4 2058 1560
24 719 1318
637 128 2045
2249 1328 563
1056 1976 1915
1572 1803 18
1618 1936 1769
1198 1836 1856
1129 1168 1880
1125 922 1115
1036 565 1741
2139 165 1082
56 781 132
943 1022 2049
1086 245 1263
116 1075 2270
206 1664 806
177 250 2108
644 891 2375
2308 1392 816
864 1514 1790
263 12 540
698 681 398
798 1683 1276
538 1700 743
2036 1876 756
157 1029 2260
1098 276 581
909 2183 165
1114 2158 1341
1749 1447 1488
2042 1197 1643
66 1379 2292
1352 871 905
1487 792 685
837 1780 1790
1159 291 1492
1954 1300 587
692 314 466
545 1618 2330
732 1704 1508
2095 697 20
2007 474 1638
1126 329 1011
316 1684 1697
396 488 2074
1624 120 2367
1734 655 722
885 2308 2327
350 1977 690
330 2236 647
744 2281 338
1844 300 271
1246 224 1427
94 963 2431
552 2356 1038
1913 2249 848
139 398 315
246 1620 791
665 1750 961
1756 1205 52
1846 347 1832
1641 2332 1270
463 2382 1677
891 2098 472
1104 201 1389
936 1438 877
774 2207 1072
2062 1605 1028
1631 481 1919
238 2333 1140
2126 487 2111
1310 292 1126
1432 2137 46
1367 2418 1312
1928 1328 1416
969 1588 719
1601 1025 2123
2155 150 312
2166 798 471
2346 1435 1019
2156 774 1337
688 1505 1277
1051 817 1391
2365 613 1950
1906 1809 269
933 1365 2280
2346 20 1471
2289 998 1334
1394 1820 785
1239 88 790
1994 418 304
1241 2141 2180
1601 1398 1464
1940 2376 317
322 1351 1766
2424 671 2483
971 1328 1175
1715 1454 900
2399 615 1311
1409 713 957
1103 1795 2177
710 225 2490
1324 591 985
2391 2173 1344
1331 1006 569
565 625 1348
1738 837 2187
2435 2173 1294
754 1329 1889
530 1428 1549
377 619 2220
919 2006 1100
200 2242 441
2308 2363 1962
2336 421 952
153 359 1405
2019 2158 142
442 2032 760
567 2452 2080
1315 2369 1426
66 2266 1888
473 1230 373
2340 12 1370
1045 280 94
2251 849 1258
674 290 2340
1674 1854 1340
712 1751 2515
2212 262 793
2074 2096 1903
913 910 2503
2130 2307 877
1578 892 2450
1386 1585 432
1481 2191 1602
104 1685 295
2306 1502 94
2468 219 2140
886 1631 2280
172 450 1029
2190 1620 1772
921 1864 2292
1644 2215 1464
2423 1462 1117
114 1767 1263
2470 709 338
529 1780 1356
1525 1939 1065
24 133 2351
769 887 799
2033 2156 1804
1319 1393 937
165 2540 990
2266 364 478
989 1015 1862
1929 106 2438
1762 1244 1469
2052 932 2347
580 554 1450
387 1324 457
488 1146 2165
2095 1048 2257
1139 1361 111
774 2203 1256
1366 693 898
2375 1703 47
1349 221 1283
1862 593 1126
2471 1646 1087
1769 1370 1650
231 2159 420
1839 1470 896
46 2299 1796
1434 1883 1017
1039 2086 1763
834 1736 2302
564 545 1089
1016 627 524
1397 2524 2140
1109 1422 2182
1644 1753 1003
2208 2115 1338
1500 2188 221
2187 2232 1373
835 44 27
1314 1869 1779
356 958 2072
2005 2200 1478
142 1425 1139
158 2061 166
757 365 647
524 1400 324
363 627 2357
176 804 1310
1991 1669 2587
2187 1360 2373
2046 1920 153
2344 761 2183
2039 2272 1804
1928 120 1397
856 1177 1193
124 473 525
2449 2047 165
1247 1646 676
581 226 912
1458 1899 847
1525 1725 1121
2457 146 2497
1041 1447 2097
2230 796 1509
674 1271 226
110 1658 1674
566 1383 2371
212 878 2371
5 1415 1171
1844 2305 945
190 36 1730
201 1282 2308
409 1038 1792
1142 2169 174
502 77 2238
1539 1181 398
1294 1717 214
606 662 78
74 723 383
2034 534 2216
2077 1456 1171
784 2538 896
2359 1675 269
0 534 1911
2303 1580 245
532 2126 1326
2139 193 730
2074 2083 221
2045 2279 894
893 2538 99
1006 1691 313
2420 1135 648
1537 1398 397
650 1289 2308
2480 750 224
2058 1563 302
2133 1364 1171
1597 2566 1539
2424 510 2285
255 1461 1188
1707 2145 274
841 841 1815
5 865 531
157 2404 1264
809 492 1885
670 1617 281
296 2377 1211
2199 2172 1986
375 1046 1455
2561 9 369
1268 900 1217
614 1174 934
902 2216 2019
720 242 2283
1822 1172 678
2529 1988 875
679 1630 2499
1108 114 800
270 611 1309
257 521 1586
2420 1317 540
2207 269 1316
2538 361 1382
1152 673 573
602 1926 2474
478 787 160
639 1824 299
768 813 1462
1512 2081 383
1057 546 119
1217 435 185
678 136 1241
969 1386 1541
697 2628 1701
1094 2046 687
1928 773 527
1165 1135 1605
591 1878 310
1745 933 2137
998 1968 2214
86 331 1224
1138 1237 2491
673 347 762
405 1651 20
2141 1570 1868
1891 176 1170
806 661 203
733 2514 2158
1310 710 2081
2679 769 1417
582 1881 1274
2161 328 892
2390 2381 1362
934 77 1235
2109 1722 1213
406 201 685
1411 729 1001
198 2006 431
2443 787 1391
665 2220 2502
322 1621 1406
2686 1637 288
1372 80 1459
2014 2041 2116
989 1459 746
1125 177 1422
2566 1930 1065
2103 268 2607
931 1987 1817
841 2674 485
855 963 133
200 1543 419
997 891 1709
2682 1534 1736
881 476 258
395 571 582
1001 2029 1976
335 1560 2336
1309 76 2660
1609 371 1294
1818 709 957
355 2515 355
2454 1364 2119
2377 238 279
19 501 1533
2173 2303 555
2191 2292 1765
16 548 252
475 782 1841
1747 983 933
537 2503 1602
1078 1939 1390
1760 1006 2524
2182 1030 1501
877 2360 1453
1278 2005 2124
2676 615 52
1333 200 163
2383 1862 1740
1480 2098 753
1674 1184 1972
46 500 2305
593 1262 1641
1456 53 949
2698 317 2342
1465 2729 1039
598 411 1628
3 1011 1186
1308 1936 2543
1476 105 2501
811 2647 1699
2234 1565 552
2307 2495 133
1639 460 2089
507 1058 512
951 2634 1706
1686 2329 2010
2544 2498 2578
1766 989 209
2186 557 1793
220 2477 1289
1488 2223 479
1629 92 2114
499 1795 1495
110 1561 1388
1311 2427 1759
728 274 1121
1682 1974 193
1918 2263 1681
1793 531 2629
2013 1799 1620
2089 2132 1288
1142 1182 2053
1263 820 1548
681 1195 127
163 2266 1320
1801 914 2268
1356 849 1716
1073 1386 723
929 2461 1494
1430 1667 162
1227 2429 1502
906 390 193
2700 2620 1308
2603 2255 1473
2 2403 2707
2311 31 1634
1957 163 802
1554 2432 2194
637 831 65
2009 2720 1001
2028 612 592
1219 368 1511
683 2054 1623
2523 1851 2196
2239 118 641
1443 917 630
1473 37 2338
648 1935 267
59 343 1415
2641 714 397
2564 929 333
1746 404 1636
2437 626 1958
316 1075 901
687 1071 1317
522 1645 182
2056 2157 2596
750 1882 1904
2641 1184 1335
689 955 1787
1216 1574 2741
606 2497 973
1119 571 2601
2198 2023 500
1577 1617 2290
1036 1806 2126
1009 1597 1681
2007 556 2606
321 2190 2174
880 1413 2412
2558 55 226
2798 267 2552
2087 2761 2665
2742 661 2314
2180 1915 1666
2337 1212 2750
580 1172 211
276 2478 1648
2436 781 2780
2569 121 1202
1230 1626 621
1957 1004 1222
2238 2605 2831
1816 815 1914
1797 2569 1227
1001 1249 2817
2548 1269 1249
2058 1861 1124
579 1793 571
259 2705 1665
473 1047 556
323 2567 687
2270 484 265
1959 2747 971
839 1736 1457
880 383 665
2246 2234 2750
948 839 2112
1126 1667 2467
1665 2010 602
798 1172 1192
1863 913 2562
4 1923 1233
2562 640 2721
2473 727 2736
365 1025 792
1135 1133 2128
2383 2280 1889
1680 2644 2662
427 849 1199
1452 1817 2572
963 552 2017
1982 37 849
669 2119 2246
1843 2592 2104
1068 1649 2684
372 1778 1162
1256 2311 1990
2092 2537 217
764 1284 744
1013 1566 1326
2411 380 946
585 1868 2760
1024 2001 2029
843 1576 2842
7 532 1662
1988 2045 1390
158 1975 2079
396 1174 1468
2247 1528 2835
973 2142 9
2033 437 900
239 434 1104
72 2705 1215
1357 2242 1639
535 1730 1237
703 1907 1311
2525 1743 352
2145 969 759
2804 1603 537
1453 2747 2497
2386 835 2608
1546 1917 2398
1287 727 27
1046 2083 2766
1154 1761 560
750 2864 937
797 370 878
610 59 1059
2271 2772 2051
331 1032 2475
1006 377 2022
1057 1410 1693
929 2584 1480
571 2260 1102
2625 2588 1836
135 1724 995
2304 1529 2013
1924 2156 665
1694 1580 401
1318 1550 1331
1346 1146 901
1082 2185 31
2831 2334 2480
1402 2403 2284
2254 1103 4
235 1668 2203
113 1679 294
537 616 1384
1715 525 2070
150 1188 2240
2157 2184 834
777 2238 196
494 1317 955
2718 1459 1480
120 1572 738
191 1450 126
1299 2102 2708
1117 1172 2735
2179 828 216
2774 2691 2508
2733 1161 766
1735 2285 2730
1477 151 56
2306 2251 1440
2506 655 230
1280 1563 2438
1876 386 530
649 1164 1446
827 2690 2603
2631 821 195
1236 2827 1387
1181 2874 715
1587 1286 416
1987 1818 1115
506 427 736
2627 2480 1440
1432 2790 750
1608 1447 686
962 1450 1316
2628 2258 1645
2595 1613 1939
2098 1588 579
420 914 408
1149 666 1701
1758 1143 394
1561 2184 183
780 1151 2140
2104 2799 1327
2620 425 248
2722 493 1660
1656 534 547
1993 2780 314
308 993 972
979 2200 1306
2868 524 1548
1221 453 2009
874 2556 2914
13 1881 1411
751 2700 2764
2244 1100 291
1471 2400 2016
1644 1397 326
760 629 1530
1389 267 2742
1269 2907 495
1246 416 1716
2524 1046 426
83 2569 2762
2473 1881 2308
439 999 2398
2591 2848 222
1375 1901 601
580 766 2242
2042 417 555
633 2165 2058
548 1338 2705
2505 2546 1667
2372 2525 509
2941 2878 2508
1777 513 811
541 613 1585
2983 1457 1908
1187 2282 1081
384 2155 471
287 509 731
119 2502 1963
419 2032 2337
2519 2970 1401
1704 2540 1037
1613 2518 2025
2100 1105 2512
755 2523 2501
2803 295 1385
186 2782 1506
2566 1985 178
1636 996 1579
969 267 1046
1311 743 519
1171 2098 1186
1560 818 1862
868 822 999
819 1747 1727
2698 535 259
2926 2925 2052
1086 2245 234
714 2419 2479
2609 1573 2554
1296 721 1931
1306 847 1688
1163 1575 1542
818 58 1061
509 1939 590
1859 396 252
2274 369 1780
2476 230 107
607 1550 933
2812 992 1415
1638 2861 382
313 1499 304
79 1645 2596
104 1763 1974
2239 56 2426
886 1819 108
2437 165 1146
1363 2419 2275
2441 343 413
883 2791 2742
991 2301 1301
11 2459 627
744 2213 1769
1167 1744 1648
2436 154 433
171 1809 1380
76 1504 1335
2810 1773 1449
1051 2553 205
1971 3 2866
2735 3036 2737
1834 2241 1332
961 2862 1312
952 1622 2093
498 603 2136
1821 1324 1145
1616 1536 1183
2876 360 693
36 2910 2485
1482 896 946
2507 1624 2704
1990 523 2374
1672 1813 2367
242 1043 2680
380 2514 1162
2741 770 221
2804 2144 2173
2927 3003 810
664 1893 2055
2608 178 233
2227 1369 713
1190 2671 2102
1485 990 548
2092 1603 2210
315 201 813
2416 1685 871
1655 508 855
1916 609 2477
2291 2572 64
30 648 243
1411 1404 1337
2205 796 2740
1582 2470 67
2304 669 2661
792 1962 2652
2593 2798 645
2677 1077 1296
2182 1614 211
1844 686 1133
2680 2933 168
698 1922 2504
1480 916 1088
1044 1091 237
1888 832 2440
975 1640 950
37 79 1196
547 673 1265
316 1075 525
2532 978 2598
1125 1040 1723
2633 1455 2718
569 668 2867
1859 1477 2962
2490 2902 2905
1920 893 1891
2775 1013 1658
1438 1794 2116
2856 470 2490
3071 1714 1713
1537 1795 2010
2950 316 711
2647 166 1855
168 2475 219
314 591 1625
2048 982 2808
634 87 799
735 2314 1638
97 345 548
2760 1065 1476
253 2467 2814
1846 2406 72
1947 1935 1943
167 1873 56
1625 1840 366
2374 2170 736
496 1413 1578
24 1635 2703
819 2264 431
2295 2618 841
481 2875 1319
2543 737 2326
1523 2908 759
853 660 1779
1533 1707 1091
3092 1995 1503
3060 427 1291
11 2694 1715
219 1440 209
736 969 262
2621 682 2645
2445 1515 275
2748 460 3056
1481 375 230
734 1799 239
2340 2894 1579
1373 1715 1068
735 524 1990
1082 681 2214
2347 454 1556
542 2204 3070
2080 2228 1239
2515 1380 2265
85 1725 444
1746 1726 363
629 651 2539
1781 1964 2686
1306 1430 2820
2357 590 1195
1440 1464 739
1021 405 1271
2019 2043 1530
1413 477 1844
1419 1210 1374
2372 250 2818
208 643 1733
1112 626 82
359 1505 2008
357 1966 1140
1806 1432 525
2318 3113 714
2931 2414 2415
2921 1683 2339
1348 2893 427
538 2118 1881
996 1541 504
902 409 1266
482 512 1422
1437 1603 1365
669 1284 492
1839 3061 648
2289 683 1673
613 1623 1335
1017 1032 1202
79 875 47
960 701 1026
2115 2667 2427
720 558 309
2199 2247 307
1327 456 750
1159 2666 3117
1409 2013 1197
2203 3001 2570
187 1822 1590
725 1661 2671
1838 1866 435
2651 1925 214
488 29 153
2455 2856 131
1988 2314 2688
950 896 522
1263 1832 778
2508 1381 1368
2166 1227 2295
718 380 511
1773 2703 415
1801 411 247
331 1991 1176
468 2077 721
756 1353 2848
2811 1755 553
2208 1154 938
1976 107 2325
896 2515 2106
2752 1608 531
77 177 525
1352 472 414
2276 3096 788
1128 1148 2634
3073 1384 1795
490 2075 873
2114 1650 2411
1859 3136 1346
3105 1105 76
586 1659 215
861 2297 683
416 966 1628
3130 1041 758
465 938 1121
2485 570 1622
2099 2284 1636
2916 1086 2239
1061 550 1389
36 2889 2208
211 399 552
697 1980 358
2079 1983 1909
2932 1902 2783
1075 2850 2265
687 669 30
1786 2976 2261
485 2772 224
2807 1767 2326
1695 1339 2288
2641 3000 496
1593 1745 3044
980 1311 806
1832 1568 2457
903 2030 1114
1467 414 401
3070 1669 600
1638 2856 2947
951 1552 2045
1302 2579 196
2826 747 465
928 1344 28
1402 1008 405
178 1984 1070
2133 2738 796
240 2537 2427
3096 193 2552
2542 916 2922
2817 761 2348
519 675 1801
1819 1652 1696
2908 69 402
1521 2046 2550
3265 474 2254
651 190 2260
1647 2373 2194
2985 16 1555
2349 2459 832
3007 386 2928
2078 2592 411
516 2650 3035
613 409 2830
2587 2844 1903
2018 2092 2941
1180 995 2801
1211 477 1479
1677 495 746
900 2578 1479
2935 294 229
579 1642 3257
930 1209 1941
660 47 2409
2804 993 2446
3008 2828 314
1824 1426 168
2623 212 679
3095 302 1245
3289 245 794
2800 2050 1477
3048 848 2536
515 1778 2561
2782 1389 951
2909 441 2166
2637 3116 3133
3187 1255 2297
1653 1804 795
1365 1284 3082
1314 3074 2839
1021 1301 1631
613 1853 3164
95 1430 1235
999 2406 2872
142 2029 687
1839 759 2656
2304 3238 162
1587 567 2521
592 3066 1533
1363 3069 2223
282 1213 2195
387 789 1274
102 829 2905
535 2712 162
511 1428 3164
27 2648 712
158 1453 1891
910 727 590
873 2114 759
926 2288 2199
2073 744 220
3282 222 885
2710 847 3054
2442 205 496
2873 1521 620
2976 331 2631
535 2366 752
1513 1477 2934
1487 1739 1867
1395 1373 3153
1338 1081 1747
647 422 659
952 347 1007
3006 2888 2558
1928 322 2046
2876 1490 1814
3002 1066 2561
3120 227 3304
1096 3141 2440
1982 154 739
1133 1270 2470
366 3329 2812
1234 2495 2595
2458 3070 863
2723 1114 2494
2653 1324 1045
2753 2101 3265
533 1583 2639
596 2888 2049
2235 1890 1331
1686 91 3168
30 629 255
188 1005 553
2996 325 1533
1795 2612 1261
1952 1860 2271
390 629 2870
3155 231 1682
2810 260 1323
564 2371 500
3120 2447 1743
1009 2418 1151
727 3000 1195
2329 1597 1493
2639 2551 1458
890 1262 475
1373 3206 1789
1011 707 1924
950 1304 1908
674 1477 3299
2958 2097 323
2673 1924 1141
1628 460 315
307 170 445
2583 292 2871
1701 913 690
277 101 1352
2118 516 2203
2687 1582 2865
3228 2887 434
3248 1805 738
802 1672 995
1054 2424 2132
311 500 2018
2193 2193 2850
2082 2180 557
3016 758 2355
1319 1886 2252
250 2789 3298
1378 2416 984
784 683 2955
2622 2100 656
3041 1651 2723
584 1504 2794
234 1885 2665
2516 1716 496
1026 543 2864
2178 2336 3154
1101 1719 871
1832 3262 626
1683 2108 3167
3115 1673 217
546 1909 1412
1106 1889 1302
1174 2917 712
1361 1847 677
2364 3200 3191
302 2763 2801
2187 47 1956
1057 3413 2778
2474 3368 107
2149 788 2218
2305 1683 192
317 2606 647
3179 2490 34
878 1537 1014
285 1641 3012
640 2462 3152
600 2541 688
827 3038 1117
679 1247 359
2256 1298 3409
3217 1599 2493
450 1045 904
2703 2774 2520
211 1813 1811
1448 14 1432
277 1608 3281
43 593 956
2305 2131 2138
2158 2008 1991
2142 2945 3237
3357 2430 2149
1635 2603 3372
2994 705 644
3276 2201 1271
308 3322 71
1180 1855 1631
1033 85 159
1338 2144 2091
1980 817 1004
1215 2861 2111
32 594 2956
697 2136 779
2254 3172 3261
2421 2787 3328
2584 1457 488
2874 1238 1330
1329 201 1389
2919 1523 1156
155 2804 2162
406 141 1013
2186 1450 213
1474 518 2223
265 195 667
1390 2826 3175
671 950 2465
3154 2306 1320
661 837 1015
2643 1878 3425
506 1696 2638
991 2287 1205
1268 2326 2555
2825 2527 18
3423 3068 1140
192 1807 2111
1515 383 2898
1 2000 2967
2331 1658 1222
1583 1543 830
2225 2408 1605
1555 116 1621
242 3433 2775
2425 394 183
1115 1921 1936
456 219 1294
2823 1666 177
1403 413 2446
743 1038 1422
383 2225 2529
2330 1940 593
852 847 1814
2160 3428 1889
185 2668 3
2175 1923 336
3068 1687 1191
2446 1043 3309
2440 849 2998
3254 3450 3467
419 1311 2680
735 1738 741
3370 2727 2588
1072 2320 798
3465 1592 1261
746 631 1225
118 1655 1837
1602 1278 2426
232 3424 254
3323 2548 761
1750 2197 1713
351 1665 2733
2296 742 757
2103 966 594
258 1523 2529
3146 2936 1140
2718 2241 2004
1815 461 459
936 683 1438
1693 2478 3476
3055 531 1440
1320 196 632
2351 2723 2775
1933 10 259
1189 915 3146
2125 56 1280
2951 3120 2787
2938 2135 3473
650 1244 1791
2665 3167 1001
376 2848 2877
256 3400 2997
2382 1107 3474
1660 3205 1529
181 2230 516
2093 1652 1152
1006 2453 1635
2362 1145 183
2954 2161 3091
2873 1870 2248
2285 357 2894
3064 1438 2788
3478 494 3483
172 2694 2223
975 2953 3188
2683 3245 2548
7 1559 1603
3470 3176 596
3400 88 3052
592 1690 2963
2202 2626 896
1020 3319 696
3264 2921 160
2882 2075 2983
3018 761 2210
2731 1545 1962
1005 1757 707
2091 3022 1888
3229 2605 3230
1108 680 638
1866 51 2606
2559 2972 1491
3094 1512 875
3305 797 1301
982 2757 1503
657 1838 2134
2743 2365 3457
2076 186 2591
640 2984 1520
2932 1644 63
161 2900 174
1972 2714 1302
2557 851 3482
2841 317 3144
2154 3548 1183
378 356 589
1454 2879 2780
366 2902 2779
3255 832 559
623 744 3264
3204 1681 1613
92 2 320
2324 3279 2776
1653 1155 2551
1960 1307 927
573 2882 1562
3307 2242 912
135 3004 2820
2637 740 1745
2380 189 685
1765 1229 2498
2537 2668 404
166 168 1318
2544 3250 3194
1028 790 1198
2027 3120 2088
2549 1837 2263
1123 2587 3033
1049 12 1140
1754 2038 2820
1187 1856 3163
3073 3317 742
3221 366 648
1550 1492 2098
340 2979 3015
89 3286 2439
109 3398 2458
738 1259 3302
3270 951 2006
1514 586 2864
3328 3352 2877
2387 698 2970
782 1511 1033
803 273 501
206 1736 2113
2684 1294 1674
1964 497 258
1718 2581 2200
1802 1297 2869
2092 1997 3221
511 2242 1389
1428 3569 2449
2752 382 2061
1906 2920 933
542 1470 1924
30 1244 2027
2138 3165 415
990 3140 1890
2975 1870 3294
1261 2948 3422
1985 1843 2065
165 3005 3096
2818 3272 368
418 1138 3029
2435 1398 2492
189 2817 1508
2165 3218 278
627 3590 2631
1853 1165 1337
1366 882 2233
3192 1927 3078
1817 472 1798
2531 508 2856
3178 1925 171
2008 3058 1762
609 3610 2413
805 1747 1179
2009 731 2123
1871 2093 1152
646 3581 3142
210 599 1649
893 1978 1985
1498 1260 0
1772 2331 2968
1398 2781 2024
2843 3074 1747
878 3644 1562
2149 2197 2537
777 1832 186
3604 2258 1501
810 395 2235
3250 3400 3607
990 1945 2233
3065 338 1706
1861 2337 2102
2500 453 2676
3440 2879 1605
332 2555 1464
977 3174 3506
2053 1057 2613
2900 903 1602
2155 3324 1176
793 2020 2294
1225 2059 130
2721 2187 1048
567 2493 568
2797 2255 409
728 2944 1630
600 936 458
2345 121 3421
657 1983 1702
1218 1839 1822
2650 1714 2206
1362 3464 612
290 3614 1431
2320 2918 587
803 2150 3469
1908 2744 1686
3162 653 2484
1849 2403 2505
1345 158 1177
2970 336 3613
659 2239 2819
163 3656 2167
188 2005 2645
659 2420 2235
3628 760 1479
2545 298 2272
548 3390 1258
1097 1926 3528
851 844 2015
1442 2042 2917
58 2549 2699
964 3005 189
613 3294 2743
1656 834 359
1286 2373 2417
807 253 3428
550 114 1680
425 887 119
3054 2619 3367
2286 202 3595
1388 3611 2041
2843 583 1419
841 594 2601
1722 1423 1001
2942 2301 274
2910 2870 2422
3208 1150 316
3694 1952 1861
395 1746 886
552 96 1454
1980 2349 2243
1445 1685 2246
360 2601 1381
1983 61 1072
2422 121 731
2854 1913 1015
1561 1771 2769
1688 2029 3613
1940 1129 1327
582 2758 2978
3188 176 1284
2770 2980 1265
265 1243 1657
2582 1007 3236
457 2083 317
1892 3045 1590
1137 788 3529
347 1825 2730
334 1812 2760
2479 100 1878
1305 3242 2343
3079 2713 1569
3337 1360 1514
480 1019 1057
964 322 3435
1038 3381 853
1656 589 46
448 227 1610
963 1300 1120
3372 113 3153
718 2520 3173
2742 1297 2662
3081 1482 2965
3066 954 2277
2201 497 883
1670 3304 470
837 1461 3182
1853 1493 1874
2710 2056 1874
8 2072 416
405 1609 1790
1823 1938 2635
603 1774 2602
866 3353 371
343 1391 3284
163 3024 2423
1460 631 1525
766 3453 80
1440 2803 74
1165 334 2006
1436 1743 57
1049 1291 2336
1485 1873 1001
3708 2851 3438
993 2910 58
3734 897 2367
1300 1971 2187
1090 812 1948
2258 3432 1522
1946 2726 3103
2826 970 1139
3364 3345 1770
2620 1182 239
3471 1523 1458
1251 2339 135
1380 1218 2428
2173 3622 1178
3178 3708 15
3364 1154 1186
1718 526 1106
3625 3423 11
968 3146 1312
1145 698 3298
6 3161 1711
372 93 401
2074 568 3489
2476 892 2408
335 2798 1725
3627 3313 3523
972 3503 500
1696 56 3133
3269 1964 2305
1645 1569 1402
2400 584 1629
814 3244 347
1831 3518 952
498 338 711
350 1451 1345
2673 3228 1282
3065 2946 1727
3728 3430 2213
1968 2065 2385
2376 1286 1129
2448 234 2938
279 3081 878
2771 1981 2398
2618 3676 2481
3079 3070 1218
41 2497 670
1211 258 2064
526 3170 1435
135 2980 3578
3145 1376 2034
3513 1587 524
1270 2964 1407
1044 3035 1328
870 529 1357
1472 2943 693
617 1658 3568
3569 2642 1601
3417 2676 3593
1055 2629 3108
3356 2308 3583
3451 3334 2706
2518 1408 918
34 2400 2029
2575 459 1933
2970 3540 1487
1918 2501 1119
149 108 2125
1103 929 2459
3764 10 2464
943 3718 1182
844 2786 3819
1922 3460 3005
66 2657 1080
1205 453 673
159 1315 3601
1790 3535 2117
491 359 259
983 532 3377
939 2494 3789
245 1016 1248
3790 2485 3279
3210 264 2151
874 1653 3102
1335 41 657
2863 3033 1031
566 1794 1828
2830 386 2449
2201 1704 391
2835 1893 1971
1565 2021 1077
2194 1292 3369
1017 3015 2816
504 445 856
2486 2138 131
944 1415 2563
3049 31 2507
2689 3375 308
2731 289 1945
579 1250 1372
2640 2673 2714
3344 3252 2440
1406 2189 3255
2893 2488 308
2009 60 768
3738 3104 882
1661 2686 2518
1020 2712 3623
3646 421 912
102 1450 3871
1911 1764 1527
2240 828 508
2278 1889 3051
394 1922 1622
765 349 567
316 1872 3021
549 3562 1973
261 1438 1193
391 1418 1660
397 2196 2363
3822 2348 1248
3426 1322 164
2679 510 3251
1449 1459 586
624 115 943
3352 3283 3094
594 2835 836
2182 427 2688
621 3020 3148
3566 597 2017
83 1202 3644
2173 2981 2321
3291 3098 992
3677 1725 3295
1542 3064 1762
16 2475 1260
809 2217 3134
779 2980 2430
1612 649 1837
2572 1382 552
3846 1515 585
1712 3689 752
144 1955 2961
170 1651 2158
301 2863 768
2305 3244 523
1423 2697 553
664 2409 2164
9 1291 1064
739 3914 1958
3524 14 296
233 1926 2871
1147 2864 1983
618 3097 252
3884 3480 873
3618 1424 1801
757 2752 2861
2668 1682 1719
2716 2274 2728
456 1854 389
1661 2562 3856
723 3068 23
2563 2304 3831
1805 3106 3204
1910 3036 2789
632 497 962
1024 819 3164
2359 2056 2971
1494 3602 2473
3316 892 3879
1248 486 3921
3416 3267 3294
1969 3119 1275
2537 2705 2921
1340 3488 3555
2188 3433 3922
2881 3187 810
1074 846 2058
2358 120 1194
3847 1171 736
3630 240 2052
955 1813 3725
2425 3130 572
927 169 3292
3779 2192 1067
772 921 649
1716 1826 3440
2273 2806 2566
3936 3711 973
3330 3524 3214
3440 2139 1878
2846 2234 1491
2019 3335 1665
341 338 2098
3068 1145 3168
2614 3910 1839
1038 3132 3825
3721 3570 3450
2461 2690 792
2285 236 1296
625 302 2689
2253 3734 253
3153 3845 2034
2684 3632 926
394 3676 718
3783 3959 1087
1706 3594 2662
1571 477 1494
1046 3234 1642
150 3943 2392
2732 3266 2668
2563 1076 790
2718 3374 950
308 2863 262
2222 2584 1417
2545 956 621
380 2922 2963
3587 969 251
206 3082 3670
3576 1894 834
102 1351 2222
1781 3070 2346
849 1226 1385
166 902 3702
1726 3769 3002
3011 2879 1042
2511 923 3413
424 1548 1094
3601 518 787
2597 3920 3011
3205 926 2576
3205 1878 1023
3624 3323 2373
2448 3041 3950
3075 3746 3899
1375 91 287
1074 2122 639
524 2459 526
1767 3514 3659
1720 213 3925
2490 1129 75
832 1879 1218
2160 516 2530
1923 2219 3992
842 3497 32
4007 984 3219
2512 3755 884
2807 2213 172
3588 1948 3069
3722 3372 1505
3736 1272 497
566 3220 2389
3567 1061 1119
1450 1480 942
3573 3574 566
1586 3321 2020
1564 1188 3140
1105 241 2037
3616 1544 13
3587 3583 3362
1736 1944 1379
1993 482 2288
3741 49 2314
3533 375 3032
1996 1477 3072
606 279 2150
3081 740 3123
3562 1653 1672
2451 2342 3385
2774 2571 2531
69 3752 1082
2760 2736 1970
1585 558 797
187 325 337
2235 136 1380
3283 3864 1793
2338 2714 1634
2407 1816 665
1763 674 736
694 3236 2940
4015 1173 295
2502 16 2359
1368 3169 2347
2241 3323 3704
4041 3153 368
3529 347 448
403 2126 1719
402 3185 2351
133 1316 3219
2024 2306 1287
1743 2343 1595
2340 2777 1757
1794 552 1782
565 3572 3455
1442 337 1265
2278 551 1371
2531 3543 1117
1195 553 2361
3511 3451 1358
3716 2332 977
27 2775 161
2170 4002 1222
502 1632 2977
3012 1561 971
2095 3675 2926
3391 3880 851
1628 1991 105
3968 2567 2377
2670 3270 3535
2527 1350 3131
1061 2038 2149
3957 3083 1948
4037 586 1463
636 1507 1790
3253 3966 1609
397 3152 1001
1403 2909 4069
3915 1111 402
1331 2435 1994
2952 2837 2651
1995 2105 5
813 202 3439
3318 2084 3106
3551 213 937
3902 1805 1572
1187 2981 1967
3838 2783 3571
3101 1638 3301
774 3024 3293
2226 3330 1611
3455 2452 119
2684 954 381
203 1618 3357
3014 273 1302
549 3460 1631
572 3411 1772
3080 2813 2888
257 321 1465
2563 1277 2904
2653 3501 3320
428 3520 1912
1121 2 1544
1940 3926 2381
1560 1672 600
3333 391 1132
3569 2912 2546
3878 2054 21
3566 3433 835
2232 1766 484
1239 1038 956
2848 3677 3426
117 1068 378
3672 1283 3514
3921 3408 206
3283 1275 292
4023 2606 1043
62 1057 966
389 9 3621
1098 2979 3145
2577 2568 165
869 902 1754
1524 3793 1652
1209 2904 1890
2339 209 963
3653 228 3526
2406 504 1182
840 354 2950
1217 2908 1058
2377 3570 2884
2080 1452 81
1596 3955 3371
1611 2168 339
2389 2594 1807
3595 1450 2963
2224 2153 3232
1378 3207 3801
3972 1262 1447
1087 1825 975
1018 796 3315
674 2995 166
582 1384 1581
1209 1021 2587
996 3086 597
3721 3315 1298
2142 1747 1858
2360 631 3714
217 2696 1701
3365 3061 3967
2105 3912 1826
2555 1394 665
872 3663 566
3649 2400 937
1918 892 3070
2768 3759 1260
2361 2458 160
2551 3266 4151
1974 3630 323
3318 1202 1321
1421 2850 1406
3431 254 1765
4043 2622 1915
496 145 1887
684 3436 643
3950 3167 3093
2095 196 3926
292 2701 3382
316 3408 1683
2205 1538 2854
1824 2550 361
2970 3146 93
1104 2094 2648
2229 1573 1430
486 829 2815
488 4004 759
2432 2743 2389
2622 2059 3769
3909 1244 2876
1759 1967 2665
597 2276 693
909 2832 2591
2972 3771 2301
856 2458 72
3324 4104 447
4116 1689 3223
3940 3993 1725
1419 3850 3029
1111 469 4141
3190 4180 4189
89 2424 3349
225 3644 1070
1286 1895 412
3933 944 3193
1552 2381 3159
1123 81 743
2886 3763 576
2919 3943 1655
3511 1792 3256
1750 3311 2854
3170 968 1118
3772 3237 1445
2349 83 126
1222 2934 773
316 885 2835
1621 1692 2314
1132 359 956
1447 4082 3312
854 978 1039
827 683 3956
2998 2676 4140
3272 2365 2798
543 2043 2295
1487 982 3048
57 265 2828
1431 592 3964
525 3627 3076
3815 1586 1656
501 1724 3459
1885 13 4103
2387 2723 4081
2616 2702 1675
787 3718 1213
940 216 4019
171 3622 483
1975 2485 3794
2818 2049 195
2586 1675 3080
121 3153 2687
994 3437 2139
828 2326 3809
3367 162 776
3568 3457 2498
3268 2398 485
2349 725 3421
3276 3425 1795
4230 631 1864
2500 2999 3303
2875 1966 2397
1854 1756 4158
1044 673 631
3158 1464 3529
1690 371 577
1992 2345 3994
3045 64 725
1857 725 960
2793 1416 438
542 613 285
2905 3753 1155
2725 4017 380
419 663 4106
1407 3724 755
3032 1886 777
1022 2195 1848
1899 164 2483
1498 775 4186
3880 2080 2313
3016 510 2847
435 2336 2690
3353 3107 3705
2770 3868 4165
2680 573 2126
2220 2077 3316
116 666 3086
3276 1156 2554
3524 1306 4240
2205 635 3664
2878 2912 184
884 1791 748
68 4234 2441
3224 1894 1982
254 322 3681
1713 1449 769
699 527 1396
826 95 479
2679 2737 3823
1812 3647 902
1905 340 2860
2583 2654 873
1960 594 391
2372 1110 3202
3853 1141 19
196 1571 2326
3949 1611 3378
1858 1811 3548
750 4179 2648
444 4266 0
4018 2812 206
841 340 3627
1687 1318 1091
2039 378 3490
2921 3834 3745
3151 3961 987
3920 4058 2682
3445 2294 454
1707 188 4103
734 333 1804
2091 2881 3027
2895 3188 918
4167 2164 3161
3347 857 110
3846 2157 1888
4066 4009 882
1733 433 2441
2132 1051 2855
1869 2501 2124
3322 1553 2675
295 758 3409
1040 566 3192
578 3474 237
431 413 2835
3619 2553 2087
3154 2357 2588
1884 3118 2467
2419 2904 751
3218 52 256
1626 1673 1101
259 3638 76
2727 347 2777
2717 1441 711
2533 2377 2606
2349 3595 1640
4192 1304 855
1885 201 72
3834 2505 2919
782 3727 2347
2907 885 3153
3846 1599 528
4263 1827 1768
4015 3779 3734
2300 3079 1597
3227 789 3780
1717 1776 2335
2047 1374 1112
309 738 1011
762 1954 3966
2548 3725 3972
1927 3226 1917
962 1490 1227
3039 4082 1163
1672 3921 2388
3062 32 399
1632 2403 3172
908 1300 3661
1000 313 1820
885 3433 141
1917 2045 1424
3187 2734 116
1209 3111 807
2700 694 3537
442 1635 2796
3958 1802 938
2653 4298 2131
979 1453 3177
1035 725 3192
471 798 401
68 3150 752
1310 2461 1970
2618 674 2864
3087 1044 4214
743 3837 115
1062 1162 165
565 3424 3480
566 2280 428
3547 734 1791
2718 3691 2926
585 3878 3503
3113 978 2539
1786 3113 1666
3990 1752 879
1575 3112 2803
1288 3627 445
1010 297 1907
2708 4000 1807
1645 751 4090
3883 1534 4167
4272 317 3917
543 632 3685
818 949 2337
4194 4355 1338
3773 404 148
937 3114 3253
4104 3663 3568
266 2059 3571
999 137 96
3512 1414 4080
2472 3911 1802
3029 3332 2009
404 1726 3045
731 1236 2564
1115 2484 2973
174 3560 3380
1209 3184 1455
572 1186 1968
187 3829 814
109 1445 1771
2631 3162 1315
2810 2575 4213
4200 3765 3206
3980 2930 3818
1209 873 543
1435 2104 1213
955 783 1692
3871 2711 4163
1801 3211 3054
463 100 4078
1592 816 2492
2019 2897 1975
4063 2708 3536
1165 3542 1492
3400 2571 2149
4380 3125 213
1516 3522 1376
904 373 126
2189 1447 898
1576 1469 155
502 2927 3368
2995 3504 4079
2583 4376 3945
772 1275 4353
1958 2184 1888
1051 1597 3507
2415 2265 613
2497 3802 749
1306 2887 71
732 2656 3508
3217 458 945
1626 3416 1496
502 1837 3728
2742 664 3808
887 3320 2198
1680 233 1104
3912 2240 234
1980 3332 56
257 1924 3609
598 2542 3581
1673 139 2921
2663 1207 2274
3130 2742 3923
1025 2983 202
2410 4361 1516
1829 3967 936
1396 4372 2500
2306 547 2844
3093 3771 255
896 1628 2859
1742 917 2635
773 3496 4295
2305 4350 2774
2718 1541 1435
3607 617 4072
3830 988 2233
991 421 3406
4222 4315 2440
2383 505 1732
4066 3663 2803
3722 4229 3042
1606 270 1173
1120 3261 58
141 2804 2737
575 1250 1517
1817 1655 3333
4049 1740 1483
4412 615 1022
1998 1863 3256
4097 3640 748
3581 3621 3429
1436 3830 1251
3918 1728 460
888 2457 3354
364 2606 4020
605 1947 2573
2936 4043 1014
1427 4328 2394
2912 91 2961
3892 2622 3858
3637 647 4197
2478 902 1987
3562 3986 2875
4404 3130 3900
3675 54 3857
266 2843 1817
2276 3630 1064
1181 2984 259
2062 2834 1683
2670 2257 405
2848 4433 3703
1346 319 2440
2630 4100 2921
3405 2304 1440
2067 3579 2246
2379 1759 3401
539 577 1946
3056 4172 3616
1599 4195 1677
4102 91 512
1599 1940 3757
3589 3240 3379
1388 3113 1341
4265 3537 4044
2522 2479 4330
1464 99 2783
3218 4343 2321
4034 1762 3864
3577 1237 1672
3395 2461 623
1151 86 4040
1004 3050 3143
699 1809 2164
3688 892 2604
2930 525 1569
2117 2256 1934
1481 630 2142
799 955 2873
234 4400 3028
2127 597 3375
4404 429 1729
4500 3905 1877
1538 4444 1367
1348 4162 3795
4059 351 2997
1375 772 4224
2427 2718 2276
1687 1152 2818
445 1031 1738
3100 4081 3778
3086 1344 2649
2080 2121 1428
2962 441 2565
3838 1112 3270
629 1898 1935
304 2603 2889
4240 2492 357
2805 34 137
2951 4115 953
812 3872 3838
549 960 2987
2806 2702 4
2286 450 1734
3348 2054 2914
4092 580 1542
548 978 2043
2467 1736 1842
460 1703 3328
303 3783 2338
737 329 3923
2834 1551 3881
1917 407 3722
514 4349 2539
3855 1070 3052
4350 44 4525
3229 3743 1510
2827 3814 2584
4523 282 352
3857 1639 2640
4517 3336 1996
3653 13 2141
4171 2623 410
3225 1857 3998
4271 2992 4408
4098 2791 1934
739 3808 1986
2526 4507 2688
1378 2516 3329
805 3400 3768
1801 3126 4226
898 3883 3557
350 1787 4193
3227 3463 2011
504 273 2674
1838 721 4070
1945 2548 2709
3295 2050 2838
1592 1039 3438
4208 3492 1866
4253 1420 4303
1660 634 3276
3035 3860 1104
356 1204 1432
3103 2284 545
3323 4092 4055
2628 1765 276
1431 2783 19
1588 256 1394
1455 1424 2273
455 4072 2838
2758 1180 16
429 1895 3318
3497 2492 3860
2790 204 124
1724 810 1071
4007 2726 1449
2016 1580 2481
1654 3218 337
235 2518 473
2443 2263 1507
1525 2426 984
822 3007 4169
3797 4015 2120
234 381 4283
1626 644 2006
3164 3888 3504
3817 1092 3104
800 3523 3660
1218 2513 4313
4069 1119 3514
954 1062 4351
4600 4222 2352
1877 2783 2107
3062 2354 3593
2559 3145 1339
3818 3876 2565
2612 1267 3937
4225 1820 884
496 829 2171
413 1664 1158
4473 841 4085
3337 3883 2315
1685 3032 3454
3220 3702 3188
2354 752 177
4028 2292 682
2268 43 146
957 3253 2966
1959 1133 1249
851 4383 3829
1779 261 4414
4550 3473 1036
2024 2905 2249
4561 1297 2252
183 202 2736
1143 388 1704
2809 3695 4558
1406 1242 4411
3648 224 2362
1285 4544 657
3725 2085 805
514 2172 3805
3055 1373 1052
2298 785 2753
1376 3850 2805
125 2482 1453
3913 3496 1940
2266 538 3751
529 3127 4074
280 3616 2656
312 841 4549
66 3153 1985
367 3490 1756
884 543 841
87 47 3954
1497 454 1650
4239 2083 2410
782 1645 3438
473 1477 2915
2368 689 4172
1035 621 599
1506 4017 3135
3908 190 1073
950 1555 4073
747 2593 995
4271 563 1593
3507 3958 2673
3502 163 583
543 1501 3216
4072 2852 3667
214 1206 280
4323 1159 3064
732 1416 3297
611 3672 2996
1972 1688 3128
1211 3603 1418
2945 1734 2950
1326 437 1583
1760 2624 2482
1223 1511 3043
4085 2015 750
1915 4548 105
4491 3248 4109
2955 1215 263
4363 4271 2828
1211 4444 3795
305 2512 341
2847 3357 1135
2797 3782 4047
4492 3716 2654
4361 525 1590
3979 843 580
1724 2718 4001
1822 769 1178
4058 3912 2273
4097 4320 4149
2730 57 3794
4292 1782 486
3894 2699 824
2054 5 2077
2451 1129 1552
3994 2927 1542
2185 2665 2963
1535 2165 3395
1037 4255 1775
965 2314 4099
3774 908 1703
4096 4365 752
529 635 2298
511 4509 4523
4036 735 401
350 649 3565
1008 1891 1055
834 1350 1656
2842 59 2927
2634 490 3390
2906 3851 164
1641 370 1799
548 2799 2839
1675 2692 4383
320 4501 1304
1655 760 1216
2137 2620 1937
1198 2014 2149
3799 3522 4376
159 3691 1848
2838 1309 3391
576 1995 1845
2742 1507 1364
399 3497 2956
4522 3843 3355
2460 1776 2158
3409 2568 803
880 4310 1781
4211 2713 3049
4636 2512 2385
1584 2684 2212
1494 3268 3241
4302 288 4568
2054 2068 2845
2038 3563 1868
2604 2263 4676
780 1659 407
1176 1059 1132
4254 4366 4659
4607 865 4647
1773 2303 2377
570 4302 2062
3786 2303 2464
2476 1741 634
1299 2052 2936
1455 4600 1092
92 1701 1099
4346 1501 4164
1590 721 164
2105 2181 4513
1312 1642 754
2308 2321 3445
3655 223 744
1483 2368 570
376 2098 681
2294 2628 1061
4195 3909 1211
4109 4639 3823
947 1354 306
2987 3642 2827
1398 3188 942
2399 4493 280
3906 2086 182
1091 4603 2300
4045 3924 2071
4536 411 4556
3409 1370 3816
3335 3886 3298
2910 681 1108
1945 3385 4199
1559 1010 1363
3755 4175 3200
3508 581 2061
3225 2031 1026
4051 247 1259
2399 1416 4569
1795 3924 297
4381 2434 4642
4297 2501 3102
1455 2035 2463
260 522 1579
1953 3208 4155
4067 1832 2927
1549 2785 3678
260 684 69
4112 3755 54
1494 2450 1121
829 3720 739
3543 3673 2854
2271 131 919
3060 2250 4740
2184 4357 1726
3177 4091 4066
4722 4100 2909
180 1073 1099
4484 700 4162
3377 2244 2118
144 4019 3589
4683 3734 2756
3757 3181 2594
863 1391 4276
2767 2828 2604
4241 2927 4023
3861 2103 3181
22 0 3135
3836 1016 4591
483 4791 2545
4621 1004 1220
4578 2030 4284
4344 4050 4257
1206 154 1273
762 1321 4351
4512 4017 3479
4155 1525 4187
1706 4503 3474
4305 140 4535
968 795 3364
1383 3666 237
85 4013 1540
707 517 990
4368 2022 4408
1238 3471 751
3257 2529 4233
4638 2618 1403
2132 4602 337
4723 1468 2076
1122 4648 2378
132 888 3465
2860 280 2742
3664 4114 2147
203 2196 4086
3339 907 4245
3914 2456 637
1359 127 289
2967 4143 36
3008 3782 3091
2253 3941 3869
1517 4749 2663
3021 3346 3696
1882 3763 3044
3587 201 260
2480 931 4733
3538 3555 3146
451 3663 1902
4109 4563 3397
1045 2073 2049
469 3090 3344
1944 189 833
3695 1209 723
4224 2423 267
1525 599 2506
751 415 3838
3549 1224 3220
3422 1285 983
4446 2561 3432
2201 894 3003
152 2254 2709
1204 2507 1194
2290 4758 2753
4261 2789 2524
4213 2351 2775
2186 314 3935
808 470 919
2924 468 1929
3703 2379 1328
3534 265 2438
3103 2853 2128
4391 2318 1290
667 2267 1203
4091 2439 2235
582 1166 618
3768 138 3299
976 2879 2145
3441 1385 511
1088 2053 3353
3174 1368 2053
1920 253 1490
553 3089 2829
1856 2134 831
3988 1527 4053
4658 1659 2647
4180 4003 2598
4582 4324 1380
3757 241 3452
1327 3452 1353
695 1936 4878
2606 1159 758
2517 4338 2382
451 2295 1102
1550 3762 2690
1391 2169 4530
3289 1575 1635
810 1511 896
4286 3229 2578
1397 3603 3006
1442 1434 59
82 3079 192
1613 3778 523
1163 1135 2337
3070 98 201
4254 3771 3427
1194 1192 613
1826 501 2575
3477 2584 649
1597 2688 2544
2638 1476 1564
689 3924 4838
3594 2327 2050
80 2801 2324
2126 3 2684
30 4197 910
1122 160 2843
4105 2482 2543
2738 3535 3385
1816 4480 1426
1904 4602 110
4192 4798 4591
4881 3682 2556
312 1303 1947
1466 1131 2449
232 1906 1052
2152 1234 4668
1471 406 1672
1117 3129 4346
2023 2688 4322
986 2746 4463
581 2667 4377
2656 4670 1146
224 353 2256
3909 4774 815
1255 4578 1224
3959 69 429
1347 1690 4257
661 4720 1551
4938 2993 2554
3400 513 789
972 263 1697
4315 2363 4317
3967 1286 699
2072 2716 4825
3579 1428 4013
4345 2042 2399
4540 4330 4205
2741 504 2149
1257 1090 3483
759 4528 4051
3360 3750 1587
4912 2790 101
585 633 1804
1823 2525 298
3486 3252 472
11 1136 4637
202 2729 2553
1323 2255 1346
4363 4611 309
1287 4184 415
1716 1948 4428
3529 3565 1593
1757 4265 1062
4540 3453 142
2739 1966 4453
4367 2153 3236
3277 3461 1217
2625 4284 1333
2365 1934 3326
2743 2132 4962
812 3737 865
4961 1808 1033
647 202 2145
4602 4058 2033
4143 2340 2589
661 957 2030
294 3041 4844
1525 2157 4230
4715 4489 4735
3573 3135 1389
3853 1855 4707
1838 4368 2267
3009 2313 4625
1618 1260 4162
4828 2950 4622
4790 3917 1888
1529 2934 563
1202 1613 129
4570 1027 2592
1634 2149 1411
4337 1818 4027
4718 269 3617
2948 4973 1658
1167 1906 1047
4958 3006 3521
2398 4526 4177
1984 466 2285
4078 4716 2514
2951 1647 4929
1396 1186 3910
1356 363 4661
1200 4243 4543
2444 4724 2474
3076 978 4564
3768 2078 4849
3644 3164 3679
1316 2565 666
4432 2424 597
877 696 1539
2806 1561 1931
1196 4823 1010
3069 4865 4770
1292 1708 3074
4482 3082 1345
3102 1221 1934
1536 1382 3697
3803 3141 4885
4989 247 1362
1850 3266 7
45 3506 3068
2003 241 3799
4851 696 1548
4245 2401 2477
1819 4105 1385
362 4732 3391
1314 4529 340
3997 4215 1573
3952 4868 1567
4916 1400 457
2292 3189 4615
3571 1294 2058
2545 119 1458
4886 2441 2125
566 1144 938
4901 4861 4415
3000 3256 3932
67 247 4035
4793 2668 4086
1662 842 2231
4571 4940 2224
1994 3420 4709
126 4602 3259
2519 4325 1288
1405 1449 405
3555 4005 5012
2003 961 1572
2094 316 1279
4151 97 2077
3879 2858 1486
4115 3827 3229
2846 242 2567
1496 4357 1629
1059 154 4917
2669 3415 3594
2554 2878 290
3564 3359 5011
299 763 4610
1034 4891 460
3229 3790 898
288 3265 1224
3042 2380 2605
2692 3724 82
2691 2020 1828
3763 1689 3090
2076 1311 248
3149 4257 2649
1964 270 2066
4767 3955 4276
3871 5006 3086
1321 797 3067
1864 1299 137
1483 3543 1846
262 3095 464
2733 883 226
2293 4226 3926
231 1815 891
3465 183 1497
1436 911 3977
3343 223 1592
1626 1617 2436
1705 4415 27
3019 1439 9
3047 137 4308
4848 2731 2796
99 4801 4641
585 4481 1086
3462 2138 3498
4550 4683 1836
923 1681 1650
2161 3466 3124
3667 3553 3299
3005 3184 1820
1131 4409 3125
2493 4101 2573
3693 5015 2666
3665 4844 3438
4624 3116 1709
1967 2331 544
257 602 2855
2614 742 2516
1329 1426 258
619 2238 2350
4932 3846 4197
4363 783 1026
1468 3876 4458
119 412 3861
1161 1739 1574
921 5084 727
1947 641 1000
556 3096 1006
2377 1950 396
1558 2496 1901
4825 1862 1546
679 3079 3377
1907 2762 3673
3724 2809 272
5109 2221 2188
820 797 4717
988 4770 3265
3782 1775 877
1150 30 2964
3709 2410 2167
2327 1503 4889
4232 3824 194
2878 3447 4580
3527 6 2471
3147 4125 4163
1831 1593 1948
769 4260 3238
2287 535 2249
263 4478 3014
3102 3312 2798
4777 2201 2924
347 3017 449
3470 1071 3575
2803 3843 4625
2265 1102 3810
1907 106 4421
1638 2645 1959
2867 590 4836
1109 4998 2744
5034 2610 4702
88 1248 2447
4670 4007 4464
2927 3652 4983
2494 4877 4641
2357 3390 2100
90 2675 1836
1296 3693 4351
143 2150 3194
2752 4719 4623
1338 4099 1787
5145 3975 232
2382 4881 728
1646 3172 2577
4507 3956 3422
4606 487 3189
1085 1005 4515
2416 2353 4846
3001 715 4139
3216 2579 1372
5018 1551 4757
2232 1738 3470
864 1482 2471
4048 3737 558
3802 1295 1719
4514 3203 1947
2430 1486 2931
491 157 2857
2333 498 2626
4111 290 2418
3880 4908 2239
3141 966 46
2900 596 2821
4835 3540 3032
2674 4589 3036
2971 2941 1591
2925 1057 3344
4193 2189 1011
757 4832 667
88 3353 1549
5035 2667 2641
4784 1217 3880
727 2486 1527
2399 5039 378
4507 386 2065
472 2017 4991
3365 1802 941
2099 2872 735
1317 2946 3339
1612 1384 4464
2897 5187 1985
4967 3899 395
1769 1379 4708
407 1119 2938
1163 1342 3852
988 396 2810
4621 233 2697
5004 253 4728
916 503 4958
1026 2508 3494
523 573 4742
154 1859 3682
1145 5028 4380
4637 3698 3984
2193 3742 3652
4141 3164 3001
1380 3102 3561
1289 2726 4754
4851 743 5158
4143 1105 5012
1711 2924 3708
965 4437 2970
3634 370 4107
5021 1870 691
380 423 3708
5200 4801 2780
2050 1825 1315
3991 3630 4312
129 770 4915
4607 1130 1573
2494 1000 569
947 1837 141
4447 2060 141
1675 214 3240
827 4772 1744
487 2623 2908
904 214 1509
867 836 3603
2411 465 176
850 2216 1712
5085 3930 1285
3795 4771 301
3908 3713 4710
551 3162 3903
822 3270 4007
4017 1069 4560
1885 2317 1743
4210 3707 1395
1745 3420 3377
1696 4518 4098
1280 3984 4452
2442 3701 2048
4832 438 434
1897 4985 1317
284 3902 301
4500 5060 568
1750 4882 4473
5187 1099 3517
2002 1673 3652
5136 2388 4762
1850 5221 3307
5011 5118 819
202 4714 689
4679 4695 3564
2123 937 3975
3107 4760 3636
2183 1919 1422
2451 2901 3516
4036 2120 700
3675 3531 1599
2243 4261 2912
186 414 3047
3069 3078 4096
3466 1230 30
3608 1342 79
3088 195 1367
2561 4530 2431
3713 4586 894
4184 2423 3846
464 3630 379
1983 1704 4423
2501 951 70
237 653 2922
3933 380 2809
5235 2723 2559
3834 4574 2380
3564 2 4472
3264 2606 941
1274 663 2537
1284 4151 4066
4965 491 4314
772 3255 3276
122 828 2350
3313 2275 579
1432 5284 323
4022 4456 3040
3909 83 1732
4133 2972 3604
4569 1515 3505
5124 35 2266
1463 608 2399
1469 1292 768
5277 8 4702
4847 3310 4465
2797 1700 4718
4861 3756 3816
4353 3907 3183
4342 2247 5184
1756 2046 4901
2122 2037 2866
561 3344 3949
4799 5248 1580
4124 2184 2579
2062 3904 4417
4774 4959 2455
2459 1187 1381
4524 4645 119
2283 3125 1188
914 1020 2173
3991 31 1354
3022 3033 7
3217 518 2095
4474 5168 2457
2723 1539 1689
4114 1084 3548
102 990 4987
4450 2001 4738
4074 2170 135
1572 4817 3610
2350 1496 2596
1496 1217 4103
3954 133 2107
3013 2259 3031
3862 5073 3452
3370 10 4951
531 913 1880
5247 5294 142
3544 192 1342
586 5182 411
4845 235 4007
3913 5283 161
3819 1867 5110
3851 2710 1614
1800 2909 4571
4945 2422 2180
5250 5210 4450
3805 4310 2674
2292 3217 4201
2684 3500 217
3633 4900 1254
1703 823 814
5200 4565 3141
1172 4476 2072
1077 2742 2376
7 4407 3595
276 4534 403
2710 765 2169
2412 462 4747
535 4632 3574
411 3041 1127
2195 1189 5062
986 4240 618
2699 1617 2002
2530 2964 3529
4731 5043 316
602 2833 1200
175 4497 4283
3526 3254 4277
4185 4715 4318
1205 3056 2710
2857 3527 3558
3907 1135 3256
446 1267 668
264 444 2762
479 4801 1597
3800 3845 3820
1939 5283 2560
3046 4720 3474
4272 5251 1864
5290 4374 104
897 4171 901
401 2569 4511
519 2427 3355
5373 1005 401
3099 122 2173
270 3921 4662
2286 268 4638
5007 2144 1512
4659 4247 3403
1807 2231 2166
3500 4809 1721
3192 1368 2413
310 3907 3932
102 2044 1030
1918 4805 5196
2531 4391 1931
3620 4041 4193
2886 4005 4121
2353 897 2604
3054 3619 4228
2200 1154 491
1962 4054 2271
4573 2006 1597
1860 3022 3170
664 2287 1646
2379 3192 4965
3966 3389 4194
2336 4462 1330
4127 3098 4712
5143 2895 377
3210 3849 1586
2711 3570 3640
2684 573 1899
250 4335 2036
2617 1492 4951
401 5024 2754
529 2050 5323
3882 2850 3158
2096 1766 5193
96 3915 1728
3203 360 2848
1331 372 3228
3244 5105 4643
2791 4632 3557
937 1007 2882
1170 800 988
1973 2140 4805
3496 4346 4314
1116 4101 612
4065 3483 2593
3861 2287 2925
737 1493 4287
1076 471 2491
1306 4070 1519
846 4394 4658
4450 5250 3450
5246 2814 4194
3107 3607 2013
5116 2878 3755
2604 1899 5191
2417 1104 4279
3014 3927 4638
4944 30 1836
1822 5212 4509
3588 1023 4769
1433 2695 3779
1593 217 746
1465 2927 1722
2129 1143 3346
1274 88 2027
1156 1890 17
597 2638 588
1026 1896 53
3245 3583 1959
1676 5173 4028
1461 4940 866
2767 2276 534
1599 5340 881
4203 4543 3511
1262 2512 281
3857 665 2267
4683 4350 2030
3005 1729 2852
1070 4482 4367
2555 2719 3649
5357 2400 737
742 3225 1707
794 5200 1637
2778 2244 3148
1459 423 2507
1027 633 4636
43 62 3391
3178 2804 100
3043 397 360
3729 3943 345
4991 1533 1851
504 2738 850
228 403 3993
2757 5421 290
131 2305 1339
3175 4751 2134
1775 4897 3853
4027 862 1538
4980 5060 5095
1125 2700 1637
4498 1575 5203
3660 642 693
548 3967 495
674 4378 1784
1736 696 329
3820 3720 5381
3526 2331 1885
4334 676 1605
4798 4049 2634
1982 727 3091
122 2604 3130
384 3788 799
2362 1014 2978
2731 1200 5049
638 3368 3699
2176 2024 3611
4877 2051 4202
1224 2452 4356
5273 3245 1284
183 4341 3010
3659 4251 3167
2211 2775 3024
309 1239 3761
4592 4295 4309
3712 4681 1652
2652 4521 5214
1297 451 5475
4916 1101 1369
5072 1963 1468
4923 2706 4619
2611 2619 1848
3192 4070 2957
489 2793 2505
298 5245 2720
2157 4677 2515
764 5329 5200
5406 3191 2691
5508 5065 725
1427 1765 2331
5048 3804 2848
4267 4575 1846
1768 2939 1253
443 2216 1477
856 680 1662
475 3367 223
4516 1325 2051
2648 4426 4250
2044 2955 2021
4636 1173 654
3619 2970 4912
686 12 5122
817 1428 3822
1967 940 1632
2163 863 4358
3763 3264 2953
5304 5382 2186
3365 1490 4499
660 382 5410
5111 644 350
2118 674 5283
4619 4931 1455
1704 1645 706
4039 4371 3231
687 2083 2782
2138 4081 1
1390 88 95
3625 1444 5536
1218 599 3656
2182 2680 1145
1446 1270 908
4348 2067 4891
1913 2334 5195
1308 197 1243
4614 1060 4892
2060 2633 1790
315 3736 4639
2501 800 4994
1311 2117 2549
4758 634 3922
4340 1704 2175
1731 5213 3336
1047 614 2918
2951 2942 2479
5124 4027 3146
1863 2311 5227
3546 3809 1866
2396 3659 1084
3589 4340 84
2894 3794 5050
275 11 4910
37 2635 708
4409 4517 1900
3772 2148 3108
5157 533 2994
4472 5305 3572
2875 3493 5300
2312 561 1071
968 1332 1994
4635 1674 4265
448 2619 2317
1656 667 4333
3099 5507 1149
2888 440 1750
4315 5095 4406
4518 4807 3384
4752 103 2683
1853 2031 4460
4669 4435 2851
1917 712 1860
2432 2682 496
354 27 1474
3410 3381 5455
3575 1954 5046
451 4461 3647
3774 4295 4768
2622 360 5042
34 4920 4198
649 4594 5238
3833 5453 3070
2475 1676 2379
5242 1832 2668
1228 4225 1325
2354 4356 4709
3530 190 4625
1881 946 2759
2482 4167 1909
4490 3600 599
5213 3759 3569
350 1057 4958
3837 925 2827
3944 2287 1139
190 947 5006
4500 5261 3811
1029 3316 4357
4521 3853 4860
419 2206 3198
2433 2158 1929
1359 2027 3717
3501 1691 2054
1241 1515 2790
2930 4776 836
4011 5575 1767
4316 2302 4284
2589 3189 1078
2100 3523 4359
4495 5558 3181
3196 2712 811
3571 5580 3109
5492 4440 4853
3284 4786 5474
4012 4723 2870
2669 2306 2601
3138 4167 1478
4926 2830 3719
3611 3324 1477
1716 5014 599
3203 1091 4227
4616 1111 2282
1200 5077 1043
149 1110 4813
5597 3029 2790
3617 1548 5343
5195 2764 3687
4749 4177 4520
2910 2686 973
1951 5193 3353
1197 1770 622
703 2243 1056
1293 227 2786
2433 3321 1037
309 4800 126
2996 186 2952
4033 688 582
4289 3672 2271
815 955 2364
4318 503 1359
1352 1131 3499
1061 40 3237
1249 2063 75
3006 183 4017
2630 3375 3250
3484 2973 3686
4785 965 1033
4009 4093 2485
2725 3543 4277
1263 768 4353
2604 4319 1523
3973 915 4902
970 3740 3320
5048 5187 5529
110 3866 2352
5395 775 3157
4453 652 181
1546 4097 4672
3425 3347 1464
1285 734 438
3608 112 5672
1708 879 3937
1944 411 4190
2451 1559 306
1827 5457 2250
1368 2711 2117
2195 49 2870
4882 1078 4138
2366 1036 629
5324 5571 5220
4065 2415 2445
1573 3673 578
5624 2835 8
2379 132 2518
1890 397 2878
3229 2475 3240
3561 1932 4796
522 2782 5239
5378 5275 4632
1182 985 2173
4892 3439 1513
4823 340 3611
3068 2030 613
3729 4918 1630
748 4551 4057
3898 1422 831
4707 1415 4012
3010 3071 3754
1482 4601 1001
1951 370 5490
474 829 141
4942 2747 1046
3987 1778 3239
2684 2079 5577
4030 3407 4411
330 266 3184
5184 5266 2579
4098 4533 5316
3250 1032 4050
4133 65 1940
