5919
0 0 0
0 1 0
0 1 1
2 0 2
1 3 4
3 3 2
1 4 0
5 6 6
6 2 8
5 2 5
1 7 9
3 5 0
5 11 1
4 8 8
6 1 8
11 10 2
13 5 2
3 3 7
0 13 8
11 9 1
6 17 2
6 3 13
13 9 10
15 12 3
7 15 11
5 5 6
25 17 5
4 21 14
4 2 16
27 12 16
22 16 28
17 11 15
32 26 28
0 28 10
0 11 6
16 18 6
30 31 7
22 34 10
5 4 33
31 34 17
18 36 19
15 31 24
34 1 7
4 18 7
44 16 27
44 44 9
35 24 11
43 29 15
42 20 2
3 44 37
33 19 24
18 44 16
36 8 50
44 45 5
52 5 17
22 11 39
13 13 56
4 29 34
48 28 4
45 23 47
25 39 20
47 23 40
38 22 17
15 45 14
48 15 28
19 0 7
35 19 43
18 29 48
40 53 55
46 57 62
40 51 2
31 15 38
60 66 50
32 35 12
23 54 48
48 63 60
59 21 58
42 11 25
3 32 56
46 52 36
70 11 55
25 34 18
39 47 29
49 31 70
14 46 64
5 49 71
17 29 30
65 12 81
82 34 18
29 38 78
58 39 88
9 8 23
90 7 27
74 14 36
48 2 83
79 41 93
2 14 86
25 39 20
53 68 70
23 55 37
32 3 1
88 66 94
59 16 57
68 63 33
3 83 79
41 49 7
99 79 3
30 0 77
86 61 59
30 82 68
62 29 34
27 105 7
106 110 30
34 73 31
7 0 98
7 29 114
55 90 98
56 29 36
89 66 66
33 54 64
52 73 44
41 4 109
10 36 100
81 61 78
121 12 5
64 30 48
89 117 9
75 11 15
94 80 53
31 15 25
101 104 90
120 131 46
0 95 8
67 50 31
16 102 109
21 110 103
70 115 87
44 126 30
2 92 128
125 138 21
39 122 135
38 11 56
73 142 134
134 134 67
127 136 6
8 12 11
71 32 128
48 130 126
144 85 99
9 114 108
102 10 54
138 110 13
57 59 36
95 117 148
30 122 5
57 108 60
50 93 94
60 35 125
73 27 157
48 142 59
76 91 34
61 56 92
153 159 54
156 47 73
57 164 44
122 90 80
29 67 115
43 6 100
131 144 132
80 48 20
52 82 17
154 97 37
126 7 51
9 119 73
98 155 159
78 40 90
161 76 158
148 9 90
36 122 74
118 75 27
52 42 64
13 74 60
162 0 41
29 118 119
130 13 30
139 67 155
18 125 176
28 102 2
19 164 148
149 95 102
175 157 135
31 44 144
127 175 127
3 186 191
122 14 71
156 190 0
0 118 37
72 139 96
45 82 193
78 162 86
192 74 26
139 34 42
130 141 129
172 149 0
124 53 78
42 10 164
174 93 95
179 187 43
201 130 128
140 56 197
161 179 63
5 63 124
83 77 79
129 119 14
111 18 155
184 102 121
144 183 86
156 64 34
159 128 101
102 119 150
209 171 12
88 105 199
176 200 200
92 47 46
44 13 217
31 7 146
175 35 163
84 28 35
187 201 58
81 66 89
63 122 148
99 176 99
152 190 161
230 147 79
20 29 120
9 82 216
229 116 21
18 62 134
144 122 47
191 102 116
15 201 139
189 185 93
121 220 125
44 28 128
154 15 127
105 204 114
121 4 198
198 204 165
167 93 101
125 236 152
239 200 75
97 18 108
86 43 209
18 226 190
44 101 224
44 162 215
189 247 254
29 31 148
216 245 170
183 113 156
115 20 108
70 35 210
133 202 195
123 261 111
200 222 149
82 21 142
96 237 171
122 201 28
166 76 196
211 0 252
200 20 136
20 263 140
256 10 207
161 214 203
195 164 233
184 250 180
231 269 215
270 35 165
210 29 174
41 126 31
186 104 36
164 13 200
249 157 8
280 169 102
116 251 209
264 7 234
183 173 208
216 28 261
236 88 63
140 170 124
124 45 97
248 36 68
49 0 122
272 74 293
195 252 119
33 137 228
230 39 296
297 95 2
130 144 142
213 88 233
182 60 14
209 187 6
217 44 26
75 174 242
286 247 287
178 91 131
19 224 294
98 58 182
119 55 46
174 34 201
275 129 216
204 170 117
93 108 150
191 287 205
302 153 122
291 94 34
19 106 131
177 229 106
259 245 297
43 163 254
214 294 62
169 302 132
212 138 280
299 224 148
88 9 26
124 118 130
90 226 197
279 193 212
13 125 3
33 324 273
295 6 91
146 120 104
62 44 70
187 272 203
75 234 228
211 125 28
292 298 149
281 14 34
20 287 258
137 228 236
137 217 292
181 163 16
161 74 14
191 32 219
190 50 38
20 153 300
338 136 322
223 232 344
170 221 35
85 70 345
103 228 28
32 86 65
209 267 190
52 138 185
247 275 110
44 334 321
170 253 56
284 238 261
278 85 322
308 355 320
296 177 316
50 82 315
80 350 145
225 361 231
85 35 191
336 223 163
175 347 24
124 58 338
56 71 348
166 259 366
43 206 199
87 57 181
162 292 293
53 128 102
143 372 200
50 7 36
16 96 78
114 359 325
43 181 149
181 158 54
7 220 161
37 359 117
45 134 51
287 96 50
62 347 200
338 165 36
256 382 4
336 237 116
68 367 102
122 63 111
213 248 101
49 151 1
372 89 5
27 384 258
310 94 313
320 205 281
393 234 378
356 305 105
117 352 134
278 112 80
79 268 357
276 57 106
239 323 192
227 51 329
22 243 37
393 200 373
66 38 108
18 179 344
136 53 373
262 139 122
4 336 175
164 282 126
320 214 201
388 298 231
103 130 355
298 390 315
310 65 220
65 116 268
409 50 387
199 6 132
183 35 405
276 164 359
38 272 294
420 310 406
235 260 396
353 236 134
151 32 395
324 403 7
213 298 375
353 2 206
186 247 318
220 238 1
327 294 40
400 405 367
104 425 422
345 381 345
153 343 414
249 168 146
368 155 153
256 373 191
41 58 10
334 207 359
42 168 335
304 353 364
181 370 296
166 142 121
52 248 46
337 392 237
69 156 424
171 150 259
356 183 427
0 84 339
323 185 233
54 370 175
367 149 412
19 410 361
95 14 95
26 194 91
419 428 225
55 50 304
90 417 258
217 299 411
51 167 18
155 192 168
213 144 118
140 10 442
466 446 64
336 457 68
377 229 249
75 238 366
411 351 459
150 162 253
470 413 131
389 435 461
258 226 432
253 447 261
86 83 396
32 444 187
139 53 26
1 437 454
6 235 185
272 288 481
401 380 69
227 416 121
440 403 242
421 287 335
362 289 432
367 421 235
9 125 470
455 399 260
343 436 259
391 193 385
166 387 77
130 367 222
81 16 310
321 402 256
187 37 307
330 231 161
488 117 130
297 39 309
196 365 35
249 6 325
197 190 101
110 116 363
62 414 299
232 274 197
224 495 462
104 340 213
414 144 90
190 439 149
41 1 174
262 361 273
140 3 219
434 338 321
260 305 124
180 349 274
44 197 367
155 28 465
164 251 178
453 99 400
488 432 259
251 43 521
522 404 519
269 298 100
238 266 453
389 137 271
174 140 506
352 359 447
344 525 149
175 255 177
219 0 4
430 50 478
86 310 473
40 462 154
400 407 39
179 84 357
9 364 476
533 296 84
394 462 507
119 54 52
416 140 13
336 248 402
97 393 247
435 487 77
82 148 474
127 51 541
67 130 512
73 489 36
217 444 533
100 256 153
130 1 424
405 456 277
472 195 46
367 107 246
151 512 164
198 35 21
521 129 550
359 421 206
395 522 153
508 156 201
88 15 287
329 277 141
147 184 546
207 351 133
119 301 357
220 444 140
188 256 62
329 481 539
320 227 366
109 384 328
298 353 130
526 470 91
132 498 482
549 168 475
271 397 234
67 214 558
150 487 69
285 74 219
46 498 440
144 13 379
332 372 324
368 291 445
357 104 216
76 406 80
282 150 212
378 548 264
156 418 217
68 27 416
172 277 201
521 467 130
551 148 324
57 315 23
177 496 511
157 472 115
130 276 281
337 307 86
12 460 478
33 310 380
304 195 137
74 311 303
161 557 433
494 344 435
14 128 149
303 156 386
346 351 343
80 255 315
317 592 248
596 12 448
557 216 95
51 200 318
40 356 173
18 66 608
161 574 86
238 597 31
482 142 110
556 523 303
464 501 327
203 41 612
487 277 529
308 618 315
380 514 608
105 501 445
443 56 281
353 449 166
25 310 114
160 50 444
537 422 383
181 142 624
591 357 591
32 162 534
299 319 3
577 303 26
596 444 16
202 203 48
211 326 253
247 154 592
514 106 236
565 297 358
407 446 51
366 490 109
518 129 97
236 71 607
330 134 118
246 21 562
637 628 596
645 303 319
62 247 587
301 626 532
68 151 597
2 305 131
230 23 79
591 45 440
575 617 505
627 329 32
73 605 276
522 163 77
25 532 591
316 505 426
402 245 295
251 561 299
152 233 213
429 487 87
53 38 550
473 415 453
324 549 292
351 410 81
105 615 95
237 150 352
653 89 83
320 477 156
67 213 109
138 280 130
370 101 548
597 607 526
495 619 367
673 31 10
163 547 377
98 381 316
228 340 21
437 117 598
4 101 93
665 242 475
648 148 40
269 312 313
417 327 329
260 90 80
437 334 223
334 410 654
470 373 42
276 15 287
51 553 271
25 593 520
36 582 487
682 600 402
7 298 48
270 518 483
166 162 124
47 340 22
422 501 227
567 258 257
502 93 339
521 20 618
11 598 90
178 610 139
598 224 272
144 114 433
199 412 577
552 316 538
103 698 693
372 581 693
237 568 214
600 557 122
304 213 26
108 557 329
308 608 394
617 647 700
374 265 260
492 372 512
6 237 384
31 586 595
384 344 585
23 350 338
262 32 336
406 244 96
100 431 233
312 366 364
576 358 663
550 487 13
519 457 696
697 511 199
382 113 690
730 87 143
675 66 566
292 703 259
19 473 279
333 3 209
491 538 688
1 363 674
736 583 533
538 229 358
496 476 162
593 28 379
289 444 619
742 479 237
257 71 179
177 7 59
260 564 6
118 540 477
64 122 622
433 102 323
652 442 273
454 732 336
335 438 158
56 360 694
127 527 300
192 123 544
196 527 502
483 346 308
224 687 86
152 291 326
390 621 59
588 196 629
292 228 568
522 125 19
494 214 368
60 666 226
21 620 611
374 60 68
227 68 439
348 442 741
145 289 377
407 91 276
266 471 531
605 53 708
273 27 638
32 276 508
311 267 581
279 407 522
309 35 502
14 165 280
668 436 106
583 284 521
103 321 306
290 537 660
629 148 568
40 144 262
331 296 30
57 80 311
582 224 358
222 63 307
486 714 50
195 558 168
336 765 362
250 461 775
601 427 169
639 725 242
290 748 336
5 490 514
689 9 324
339 701 727
606 167 91
390 591 401
761 501 205
763 33 506
59 13 698
679 799 36
323 526 732
583 88 648
43 24 315
112 737 219
282 679 704
628 467 32
0 353 415
382 638 737
703 680 361
663 489 783
297 209 12
47 433 798
614 373 176
544 503 771
716 749 310
437 674 213
729 527 680
270 105 404
283 103 815
321 40 405
292 516 591
141 189 507
128 86 323
662 113 87
791 257 312
507 185 137
161 282 326
647 558 383
621 508 425
622 625 262
64 67 278
299 319 830
44 578 833
267 589 195
544 654 588
827 570 259
671 769 342
641 19 558
256 156 412
522 246 478
232 701 648
174 578 151
639 167 549
756 482 591
303 470 278
332 609 144
423 541 806
352 460 653
510 104 308
624 647 737
659 641 263
179 329 408
754 476 603
545 503 167
13 39 157
89 257 599
585 219 62
855 75 316
856 526 368
362 332 490
862 165 18
122 754 122
66 751 223
50 145 495
122 188 28
104 253 44
123 826 761
453 547 445
631 357 772
329 397 299
654 622 748
437 585 826
445 742 209
837 543 272
279 494 666
792 336 103
795 251 61
228 698 630
185 237 74
239 100 657
410 874 782
323 31 782
730 10 644
756 847 228
883 211 780
827 730 562
143 364 6
33 246 689
678 305 239
596 0 34
73 166 621
415 380 312
303 18 406
870 199 729
10 434 31
750 325 699
66 623 758
671 793 783
321 281 649
900 506 31
95 598 763
301 3 664
628 595 36
63 108 402
413 803 376
866 188 669
539 344 870
760 457 739
842 350 264
176 190 645
795 860 611
373 506 501
340 485 13
592 604 331
458 241 477
879 205 12
264 697 175
467 526 742
664 341 253
187 10 719
77 152 669
283 154 538
330 794 283
788 745 231
233 649 614
15 249 22
580 678 414
63 14 143
473 475 530
534 889 218
598 254 12
542 441 392
108 744 201
599 512 507
208 480 618
127 223 109
887 707 837
417 666 73
603 898 420
878 679 145
852 134 575
740 819 262
246 288 68
409 604 730
418 264 178
777 519 911
428 206 681
134 434 757
115 748 208
89 577 402
928 682 154
427 464 482
124 295 726
468 543 538
351 683 62
370 513 446
121 686 507
478 833 592
11 342 560
201 867 90
160 943 202
566 838 365
385 324 826
587 339 761
65 681 415
535 581 603
528 430 38
947 403 21
13 935 179
920 92 842
549 432 636
528 260 447
158 230 871
125 426 181
411 389 321
416 584 713
394 835 185
294 324 727
299 187 304
549 676 616
287 190 878
150 741 557
964 477 122
292 430 184
989 686 367
128 757 286
166 746 702
141 362 452
963 583 616
632 835 850
365 132 437
509 677 370
4 272 358
880 536 65
246 522 284
778 827 138
614 152 248
315 478 17
860 444 462
214 902 756
711 456 971
104 901 727
68 797 168
493 312 81
307 243 591
438 285 365
509 878 681
179 795 761
228 720 312
643 694 912
128 519 21
97 824 277
166 243 801
362 647 120
776 195 390
411 31 400
208 552 287
353 231 223
316 516 433
312 510 911
267 356 966
839 763 526
631 333 958
84 647 1022
863 724 732
913 281 831
708 85 548
880 156 326
842 868 852
91 897 950
431 165 290
937 50 548
502 485 278
735 891 522
516 457 366
156 997 802
30 787 330
805 944 329
556 1022 924
245 182 698
741 490 810
74 395 57
1006 445 486
387 316 16
403 658 805
1034 533 33
547 1027 715
714 345 980
761 221 511
925 845 140
143 61 437
875 1052 294
226 471 192
378 377 338
898 230 865
20 823 553
752 1062 301
1005 707 104
948 823 3
823 225 1048
923 532 968
53 365 608
811 437 1025
804 929 976
588 868 283
21 444 852
387 609 638
981 980 214
96 513 654
696 1054 732
1065 420 109
623 394 302
610 105 715
1029 404 428
1002 917 72
152 887 961
0 217 249
897 945 339
28 38 994
215 1071 76
921 759 970
67 348 748
12 136 399
218 805 313
994 623 967
1018 251 483
587 1025 703
817 984 239
321 253 280
787 859 130
1079 961 641
279 598 500
779 233 904
718 210 703
685 876 40
92 292 786
697 589 832
976 359 378
203 362 897
97 8 105
659 897 12
897 811 1085
329 1012 183
45 536 1077
944 1044 148
70 68 418
258 716 621
970 30 346
1006 1105 521
216 152 1092
315 469 746
695 26 878
564 74 56
466 291 1073
327 99 1091
885 411 334
239 403 43
483 154 315
893 855 1027
298 710 681
51 571 962
405 303 951
859 604 468
871 1052 612
557 878 19
94 894 870
191 625 53
83 201 597
966 712 259
616 131 285
26 473 621
901 919 797
691 488 27
540 1015 133
876 644 869
137 862 690
492 896 123
50 840 636
805 357 557
949 1069 438
807 263 385
953 1036 790
434 1103 840
28 273 923
472 609 268
67 51 400
408 233 1141
656 908 742
13 764 636
235 395 689
112 397 760
242 1066 629
982 636 662
712 399 754
420 1079 96
218 847 647
180 1077 354
665 968 299
140 655 791
81 880 797
760 964 950
292 51 245
418 915 787
1076 188 180
1048 1118 877
964 73 763
606 202 1091
657 144 743
114 171 55
329 1161 1100
459 1111 575
428 0 135
100 479 413
881 302 652
267 537 84
719 1109 1001
827 1127 12
773 519 592
368 572 967
442 1032 1084
862 335 1170
206 541 44
647 635 1034
599 189 841
412 654 578
886 405 268
1185 289 674
8 865 907
883 697 687
747 763 531
832 678 847
25 1081 1076
546 11 537
447 897 761
981 500 1021
900 360 925
529 1081 1115
757 1132 723
450 71 1010
1130 1198 67
717 763 1068
662 990 192
511 1150 1159
1122 883 942
223 141 612
74 319 1134
712 96 157
1095 1179 268
741 598 881
1192 974 498
16 821 55
532 803 238
817 782 578
273 130 1181
116 778 50
1043 416 45
255 194 753
787 4 100
816 1190 820
882 576 461
792 1173 69
791 379 1090
389 175 935
43 19 528
801 783 1160
1154 590 1111
701 619 518
983 1079 315
167 585 188
840 672 658
780 153 156
335 537 289
954 1220 1194
1019 139 1067
536 24 1171
487 17 1117
836 79 765
631 470 502
64 747 169
925 785 22
704 947 192
302 1100 335
621 1051 969
686 48 1012
317 671 833
625 14 96
446 790 233
1053 301 492
1232 565 688
368 441 103
702 572 418
543 269 872
278 126 885
13 806 770
114 646 1037
596 225 341
1259 958 172
41 209 392
308 125 1157
496 297 1063
1140 296 3
238 413 592
656 573 416
1096 256 200
270 983 156
146 491 659
910 322 939
103 984 826
640 664 218
266 170 738
138 1237 907
231 1043 582
654 1070 709
659 663 276
800 167 699
872 51 1143
1209 258 997
833 710 405
524 31 1275
441 909 118
831 1236 596
943 695 189
258 1098 605
984 1023 241
328 387 1107
1135 1187 41
320 410 1171
216 673 455
552 128 1037
1053 1183 1016
584 727 687
679 442 278
246 850 273
729 1107 528
36 977 1202
581 560 1069
421 597 231
1078 117 295
273 1067 86
208 1212 886
558 710 30
88 206 919
64 1193 308
684 472 44
1110 92 48
504 151 547
699 550 706
1025 822 887
445 1028 621
459 127 507
1062 568 1193
315 1144 700
644 646 974
775 211 934
84 836 606
840 667 522
333 865 886
1165 19 515
739 1255 54
643 1308 991
465 1130 1236
301 1302 1218
1016 197 958
1187 1301 40
205 1166 1040
956 267 334
428 834 913
795 749 550
687 473 1000
1158 857 1257
875 1101 263
1129 1314 783
694 27 1176
399 475 726
1251 1058 730
541 441 902
128 481 836
816 287 1110
567 1082 278
243 34 563
999 692 645
445 671 1078
1152 1078 128
128 792 30
423 941 915
310 431 1273
945 334 787
1281 1177 117
570 302 633
131 866 45
1286 1296 1329
532 865 141
998 142 839
1258 912 171
522 544 461
810 722 110
975 44 34
1348 554 231
1353 138 995
852 36 713
327 133 405
228 642 3
1332 300 723
802 1269 1084
1242 473 1187
556 972 420
233 805 558
579 517 663
920 1245 1238
832 843 7
522 624 723
1051 406 842
619 525 588
117 698 870
871 1286 1043
1160 859 1123
899 361 106
1006 125 91
354 871 1288
1247 903 698
692 172 789
826 1230 970
807 401 708
1011 849 899
1015 463 945
1097 232 971
237 6 838
20 589 1315
995 1224 29
483 236 572
271 1159 294
1053 1272 930
969 418 1134
5 787 776
303 1323 1012
580 1007 942
525 1289 590
576 128 1284
750 807 350
207 693 561
859 1296 375
679 692 53
749 344 273
379 385 941
1177 575 776
565 807 609
343 1040 770
1075 1344 584
417 1155 202
1197 1036 402
45 847 878
319 357 540
402 23 239
159 928 260
1116 360 779
685 206 844
1157 1419 100
884 287 454
415 66 408
434 1255 167
1137 363 1282
933 1184 857
465 1378 306
1128 749 938
513 1422 561
1216 112 784
975 289 721
1143 1346 693
123 799 1116
954 149 1056
1027 1155 356
772 408 571
402 1262 444
653 985 259
145 193 1362
1338 1188 303
571 1107 1082
1413 44 878
165 38 164
131 498 1432
871 570 983
566 119 1058
257 1224 71
803 176 869
830 640 669
589 353 4
404 692 1193
1276 1028 1100
1209 1084 403
414 752 205
1095 103 278
1019 306 766
1258 960 192
1108 1321 586
1131 1194 404
431 951 3
1146 984 249
501 62 290
476 856 1198
1046 893 1223
1428 341 1193
734 70 568
647 715 265
1034 1378 455
1452 1361 449
1008 806 1324
196 361 949
496 1190 1013
68 259 658
166 1225 555
720 1088 366
418 264 862
753 1101 44
1092 1420 967
274 604 1422
163 839 402
5 593 1151
1342 567 181
1122 1196 851
1322 1229 1234
709 1360 929
868 1232 1039
751 895 1477
282 1236 1188
391 1204 1133
911 1374 808
303 943 489
600 1344 555
406 128 948
1049 1293 1316
620 290 479
588 919 396
1341 129 840
1491 1108 1433
487 110 762
1147 1456 1177
634 514 50
1487 114 1501
22 512 1095
1263 1311 780
296 494 1214
1084 875 327
542 750 153
283 780 274
1065 1358 111
1376 150 168
251 1377 1032
910 1154 494
686 1484 1215
74 604 893
50 1354 380
974 382 923
561 935 1278
1285 1293 505
504 1022 980
282 1452 76
21 988 446
5 1454 250
1064 1232 11
112 254 423
872 1072 816
1119 1399 445
722 433 1286
1015 891 486
920 476 1439
586 672 1202
927 308 75
10 296 1272
638 367 813
327 1271 432
769 589 362
1421 106 126
1003 1200 266
696 1067 220
11 635 93
840 1265 1489
138 232 1529
306 1416 819
1034 1290 1109
1346 1110 87
1051 460 849
985 250 851
464 810 361
741 1041 844
406 149 1455
195 358 944
536 621 1427
919 1033 770
1069 436 887
1534 1026 1287
386 70 1272
1223 1289 1262
1176 1192 453
332 257 170
493 465 621
779 1216 308
638 1003 571
868 472 1157
817 822 829
317 504 1389
1146 355 1297
830 797 1388
1324 49 163
115 1237 273
1419 101 121
46 175 838
802 1373 878
1210 1229 374
485 406 445
1024 939 525
1263 762 942
596 557 1206
630 1559 299
831 38 1311
500 1000 1199
1399 794 579
1359 624 1432
1032 395 918
598 497 729
815 37 1526
739 572 1256
792 1072 1182
1475 951 122
1000 652 726
540 267 765
378 582 714
1028 1087 1177
1235 755 669
1453 746 1211
497 1156 1284
736 1410 713
280 1267 695
1360 296 1193
700 549 89
1254 785 651
1405 538 265
1232 1 1454
1601 485 443
125 1239 798
1065 403 1581
1072 1453 1541
215 1416 912
732 416 876
93 99 1170
885 1342 19
402 857 1561
367 401 903
1358 1192 311
1446 843 31
933 1165 1343
557 279 136
785 1342 768
1286 113 328
986 677 1171
11 567 1216
650 1 1277
1228 1382 1047
175 1497 1104
1265 487 604
999 1442 679
469 1119 521
173 276 1365
1238 97 943
1414 651 1268
1276 555 460
1522 1277 707
499 496 1026
1262 250 973
514 1026 693
816 473 1290
710 159 1382
1328 403 1597
848 695 225
6 341 687
1281 943 106
1464 1556 78
1560 1381 74
278 1391 121
1437 1115 767
1290 342 476
1229 703 948
544 1143 914
1381 443 1136
1374 1610 424
157 842 708
1133 1192 379
802 1097 116
1444 704 1194
1054 867 1390
1489 693 270
246 1441 1480
542 610 805
1027 626 998
1297 769 1263
1022 8 1360
245 1548 1416
925 3 206
1274 1136 1525
62 195 1289
559 869 1602
1462 1156 602
1478 394 554
79 948 1039
51 81 373
1564 998 272
810 482 194
24 181 416
450 883 1168
1361 1659 800
1642 506 497
1159 1673 1048
1018 1530 16
1577 782 1579
210 427 111
668 574 1613
701 755 1496
1483 1594 447
81 632 1225
194 1245 101
857 1561 641
851 124 1010
525 323 1311
136 1247 439
16 401 1512
354 630 861
1260 294 1
229 1189 973
1196 721 124
17 1600 1463
1229 1621 550
1653 1549 865
688 1398 905
1645 765 44
50 1202 196
258 2 997
355 1158 249
1067 324 743
937 1370 704
1623 1178 1445
740 1392 906
1135 1353 648
568 681 1088
463 1642 135
76 577 176
101 321 1587
1176 1273 912
983 8 893
1630 1233 1058
566 595 287
671 633 679
1541 1040 1410
228 112 1039
815 829 373
1471 1684 1105
559 1644 1260
578 1654 102
1688 1328 387
497 181 501
116 846 221
1535 496 1566
1660 252 533
1460 1245 1634
899 743 125
962 1647 655
924 456 1506
721 1112 600
42 476 1111
151 739 976
1110 351 936
499 557 644
1475 1449 1684
969 790 1366
1610 1730 671
1102 83 1377
710 665 797
1260 854 107
1523 1140 957
161 865 157
802 904 830
973 650 588
1070 998 1421
1019 1235 676
1503 338 1720
1456 1280 1322
362 937 358
1191 657 762
472 1621 1288
932 1202 951
666 816 955
1702 1311 553
1703 762 748
1072 1266 1058
1348 110 1352
1728 1329 1596
499 135 113
584 921 707
242 83 24
285 55 693
735 1403 1310
1276 501 1080
1391 1603 587
418 1186 1335
148 166 1217
1255 931 1587
924 355 1374
17 134 479
1616 325 562
1741 990 1629
984 1002 919
484 1321 168
1611 399 864
1004 346 75
1580 650 1381
1139 26 157
1776 826 1219
1389 655 1686
1405 1765 1772
1709 925 1310
467 1575 120
1389 665 343
513 871 398
363 1145 281
1049 544 1740
1221 1567 573
1177 292 574
182 1424 745
1218 148 1154
1497 517 1352
594 1768 1668
1363 764 993
1743 720 119
747 969 1566
1010 1404 687
485 705 1485
762 879 483
1187 1144 988
1538 882 594
383 177 1701
1175 681 86
1558 513 837
537 639 1311
1512 915 1203
1081 1598 817
864 439 757
1363 1062 367
281 708 836
945 871 393
675 1149 1033
1726 1073 606
1322 1361 518
1015 1615 218
401 45 267
558 1630 959
1733 329 1472
1160 941 867
440 1533 701
141 1289 1148
1153 870 973
1520 1050 964
181 152 348
400 685 524
1498 1045 1486
349 714 580
462 670 1693
535 1444 860
1270 549 1217
680 485 1113
1309 1571 346
1395 255 200
1470 256 1458
466 1288 1689
1735 1144 1049
1506 1002 629
1552 1720 1176
1760 761 803
86 832 1022
1187 1442 1095
633 1805 746
1835 571 1304
373 1820 1120
1763 1054 684
966 1343 1522
249 1279 1091
1143 1038 1625
288 1628 1773
1014 1767 152
660 1697 1136
1396 1549 1279
1007 1256 690
1452 369 513
71 268 966
750 860 256
1015 599 1448
1794 1150 585
1611 1126 29
1735 845 1108
1092 232 735
360 245 1154
5 745 688
1330 585 1252
195 842 1724
602 833 634
1206 627 1588
475 299 1260
1034 1301 1870
1599 1519 496
240 215 248
1473 1837 359
1050 1745 1174
1237 1648 320
954 1855 1195
1730 1566 12
1039 1824 1132
1056 707 1578
1565 1591 1082
1717 1615 955
885 393 1489
1283 575 517
720 136 89
707 764 305
1773 235 741
1055 689 674
575 191 1831
203 704 652
1610 1047 917
1644 388 1190
405 835 1622
1876 264 289
475 78 207
157 1656 685
508 382 919
629 1106 40
1117 1088 1635
705 1292 253
238 123 141
1603 1234 253
1544 559 110
778 155 1339
1328 1386 702
1204 518 1883
889 1609 67
530 1408 1468
1140 1798 666
1546 1031 588
155 453 1035
1126 1419 599
1907 408 826
519 372 1040
810 1756 1913
1333 498 1545
1528 1063 690
1116 926 650
1474 232 382
255 1828 891
86 437 684
205 1573 855
835 1410 855
1860 765 611
1676 203 807
714 122 628
1784 1240 944
1795 526 119
843 1014 727
815 395 1063
1140 591 405
283 1460 653
981 1113 630
1561 301 1136
1478 9 1527
1167 1871 614
110 1242 852
926 374 1014
350 1478 1294
1183 409 1555
927 1808 1174
1602 1617 1925
916 1915 1011
1219 461 115
685 1349 64
657 1303 907
1762 1384 791
429 1211 512
1322 1711 1179
1849 1647 573
822 293 1288
1067 1261 461
1877 635 878
159 1477 1417
1812 1108 97
817 1789 900
450 676 1560
222 1719 738
866 1188 1001
1409 195 997
1525 1454 1259
1175 1011 946
232 1713 1666
1426 1014 225
1182 1792 1145
251 1766 1337
1010 531 1884
376 1464 1677
1187 1021 837
982 620 1495
1259 1915 1499
1658 508 1181
1275 764 1719
197 298 126
1037 315 338
680 595 1384
1073 1786 1030
1662 108 1646
1110 473 1512
450 609 1778
1333 1322 65
1222 594 1795
1344 1331 69
1295 440 1842
1042 1546 407
151 1440 141
707 1498 626
87 685 1796
1764 1388 310
1791 481 997
835 1222 1481
1392 1601 509
179 13 482
1726 1426 1779
273 1505 833
1583 67 1346
603 1178 1525
542 525 701
1536 128 1722
775 1274 1804
190 1583 122
152 701 1825
1684 611 1152
86 1004 834
27 1322 48
214 627 662
652 1123 713
749 439 1600
199 56 809
1527 679 1877
857 1317 1646
1934 1526 1134
408 391 1453
20 1952 247
1786 1715 970
275 367 1291
257 330 529
1633 297 442
1804 89 348
1284 1589 1817
1216 375 1366
408 1162 17
1538 825 1293
482 1644 747
1324 619 1160
388 447 909
643 1258 1488
1234 657 1967
1668 1896 486
1297 1426 422
789 1665 929
1918 1160 1847
735 546 1686
220 1313 684
1095 788 924
998 1616 1319
300 1321 761
1326 1777 1138
1876 511 195
1505 1403 771
933 988 891
713 131 888
1874 1589 1518
1851 1425 1051
1743 392 1308
548 752 462
495 1583 688
1017 723 960
753 1841 1924
996 104 968
260 1823 1087
1898 2013 1169
814 1752 84
1614 1419 1461
538 1815 255
1674 1844 1028
318 410 1112
875 1952 533
1976 1666 687
170 180 799
1233 588 1669
29 1027 1695
1283 1490 1884
108 1824 1761
166 1866 1826
795 483 1209
913 1951 2062
459 427 842
899 1095 1621
2057 1150 1410
1294 1211 1554
997 1692 502
848 402 943
1145 1111 440
185 1183 1493
561 1344 1681
847 806 1561
394 1392 466
163 374 1248
1520 2065 532
919 800 1657
728 936 619
1293 753 1941
1897 2082 628
1416 1281 1998
196 1691 1385
517 1423 1904
1313 791 1681
1652 1175 1449
1073 315 1442
2016 418 1838
1800 716 1088
2011 1302 1899
345 1720 1502
1003 327 1253
1546 578 563
488 642 163
1189 1912 1453
1039 1249 1423
1590 1142 1594
522 573 468
1843 1376 979
25 891 1305
1763 726 1021
989 1941 676
1078 1856 797
569 867 906
680 1105 1055
185 1453 1810
1381 214 1485
1750 489 1690
1775 1114 422
1108 1460 709
2062 379 1709
1565 490 1617
1903 860 388
1344 31 2066
1554 220 985
1550 2093 16
758 19 620
2106 875 634
83 486 1870
108 1647 826
1559 985 468
1028 768 751
741 748 839
1254 137 1475
1792 482 485
2009 739 552
1410 1115 1034
1912 1138 782
846 1734 1068
818 1769 584
654 1709 363
883 1823 2054
566 773 1030
503 1530 6
1716 198 1820
225 421 1332
1033 861 1567
986 309 1624
390 291 1178
235 1825 841
1282 1249 640
1677 100 872
838 94 1393
1392 777 1056
358 2100 1189
1034 1771 1388
754 986 1973
725 1466 926
1311 1891 1285
1846 2017 175
2143 1197 440
1098 355 299
1085 1392 448
1070 2010 15
1956 29 794
1710 1853 52
773 78 1861
1994 1287 1539
1186 521 308
493 1059 2097
321 1785 2026
899 37 1880
1944 666 2131
40 1082 970
643 1802 166
2035 161 1880
480 917 1531
410 973 1592
1031 1590 96
1717 522 1405
879 1358 1412
2151 452 1874
204 2165 266
1847 1418 1758
1900 1046 1715
2002 1075 484
1612 1031 1614
691 1910 1300
54 1075 1295
489 983 746
1781 750 817
745 1889 309
1714 948 1912
467 636 2147
1082 1178 1219
269 1418 1550
2046 1111 208
1907 1984 1939
1256 638 2048
1904 1943 1184
512 904 163
25 2002 726
309 2103 741
2167 315 2136
1078 951 1573
672 1273 1649
1212 795 1914
1537 474 538
776 1639 806
1187 983 1133
550 1771 1640
1843 1551 237
2191 1458 792
90 297 1530
1001 438 265
1631 952 1159
696 1945 609
953 2191 1523
1523 1403 1620
898 1028 1365
1841 948 247
208 2058 1925
372 553 1735
64 500 1275
1822 674 190
2044 1269 1033
912 361 857
2064 2188 1613
508 852 313
498 123 1988
2159 1825 533
1918 1278 519
1196 125 260
2185 2008 319
1003 660 1506
2009 1548 1199
1654 332 425
272 225 1687
183 1658 947
784 673 2136
2034 1409 136
1937 1696 2106
1881 80 584
191 1854 640
1612 2204 67
1559 1617 2114
462 1276 1720
123 694 1940
380 167 1129
570 1215 395
746 1293 1198
682 1915 2033
391 1887 2061
466 1974 426
151 1974 365
2171 1170 632
2183 1060 1453
1530 1621 658
1657 727 2213
228 1561 2232
573 1431 467
1752 1288 129
2003 1360 708
1986 1132 342
2205 1201 2111
476 1032 821
1656 1910 145
1445 1340 403
2074 1032 272
569 1043 1659
1328 1266 1216
1592 492 1700
689 500 1629
68 991 2005
2034 145 138
1072 13 1667
1485 535 1887
619 657 1311
1477 1182 177
1630 977 1274
105 1891 446
1366 1287 1411
1519 1716 1676
605 1479 1188
1487 1013 1696
1477 2002 1642
1950 877 1518
1168 665 46
969 888 1295
388 711 583
75 6 67
188 842 1782
1271 1087 2012
1194 1401 421
879 2203 281
1888 463 1262
1314 332 1006
1611 1503 843
1929 249 1209
230 248 411
787 1379 2024
1029 1452 1896
134 2251 1389
1356 2274 2255
1140 1972 556
2216 1251 2125
348 2055 1301
2058 415 1959
1586 1252 21
619 533 691
926 534 1443
563 2084 727
2287 1783 2062
331 700 2019
2300 446 1342
367 551 1480
1730 740 1739
1369 759 1472
1689 1474 896
691 1687 322
1767 1656 1648
1392 1029 1382
83 1819 861
1609 719 2078
1589 205 1330
651 670 2121
1859 1552 389
1492 1265 1430
2184 764 288
252 9 1734
1761 7 1367
471 170 400
1524 2269 1307
93 2223 188
438 1128 1294
1210 183 115
1341 446 1016
1716 1895 2194
1631 1320 1461
364 607 2320
1309 1344 1479
1565 1827 1653
1797 990 2127
620 1524 1249
2055 1304 844
384 1918 471
2217 1994 2037
1722 1942 70
2305 1979 2197
1542 1961 1775
1332 738 1856
1824 670 39
2000 753 2276
24 1568 712
1834 2086 808
1363 220 337
1864 1141 325
422 377 851
548 1940 1847
2280 743 1191
30 570 1271
811 1781 459
208 893 2144
647 745 985
2348 449 574
619 641 2243
1416 1182 2326
889 726 1028
179 2033 280
1403 168 622
1865 737 1475
910 1391 927
1034 434 1374
680 155 1444
1887 457 117
1901 1763 2233
7 1092 1423
2099 1229 43
910 976 1252
1850 1684 590
1301 1813 1563
154 1577 1536
1325 668 1095
719 219 627
1468 63 1649
1778 1483 1692
1224 2306 1807
2291 1870 967
1469 191 2288
1994 804 664
958 2370 2056
2329 395 2261
390 77 1761
1326 2324 1608
1562 862 1586
1637 610 902
1367 1169 1439
791 306 1000
2063 1673 2379
2308 1346 2066
1643 363 1511
1066 63 371
1750 729 1637
1121 2164 2115
1976 2002 195
1793 1942 916
312 2321 287
596 833 1289
1521 2042 879
1825 129 2349
2346 1076 522
2165 53 2120
871 682 1784
368 501 151
670 2064 2242
366 498 1219
1918 858 767
915 1089 1561
125 683 1656
1498 1878 1469
1277 184 362
1458 1405 1464
1733 1446 2337
944 672 1288
590 635 1064
1524 2133 1703
1657 1930 1042
2136 828 726
2249 196 2179
1696 1693 1452
1554 274 598
1310 1969 1150
2380 452 2305
998 586 163
1303 448 109
254 623 1636
2134 1362 897
869 370 1119
2039 427 1700
2344 1754 31
925 54 1522
1362 1733 2431
778 1890 1917
1304 1042 814
884 2239 642
1099 2035 859
1237 816 1524
1112 1902 2417
1791 589 552
1244 700 1995
685 2346 2282
1374 153 760
1760 1880 2105
1899 1732 9
550 1790 1956
1427 386 173
368 172 1460
337 1155 1567
2046 2160 1844
1437 1363 1217
1332 2327 773
2311 261 280
820 1203 737
400 1969 238
1665 442 2147
248 1360 137
2326 2060 1653
992 351 1043
2166 1195 1223
2048 1825 1040
388 530 371
53 1664 1530
1538 1789 721
1828 1390 2112
1509 1888 508
230 1911 1852
362 679 220
467 1624 2086
1755 517 1771
123 1383 1307
1039 1384 1054
1732 1403 1160
1830 783 1668
1701 2438 637
1575 835 1226
686 202 1834
716 2347 1976
1383 1289 1333
651 2463 1120
2187 1057 1633
994 2054 531
941 909 363
43 856 184
766 1487 171
2297 733 1511
379 2428 665
1231 6 1334
1697 2040 173
866 1553 1805
575 734 191
1430 2128 842
527 920 2156
2347 2187 955
60 794 1154
500 2007 1421
1031 343 179
167 615 229
2224 1123 1425
2066 2196 1826
1659 1573 725
2177 2321 2374
2464 1914 1336
1854 824 204
1804 1442 2055
2313 1109 1210
513 976 1280
1534 659 2487
1594 1409 2377
1921 877 1750
354 952 1328
2020 271 753
2312 205 91
1153 1613 1429
1496 768 1311
385 1603 662
2019 1659 2497
2277 1741 2251
1707 2075 1359
2521 1698 941
632 1822 799
794 2342 2019
190 757 963
240 1529 171
895 7 1755
1584 645 231
214 1440 1848
785 288 1226
48 1425 535
1815 247 2175
1775 1794 1535
577 1354 73
2261 1957 347
1438 452 1600
366 1853 252
2089 1368 1697
2256 116 1654
1918 1598 803
2436 1596 1651
2054 700 633
2126 1203 707
1595 1499 1489
2098 550 2129
997 1251 779
784 743 430
2125 92 709
1500 1191 1130
1542 2161 1760
1944 800 59
1581 2410 358
941 1942 1404
2547 2306 1068
1472 1187 1114
2013 1720 1746
1087 1848 14
491 470 359
101 322 411
180 741 615
2338 1241 613
2001 2220 246
1334 1355 855
478 652 1396
930 1497 1658
1931 1157 338
282 1889 2228
259 906 1019
922 2441 826
1367 258 446
1124 2257 2216
519 1941 1104
2488 2469 1233
777 2179 809
1574 2481 1463
1798 387 102
1077 1741 550
2560 67 829
2488 1040 1413
2313 2483 1616
2452 762 2076
1442 2127 696
81 1447 786
1969 9 1649
1699 2548 708
618 1194 1974
1304 2438 922
1399 181 2364
2342 385 83
1776 1126 1661
412 852 1567
82 2047 1300
2029 1565 1544
1976 310 1952
2460 193 165
676 2552 582
1405 1889 277
1639 2253 2054
86 1075 1242
2038 604 1773
2169 269 840
1494 396 1204
682 1648 2249
1316 725 642
2314 1669 1492
1364 1306 98
2291 1596 1430
1939 1628 293
1266 816 1293
666 1391 2365
1684 1831 1441
283 458 215
36 2611 1770
1987 120 1005
726 1545 2106
51 1433 978
1803 250 2507
1093 719 1541
1668 1676 517
1002 2081 2333
2447 2397 1708
941 1758 2380
1010 1576 505
1513 1826 2469
1546 1696 2405
87 321 2008
1844 2249 952
2022 1979 2405
985 610 994
2038 66 2603
1403 2388 1424
251 2278 292
1560 1952 968
245 158 2339
1145 2394 1217
92 2322 2460
652 1428 1027
1547 891 1545
64 71 25
1512 195 1818
2070 2327 1240
1207 742 202
2390 1081 1226
2435 916 2475
182 36 142
891 639 1742
1881 2481 462
2332 1225 1866
342 1498 94
1485 2606 208
1007 82 2148
2085 2488 1608
1662 1382 787
810 497 1657
1908 1529 248
1000 731 444
102 1594 1136
166 1814 992
525 873 1430
2461 1008 968
2523 630 1018
286 258 366
458 616 1832
1717 428 2199
655 1547 2076
1547 2601 1873
1188 1865 519
2239 820 1764
1926 349 1104
1576 1585 1178
876 1503 1178
559 439 558
665 200 2361
1477 103 2314
2387 1884 1635
1955 425 1087
1465 677 1603
1070 2658 1997
1662 2488 1613
1472 2185 1238
994 2403 1570
2607 1408 537
1091 716 2586
368 1396 1043
613 1422 68
927 574 315
242 2466 2135
2541 421 2438
372 358 830
895 1671 777
2558 795 2479
1889 316 903
2346 1823 2000
992 333 2127
1600 1429 2671
2528 315 2106
69 962 1604
2184 276 1919
1678 2337 543
1933 2015 743
2674 1073 90
326 752 2607
1155 1940 2133
531 1184 1320
1465 117 1446
2397 2305 2152
1079 686 2270
1097 1320 2030
360 189 2651
65 1011 2293
1268 392 1957
2195 2090 751
2676 2664 2404
2187 402 870
455 2 767
1116 1359 1804
2620 1297 779
423 1591 2450
900 2539 2500
963 1924 37
2295 1238 831
2174 1120 2163
1281 2259 905
591 2639 2458
557 1926 894
1676 1182 190
1448 2482 2670
997 517 1356
1877 461 619
1378 1081 2131
2361 939 325
779 1312 2064
1634 433 1595
2344 2168 867
2402 2669 1189
2037 1212 1468
1000 552 479
122 2299 2303
708 2600 2275
163 163 336
1073 2602 2325
348 1511 2196
2141 2642 2176
979 853 0
1866 2424 1413
155 1414 1523
301 1100 186
1950 480 1752
2633 372 462
1050 383 1335
1554 698 1864
1715 2479 654
2288 2470 2477
2502 2403 2672
1750 1197 638
2629 2059 2209
376 107 243
2396 1150 1085
1244 784 2165
1176 1325 1137
108 707 941
1274 2224 909
1788 292 764
381 529 1297
1564 824 2626
2030 392 1245
631 2413 631
994 489 1137
2501 1953 1240
1432 98 1975
1267 701 2098
161 1653 986
1006 1230 2062
2515 1638 734
2230 2269 1539
877 1254 2093
1513 545 1686
764 1551 124
611 798 2687
1824 648 147
230 1575 2703
1149 310 1085
866 884 1384
2646 740 1579
778 1829 1830
1584 2158 972
2427 2601 1972
2404 2446 764
479 1936 2463
1225 2534 2291
2445 2464 2350
914 2314 1463
2465 1668 2744
1485 2324 1121
2712 233 150
449 1148 694
2717 1704 317
2722 2728 2041
1653 2337 1502
266 2575 2249
1633 2207 379
1473 1075 1959
2360 2152 1364
1539 1669 2744
2031 2252 1161
150 760 184
1044 1079 2485
2459 2431 1338
283 2077 45
384 2358 1083
2551 2753 1598
1475 1903 823
2203 2258 691
1004 2411 199
788 2088 2467
1410 2413 2592
2030 1271 907
1296 401 61
2626 1882 2814
397 2394 476
2664 84 2128
1764 2589 1462
331 473 40
169 2434 2818
1376 1704 139
284 1592 297
1660 481 1372
109 501 2735
1845 652 2461
1939 1775 2554
2398 1202 2332
871 2476 400
2773 1433 2367
2145 1799 103
1431 725 143
2585 2345 322
1908 863 155
400 114 2456
1820 733 672
1728 589 257
1259 1774 1868
2269 2236 2240
1203 1499 298
222 1098 2
1177 106 802
2757 81 944
1113 2033 1260
1803 1311 2065
2665 1811 1980
1511 1505 815
1114 1104 1683
1497 1283 1879
55 894 1309
890 2413 147
534 1241 1192
2288 735 2329
2072 1930 890
2008 2539 1851
801 1315 2822
1816 2793 2632
429 864 2765
2 319 2041
66 234 109
1840 348 2804
664 2720 1853
1090 2583 484
747 1248 1864
119 1385 2500
185 741 324
1756 147 373
1799 730 310
1749 1230 1839
2790 2830 79
895 1934 2033
2759 342 2431
129 1869 1945
2662 1625 1300
770 2624 170
2773 2401 434
112 1914 1853
34 2699 1162
2239 1165 980
600 2491 315
1587 1675 344
975 303 1917
795 1328 1028
237 2255 783
392 656 2521
2569 2824 686
703 1335 1758
2849 1272 1264
260 1354 2048
1268 628 1400
759 1890 1143
9 1857 481
1440 930 217
2720 1644 1410
2528 1973 2592
413 361 1609
2627 92 1238
2792 1481 1364
1781 193 2210
1320 2291 1625
2197 923 1745
2095 270 1240
1546 472 421
2568 1711 1060
1833 1508 2438
2644 1687 982
2238 1173 2535
669 2208 1874
1340 671 2589
870 613 572
1234 145 464
2817 2568 2856
1333 563 2737
2750 1387 1496
894 731 845
1475 979 2279
887 1907 1030
2201 2001 2123
2181 335 1804
1141 600 2609
671 772 2746
1208 2141 991
2493 221 777
1084 1757 1055
2692 2478 1178
2330 2102 2464
1401 360 1700
1870 1274 2616
1820 2661 1204
28 1125 1742
2244 1581 232
1156 1573 2208
561 2746 732
469 1896 2496
2909 615 1068
299 349 1845
218 2175 1186
2432 2790 419
1237 1284 1190
2132 128 2796
1395 1825 810
2593 2285 2112
251 1200 1027
1349 2853 2023
2291 1257 388
2868 491 2887
183 766 739
2380 2667 2721
1414 2042 1245
998 2274 1048
867 969 2483
2419 376 2865
1502 1519 738
1566 67 441
2513 2272 1231
215 2429 480
1310 1045 334
1053 537 1682
1408 736 1339
2086 347 1275
1911 2511 639
1867 1589 1004
2691 1129 1343
2677 293 425
1428 1730 780
434 2920 244
2263 1569 445
2427 922 724
73 7 975
2238 1553 142
271 1821 2820
2251 1564 2184
142 2449 2534
652 488 400
2657 2245 2021
2111 1443 2640
1870 1272 885
15 2869 1711
195 2370 179
2848 1915 2332
618 1464 301
277 532 160
2946 2789 1145
2202 1310 1159
67 2299 2167
2684 1560 1499
895 2333 1523
2530 696 279
1872 1005 1009
2637 1363 2008
953 1271 1275
701 2871 649
2194 550 439
2931 719 2133
2976 959 1269
1246 257 346
1238 796 1074
883 1865 2773
18 1108 621
2129 55 65
2661 2433 1056
2409 1972 2162
2678 2089 2687
1079 2691 1023
1357 964 437
1680 1422 1928
1366 28 2051
1111 2550 1455
868 2864 1488
2180 533 2919
355 153 2626
2311 2506 1820
575 2784 332
158 2012 1670
1540 460 2025
2725 148 161
492 311 2405
1069 1213 2730
961 2544 877
648 2964 1527
287 1417 2970
2835 2834 724
2829 1181 2436
713 2353 1009
2402 1846 1320
1888 224 1406
2714 1262 2758
718 936 2630
823 1186 912
2181 457 306
2561 2507 388
2561 310 883
371 2948 286
921 257 1294
1919 2785 2723
2753 332 175
1268 2494 1467
2646 44 501
556 538 1734
1085 2675 2658
1802 2387 238
2031 2178 1576
2770 1806 2320
2772 954 1513
1100 2029 1391
1089 1185 928
381 1250 2500
2361 2585 2677
1304 2681 2970
168 896 123
1401 300 2588
2390 1444 1132
1827 351 1918
1820 2434 903
1330 760 2976
2496 2100 1192
11 2269 1052
2547 2831 2370
903 119 2180
325 1364 246
1846 2385 2562
2007 225 734
1777 2117 1674
1993 2883 3005
685 468 414
927 2016 1230
1530 1151 9
2131 690 2026
1087 2418 1103
2873 218 1146
2040 2610 2438
408 1484 2187
2007 1992 296
817 1352 1771
2177 1422 2921
2139 1072 918
1990 243 1380
1496 2181 2472
2681 322 2349
1903 1945 2438
3078 2138 1347
1510 1843 1747
1287 3066 2796
1205 2827 3013
2261 1488 1243
2256 1350 2989
888 2749 138
1073 1434 1412
748 1431 2351
1825 1384 2427
977 2338 18
379 2968 496
3042 711 1540
1300 682 470
2074 1349 3000
2965 2868 916
2136 2144 2557
1146 906 384
2694 2474 2487
2910 75 409
1620 2686 154
1476 919 2987
3033 1907 645
2896 2570 2389
1914 1972 1052
2550 2627 2186
366 2898 1235
2314 747 1616
2530 1412 419
1738 2935 2122
790 2701 1465
2400 1594 2020
1689 1084 2427
225 1044 2650
2765 827 500
2747 2559 753
2164 1099 3005
2197 2975 932
2598 1388 1217
463 3039 1459
940 2325 831
1332 575 1250
2377 2114 17
1144 464 546
3107 1341 751
280 428 1272
1971 804 139
3126 3128 70
2610 2922 646
1642 1711 2293
1739 3006 132
331 2405 118
569 2420 2670
1530 2016 2210
2072 305 2303
1948 2092 322
2776 2205 2470
1219 36 3116
1156 536 121
2457 997 369
3140 2160 2343
2316 2193 1706
719 709 2449
2158 2039 2181
2867 663 726
16 607 2017
2707 550 952
1957 1649 2513
1203 1881 3127
2156 1344 736
1390 190 649
1575 1696 268
2340 2298 2926
2051 983 1668
1839 446 1749
2826 2631 966
2592 2273 2383
128 2554 2892
642 1208 263
112 2471 179
1895 2850 639
1708 659 2138
3122 2190 1502
677 1178 1366
2318 582 109
2436 1496 2413
498 1182 2278
2685 2036 976
901 562 2571
73 3063 1279
2758 1870 1269
2886 383 2906
1751 1229 2069
2009 3173 1952
135 510 1685
2157 3044 1849
2264 2271 1864
796 644 487
1735 1097 1462
2568 1694 1858
1926 2497 1683
472 489 1182
2790 2628 2510
1412 773 2431
1837 207 865
1289 221 3008
2967 2129 786
2753 2812 80
2829 430 2042
1491 2049 1385
2541 2847 1446
874 405 2884
3091 2616 64
1247 2239 2036
1400 3091 564
3161 692 2946
629 563 403
1172 702 2329
864 1114 1838
2669 1887 2449
2873 2326 231
2044 528 1337
1428 1095 1355
670 352 2059
1758 905 3205
644 2989 2558
1684 1583 1703
1705 3178 1688
572 1550 653
1513 51 1418
373 2152 2569
1009 1113 1022
421 1789 2317
1670 2823 923
2837 390 1240
2103 110 2680
2564 2337 3050
1017 753 139
674 2385 2860
1069 2001 1436
2675 406 323
2847 1858 1429
249 2472 334
1942 1924 1701
1378 523 1851
1643 11 1931
806 900 2644
2067 2304 166
2513 1284 97
3033 341 1247
2586 3036 1293
594 2381 474
1345 772 1799
2493 2001 2083
2477 607 491
1011 2792 432
2995 763 1818
1069 2407 2132
877 1780 53
2557 3195 1910
465 895 1843
1511 1826 1702
2436 1586 2720
2235 65 40
1036 1326 478
27 1041 1458
946 1013 992
2872 2052 1793
612 717 1388
3252 2266 2846
3020 1097 574
1191 1294 1799
1777 2459 1855
193 2335 906
1820 2253 171
3090 3235 3118
1890 1863 1534
170 2971 1212
3211 3225 987
1159 2127 800
2170 1695 654
2512 481 1862
3104 2285 3183
1339 291 520
2414 2315 806
2507 1219 1574
1375 509 99
2554 2476 1639
3032 1223 2789
1014 2074 1234
96 1050 2294
990 1115 1961
2662 494 699
2607 2981 2280
3135 2151 216
3062 1095 2443
2041 56 624
2631 2022 1928
3097 561 2689
2393 2992 1582
1016 513 369
2625 2176 131
964 1485 1002
900 2326 972
1604 1585 2108
2226 3167 2136
539 702 2234
78 1381 1509
1693 1503 582
1889 2929 198
1380 1807 1113
284 1985 981
2076 3098 120
3062 83 2262
657 1683 3144
3294 1735 2460
506 2177 3172
2520 1006 19
2766 3117 1096
2648 1400 267
1 1092 2614
304 2111 42
1857 1623 2748
45 1511 2833
923 3247 3192
2935 1708 1363
3140 2918 1092
2898 175 2745
3268 2596 3125
426 164 666
111 907 3116
2329 3128 2498
2259 402 2477
1171 42 2770
1837 2001 905
1425 1595 2472
715 984 725
2950 1597 2503
423 2535 1941
3237 697 739
1756 2377 2805
947 687 495
1308 1948 267
685 1306 1151
1094 881 724
2061 1016 92
113 2115 550
3067 2346 2776
2378 2619 1066
723 320 995
1562 1727 2738
1980 2185 1904
1898 5 3296
975 1663 2546
3030 2285 1736
2546 119 434
65 702 1932
661 1758 3258
749 2493 1407
1339 390 2452
2271 2892 3306
2958 1286 2240
1863 966 1943
3143 253 2849
2184 1683 1553
3133 628 630
933 460 1475
391 1049 656
3059 89 309
2962 2153 127
625 2922 2851
465 2442 272
944 3035 1988
787 750 1003
1283 1909 230
3350 64 3045
229 1722 1559
469 1487 2158
3141 959 1232
2856 3054 1428
3310 2425 2472
3009 1711 42
2453 39 249
1691 24 1735
3085 3106 2869
1294 682 569
1430 121 830
1543 255 150
1087 391 420
2114 1284 235
30 2460 530
1994 235 116
31 1495 1101
140 1757 1810
3238 1493 1885
1855 2257 211
1016 824 2482
1479 3055 1438
3335 1964 134
1278 2081 3292
1258 2401 372
1073 2318 86
2603 2254 1988
0 3358 951
2812 3210 2528
85 1022 2329
2108 2667 2524
358 2237 2462
524 268 920
2277 240 1117
1044 405 1832
882 1897 508
2530 3373 258
991 1417 2855
3280 1309 549
2857 2610 794
3353 1880 1677
2627 993 2647
3266 3267 3320
2511 2121 547
284 3167 1905
2199 81 1971
2084 2502 512
1707 996 2265
1936 1393 735
1338 1996 3098
2109 398 1302
246 1477 2697
2921 3226 2736
3178 2551 771
1982 2490 984
2041 3147 1942
3350 3173 3087
440 1753 1811
2811 199 2186
2440 608 2195
2768 2193 2736
2181 1230 708
1118 2925 1566
538 712 1054
774 1850 50
1207 177 1202
1099 870 2435
1200 2126 2244
1183 1403 3007
3409 3335 1355
94 2818 1901
57 1747 2607
688 1225 338
2404 271 1408
3384 605 2541
2059 1951 1208
1362 10 2059
2930 59 1571
1228 2427 1468
2987 2639 1878
2802 1289 3179
1301 1582 3132
3375 1633 2491
145 1444 1369
1419 2948 2974
1301 1953 538
1413 1096 970
719 25 3428
1542 28 3339
1218 1467 1827
1343 743 1501
2070 434 868
3420 1726 1713
2496 921 2472
238 2363 45
56 3398 3342
696 1937 1553
2556 1424 1555
2080 1294 902
2128 1448 2388
1917 2411 3446
1264 184 3049
1000 1886 3131
2516 402 67
3400 1930 206
3355 2711 1224
2804 1395 2351
3011 1221 240
2591 422 2518
1289 19 1367
1082 1297 1121
901 2383 908
2899 870 1240
1376 2596 2956
2983 2949 2343
779 1363 1250
631 1927 2028
233 718 2037
1017 597 1056
3099 2469 972
1108 211 1212
1080 311 1899
3191 2829 3081
3255 706 819
1565 3018 154
2172 471 2779
1329 905 833
3179 2521 3252
1409 432 825
3422 740 482
2509 3150 2869
2100 1015 1336
2430 684 1767
2214 23 2608
1353 955 810
3219 1357 3304
1760 99 1320
2558 2880 3269
2809 152 1896
2333 167 2677
744 3498 264
668 2840 320
360 2236 3207
943 348 273
3283 661 257
1944 584 2278
3034 165 137
2268 3118 2025
3034 1488 693
2167 45 853
98 2504 48
2983 2380 2851
917 531 1519
894 474 547
995 677 1158
3287 267 158
2540 81 3153
520 3138 3461
216 3239 316
1501 2775 1309
1592 2590 1493
1145 3484 359
3518 3437 2265
3272 2260 1994
1348 84 2243
795 440 1088
3463 172 1335
3311 1582 826
3295 699 410
1200 2858 2973
1075 2764 1321
691 3171 217
931 3488 3242
1353 2585 2487
1436 2771 2188
2329 1640 3197
975 1719 1699
1384 655 823
2431 2589 1127
879 2576 581
2977 831 529
1654 441 2385
3472 108 272
39 2496 2973
175 3478 278
1086 544 3244
799 2966 2787
2230 927 376
460 1146 317
2506 2730 2305
1520 2606 303
2701 3101 2759
2460 977 551
1168 2400 2633
2292 1535 1556
1473 1213 2797
1034 2949 2194
556 2548 2999
745 909 792
243 880 1470
338 3211 3247
581 2854 2726
2293 1775 75
1550 2847 3095
2092 1725 335
1216 2639 2311
3507 1120 2297
653 2888 671
377 1088 1403
537 1902 1303
673 2777 3024
1942 1891 3515
2268 1581 2025
616 470 2408
2785 1502 1076
2121 1060 2565
403 2660 418
2050 1885 1378
3107 579 3445
47 1227 293
921 2544 2025
896 557 1963
2750 2946 2145
2640 802 2783
226 459 2439
629 706 624
174 1577 1227
2139 2060 278
2573 129 1804
3241 1432 3339
2324 292 1236
3496 3182 1546
2844 1996 1215
3427 1304 2396
3225 3547 2622
379 1778 2665
2718 423 93
189 3091 2996
247 1011 530
2155 999 134
882 2363 1719
2395 1642 806
3153 1297 701
2744 3539 526
349 3355 2237
212 2461 1163
2633 2308 3452
2996 1420 1757
642 1036 1593
1096 49 3452
1081 1704 299
259 1116 1076
688 3443 1605
2841 3240 1018
2024 3113 1184
1184 3605 2513
1936 1269 1028
2740 3321 308
1575 2566 2069
3207 2121 2297
1198 252 3369
3367 934 1451
1048 1759 2206
1081 2378 2416
3203 1071 3360
3599 1155 1570
843 545 613
378 2059 2531
1747 1439 2850
3124 1250 1672
2656 200 3163
76 291 885
1416 3406 304
425 2276 1219
2553 2070 816
2696 2070 2779
646 1650 1518
17 687 119
885 255 1533
468 2798 345
1541 806 1063
1722 2819 1935
472 371 1851
2085 10 1249
2097 2548 3425
470 36 1000
1161 3365 1109
3403 1662 3179
1785 803 598
2924 2151 2624
2600 31 1095
776 2847 1640
2385 1348 3508
3360 2909 3104
2333 1832 971
3622 1218 859
632 209 3171
1970 2324 309
2009 1779 2005
867 3453 1008
2326 716 2519
1928 1159 177
280 1278 1798
198 719 508
199 1642 2936
2205 1775 1363
3653 948 1487
1539 1002 498
3656 1957 909
596 575 851
303 790 380
2538 337 2427
3643 2184 658
2957 475 1360
1955 2269 437
2716 1026 2948
1395 2689 1002
2804 2564 2956
752 2526 1802
1781 1356 321
1393 3461 2246
387 1482 3680
2324 2831 2973
1279 2588 2488
2798 2385 3308
2371 591 789
483 2007 1160
2337 2004 1243
3604 3282 942
1897 802 1091
602 2229 561
3102 3606 2049
2871 1171 836
2326 450 1055
3044 466 2539
2979 2095 3258
808 2448 932
3192 1055 2690
634 870 3251
3349 3050 1835
1354 2823 3318
1479 1115 3069
729 3395 1370
2408 788 2453
2493 2751 3354
2016 2276 2224
2640 1397 1625
3094 2729 1801
2664 3223 3115
2546 552 128
198 3557 2504
1677 1296 2552
158 728 1937
1005 486 2555
790 3106 2439
2544 1188 3301
11 1584 244
1477 1515 3642
2551 1333 3643
486 1064 2643
1929 3253 3629
1919 2180 414
2354 2293 1696
586 2336 2615
3201 549 2722
1244 2890 2651
1216 2507 261
399 729 1157
2330 715 159
654 941 3157
2602 312 2204
810 814 3625
3222 2218 1664
3548 1168 2847
406 2036 636
3452 1067 2995
3400 70 1715
2454 1086 2330
2908 3203 829
1458 1820 2600
1770 2683 3567
1047 149 2154
971 3462 139
1508 2131 3318
553 1707 620
387 501 1552
1719 1451 2654
1933 3146 498
997 974 2436
1754 3163 2205
588 233 1880
1509 1790 3141
1824 868 1076
2045 1724 1860
3669 1068 1334
111 3498 187
3560 2425 1056
1152 2888 2422
2422 2642 2374
3183 3351 1952
3543 138 799
1862 105 2080
2706 1275 3339
3632 3725 2412
607 364 1977
1741 1750 488
52 2154 1
2627 2988 2567
691 1442 2770
3726 1820 3080
1151 2318 2298
2391 3221 2668
3514 303 387
1412 329 3475
3481 1929 116
1174 709 1613
1183 563 2086
2541 2357 576
1491 1893 1435
2319 2725 461
2217 2258 2496
991 3226 2756
3183 2867 1183
3052 1044 2298
2754 1154 170
2648 3396 2949
2298 119 106
313 1022 873
945 195 3433
1421 2592 2129
182 3152 776
2171 1997 3387
2333 3201 663
2957 1300 1058
2029 3138 297
747 247 2596
1953 3759 778
2620 495 3621
2836 1913 1794
3291 503 1132
1932 2063 3750
3277 1287 1755
1284 3536 3301
457 637 2710
3070 2197 2782
1803 3366 1413
2195 2213 2169
3229 486 3519
2375 3662 1722
2757 1534 1102
664 2934 2845
361 1579 439
420 2330 340
625 702 1742
2986 2278 1267
442 661 1818
1879 670 2756
85 615 14
542 1376 716
202 2459 2464
1442 194 1895
3162 2429 3073
3481 1464 1821
1657 3729 988
2842 484 1335
513 919 1538
3515 604 3812
1428 2370 876
2501 328 1924
1608 1673 1651
3193 1791 3669
2356 3291 3484
1730 1843 1950
911 3238 289
3751 793 1625
461 897 1982
3835 535 440
2885 3137 1759
1659 3460 3191
1776 827 3135
3111 2351 873
3509 3231 73
3231 2214 1412
564 2621 3649
1547 1160 1556
2134 1756 853
1681 1456 2627
2182 755 732
2544 2137 2710
182 46 860
2048 768 486
2523 2853 1139
1658 3744 1225
2507 2595 103
746 2797 909
1470 2857 1639
3692 365 2834
3419 35 942
2824 1782 2965
2411 2289 1509
3777 791 1287
1975 2265 3253
3087 1851 153
3556 803 3100
322 2136 2259
883 2200 3394
1964 2129 3087
2235 2065 1927
2387 2108 3673
2235 1849 2570
724 2934 1147
2271 3693 3442
2105 3816 2852
2529 2564 2342
1435 2722 3540
2294 367 180
2173 570 3185
2905 532 115
1055 3764 3189
1365 2861 568
3647 153 2818
1738 3474 2344
1160 3293 1836
2220 2833 513
676 462 1641
1695 3557 3342
3730 2127 2999
2046 179 3457
1919 2790 2354
309 1693 101
2817 244 939
1454 3830 2083
846 692 1631
1151 651 1056
1025 624 3617
3004 2069 686
3275 143 3041
1074 820 1790
3775 3845 3568
190 769 2438
2917 376 1205
2038 1158 3518
2727 2689 1594
2299 2558 1502
2175 17 1824
263 3181 1366
1525 1782 2810
1277 2327 3369
1429 1123 974
2545 3906 3430
2447 3837 65
704 2140 3382
1238 1288 1768
1224 645 170
1119 1640 2657
3610 3081 23
2644 3085 1971
2205 2945 139
2651 3391 3633
3662 2221 958
2891 2467 2661
2629 1638 2062
939 2700 2144
2961 111 3440
2331 1788 2163
1280 1555 1050
3636 1624 1565
2909 1639 443
1362 202 3696
3250 3324 1229
535 1953 2909
1452 3105 505
3573 3528 2342
1404 907 1923
3462 209 3369
1837 165 453
3203 682 786
2252 1344 3405
1461 1908 3667
897 2637 2931
1615 1835 3920
1901 392 3512
465 905 2974
2715 3582 719
1811 1388 32
3303 1816 236
3571 409 3330
2223 1706 3334
1979 1767 2656
1351 2575 2018
3771 3304 1247
3289 3251 766
1626 2127 146
3214 254 1189
1027 2793 3250
78 2761 1924
3036 1819 571
1301 2653 1459
3428 2552 3198
3899 818 305
3339 356 1336
1748 672 1216
1730 2949 2877
2725 2364 1247
2380 2210 903
2498 576 298
1944 281 2545
3558 2219 2176
783 3234 1548
347 3876 896
2527 967 2013
1634 1766 1542
3500 3549 3501
3652 3617 1862
3914 2484 2479
1557 31 2555
3395 677 1772
3233 3482 446
1596 2311 3861
1675 1135 2924
2422 1 3846
719 3309 3976
1270 1376 3400
3198 1468 1629
1873 1999 81
1129 2715 2633
3709 1799 3722
1987 741 3596
2986 3753 1282
447 3425 2759
3843 2591 3258
1425 3158 1441
1262 2032 1041
2000 3625 604
483 3624 2504
239 1724 343
2369 1150 1281
1215 1940 2556
2316 2961 3319
1506 2916 3772
3645 1878 184
3049 2605 303
1665 3208 131
412 772 1731
1691 2863 3058
2685 271 814
135 2295 1739
3635 629 1230
2167 3947 3247
1982 1247 1276
2078 1223 150
3027 1222 1945
1858 1406 1527
3076 1113 1988
18 625 3492
2697 2169 546
1116 3540 3577
3811 2880 3681
2404 2232 3866
3748 3643 1596
3393 204 3087
282 1364 1801
3178 1210 2166
1417 53 346
3969 745 3337
1425 1265 4023
1535 1979 1040
1838 2419 2031
2792 2857 1493
1697 749 1468
3347 1033 881
2527 1263 532
1338 3157 1514
1536 3929 891
41 1754 3888
2954 1124 726
790 923 543
111 2555 340
3838 2989 2686
1725 3603 1099
2018 580 832
1492 3602 1414
277 2039 2685
630 4032 1125
1890 2918 441
3308 2731 3247
569 1608 3668
938 748 989
3182 197 879
3708 1970 1121
1900 2260 3661
2035 2828 2810
942 2760 2389
3556 2608 3829
175 342 3107
730 2328 176
98 940 2607
157 1645 3580
2499 1316 1228
310 1854 1527
1311 2804 1345
1439 3221 2214
2625 40 1428
1062 800 73
2567 1394 3373
1939 2830 1914
2483 945 3618
3479 742 3110
3789 1842 2292
3250 888 1047
739 1774 912
3604 2059 3247
3789 1216 352
1585 1073 3230
1833 1848 3859
85 3177 2332
1789 1191 1702
4045 1085 75
4077 3798 272
2452 3293 2112
2548 2747 2719
1346 403 2239
2316 1036 1377
3990 3992 1238
147 544 2392
2733 1631 1122
3531 777 826
876 561 393
59 3773 22
813 2361 2585
2509 2312 3642
3972 1823 2748
3943 3826 2664
615 2852 2047
3954 1814 4029
2861 2178 2738
3666 3725 3390
609 2826 1312
3083 1097 599
3932 1508 427
28 75 1141
2569 3479 705
3915 2791 1445
2098 2225 965
2959 2094 2686
182 2477 2423
2556 3323 482
1762 549 1732
3320 2710 1659
511 952 2348
2212 4094 346
850 539 637
3005 1706 2384
2349 3432 3348
2201 1173 2079
2735 3868 23
1709 205 1117
1468 1610 767
3486 4077 2135
1061 1217 3545
3938 1261 2029
1245 2936 2693
2339 2306 1855
1728 2422 2168
1027 3900 2380
3020 2082 1245
685 3622 3003
850 2989 1780
1639 3690 3617
1168 2232 538
3949 2659 450
2313 859 2850
2778 2260 1786
2293 1662 168
3696 2708 2548
1790 3532 3917
2006 1341 2254
2134 1630 2124
2239 3908 3123
1018 2305 1336
3000 734 1972
2718 1773 2601
300 45 4057
2107 3176 59
3297 637 2735
2763 1875 1180
2287 409 2943
339 2957 2137
2533 3519 2915
1564 3755 2213
4081 3509 44
463 2070 4004
1230 2719 788
2609 666 2341
2371 3481 3900
885 719 1595
2195 1568 1747
2018 1432 991
67 1417 3798
2296 4048 3787
3222 943 2281
1381 1256 49
1361 3514 3283
671 401 1923
2680 797 1558
1808 2658 2790
2351 1034 488
1823 3557 311
3814 1869 4072
481 4019 3456
1663 1138 1008
2985 97 1510
1846 628 3997
1156 2562 2701
1774 834 884
4172 3277 1038
3763 1783 1846
3071 1331 3348
2450 3100 2134
2036 705 905
1523 1959 4117
2236 2548 310
624 1716 183
976 3335 3038
1458 1590 3286
1253 2206 4120
2614 4178 3192
119 144 3629
2355 1750 238
1573 1324 705
884 2646 16
1594 4137 1327
1383 4130 2594
2613 297 1993
2468 2609 1865
2727 3813 519
2232 645 3411
759 3241 1467
2027 3298 3160
209 1204 2875
2826 362 407
1055 492 3504
987 1826 806
748 3827 2191
3403 3830 2231
848 734 1829
328 2016 189
3332 2355 1746
4102 2507 1437
211 1545 2964
253 4096 707
175 3904 1438
1691 3122 1946
3285 459 1603
1049 2672 3697
583 991 24
1593 1027 3878
2818 862 1501
3402 2925 1851
891 1856 715
1672 3164 1303
3995 1597 478
1107 1727 2309
3528 2496 1825
706 2347 3969
4216 1738 1338
3740 117 1122
634 2731 4149
1613 924 2189
1206 1568 1927
2571 2180 2984
1475 3036 2044
1916 2106 4184
1837 2710 3570
528 3744 339
3943 2465 1725
4106 2131 2155
1993 301 3004
3695 2153 2554
1701 601 1163
554 1025 3290
3936 291 2757
2899 2924 1661
165 3545 3269
3228 347 568
505 1677 3446
186 374 2004
1084 969 2190
4093 2520 310
553 2181 886
2918 1507 1265
4108 3425 1239
3622 936 2885
480 3429 1141
760 2245 2501
1852 4160 1721
718 620 705
4156 2734 2127
1407 595 3715
3366 1033 3017
2322 1487 722
894 4018 2238
670 1499 525
187 2431 3360
1470 736 4023
176 2525 1676
1688 2172 1091
3840 122 1104
2679 3680 2105
2594 3857 3993
935 3469 3174
3700 1895 3117
4261 1481 3351
2970 201 11
3937 3840 3782
1507 355 3148
836 2914 1206
1514 3477 1538
2359 2377 3808
165 1157 2314
1380 1843 2215
2064 2093 2703
3740 38 2752
1032 4083 3973
1896 701 3680
761 3290 2952
2393 1625 782
449 1712 1728
1154 3679 1306
1458 2414 3881
1585 427 1461
2289 1153 795
4010 3271 1362
1764 201 2726
3150 3327 1287
2404 1613 2305
3363 3456 1635
3101 423 3420
2766 4211 4043
3249 1012 4162
2349 1193 3952
3243 2694 2270
2982 1539 1430
824 3334 2894
2438 197 3561
1766 1541 495
2514 2224 2114
445 1501 3538
2338 2031 2724
8 954 3508
3984 3844 3962
2545 930 1763
1289 109 2979
1630 4040 69
882 1855 3837
64 1480 2874
7 1330 3230
1547 847 530
4049 351 1111
1884 2593 4043
3463 884 1445
3301 949 1863
3247 1872 3536
630 1793 2602
3943 1189 2175
4107 921 2195
1359 2399 3825
4047 86 3060
666 2754 644
1074 3612 1342
1304 2466 3879
693 2029 2373
22 3846 467
1074 2930 2666
2517 1167 3327
2373 2054 1421
4309 1098 2415
3467 1976 1276
3422 1324 1447
1741 274 1516
173 2718 2965
621 672 2753
13 2139 3432
4047 2102 940
4044 2564 2743
395 3950 3450
1380 2155 4071
1963 1077 706
401 904 3568
3188 3267 3659
2787 408 4185
1592 3657 929
756 3226 1874
2178 1915 4242
3327 3061 3963
4021 120 4108
1725 1124 4244
2646 767 1457
4239 650 3828
3252 3995 3678
2430 105 2897
1083 1116 3263
951 444 838
2339 2097 315
238 4277 3077
1893 631 2168
4175 4166 1366
1783 363 4008
875 2284 867
545 2648 443
538 6 3739
1043 1002 1656
2415 4262 3186
282 88 2983
3324 2010 2092
307 3660 2906
3638 1423 3936
2197 4085 891
2995 2079 4273
3254 1109 290
1614 166 1432
2542 3340 3421
3445 1356 540
3837 1281 2820
2420 2287 4313
3900 1212 1898
679 3142 666
2497 1181 3727
818 1145 4104
1101 3843 1248
531 3620 715
1386 2447 4170
3500 903 139
1419 378 149
2876 3781 2008
1926 1693 2595
3522 1941 2347
6 1219 1908
4178 2172 1729
503 744 3055
2911 3613 1029
2192 1161 1101
3305 2979 2278
3397 2848 2987
2106 1935 2984
3269 343 1463
1232 482 1865
2861 99 3587
1736 2459 614
1018 3407 3197
3741 3831 2912
2589 2329 1488
1397 143 1778
1838 1132 4146
2969 1387 2746
3292 1045 146
3263 167 1774
4088 823 4403
3169 2546 3047
2836 1237 950
437 2676 1310
2707 1055 2757
3740 1694 1132
1736 1080 742
100 3066 2275
2847 1980 9
3146 3606 825
215 1046 4160
2507 1308 1074
3575 4048 295
4165 4344 2275
3184 770 3204
2725 1199 1131
1892 3620 3390
3103 1981 3314
2424 4231 2959
179 487 1007
1780 694 1266
110 3586 879
2203 2712 425
1704 2851 3155
3970 2677 2888
2360 568 518
1015 2791 3218
3593 3804 1170
4339 2327 876
2737 2685 5
4080 4219 4407
642 1625 4156
3274 870 971
2569 1871 4273
657 3041 2121
4406 1848 2403
1251 2376 3031
210 4344 2819
4344 264 3237
3095 1973 1352
1929 824 1209
2265 3585 770
421 1565 3381
1230 2254 2487
4233 2429 4212
2535 1150 1794
3486 3421 1718
2298 2885 901
4439 677 1077
960 2454 2915
1065 1721 3424
2856 4028 2379
42 3466 4211
554 147 1112
1678 4063 3260
1725 1478 2844
210 840 3914
1605 668 1511
1888 2806 4364
4434 610 3539
3502 525 3779
3206 4360 3892
558 1264 3731
1163 473 635
790 2007 2053
1552 595 4278
3118 1021 1980
3928 3735 2264
1351 464 1888
135 3299 570
2998 1711 1027
3954 1057 1846
4145 4153 3620
1705 638 3338
2132 427 3190
1896 3367 375
4030 4010 1578
443 4488 3539
3857 3286 2346
578 242 3115
787 652 3541
2161 42 2651
2847 3177 492
2120 2557 2408
2425 3134 2966
2071 3878 2627
3110 3855 1727
136 3337 1817
3779 4251 1800
76 1253 2339
2757 4300 1266
2444 423 4389
1548 741 3173
3133 2478 825
4402 554 4011
3752 2635 1907
3140 3182 2316
1265 2421 3199
841 952 4169
3200 1953 436
840 1035 2850
1378 3704 2730
1614 3534 362
798 2602 2709
1916 2196 3614
1458 1449 17
1143 691 2141
3571 2784 2463
3452 3830 2764
699 4308 692
1019 4294 1866
1275 1416 4162
3656 3321 1745
4472 3383 860
38 1608 1085
367 3387 516
2884 224 2790
1685 431 751
2477 735 4044
4165 2959 3692
1146 2580 480
3731 1688 3035
716 3935 581
386 89 3524
3873 3766 4112
37 3745 301
1247 745 3297
1484 1238 1369
3874 3509 2898
2581 256 1421
1648 300 778
3619 405 3451
1602 4460 2830
3665 4174 4255
3679 2642 4032
4491 1974 2797
4365 449 3220
3557 1690 4435
4007 2100 1883
326 188 2875
617 3436 1245
1946 4193 129
697 90 938
471 3995 2398
1721 4485 2166
887 3886 4340
2006 2879 4511
3400 1041 4198
3747 4486 1809
1081 2318 4033
2275 3290 283
352 1091 1851
1990 932 119
2843 611 2248
3903 150 440
3915 1709 723
1369 272 1127
1079 2779 1539
2830 3527 3753
3157 1743 486
3042 470 1160
1302 4071 3729
4055 795 3962
362 4146 4184
69 3736 1885
2441 4059 2721
2172 421 965
618 2868 1875
1170 4107 1270
3902 1637 3798
4064 1654 834
4198 3379 3102
3411 1024 673
107 1873 1577
3156 113 1180
4022 2193 2644
1159 3649 2670
3613 3301 2060
367 3653 3794
2241 498 1719
871 53 1119
1924 2668 1382
254 3977 3725
2091 2501 2517
3795 4224 3010
3932 4019 1824
607 2008 1808
799 1443 516
1022 2701 3793
2770 1510 3030
1583 3524 1924
2521 1726 506
3894 2890 3240
2693 3480 3970
2253 473 2987
138 3818 4440
2032 683 1437
4294 26 2453
1634 1498 3928
672 4263 1538
2012 3411 3030
414 608 145
4175 2665 4544
1689 3184 3425
3408 4294 3462
3864 1205 2066
819 4611 3108
4199 1801 2315
3980 1975 4553
1708 2688 4447
3255 1479 42
1817 2466 3214
2639 116 75
1029 126 1935
1411 2877 1793
3001 3279 4024
3797 2869 4297
228 1509 3230
3065 945 4317
770 868 3760
281 923 4574
2912 340 703
3815 579 3527
1932 2430 2404
3872 3891 4213
2277 2202 1055
182 3834 1820
1511 3855 1028
2729 2813 3735
59 1490 2852
1033 3115 2241
4048 2900 668
4396 1990 1653
287 2003 3840
3760 155 4386
2523 4361 3949
2146 3602 2031
130 2405 2723
994 3362 289
191 1152 2316
4029 2120 931
707 4520 2173
4383 2217 802
4136 4046 49
985 1527 3179
4348 3605 4283
3662 2881 2343
1997 289 758
4010 1492 2349
4445 1556 738
1213 3436 2730
2094 1199 3674
3979 3061 1762
1887 2879 4200
3473 3020 381
2596 1954 2856
2511 3343 4319
4508 2781 800
1132 2729 4508
4246 2148 1272
449 4326 3335
2901 4195 2234
4109 3910 4379
4426 1366 4119
1974 807 3766
417 1373 1169
873 4661 405
3467 4623 3969
999 3292 244
2959 4071 4651
1573 3210 2921
3869 4037 1061
1881 2927 4404
2001 721 2430
2192 2351 105
1040 4011 2455
2705 2092 3679
3961 564 4408
1432 2978 3194
4390 1490 4443
3987 227 4276
1106 3549 3868
3093 319 2395
2214 223 4624
3325 4558 1797
3186 2127 167
2685 4375 2038
3495 3976 4584
1038 712 4609
2038 4538 4686
4066 1406 4346
4619 2804 3135
4515 3913 3622
1781 1761 12
2920 1841 3572
2338 3603 2523
2409 3211 519
2833 3951 1008
2603 1916 3479
1019 2695 66
4181 583 1916
1545 3298 4218
1671 1539 538
206 4607 4543
3272 1513 4262
3671 706 4364
3275 3359 3603
170 1660 245
2542 4300 2984
2491 858 1333
2477 4527 3580
3786 287 3867
1383 487 1459
2084 1137 810
4089 784 3374
2157 4609 1049
3484 1953 3771
4451 2451 1268
3835 349 395
4128 1658 161
884 2934 3805
4487 2754 714
825 2677 2101
1321 2306 1348
3022 1178 3692
562 1776 4186
3187 456 4720
4548 1781 3296
300 1560 1057
3217 383 2514
1297 1741 1048
1612 1696 3237
2689 2529 1016
3076 1353 4430
1526 4248 293
2617 3054 3195
2021 2269 1720
4259 3099 523
1744 2686 774
937 4111 3850
737 3279 2052
2827 1311 3707
2838 2531 217
4755 1795 2005
3623 1901 3715
1011 553 379
644 295 1814
4713 2422 282
1893 808 756
2485 4764 4527
3887 4499 2106
2175 2133 4524
4379 337 3083
4727 957 4159
3657 1574 4371
1764 233 293
4617 1202 923
3095 459 1420
489 2234 551
440 1411 3395
3272 1652 1691
4061 4777 4606
917 252 4336
3784 432 1899
1512 4008 2227
2646 2488 2303
4200 1306 2249
4084 4358 326
1626 584 113
1461 2966 1854
2627 4136 362
2498 3547 1700
1450 2575 2960
3793 521 3890
1560 200 2513
879 810 608
2892 1125 2078
2455 2279 4081
2811 973 3316
2571 222 888
2406 1763 2910
794 3062 3480
3133 446 1122
699 3367 952
816 3644 2420
2477 1667 72
1171 1462 2697
3509 3391 18
67 1670 4453
2657 2526 336
2504 1273 2511
4539 915 3584
4442 4130 2809
708 1685 2144
3727 1592 3063
998 784 2239
4735 2815 1057
4653 2489 3489
2775 3381 3398
2163 1999 1476
344 3265 3124
464 3364 4348
2444 3353 2987
3477 1488 4374
664 2350 1315
2427 1179 2415
2555 4063 4377
2109 360 2725
3852 2544 1282
2912 4014 4014
3634 1182 1998
1559 3928 955
4259 3847 2074
1871 2115 2227
1796 4247 1739
1203 1147 2452
2581 965 4427
1222 1075 883
882 1964 4087
1760 3486 13
960 384 826
1092 4299 4086
2560 3020 1797
4192 3590 2177
1383 4797 4596
1259 792 2830
2035 433 485
2624 1589 3605
4580 2561 1724
3824 3931 3195
110 2755 2036
3944 1845 101
2732 403 473
2502 465 3446
3799 3616 2675
3442 1280 267
1769 4363 4160
103 2248 360
1949 3719 2669
1729 1001 1407
2981 4781 1532
1365 3210 4272
3952 4775 3780
4128 3788 3303
1595 4424 3421
4676 3391 2714
3950 405 1802
212 1289 3274
4480 535 2856
1051 2697 174
1102 944 1576
524 4496 3691
1773 1425 3368
1078 1835 4019
2922 514 3144
2499 2650 3541
4744 1617 1273
1005 796 31
4707 228 1662
718 2286 2872
2364 2111 3258
1847 2427 2141
2958 3756 3611
37 1996 3053
2342 3372 4072
198 1101 3383
1317 4421 2099
2240 3296 4842
4109 4277 2188
1719 3199 4636
2440 1103 4488
4360 3831 2950
3801 2206 2441
662 4629 2484
3552 253 1399
1607 2557 3791
2909 2116 4663
3234 2765 3114
533 4253 3101
990 386 4065
430 1957 876
1456 61 3785
169 2537 2187
4889 2175 4239
3887 3526 1461
4321 131 4694
3266 1012 684
4764 885 1808
4205 538 566
4808 866 1759
1110 2199 4032
3956 3354 1088
409 1292 663
3983 3050 1996
3186 542 4827
3222 1865 1441
107 4225 632
3883 3537 2566
2346 1842 2279
4146 1147 2687
1265 1012 1783
4681 1976 3097
2320 614 763
2400 1418 4079
3360 1672 2458
1035 3133 2351
4698 13 1176
3243 56 2397
1879 1754 2080
2752 3359 3326
3981 4076 4469
2322 2481 1786
2345 2955 3810
2975 3714 2694
4625 3780 2568
2217 1767 1746
4584 1073 3965
1040 3657 4401
386 1147 2739
173 2413 4716
1037 1317 4356
67 1207 3067
2604 2843 4664
4156 4353 840
1724 2972 1921
70 3471 1971
3143 3799 703
3991 33 4188
2721 3825 1711
3042 244 4048
65 5 90
2480 1465 2196
1870 287 4719
4288 4337 3905
3920 4873 1944
3300 4491 511
2931 793 871
4873 3690 2962
3365 4125 3231
220 1386 3480
4080 306 3621
346 2349 4907
921 2753 1471
4091 1557 450
4827 1139 2499
806 1537 1547
3950 986 851
4645 3563 2668
947 726 2278
2659 3127 2048
3392 1406 4736
2020 422 2792
1703 466 1236
4476 2809 1954
1230 2966 3819
3371 1038 1589
3214 3552 115
2383 4085 4378
1835 3145 1031
4084 3287 220
639 4538 1502
3067 4748 4297
4129 3144 4020
1461 4692 2067
2292 2474 4128
3905 549 3536
899 4457 796
2797 1665 2218
749 114 1501
1274 3407 4871
2949 2071 622
303 1290 1561
1247 1726 4255
1243 2102 2960
2937 4113 4327
4776 204 27
1202 2842 4294
4564 4972 1926
1901 3046 2685
1550 4153 2186
2640 1345 1433
1395 868 369
4398 4685 4331
3197 2337 626
4655 1299 1312
2610 1769 2755
4958 3273 2753
4018 1770 407
4276 3624 2771
2871 1503 578
1056 3786 2420
874 3088 3606
3720 1360 4169
1254 1609 4626
3159 934 3238
268 4679 4568
4054 371 1643
3048 797 3157
3654 4472 1760
3407 930 1486
482 198 2208
879 3690 1215
1432 2568 4287
2515 3512 1992
42 3674 1945
2249 3057 4827
619 1996 2994
3846 3791 2908
2662 3097 3569
3740 1986 4754
2746 649 2405
78 950 644
1364 3055 3681
1986 4718 1152
152 2439 1678
4477 2265 4313
4922 3121 3734
1570 2015 3085
1129 710 213
4671 981 2842
3141 5032 442
3093 4778 567
495 3907 395
1288 4115 3223
2234 2039 735
4470 524 2298
2041 3686 3253
1920 4567 2612
4154 2235 2257
2649 2161 1814
3210 2601 5046
1646 4877 1228
4519 4052 3871
1838 2052 345
2675 714 1422
4160 1255 1757
4404 1948 1839
2433 4869 4258
654 1942 2644
2085 4021 2837
3849 1306 4837
2700 176 4014
2250 2457 1359
3403 1262 1689
534 3458 151
678 4218 4365
1939 506 3389
4642 840 3655
257 771 509
4482 2415 3354
191 2810 4414
1756 721 4715
3615 790 4438
4709 2902 1457
3674 1068 221
4145 1270 1964
2714 4294 4549
2616 39 880
5035 3883 4831
5021 3223 4300
4400 3660 1171
3269 2685 90
4139 1502 1068
2891 2567 3514
1083 3070 4291
4799 214 1462
797 2612 4443
3313 3247 1378
3031 4890 5008
75 415 4223
4030 4708 4198
1440 1117 3369
4040 3375 1130
2522 168 4859
4231 2788 320
3497 2398 1731
577 5044 969
3356 2010 1560
1759 3755 2496
1461 4053 1683
939 3394 4074
2726 1535 2859
1263 2614 296
2606 3187 2837
4351 3927 1305
4386 1396 2848
5044 4063 4490
2339 3717 4502
718 1580 3507
3208 2846 695
3651 4758 1522
4305 4958 1333
958 1707 5072
1666 347 262
2703 4272 803
1803 2625 4721
3447 3151 1370
1492 3778 5054
3571 2520 1523
3706 3601 23
1870 2673 4074
2161 1781 4789
901 3912 601
252 2783 2534
200 837 2789
332 3467 2186
1285 3818 545
3848 4170 919
2978 4864 2672
1166 1683 1339
4700 4152 798
4216 905 3513
3597 2526 1727
4587 1224 1084
2751 4446 4553
2350 3774 1992
3292 4885 1131
521 957 1222
3567 4546 2377
4180 1786 229
3343 349 754
3382 4011 1429
1642 600 2944
1164 2487 4068
719 522 4661
2945 2425 343
4807 3860 2326
4399 281 1005
3876 2745 1476
4822 538 458
1739 1143 3215
1973 4538 4744
3819 1207 2515
278 1437 93
3446 4059 858
4417 429 4377
5113 3023 512
1543 5001 1156
3740 4554 2095
4532 4347 1956
1713 265 4189
161 3643 2202
2728 2574 2228
5082 2229 5138
143 97 3135
2346 4378 3442
1736 1851 494
4430 2913 1442
2076 1913 3860
3835 3221 408
1642 2790 571
3566 237 3046
295 1422 3901
4902 2948 993
1774 2584 5026
4620 2430 4549
3006 4349 4792
4315 2497 1387
159 4545 5026
3060 2129 4827
2800 2516 1395
791 4975 2421
5035 1864 2010
3804 4657 5056
976 4084 3622
2409 3076 116
3192 772 3777
1586 3252 2658
32 3398 1894
2104 4020 4978
2036 2969 3112
3526 682 2043
2995 728 2912
3164 2065 5126
4887 1436 1377
3334 1656 5038
4211 2563 3911
2786 351 2788
2526 2813 4902
1721 4088 3441
1615 2400 2945
491 2203 5184
1691 3424 5007
1680 4214 277
971 3731 1075
2987 1606 2279
1548 3029 3249
435 4319 1651
2336 564 3589
2824 1560 1774
1858 2166 3590
2401 2769 4160
1158 1371 1790
1063 836 666
990 2810 2370
2133 4543 2721
2641 4948 1232
2422 597 744
1963 1278 1560
1476 1142 4210
4701 5030 3918
1489 3665 4832
3064 2380 1125
1748 4453 4863
1419 3333 1444
4080 374 2070
318 983 2025
3069 4922 1755
1426 2702 71
4054 582 4442
356 1493 3728
2712 4397 2180
3243 1321 1342
1301 4488 2690
4061 2412 846
4297 4322 1729
2126 5219 2037
3597 4077 3626
1530 4862 113
316 2019 1864
997 2636 4277
1573 1574 4064
3133 1920 2674
3037 202 5092
1719 4258 1176
870 4503 2088
793 4732 416
2598 1044 4425
3632 2342 2243
1324 605 285
3810 3953 455
3310 630 1209
2379 5123 2656
3753 4397 3301
2633 888 3513
461 4174 3725
5238 3295 230
2390 2000 2078
1851 1739 3063
4924 4894 4563
942 3527 715
4233 4683 3696
1232 1601 1655
2872 1233 2318
1214 5227 2101
2007 4387 1184
5216 1684 4094
288 638 2366
618 2186 2815
2960 4956 1688
3743 4748 4904
1563 3248 4268
3302 3387 805
1926 4444 816
2435 3760 4632
2493 3674 3029
4529 1159 3716
4132 4316 3005
346 1619 814
2437 2708 3335
4443 212 395
2911 3553 2473
560 1532 1230
2400 3416 523
1464 3493 575
1795 950 5188
3313 461 3346
2151 1304 769
3758 91 4729
757 3113 2403
5157 2088 4170
4149 2479 4917
4656 1756 4788
3148 801 1921
82 3981 4065
3984 4733 5068
4392 3683 822
4443 572 2845
3646 3768 3001
3965 1648 156
3639 25 4897
4842 2204 1977
2941 813 1495
1899 2588 87
3717 209 3120
1177 322 4360
1711 444 4247
2063 384 1504
3169 3892 2273
3565 4531 122
3929 5030 1627
3908 3074 1794
1644 751 2704
378 2925 4928
1516 1962 230
3136 5247 2662
3780 5106 575
2986 3013 2020
4073 545 4924
974 37 5186
3431 4686 3419
1132 4985 2945
5194 4720 1153
2772 3711 3427
3534 585 5082
1526 1628 1151
429 173 541
5295 2515 1153
2466 3876 2032
4843 4179 2287
2830 2099 3171
4445 1359 2215
1366 4220 428
5068 620 5119
1114 3292 1538
5283 5025 4913
1257 5220 1757
1262 1666 1020
729 4232 651
3727 3094 3161
2563 4870 631
2999 2586 3190
1301 4159 1741
3900 2393 3384
383 3617 3410
4517 2439 2017
1203 3540 1455
52 3358 5015
1073 3827 528
4766 2649 735
940 3142 4181
2341 1770 4384
634 4062 5293
2271 2597 2797
84 1768 4605
621 4753 2954
747 4438 2391
3850 1581 4932
4602 5163 4913
5020 1846 1431
1379 4391 4563
1579 2931 624
5212 4742 1323
2886 1042 4332
5280 4851 3706
2906 3795 5054
4558 4819 1761
3208 1594 2039
4443 259 4983
4353 4304 457
5327 5320 2003
1547 2367 1750
1420 2375 3653
4112 4883 4710
3806 1771 4765
2519 2603 4357
2679 3214 761
2082 4083 667
4553 2407 4331
1362 4663 1175
1171 1251 2776
2269 2515 188
1592 1157 652
4272 2716 1611
1875 5021 132
1047 4327 1379
1510 3048 4873
2405 4103 3052
4669 4990 1985
1825 3707 4487
3232 2393 4466
2492 1892 1013
4744 397 2354
785 274 1521
5301 2184 4366
3271 1257 753
984 2686 3292
4270 4839 4291
394 2802 1243
1452 4172 4106
4301 2596 4964
1256 1392 2608
1975 4760 354
1069 4596 4457
2171 2136 3972
699 1696 4968
3550 4423 2786
762 278 2195
1071 3417 4027
2348 4227 3442
1328 4583 4242
2822 1953 1462
1706 4057 220
3455 2403 2078
3241 2386 727
4499 4863 3564
3943 2034 2472
3018 2964 5052
4505 2483 2054
3713 4405 3459
3705 4293 2853
4203 1577 2861
731 220 1687
3686 2823 3374
1282 74 5150
5061 2626 5240
617 4914 2572
1094 3335 2521
4157 2909 4329
3851 1559 2205
3693 3594 1392
4773 1808 772
3603 3315 1494
44 3763 5370
3610 4688 410
0 2800 1039
4942 1490 2271
4867 5362 2965
243 3273 5057
3263 942 1871
164 4648 5020
5306 4215 3530
2009 875 289
4794 4558 3457
2797 1545 2178
4483 3551 1131
4786 3948 5332
2010 1331 95
1935 2913 1754
3461 2515 1698
1240 876 1143
839 1293 5319
2999 51 1451
3764 3725 3118
540 1375 3200
2982 1050 4119
4429 5239 4554
5070 2702 4626
1745 3031 4055
4585 3809 3242
3675 4699 227
315 1248 4300
4927 5313 1418
2899 2311 3236
3664 4510 421
425 4 5251
2668 4274 3888
2815 4046 3869
1947 3759 4793
2078 2102 2599
1718 2403 326
5218 2678 3430
440 842 250
2482 3765 3787
4898 2573 5039
1026 3926 3657
3934 2706 2009
1605 4680 668
4035 1634 4365
5415 3341 2842
3087 4929 3790
5145 4479 1443
346 3035 1969
4543 3328 2662
1757 2006 5253
845 4703 5310
4848 2687 3054
4762 1686 3328
168 2496 218
53 3624 2002
2595 4598 3046
85 2720 4255
4741 5358 5343
5228 3752 1191
1381 3602 4581
5365 173 2444
3689 868 3070
3870 44 1069
98 1557 1981
1435 5167 4204
5477 2970 2018
1443 1489 1678
3262 421 2686
4615 3156 545
4599 4169 2412
5146 4856 4638
4820 2329 2024
5076 687 3675
1010 5207 2550
50 3086 4254
391 2541 1540
2579 2124 2409
4233 2515 3227
2968 1621 5381
3677 1794 3090
1336 2254 1849
1489 5100 1173
1600 2569 1431
1004 788 2049
4685 1860 2753
3677 3879 2269
1185 2588 3930
255 502 2412
470 4033 45
5187 1039 3218
1511 4512 5087
1751 1087 4807
5118 5017 3850
3185 4123 1234
1536 1298 2495
4392 2855 5167
1249 3963 1057
4969 2017 4055
4407 5458 2967
278 764 3495
2549 3476 4002
2235 51 4083
229 2218 4213
750 4642 2595
2595 717 937
3408 2127 3685
630 4452 1554
1979 2366 2094
4638 4145 3905
3619 203 3156
902 2063 3162
2877 2288 4912
4600 3435 1089
4105 1851 3896
2847 4456 408
3506 724 2456
2725 2543 4512
2374 3882 3961
1775 4519 1251
4164 2700 64
4856 5373 201
103 1941 4206
5040 253 873
4264 3946 4180
1543 3850 2766
1714 2381 4690
1473 396 4208
2538 4093 5544
3614 361 1785
4006 440 4469
463 1015 4627
1492 2629 5533
889 270 524
4537 3299 3885
551 5100 1998
1653 3502 612
2836 4970 5461
3699 4799 3169
3521 1113 4162
1970 4871 1207
4031 1197 1581
1995 2165 52
2976 5333 5142
3300 2289 5278
3974 1924 1113
4700 97 1364
2890 3237 3632
2221 4996 2628
5010 247 2939
4770 4125 1961
851 4165 3690
3245 2789 4585
11 4073 708
1647 1073 4481
4298 4265 5157
5009 4452 690
3673 2834 463
2884 5261 4965
4215 3921 2416
3479 5191 4479
2788 1491 123
3732 3128 1579
4226 2302 3700
4415 4814 5042
1395 2225 5400
5020 437 2754
3064 1541 3440
621 4978 978
5216 1766 231
1783 3484 1034
3967 4013 1324
3903 3544 5552
1012 2888 2136
1824 75 2703
3937 2286 4310
4534 3693 1877
5098 4945 2000
4224 660 2915
4780 2562 4818
1233 2443 1971
4268 1625 3834
3593 5055 880
3321 2206 3091
4979 2125 3570
5248 5302 2795
1077 3115 499
2671 3013 2277
1906 3421 5499
4474 3388 5510
2369 3827 2838
5204 2760 4362
2224 5366 4744
4755 3092 5339
1380 894 1238
4860 2646 4936
1936 659 375
2492 5460 3227
3901 3860 1346
4729 4056 4076
5453 422 1679
4790 753 1027
3413 474 1981
2472 792 2827
4195 2638 4837
2036 2482 1153
3230 3214 3361
2507 1888 637
730 1669 5003
343 751 578
911 3734 2372
1311 4539 2586
5014 583 1372
5002 2204 5226
1322 2123 535
700 359 736
3523 2789 1237
4072 4759 3090
2168 1848 930
723 2225 1318
3156 5351 3590
2552 1379 3227
4563 3318 3687
913 599 53
1860 3727 4336
985 239 5350
2960 4420 4981
4826 2216 168
5215 3030 2417
185 4340 3954
2097 3367 3350
613 3995 2122
2785 3833 3449
381 4533 1998
3907 2206 2475
2684 5011 4213
998 4551 4310
2015 4742 3009
5182 4765 4612
2769 781 1755
127 600 3691
1384 2203 1484
4567 3478 3728
2495 2404 5657
4092 5334 1566
2531 361 2181
2391 2018 1313
2041 4478 2288
1236 4758 592
2677 1741 4753
3996 539 126
3941 1981 2866
1240 5063 2133
3054 3772 5630
5310 1197 5465
5071 1006 2223
5257 1724 4061
1370 2047 3223
212 1564 3605
5316 3295 5200
5250 5027 4462
2905 1575 1691
556 2328 1959
3052 4379 3425
2858 3617 931
1694 1091 457
3721 5446 5629
2456 3568 5588
1372 4667 3528
4536 1594 4190
4744 3305 3058
5538 141 1302
132 5204 643
2685 2033 1126
3350 4154 4858
4098 1851 5358
3525 3233 2419
679 2182 3717
1247 3098 4455
56 375 888
3876 2547 2455
4964 1939 3912
5286 3780 1223
5704 3118 245
2689 1003 3468
2492 1910 293
3041 4777 64
4539 3424 2248
2845 3842 978
2245 3905 3438
4105 2261 2109
2448 5110 2700
5385 3785 3673
550 5016 591
429 4380 342
1842 3794 2032
2477 1156 38
1847 4156 4888
4615 5054 2890
705 1244 167
2892 321 4513
184 2117 4962
748 3083 2771
1268 815 148
575 4956 3169
4664 2305 1710
5512 2167 4089
3794 24 4926
2908 2077 157
4401 2727 2322
1556 3140 3242
682 2821 3749
4450 1095 2437
2515 2986 1877
5364 4052 1022
359 851 5268
3845 973 1415
1993 1495 3429
4062 3555 3571
4973 2141 1597
4515 3981 1509
3945 5535 755
5704 2023 4019
3849 2434 4922
5359 2474 2686
4812 5416 3610
3442 1567 449
5436 2291 39
2547 2861 800
5350 5700 4343
3486 2574 342
2047 3476 4659
2488 2465 3559
3550 682 370
4089 83 5251
2751 2035 488
384 3193 5019
1885 5360 2924
4535 4271 3823
745 3286 3655
1498 916 1723
3476 1905 4078
2008 483 2860
5165 1987 4873
970 2599 2677
5497 2316 1157
1374 2730 1298
4983 2041 108
3316 1075 3141
888 1424 31
5533 2871 3181
3120 3957 2593
5674 1110 745
1871 2975 2517
3232 2791 2779
3946 217 1710
4750 818 2147
2588 3653 1737
4929 5625 3525
5364 1450 4439
4091 1936 894
3000 129 1402
4225 1143 3781
2785 3613 4324
159 1769 514
4959 3619 19
516 3131 763
1046 4970 3472
3128 956 234
3557 4785 3502
4327 3449 2466
1811 3169 4315
881 500 5772
2502 3719 1214
1004 224 5052
4675 836 366
2354 1842 3047
366 1492 4955
3098 5104 3760
2494 160 3331
2562 147 3514
4416 5327 2577
2388 91 722
2194 1340 4948
5114 906 3331
5442 508 2584
1435 5339 5153
538 664 4595
5626 3598 4127
2073 3019 2594
4284 2034 3057
2796 5084 634
5416 1620 5276
4209 5250 3697
714 943 193
5118 2154 2371
2569 949 2134
4386 3286 3905
4900 1188 1605
1514 5633 5175
1065 1309 4850
2161 510 166
1460 3137 2409
5534 5015 1730
4009 2738 390
3457 1606 1265
2732 4327 4400
2460 1187 4494
3958 4798 4085
5079 4264 5763
2196 3438 195
4473 4981 1010
708 850 2928
3599 2554 3767
1425 2155 3765
1930 1820 2707
345 1998 2896
240 1860 751
4082 3647 2237
1109 2032 1677
4380 5456 5594
4374 4812 39
5535 506 5524
580 1392 1027
584 5512 1999
2092 271 2824
2003 5506 4050
727 3704 1705
2020 1681 1662
4847 2337 1330
4837 5006 119
3782 1846 3766
1357 4886 2558
5313 3396 2431
93 5019 3594
5026 546 2279
1059 277 481
4523 2556 4276
4050 1464 531
3398 259 3517
1493 559 1125
2906 108 1338
5551 4870 582
3978 2419 2753
4347 193 4862
420 433 3455
1540 3130 4645
2532 62 1152
5837 4033 827
1563 3997 3689
1974 3553 1171
3158 2590 545
2264 491 3671
4414 622 2565
702 905 1087
630 3901 847
639 972 5529
4108 5338 371
5254 2702 5102
5041 5105 4705
4509 1196 112
4877 3476 2990
4889 1722 4083
4191 2267 4925
4884 2591 4483
3324 5195 2771
2502 373 1767
64 1834 2699
5807 635 4322
638 635 1356
460 1034 5837
2753 5618 1265
378 1087 3945
4563 5571 3819
4999 4592 2364
955 1092 1109
1952 1083 31
4722 774 1026
2865 2954 909
806 2586 4156
579 2524 2337
3644 4858 4631
104 4000 4513
2714 5027 5550
2776 4809 2561
4851 42 5549
5893 271 2317
5372 3810 5120
5264 1671 1423
