6123
0 0 0
0 0 1
0 2 1
2 0 0
1 0 4
3 4 1
0 6 6
3 2 5
0 4 4
3 0 7
3 0 5
9 11 9
4 4 9
4 10 6
3 1 14
3 4 1
0 8 2
15 17 10
13 13 13
4 13 10
1 7 2
16 21 18
8 22 17
13 19 21
19 19 5
9 13 1
1 26 13
10 1 10
2 1 23
16 8 14
6 15 9
14 16 13
32 20 26
31 0 32
24 27 14
22 9 7
7 8 30
2 9 17
37 24 18
21 18 26
37 11 8
39 14 28
1 24 42
10 8 33
44 3 20
38 42 39
44 12 14
26 45 12
41 42 33
41 33 49
26 21 19
40 11 42
38 49 24
4 17 25
32 26 50
1 16 32
50 28 48
28 14 50
7 38 37
17 25 12
6 7 15
58 49 55
44 3 24
3 28 22
26 46 25
15 29 49
48 23 9
48 3 35
66 52 52
13 39 69
59 55 33
44 32 65
51 65 57
9 55 18
59 1 30
26 9 7
36 52 25
40 42 68
6 5 71
76 64 11
34 78 39
46 73 2
55 20 72
74 0 70
9 42 30
19 43 54
81 83 12
64 33 9
59 59 12
27 26 35
22 15 31
82 66 18
16 5 87
63 15 27
2 4 11
22 69 63
63 17 47
15 47 59
77 83 74
28 76 22
15 79 14
1 7 92
7 53 55
8 45 57
47 87 60
17 20 81
91 13 19
77 102 69
20 92 97
55 74 8
96 102 95
91 49 32
85 73 25
25 53 69
20 38 55
56 105 85
49 10 29
94 91 88
117 39 3
103 41 119
42 47 34
49 40 120
11 35 32
3 82 96
64 76 18
104 112 3
37 120 103
69 86 36
2 56 57
99 125 49
67 1 6
82 46 107
6 124 119
61 123 123
131 127 8
57 131 73
122 43 91
63 132 88
108 105 66
3 86 18
92 1 132
69 9 122
122 51 77
1 131 123
98 104 82
31 100 15
137 73 135
43 140 143
98 104 10
57 145 79
9 94 142
122 101 39
46 17 100
133 54 142
82 46 58
35 130 126
38 67 43
108 35 138
87 144 1
66 145 125
29 28 124
17 145 62
82 30 80
146 123 32
112 92 19
58 17 157
119 162 58
135 94 77
19 130 128
18 66 54
28 6 6
113 58 73
140 164 61
133 92 3
160 164 108
0 44 131
18 7 16
56 3 43
123 137 170
118 18 148
100 75 17
132 148 15
137 107 101
12 143 150
84 119 69
9 66 55
76 95 15
110 137 2
143 178 176
24 62 142
52 160 117
144 28 82
175 97 144
193 120 145
136 128 114
165 13 123
68 75 193
141 51 142
52 13 130
194 159 14
59 36 0
164 145 61
153 26 143
23 181 52
98 57 16
69 56 91
103 37 11
139 100 131
124 74 181
85 173 26
97 200 75
132 145 170
66 115 84
156 134 203
130 28 45
118 214 89
9 110 5
59 186 123
116 169 49
173 188 94
41 172 66
210 1 36
34 142 5
76 198 9
187 220 19
38 124 25
49 112 185
58 82 46
76 121 88
58 109 19
200 219 133
26 20 76
138 228 132
184 27 46
19 44 144
7 227 31
148 109 106
22 224 138
212 142 123
123 89 235
219 46 27
150 72 170
228 140 232
233 192 133
149 214 2
197 146 6
64 204 1
84 157 150
239 84 30
146 141 13
240 78 178
43 249 211
234 181 171
20 243 230
252 226 3
43 185 219
123 236 248
207 199 15
123 239 146
113 34 149
120 100 41
239 195 176
127 107 109
121 208 155
71 113 173
157 87 137
17 233 14
66 267 106
265 187 109
125 232 10
177 121 207
1 10 154
166 40 156
112 167 148
60 18 165
212 46 254
15 76 250
120 209 241
183 153 126
146 135 200
7 257 216
230 274 17
101 35 134
49 126 200
280 171 188
11 232 115
169 58 61
238 127 221
104 136 24
246 138 215
265 253 205
165 3 15
209 286 141
106 156 147
179 232 126
283 178 241
255 146 61
175 67 221
202 117 0
162 14 216
131 222 26
192 156 105
53 28 33
97 80 267
295 212 9
291 62 268
145 256 281
31 284 154
123 278 180
72 30 62
158 159 53
12 97 204
243 254 158
253 223 247
104 194 275
271 16 55
260 272 130
70 294 106
2 169 155
245 269 114
203 262 17
3 105 253
106 292 169
185 0 319
88 21 206
70 95 227
224 133 35
211 127 241
120 26 255
23 198 35
8 188 272
43 232 214
299 247 76
268 279 193
120 332 85
151 300 263
110 194 251
258 194 19
44 165 224
254 259 207
31 180 311
169 221 307
207 245 64
76 204 91
41 181 102
22 273 129
12 118 300
98 178 215
181 134 28
24 146 209
251 326 308
88 77 110
293 39 309
174 300 57
263 2 198
256 228 28
80 96 212
103 328 282
21 207 333
29 156 216
28 319 248
305 237 275
154 170 175
72 296 328
97 267 338
326 333 358
204 207 285
169 134 161
197 279 166
104 280 190
326 275 135
53 290 360
16 43 64
281 289 122
57 320 45
320 215 312
100 145 225
33 327 69
179 176 113
81 376 240
333 282 87
155 313 205
98 26 271
226 115 57
55 207 135
323 306 286
341 250 4
160 310 256
288 341 379
48 175 147
153 241 331
113 98 321
160 117 91
178 107 107
83 109 32
147 56 137
363 99 317
219 223 247
238 335 283
190 19 201
19 256 314
397 367 302
363 285 145
174 164 245
391 307 281
25 43 311
385 131 104
251 230 204
165 199 140
242 292 249
262 16 22
368 204 65
216 171 392
230 61 412
205 120 291
23 89 65
93 356 247
109 108 262
336 262 209
249 291 92
175 34 214
9 132 79
409 140 166
308 184 5
14 378 50
33 243 232
280 164 296
373 335 264
391 70 205
223 388 298
421 257 12
82 110 280
395 310 4
85 238 16
154 263 164
87 136 249
388 425 158
419 170 20
34 310 388
283 47 236
272 205 381
303 118 388
111 409 176
36 181 357
420 169 320
6 423 322
356 28 411
426 150 347
62 73 176
72 240 233
397 288 132
270 419 436
259 268 351
375 37 195
97 238 328
204 370 19
366 84 113
252 268 284
370 434 286
126 409 409
218 231 384
173 370 325
105 7 415
396 110 40
52 238 276
208 209 361
62 264 318
455 450 386
28 353 205
409 34 297
451 248 225
81 331 206
199 55 169
211 298 398
402 16 294
212 433 328
27 22 235
375 181 250
214 145 117
439 282 149
296 51 50
341 277 377
21 372 223
290 424 191
303 62 357
250 248 301
49 438 143
67 362 58
356 426 20
149 408 95
326 153 429
147 70 407
108 226 277
276 38 478
367 219 443
369 147 105
458 31 214
423 251 77
281 273 361
484 386 440
349 461 194
245 328 352
313 276 355
273 37 117
205 241 67
79 17 321
369 147 224
52 313 214
279 140 373
358 239 300
253 295 43
97 311 31
314 190 290
220 43 73
327 452 370
205 152 389
163 12 369
144 149 89
393 427 427
381 378 21
513 433 242
0 203 357
477 188 498
35 491 105
62 448 367
28 61 370
401 141 478
141 394 280
283 397 263
369 32 217
458 148 103
181 160 245
217 46 288
310 202 276
391 115 347
413 29 231
201 189 217
361 338 453
503 121 3
37 125 13
434 135 238
111 236 469
12 522 269
452 479 415
167 208 312
514 531 429
135 184 247
263 25 546
70 460 453
444 371 326
168 11 509
203 198 417
338 89 161
217 303 93
493 14 215
152 544 406
24 413 530
476 539 315
541 514 465
343 528 298
281 111 260
560 521 226
189 86 368
199 137 319
477 497 75
450 240 242
371 180 536
556 98 245
495 535 129
253 157 250
369 413 551
184 248 24
268 248 310
520 57 240
31 162 233
468 30 60
274 172 469
391 481 255
345 428 498
549 530 425
508 73 495
37 157 345
382 350 178
495 444 25
164 403 177
401 314 172
436 352 217
397 53 333
508 59 298
7 532 485
330 553 94
321 97 243
469 332 45
57 253 263
474 65 72
268 157 187
130 396 166
298 20 371
463 57 550
133 518 571
257 100 173
269 213 546
100 526 540
238 307 565
339 383 62
145 14 346
231 593 516
539 303 399
158 226 32
279 527 250
544 560 573
471 607 563
457 338 7
314 166 431
49 105 394
583 295 145
468 107 183
98 176 235
268 3 161
285 46 399
489 22 85
377 502 122
448 585 437
110 513 616
505 234 35
275 200 89
533 443 585
80 148 91
29 158 475
556 140 519
515 425 522
36 298 83
276 144 137
155 426 251
324 3 132
262 58 287
604 537 148
622 467 402
488 326 487
357 100 63
639 73 232
639 550 315
42 327 403
502 392 246
593 86 616
130 405 516
19 371 535
276 586 164
290 527 578
93 545 450
371 413 640
520 17 338
161 329 45
450 175 574
150 155 37
368 393 20
341 362 54
402 312 475
99 21 446
319 597 401
63 85 612
650 485 194
188 278 53
85 592 597
485 154 225
258 436 264
319 559 166
383 656 401
208 471 168
209 83 343
119 543 592
541 558 287
436 24 619
216 282 233
481 654 396
506 467 355
191 534 74
525 264 401
334 333 557
269 205 548
519 200 304
318 537 399
558 522 56
197 264 50
548 587 547
446 500 489
656 504 613
284 25 354
3 467 47
669 25 511
479 6 397
526 192 540
373 332 168
144 293 283
559 174 394
97 272 137
219 65 109
478 387 649
89 477 512
165 437 561
42 14 25
385 159 447
49 27 357
1 606 146
203 215 199
643 483 604
138 413 388
674 450 339
148 148 414
80 253 667
347 191 513
279 646 226
128 361 682
272 152 585
372 213 549
593 28 300
292 642 0
266 538 155
38 40 61
548 275 403
151 46 247
451 547 453
611 517 355
534 432 230
424 225 210
139 239 412
713 112 297
31 150 618
712 20 720
547 117 654
730 558 443
273 502 9
220 478 508
121 146 695
514 697 708
468 79 335
289 157 545
487 139 162
576 115 105
85 652 301
23 551 23
282 314 567
437 227 126
93 443 329
112 343 525
111 268 147
537 236 203
733 73 711
683 154 272
414 106 480
91 255 544
316 417 8
538 253 46
317 190 443
254 335 106
132 248 569
175 563 249
735 629 252
549 48 291
670 548 26
243 458 696
702 14 649
148 389 588
468 185 99
262 324 429
638 71 723
470 512 572
301 312 476
714 38 41
680 101 138
244 726 519
728 560 301
160 231 712
48 57 532
123 269 712
599 340 197
134 453 215
417 648 286
664 477 412
397 738 17
139 749 170
2 716 587
113 345 5
562 403 146
611 644 231
310 135 200
546 473 178
404 730 272
420 788 186
643 56 743
79 203 9
342 226 163
3 22 502
697 771 178
268 755 121
435 388 155
181 695 416
335 622 620
73 375 449
112 776 123
300 64 767
240 585 208
187 64 667
125 318 786
793 797 101
82 791 84
749 33 30
299 781 794
504 672 363
541 411 272
725 625 673
297 556 58
424 498 604
798 285 562
162 88 342
754 731 134
102 105 75
803 685 22
714 434 660
513 505 178
388 158 488
546 661 732
643 814 63
157 401 725
100 361 136
794 162 722
767 111 404
141 465 269
650 593 171
733 608 505
671 607 13
62 240 554
560 342 810
697 380 224
443 0 2
379 226 223
128 478 640
365 402 154
639 806 436
197 780 726
374 75 69
259 65 589
126 161 729
588 558 494
19 753 695
526 574 111
92 452 440
61 18 598
397 32 741
838 828 286
670 388 625
94 200 80
91 205 385
553 624 796
107 13 169
344 819 659
127 854 671
293 400 445
416 162 620
207 59 637
797 84 5
409 67 696
237 210 452
742 578 113
41 489 15
830 419 452
598 728 669
621 578 75
694 224 702
298 745 757
797 526 723
14 246 841
181 500 327
411 796 748
542 147 832
178 693 261
784 396 752
299 99 502
504 860 157
172 572 477
244 56 809
292 769 147
731 501 54
214 470 22
175 681 165
387 652 389
819 173 108
523 316 8
365 720 251
102 171 615
689 669 816
336 573 206
103 218 110
361 889 697
730 349 432
50 378 807
728 109 758
829 6 197
505 628 133
627 840 78
289 152 697
702 467 196
627 757 589
264 457 755
204 699 683
734 258 313
865 135 496
875 349 583
42 324 84
110 507 328
491 659 855
798 897 91
159 693 588
770 157 371
838 416 202
327 288 834
68 361 819
660 341 604
695 897 514
170 457 844
535 649 39
148 265 873
177 253 202
274 390 917
516 391 426
276 599 108
544 671 495
14 166 412
95 23 510
390 126 86
797 192 626
759 913 13
693 101 807
718 471 740
99 27 545
698 827 710
857 682 572
6 134 441
583 127 215
711 863 148
369 871 193
372 311 477
16 909 33
59 197 315
274 57 912
283 653 66
224 14 263
679 420 920
223 401 785
59 436 759
194 850 270
288 358 121
476 816 860
51 807 521
449 317 665
839 817 869
39 723 535
664 566 181
844 84 333
840 244 822
490 182 871
365 852 245
0 105 42
513 199 724
13 685 179
82 22 519
121 568 858
197 137 807
40 437 515
474 728 38
297 845 30
720 571 360
834 44 43
28 523 477
375 509 247
413 779 29
333 577 669
827 137 432
259 817 508
66 935 562
971 881 152
114 952 61
3 617 370
954 348 825
734 411 207
554 15 388
137 761 507
40 327 666
324 897 844
876 611 69
715 163 152
263 858 237
375 880 848
53 730 698
28 9 878
844 508 496
539 629 647
576 482 356
404 910 325
319 52 886
25 722 437
881 37 634
511 18 69
600 430 532
444 269 338
914 358 645
300 565 379
744 607 270
872 870 799
119 467 629
438 26 512
370 25 398
377 259 892
552 662 290
653 365 411
10 455 563
920 370 383
285 230 917
507 955 269
884 823 470
825 485 205
401 429 111
526 261 812
31 88 703
910 372 682
501 644 589
459 898 996
222 101 697
351 251 195
608 1016 978
239 988 110
959 575 477
710 296 293
567 929 423
274 199 315
790 530 409
907 453 705
202 110 759
646 758 549
503 1023 743
333 75 37
387 708 680
470 314 212
803 534 262
625 367 751
549 826 256
546 11 580
221 676 173
1043 604 772
972 803 912
1020 712 668
585 86 491
275 63 660
114 836 4
1027 598 581
975 76 851
864 816 756
185 1050 399
361 954 783
732 473 575
689 456 63
261 500 337
641 523 776
404 289 832
173 35 801
326 432 193
885 803 321
1064 426 660
435 842 171
964 279 72
886 709 606
28 548 205
986 124 695
726 332 120
940 493 753
881 642 56
39 78 463
219 1070 928
540 773 433
496 738 388
656 809 705
506 983 998
113 248 1045
289 739 377
171 983 462
406 266 20
320 0 752
1016 636 739
451 970 878
871 1023 882
934 907 392
113 751 184
45 959 848
678 827 907
369 584 685
553 471 527
656 998 72
630 284 46
762 1026 495
867 987 6
15 610 680
1035 1031 192
936 906 636
70 5 447
103 1086 1069
702 17 621
1102 879 409
831 776 394
885 637 539
717 561 621
114 14 278
686 792 783
374 174 472
325 889 494
1084 810 905
423 125 700
488 48 555
466 605 594
611 1037 801
411 1004 297
115 1038 898
411 172 1030
1060 28 1055
784 843 370
1079 232 184
684 730 692
894 171 950
150 290 100
985 979 1119
530 408 728
548 567 981
100 82 370
193 465 684
560 220 594
303 214 424
11 44 943
722 809 870
829 1093 809
911 570 843
1098 176 609
481 444 1140
378 233 138
772 162 336
154 447 28
13 257 283
1145 284 685
511 383 222
981 96 190
432 454 520
1081 562 912
1142 1122 506
405 1049 1027
1010 400 438
118 596 680
665 924 235
1023 495 38
819 852 955
528 63 9
1123 566 231
205 580 577
767 537 38
142 281 1042
20 1140 372
657 42 114
591 240 845
722 638 1026
898 495 921
851 887 296
962 453 582
856 1064 97
77 445 482
1125 546 728
945 313 792
504 56 672
502 784 31
1166 670 175
586 1011 1134
990 67 903
832 1135 99
630 332 1138
1176 89 724
1039 635 438
552 121 731
99 115 903
766 543 836
477 58 406
597 427 784
352 92 1101
943 616 453
693 674 171
525 778 1064
448 591 553
739 375 103
1078 958 378
153 983 650
1028 422 648
780 193 688
937 147 961
411 20 649
148 1031 769
1047 676 191
505 1152 274
808 204 403
468 1020 200
189 700 1065
57 1038 328
604 3 1050
1098 562 620
131 978 1002
936 191 519
1116 317 458
1025 401 166
459 634 1159
752 263 1152
40 813 832
1113 540 986
1114 933 288
350 105 684
208 795 271
1152 1218 158
857 964 663
637 1161 125
48 650 782
489 461 482
294 949 959
108 738 1163
419 609 1073
388 1038 1077
369 725 1090
472 205 511
771 785 926
787 1181 1190
834 236 521
852 366 90
537 662 85
87 1033 1063
898 632 387
937 738 1203
1056 1218 829
1025 1098 574
768 1160 1219
76 767 1121
845 869 1219
35 55 169
722 741 1164
165 532 158
680 196 74
648 141 911
1196 159 424
798 1224 908
1086 125 346
1012 121 1181
665 671 438
999 618 807
633 0 1233
690 1057 1122
1187 139 914
347 794 555
1256 291 79
105 1170 560
741 1168 1176
246 611 707
440 1129 941
457 381 1183
489 1043 228
1083 108 1047
215 1034 1027
1071 651 947
681 727 785
46 961 261
1204 1021 1036
555 1144 1210
1061 556 922
189 376 1220
740 1077 153
1059 1273 690
851 1171 975
157 593 525
9 419 355
1010 546 1205
512 86 557
285 179 700
993 262 402
594 96 513
265 823 502
186 478 368
784 291 903
329 914 145
1078 396 1245
288 334 537
676 527 601
555 1066 1018
538 519 554
1024 780 1273
623 365 283
30 516 114
9 841 768
45 1177 713
1191 515 712
1048 983 534
892 605 672
179 847 447
546 263 1294
1132 717 324
46 1050 61
285 826 91
1250 808 1242
818 128 319
18 1107 754
1182 468 160
1126 685 958
144 1278 578
917 265 87
917 746 698
764 1291 735
265 66 1260
677 759 387
1240 65 761
253 892 525
330 182 1107
1077 539 859
1005 594 1006
1257 1295 867
481 449 163
552 548 1004
970 1028 133
1099 1309 516
363 181 280
819 1085 746
831 1077 1195
798 298 683
337 478 992
929 201 1242
1208 663 1306
820 1251 220
332 723 1050
67 454 952
941 687 608
940 1334 591
896 319 179
549 15 1212
450 896 301
459 1255 789
285 262 981
607 861 768
1342 1341 1202
1003 386 1076
461 1214 414
107 401 39
655 305 1012
169 1258 375
114 558 910
206 984 704
199 913 906
597 1309 1236
172 937 570
245 47 1317
191 380 207
632 556 340
612 1332 1152
902 1120 184
672 291 439
929 784 465
287 510 635
356 261 1088
199 988 71
426 275 987
761 753 349
1127 1278 506
663 488 1147
1183 306 400
1353 1141 980
716 692 10
1330 78 975
1208 641 502
322 441 459
937 854 921
1335 1089 608
1249 181 882
630 1375 75
891 1302 392
663 684 477
695 1089 947
296 144 253
379 15 62
1098 831 681
915 756 49
589 491 453
1004 1245 676
1093 982 20
107 444 494
1344 129 553
1035 1322 605
547 498 1284
667 540 1390
663 851 562
1369 639 402
184 153 1302
764 202 1170
419 1291 478
112 87 905
8 806 245
1172 530 284
296 686 827
288 632 1322
826 1016 1195
638 863 1236
1341 141 762
175 1292 504
756 812 374
591 633 565
671 1318 1216
462 2 438
1176 435 739
1100 393 826
95 542 1348
315 1121 695
580 859 82
1322 527 796
521 392 540
71 528 369
492 1119 293
228 914 1090
1230 685 815
272 293 504
229 548 175
1006 329 416
385 987 7
694 1090 1024
1383 624 1069
1257 1067 51
1349 325 662
169 560 1094
1427 200 81
837 1076 686
104 1387 1287
284 1181 1023
1163 61 520
676 270 1209
791 285 378
614 433 748
921 1301 1430
1367 746 620
1166 934 962
1110 1101 635
240 1400 368
974 1012 540
1214 113 82
546 379 1381
1062 493 394
335 1258 75
116 151 875
448 919 704
863 1291 519
283 671 981
161 808 793
14 676 1320
1430 593 1077
1066 885 701
514 831 634
880 536 109
1214 914 130
622 832 899
961 747 934
515 485 680
859 477 429
1178 1118 1250
291 592 1120
877 427 187
1042 1367 663
224 895 176
1433 528 1170
1231 524 779
425 845 476
250 95 177
300 140 720
673 1456 904
492 350 963
441 206 872
152 129 936
162 211 94
13 89 286
1174 715 975
337 1453 451
44 87 708
688 0 760
1256 1451 268
1079 82 1259
70 1107 703
699 861 159
609 571 287
471 1120 1317
797 124 1179
953 249 1091
1417 1174 1292
574 757 86
1197 449 306
1039 1390 607
1188 752 1229
632 1369 722
128 1285 1064
768 48 901
401 63 1273
818 258 1273
43 501 471
1053 655 787
885 218 1101
273 1004 1034
304 369 400
200 65 344
940 140 1417
1255 319 1137
725 986 852
622 990 483
1457 703 1292
95 546 901
1480 465 1112
367 433 1508
1328 139 888
1221 129 327
466 1116 226
1370 1004 46
163 920 1321
440 274 101
1393 1422 1091
971 675 11
754 887 68
922 884 746
1308 296 1128
1283 549 1451
1471 797 130
652 508 1422
1092 251 903
364 683 460
1357 1439 844
1466 618 429
1394 15 563
163 570 1499
633 868 76
786 161 1462
1241 1307 633
105 728 409
1513 1162 287
842 1449 1074
729 1340 657
247 666 756
1542 1177 1457
508 1232 344
1184 83 48
1343 911 1099
1131 18 1225
1426 929 890
1217 528 690
465 478 1179
139 490 546
90 1465 637
842 601 567
371 1345 676
752 120 1332
865 669 520
319 1125 244
1013 652 1014
871 989 1031
231 749 58
415 732 1547
93 988 125
327 1079 634
623 608 1500
645 1 1110
1549 846 68
755 629 152
194 912 1419
145 643 355
1062 984 561
879 1210 1338
227 276 819
34 1574 648
1096 1110 276
1317 608 964
347 1394 1151
971 507 826
1411 780 873
608 672 930
685 1027 1562
940 1025 93
881 463 632
1379 1168 385
166 1271 16
1279 1509 1512
511 2 1563
371 826 585
60 119 68
1379 1259 1158
737 632 283
306 587 998
1198 924 932
946 855 1157
1565 1155 1344
97 177 690
829 412 1405
43 246 1282
149 381 1471
730 1522 44
1431 410 1195
314 975 1247
266 739 24
97 509 980
1541 154 660
927 72 1483
184 133 613
1003 194 71
227 833 165
292 1162 1164
1484 426 697
955 126 1112
1327 60 528
51 980 1136
1275 1542 422
1320 601 602
1368 1318 1175
1600 1448 432
1317 943 1445
1524 390 1492
1529 3 1027
98 1135 961
793 468 820
293 485 1230
674 923 840
303 552 968
768 32 108
857 632 601
646 756 627
1509 423 906
1181 933 435
1092 943 50
590 530 240
243 1260 455
507 1277 292
1626 1291 199
1604 366 272
775 758 1361
66 1038 1044
683 400 1070
42 1586 706
789 388 1319
72 777 834
830 961 1268
504 1093 226
934 965 341
420 1408 1469
181 130 459
19 1240 302
445 0 50
523 1035 1102
558 904 879
775 1096 1205
1016 1301 237
1148 519 1301
1157 1632 38
1596 1650 1118
939 1079 709
800 1102 1188
42 543 1658
68 1181 585
1409 881 675
411 533 1129
175 1306 1296
633 1167 759
508 145 639
593 286 1512
1139 788 775
519 1465 812
164 1401 549
1474 1181 276
417 163 1276
1413 176 425
1245 209 1199
1131 1238 177
908 296 1505
843 347 514
264 251 205
537 1350 118
357 1255 1336
1454 658 937
376 549 356
923 1478 1443
1268 243 897
447 1671 1149
1065 1352 997
1542 126 1440
843 291 683
346 1498 808
1160 776 1162
598 743 234
445 1345 1361
94 588 964
358 1197 1483
1103 825 1315
1492 455 608
466 1117 1319
1051 729 81
1176 636 769
640 646 1558
1418 740 1392
1502 1144 778
101 398 1198
616 1634 518
804 1036 1562
1673 1029 1630
1102 1661 1086
1420 671 551
70 1707 867
1446 707 609
1498 579 1196
1334 79 260
1405 1172 976
1515 923 940
1660 1491 1526
23 1665 818
1093 840 1090
708 681 428
396 943 1471
1375 1080 358
818 650 622
1626 1132 555
495 162 1368
1476 353 374
493 186 1683
557 1486 447
1022 1109 434
374 1091 299
243 1266 1037
883 1192 841
1680 1537 1374
110 1575 1564
240 1328 523
805 696 628
1183 243 1387
375 1642 165
709 1176 593
274 1342 114
1092 264 1495
1546 245 820
820 328 728
378 299 1081
453 96 965
803 1456 1360
1357 871 886
1248 1288 436
745 1323 1574
1096 576 195
881 392 1023
990 920 1298
382 239 149
299 575 1719
360 1006 245
540 1475 1486
267 313 1511
1756 1222 1097
1702 1731 747
1340 1549 606
443 429 1141
104 874 1419
1153 318 1264
497 691 927
1543 455 802
706 856 1250
1496 687 848
1697 134 1259
357 552 406
554 313 553
415 845 308
1529 109 577
1714 968 170
579 587 1261
352 965 925
1073 211 971
406 1571 391
199 780 562
1552 1495 818
1228 43 869
380 1584 1598
805 677 413
1562 995 391
1648 597 1693
1151 121 42
1397 339 54
1306 324 1015
1736 816 314
620 728 1518
325 1507 820
520 105 1186
1502 115 122
601 1086 666
1192 1358 772
389 690 1746
432 666 1138
124 1496 537
731 30 1175
1710 1597 760
1743 996 1736
414 915 288
1506 215 966
809 1516 1519
289 1363 1724
1299 701 957
503 780 756
182 391 1235
273 646 1584
428 424 920
1334 361 70
453 874 831
1780 664 1762
698 940 337
928 665 285
45 30 799
911 1435 1714
773 74 1391
698 954 1337
1736 1479 1428
1776 47 267
1572 1039 1742
514 1720 602
1108 296 176
1102 1210 404
376 502 879
1582 218 897
1647 735 1638
1133 349 1485
1361 669 248
1492 855 1083
561 1444 667
1780 950 720
1727 1698 1625
1376 460 1175
363 362 1251
13 1715 1595
667 1555 1741
1128 571 118
1618 943 1820
114 1641 61
678 119 657
1347 94 667
811 215 773
1137 1824 1591
218 1308 644
1559 401 1194
62 1813 16
603 734 260
1529 97 1618
873 883 1070
316 1644 804
762 717 1778
1428 1116 1124
508 1278 955
233 1423 97
1499 946 1576
673 962 1853
1187 1516 1374
1854 1104 676
1167 1669 1192
782 726 1836
108 578 1661
953 1754 532
106 405 1562
361 1212 1315
1729 13 442
839 124 323
826 1660 644
995 1112 1515
875 1363 32
1612 387 380
199 873 1144
823 50 115
1742 279 1781
1726 1808 1656
878 1844 979
672 232 905
981 1723 835
492 445 1790
1486 224 1043
39 972 711
1215 777 440
250 1344 1813
1144 1083 1462
484 252 661
800 855 1413
615 1415 1151
630 1878 1544
817 450 1011
897 468 222
1053 336 808
1314 79 220
1121 1417 403
531 1510 1688
1857 363 1719
1583 621 231
1612 1330 1028
1288 1658 505
1131 1208 294
1612 1849 1193
937 855 1718
1574 262 1652
609 1173 574
426 1064 1503
1707 1820 483
1830 1300 981
1505 684 325
1219 68 1645
1701 612 896
206 604 18
931 1820 1668
591 119 1663
999 978 1386
1200 100 459
1086 568 1402
495 513 1568
379 844 343
571 1337 1601
1847 79 485
1510 1057 1406
1623 438 1440
773 336 549
1233 803 1254
297 495 1337
269 476 324
1239 603 1344
454 980 667
212 1450 593
1815 456 532
6 312 1503
1467 1333 309
926 974 1842
46 19 1278
94 714 160
1834 1823 1190
1431 61 918
688 1914 52
281 1153 1615
1889 146 1667
996 820 972
207 1536 1845
152 649 1118
138 367 1283
21 949 340
1033 184 64
647 859 351
143 26 1657
1096 760 588
739 1493 353
327 1925 291
1765 1368 1148
415 927 1065
925 1779 1875
1149 264 756
1357 538 566
1842 1059 1022
328 591 697
249 1487 1894
1300 1662 1504
939 1039 509
1883 248 139
967 456 1338
106 1763 1614
469 1331 1255
1466 1192 1450
1459 1605 93
1839 1783 1292
577 163 203
807 1327 442
1615 725 1381
764 1728 430
49 14 1506
918 1097 773
742 1693 664
1890 24 930
1548 1019 686
362 475 894
618 864 862
1190 407 1717
896 1332 345
570 1604 398
673 799 166
792 258 919
1901 298 706
1399 246 1754
1277 18 1649
1960 1882 1455
232 1118 978
1552 1166 1611
40 838 3
86 1614 1506
909 1658 491
1791 1202 1763
1588 1222 805
1900 279 1618
1570 767 599
1279 1894 826
656 1056 1134
1278 871 1829
1470 1922 308
1825 1870 848
1030 827 988
369 873 1440
360 146 1935
348 380 1317
262 726 518
1921 525 1178
1162 368 707
807 1133 377
958 581 1215
750 529 1444
749 1736 1876
536 862 1743
1566 1127 907
1087 782 1191
1881 147 1081
1786 1006 1360
1295 905 1515
631 628 454
42 1560 1929
1663 297 1234
1193 1566 1474
627 1802 1770
379 1329 1198
566 425 526
1636 1148 1807
1344 1845 1965
1241 1118 171
30 631 1018
1508 736 1462
386 1327 861
1869 1879 887
926 1144 957
437 1989 723
1647 1264 69
1642 1448 590
998 1727 563
1165 1337 1482
1069 1702 162
1997 1354 264
618 1102 1812
176 1828 97
494 431 1171
797 1855 953
1661 1902 1814
903 1657 793
1158 468 464
1898 1233 1211
87 531 1538
1552 1141 1621
153 52 1404
1372 564 1120
1590 1229 1395
1346 313 1955
57 1705 1663
1636 4 1135
1708 1353 1076
474 492 657
435 1392 1648
551 486 535
1804 1366 1910
1868 2034 1744
880 157 1839
90 537 1056
1752 1813 1784
1866 241 1787
1921 442 746
683 734 781
149 1777 344
1560 1715 1390
184 639 476
1195 200 555
1884 1891 171
1675 825 1565
503 561 1952
1008 641 131
1363 1348 1732
1191 928 145
580 1289 1433
1958 921 915
790 1434 231
1294 1636 803
684 865 287
26 940 979
1263 1078 663
277 761 894
1426 584 552
815 775 103
475 1932 1844
753 1185 1513
34 1867 1287
54 486 1842
1377 1357 1561
40 204 188
1088 1803 1834
2054 416 1553
1527 941 385
1774 1539 1324
303 389 1567
977 814 1530
680 520 1484
1387 226 1988
1260 1522 120
1676 350 1942
333 182 1163
630 1254 1151
205 1542 1396
1673 524 937
403 1826 1743
1170 1470 1612
104 1181 994
5 1265 1672
1075 1696 49
1376 586 1916
1493 2083 1197
1740 599 484
1039 1020 1218
710 1390 1650
1516 1028 1823
464 1617 573
1489 1596 1692
2107 1886 1513
899 1778 559
2073 1453 769
546 1701 1157
1099 1542 1275
1272 1799 508
1549 85 1966
823 1116 1658
1109 1851 2088
1386 1556 937
160 1769 1522
2028 162 307
964 107 1640
1930 1785 1597
511 1077 366
244 95 1802
975 834 1886
2029 613 2101
1798 1153 1186
1514 1517 1722
546 1242 129
910 43 304
191 1477 1854
1239 730 756
1186 186 1667
796 818 2007
2042 1380 164
104 933 387
182 1187 139
979 204 304
212 1013 1531
2138 1783 161
816 565 463
254 1167 1225
648 1137 964
1566 1426 1746
1887 1282 1360
410 1757 1037
1431 1959 255
1307 146 30
103 1107 1464
2106 743 239
548 1601 1856
1641 1835 1696
1027 2120 940
223 1187 111
1305 425 1874
1702 510 214
622 910 227
982 2120 1072
507 1036 1559
1361 153 159
1666 2130 539
506 2136 1509
605 602 714
93 955 1767
1661 1415 72
1651 729 2152
570 1755 216
719 1409 724
299 449 1651
1348 2046 1181
1663 749 550
237 702 124
1919 1977 1578
1866 1624 911
740 1851 1861
882 924 102
2130 1744 1286
52 1258 1122
188 193 1112
349 196 1109
1524 2035 1553
242 205 2183
1234 970 1065
1793 2131 1300
1317 811 496
808 1043 1717
1462 1952 1733
2169 789 898
1568 25 1918
69 1959 449
957 1503 224
2159 1736 1570
343 604 1615
453 767 243
1469 1655 1882
1650 766 345
1172 435 1884
966 571 762
1622 438 564
1111 1555 1597
140 866 2101
275 775 1556
272 1280 2132
1588 90 634
163 1348 172
2213 359 658
2124 850 997
841 450 1894
1281 530 1943
587 1617 309
2031 356 2006
938 15 928
1471 1854 1896
1323 721 2040
1249 1199 1285
1635 1645 665
186 211 986
1186 1965 1094
2185 1491 1305
1125 739 1597
1128 644 1993
1531 1120 47
684 2093 916
1821 2071 551
791 727 1333
1321 1276 204
1235 1881 342
805 1233 1633
1770 1457 1025
575 845 987
1929 1638 2232
564 1343 1221
1217 147 590
1818 65 979
1200 1953 1631
1978 141 748
848 49 2007
257 1132 1196
620 857 1924
306 348 821
654 1766 1173
1332 1494 1748
357 2199 483
1301 1538 1809
1103 572 1624
1805 967 1191
91 847 1196
2192 1600 1674
1002 2052 972
1764 161 1233
39 2098 2165
1325 913 2211
2149 1986 1929
1686 1857 1214
684 2183 1594
681 1417 2181
1505 891 1837
1132 2261 925
1093 1391 128
1957 182 2070
529 554 707
1118 760 1873
856 38 648
1892 844 171
887 916 1234
854 1729 1253
1577 615 256
1387 1930 718
918 1576 1364
1394 1802 1199
10 1905 2260
2280 401 1812
1763 383 1402
498 682 720
1223 375 411
307 1366 1684
1893 644 1429
2122 2010 2116
191 245 1773
469 973 2216
1982 1783 212
147 2139 282
514 2271 227
939 590 1175
1776 2105 104
1443 286 539
955 2227 2266
2225 1958 77
2245 504 35
807 363 106
1378 1208 425
1650 351 729
37 2162 1953
304 779 2304
1448 1482 1749
1516 526 1906
1463 890 1367
1045 1556 683
2167 1677 1644
2121 536 2115
567 1022 929
1517 717 384
619 2124 83
955 2277 1073
1303 1167 1517
173 1624 433
941 1223 1222
459 1809 191
60 1144 519
112 969 367
469 1278 778
2308 2085 647
518 633 1185
1800 1848 561
136 1392 764
1301 2118 1219
1436 71 567
443 1212 1278
819 1876 692
920 1181 2280
1548 1598 604
663 2180 276
2014 2284 448
2296 114 693
949 849 500
1375 1077 2194
2080 2104 183
54 386 117
975 1689 65
34 322 1275
1967 2148 1860
409 413 1022
2206 166 678
1727 432 779
648 2344 15
51 610 467
108 1766 237
1785 2238 1325
1837 449 1173
192 625 2069
1214 1592 1332
1198 637 574
412 608 2100
1898 1745 1417
929 1414 1335
168 2003 1655
2159 1020 159
244 1358 1989
1148 1327 1712
229 1124 1311
1073 268 1764
1601 1596 1352
149 207 1751
1624 626 2193
1895 1301 1980
1677 799 1068
2122 813 2166
1501 1645 1589
1971 1627 1567
1378 273 1599
1475 1886 864
81 1140 1481
1306 674 409
1804 547 2339
1091 879 64
593 2270 560
659 1438 225
962 1624 1318
2266 1862 288
624 476 2073
1719 1833 472
55 649 597
445 1274 232
914 655 473
489 975 1768
1604 1504 1276
1037 734 780
675 620 2088
2230 1372 1028
575 947 1774
2345 1929 960
28 1500 509
2217 2013 2348
2055 362 1391
2073 340 494
1189 115 1656
96 721 760
2009 1717 1451
1057 2148 1329
2245 2191 2147
1541 1338 1047
224 608 1317
194 1997 1993
152 1879 1636
288 1222 218
1343 1738 980
1927 464 1086
759 1063 1946
75 79 338
988 598 1289
1645 557 791
2093 1309 2243
611 1039 10
1778 2292 2337
52 731 1435
2153 1518 1010
1770 1808 608
47 1917 2287
1136 1996 2120
1053 109 728
918 1901 2136
1770 204 2390
1086 2401 1675
464 175 521
2171 1912 282
870 2402 147
1198 2402 2231
220 1039 1839
550 450 646
1812 57 2108
1223 1436 2097
1119 595 855
1491 939 543
554 1868 247
997 1697 1420
1728 1069 2026
1286 279 706
527 1034 1751
243 1183 1988
1541 711 166
1131 81 1269
2317 2120 949
2011 313 2436
1535 1134 1949
1966 2294 226
2339 1394 1060
1153 469 2264
1185 595 1336
1861 1700 2403
2126 797 1359
1521 1273 670
1451 2330 2003
1403 586 1446
1181 146 1866
1411 2155 785
48 1427 1390
1926 1721 2256
1031 1641 2102
1441 85 2269
1793 1397 641
1429 920 2227
976 336 345
1738 1134 846
2279 750 2292
1642 1946 1811
251 60 1063
1529 233 1057
1091 2146 783
1720 1104 2047
597 2010 422
172 2369 1751
1489 754 2276
1583 536 1176
2090 1338 1382
364 2476 429
2182 2447 944
539 1511 1740
724 1182 2427
863 830 1553
513 1818 1605
760 350 449
24 1911 2362
694 1811 841
2302 688 1997
1836 2122 1798
1074 1251 2066
745 2065 2354
1071 1132 853
2491 772 1141
1045 857 347
1055 1225 2255
521 1682 173
648 1393 2136
457 2392 402
2 235 1604
1714 46 963
432 1079 663
1043 2291 2302
758 356 40
1335 886 796
9 608 1019
593 489 1239
1326 222 314
1834 2346 1070
2460 1928 1325
1059 455 563
312 2154 1852
2161 1181 1665
53 275 1388
2305 802 1845
938 2211 2444
2358 405 1970
259 300 165
655 1673 1367
1552 2289 362
919 812 2231
646 1842 1835
1939 1543 1611
133 1717 1961
2250 1971 537
1878 844 475
857 740 2399
2451 2076 121
1486 1029 503
2210 2041 2041
532 253 1541
2072 761 2446
2209 1460 1254
2420 673 2135
1300 913 971
563 2210 2520
1967 579 1654
2320 371 1580
1698 200 1130
1454 1755 2200
1626 602 1269
332 1701 638
1134 2398 1116
2137 1524 143
512 200 1259
698 1248 2245
753 1662 1952
2530 1851 151
1776 443 1767
716 2018 1501
1841 1720 926
1787 1521 2409
1049 442 1469
1962 707 26
2415 1117 1564
24 215 300
825 1482 1573
367 2549 1690
1658 1389 557
1266 2104 1097
1833 2472 1385
1172 2465 1609
1091 465 403
725 21 1961
2067 679 1293
1827 395 419
1339 1534 2239
92 824 1213
630 1951 1217
1326 994 2503
2331 229 1679
2546 424 1609
126 137 1853
1843 2134 534
1408 1159 754
912 486 555
1859 1201 1799
1970 2418 146
199 1280 2138
1312 1168 1619
812 591 2339
1981 1238 576
1930 210 1345
243 2341 220
31 1913 410
27 944 1233
2010 2396 352
512 1728 167
2219 169 2518
296 1283 2260
2548 29 1721
780 1178 2157
723 1011 992
996 2392 722
1631 187 1953
2136 1274 1105
1469 17 465
61 538 2445
606 747 1853
2563 1927 1432
572 2223 1944
2423 874 2431
1407 356 2319
2046 2316 159
467 792 2133
73 2484 158
2432 1577 1116
1386 1638 662
2139 486 702
338 256 1885
2221 1756 964
1750 1074 896
1916 503 1926
1949 140 1073
1288 826 744
745 2466 10
639 100 1658
943 568 1443
297 899 983
2151 2026 870
913 374 1660
974 2394 1745
66 2230 2148
481 382 2591
820 489 41
1382 2027 190
1376 73 661
1540 1997 1444
2248 1239 517
1247 861 1280
1035 2123 1849
1664 1409 2049
689 614 2095
1493 652 1797
2146 2375 2141
485 2455 2370
183 1203 1803
1816 992 1410
2083 1078 501
471 479 77
591 2192 800
2183 1990 1568
2627 2240 2351
438 1327 1421
2288 806 1949
612 2636 2187
229 1160 1421
270 2635 825
2157 1563 2166
975 955 6
822 75 289
1045 1698 408
1629 185 720
1524 382 515
1474 1147 993
338 1790 1434
1235 2017 1519
888 757 1692
859 168 2259
214 404 79
716 2124 674
457 775 2256
1400 951 2467
846 2463 100
1921 1602 627
1018 594 2297
234 1362 1573
493 1561 381
2058 295 1039
2001 2156 872
1228 509 848
2179 1971 2643
1796 2624 1065
2236 2483 1429
2654 1838 1462
963 2204 432
2285 2656 2533
1077 871 723
1412 1170 2210
2335 1451 1886
1377 537 2667
2299 96 589
1419 2520 2331
1162 1763 45
1734 1306 1923
699 230 1159
189 2253 1316
2176 1705 2321
2665 2457 244
2220 2579 2486
1691 1610 2119
1635 627 854
553 1811 532
1287 1469 2353
137 2037 470
1776 2425 676
1594 1623 2680
1941 811 1732
1800 158 1824
276 2052 1788
2520 2460 2106
2238 2180 2429
2539 1579 1052
1185 1861 23
1198 672 958
1650 1803 117
1129 2529 1081
1447 1861 2691
1173 1680 2082
2417 2342 435
2433 430 48
636 2102 1254
786 1708 2138
1732 779 504
2259 1798 288
1524 1618 2673
410 1358 1668
655 1250 2146
705 2389 2353
2194 200 1794
126 1753 1269
2172 730 1617
201 1457 1213
2404 618 1363
1366 233 1131
930 1792 1620
1877 1185 1081
1335 2272 818
448 2676 2200
230 1450 2395
960 1527 2581
1112 995 490
56 2082 977
2571 1091 2149
641 997 1785
1896 2207 310
1179 896 1063
271 1353 85
1639 2466 2577
1270 1380 2635
60 1662 936
1477 1880 2678
1295 993 1685
1476 426 2604
264 547 2107
1173 534 608
465 2649 632
1098 2455 823
480 956 1230
716 518 1709
865 2749 926
1723 515 1167
678 2096 539
2694 645 1766
2469 1056 2593
1022 948 667
236 268 2336
1723 2656 2312
1944 405 1974
1698 1533 223
1824 1091 1177
129 652 349
912 17 226
202 302 2479
1091 1850 1148
2732 2231 953
1585 421 2355
809 2507 377
245 1334 1325
618 1112 1799
1096 1987 4
2769 1671 850
402 1768 841
1435 1218 1196
2142 1701 549
2239 875 2022
1464 1152 2773
1449 2243 503
2039 1488 217
2112 2774 1505
1660 2249 2326
2536 1658 1172
2384 1888 271
150 1475 1517
1440 2002 1711
1846 1521 282
12 1438 1772
2246 2653 2449
2077 2113 1426
1319 2306 366
995 2296 131
1202 2768 2323
2364 446 2163
2667 2298 2208
1920 623 2614
2560 1776 732
2665 2071 1862
1271 622 1261
961 2619 773
333 1381 2570
1947 2522 2580
1669 831 1919
1680 93 177
1809 184 840
2342 1699 2461
2333 1512 2420
2294 689 2753
2656 229 2043
1314 1106 2645
1004 1084 1981
2457 2574 2101
1669 1499 2710
2114 765 2741
413 127 2046
504 1905 1706
1753 1844 66
2225 2814 2233
44 2013 2716
151 362 56
2494 446 2574
1286 776 1150
396 719 2113
430 169 2571
776 573 2393
2195 1463 474
2625 1612 1526
2086 149 1490
2781 2581 162
1991 1004 625
1375 2404 754
2510 1486 2679
2579 2141 2448
2168 2329 2008
967 1342 1309
478 2559 346
1726 2449 2352
1018 1461 2357
2125 2517 808
2342 2301 938
870 2433 1597
1320 2512 1972
244 1780 652
148 2125 1179
305 1467 623
956 2034 687
311 315 1819
2559 556 1088
2123 2837 1613
1095 2759 1624
1605 2668 375
311 2288 2807
1271 901 2143
157 2290 2194
2679 2660 936
922 1457 148
2315 1384 376
1067 2853 1224
855 2690 2783
2800 1004 2505
43 692 1665
1100 329 787
1777 2045 477
190 1132 682
2819 1121 677
1206 1362 1758
332 900 1161
2340 8 484
1000 2308 1561
1921 2197 718
685 662 2683
2015 2643 1791
1945 2265 2031
15 1950 2640
361 1530 1531
1046 555 2781
1007 2712 1350
1830 460 832
514 1541 1264
1041 1244 1860
604 757 2087
1 975 2507
227 1312 123
994 1925 805
517 2273 2199
103 2738 249
2056 629 809
2044 1931 2128
2318 2694 683
199 2766 1954
980 232 419
2363 1811 2348
1194 1672 2663
1620 1670 796
400 1918 1226
2802 1858 1731
2464 1066 1510
1892 243 1433
1956 1798 1500
2532 1104 2780
1445 1987 1522
2735 143 179
450 2853 907
642 419 41
1948 459 546
1529 2070 769
2901 2577 888
2349 2822 273
297 1258 2791
1303 2173 1828
1102 13 1682
2503 538 595
636 54 2492
1042 1219 447
932 693 1661
672 366 391
579 974 2802
1050 2249 578
2727 675 2397
1046 2321 154
2742 42 951
1909 2117 2519
640 1800 769
1844 834 599
128 1872 982
1801 2671 87
1532 316 1693
451 453 859
2795 2082 203
2263 313 281
494 2415 453
1502 1612 1850
120 1528 902
844 373 1742
1493 380 2158
1889 1415 2205
678 400 2771
1904 817 819
2038 1655 2560
2151 2915 1234
2384 2284 569
1945 863 936
2332 2527 1730
346 1384 380
74 1696 2672
1449 1394 328
782 2463 807
2749 688 2292
1740 1689 1277
645 2292 2262
1870 1361 42
2414 747 266
406 716 2367
556 1586 2922
723 2882 271
2555 1528 710
782 1602 1707
2737 2407 917
2248 1733 2325
1368 427 2390
1999 1374 957
1511 1956 789
1421 465 2208
931 2624 149
466 853 71
1751 1272 1842
447 1058 134
2531 561 2959
2383 145 1927
194 1801 2740
151 179 755
2654 1059 2843
2658 1059 18
2647 2395 330
908 1504 2285
1634 1218 1105
619 759 912
1053 1401 1162
132 1578 1455
156 510 315
2219 1298 781
2655 150 306
2427 2661 867
2348 472 1452
783 2576 1334
1990 2433 134
2591 1771 978
2763 2157 1351
2046 151 989
717 1225 2318
2048 349 716
2251 1529 657
2500 2461 603
559 51 861
2619 1827 2573
2992 701 2159
371 2360 966
264 1135 2950
1874 2212 2528
2279 2555 2127
805 2113 1255
778 2972 630
2299 2079 303
1461 2479 2654
714 2888 2988
2914 849 1998
2977 189 849
1297 197 1898
983 1406 174
66 82 1053
476 1314 1908
1645 475 565
1239 2159 2771
1394 2074 2396
1029 1055 2920
1113 817 1705
2666 1998 2647
2449 2094 956
1225 724 2102
172 144 2185
111 2745 2787
205 982 2470
2994 391 3006
2734 326 521
707 11 1961
33 2206 186
2705 794 1054
1227 1260 1885
346 1167 255
472 178 1714
1396 2310 384
1288 1650 611
1782 1935 1182
2392 1296 2731
741 1455 1851
2369 2485 60
2334 1765 1062
583 1908 342
1925 2321 1288
2799 2255 1049
57 697 1654
1682 1492 2148
2627 1466 58
2130 1762 2129
2658 429 76
1078 802 403
2481 2458 1606
1608 2825 1840
1060 1993 63
308 2662 1285
1713 361 1825
2789 310 145
1596 252 718
1930 2523 1628
850 2864 608
1949 987 1698
286 1386 2709
1552 670 1194
779 230 2259
1684 1133 197
2321 2803 2764
1110 1903 1105
1759 2991 739
453 1038 1073
1804 201 3013
1229 1957 645
2473 1073 632
2630 2629 2786
1143 1057 2218
1575 331 814
73 1248 1273
1818 2884 2765
483 273 338
3040 1037 1047
574 420 1281
867 1345 2439
2787 2477 843
2844 318 1822
2039 2780 2376
2542 2207 2854
1612 1542 1864
2452 2312 2306
999 1459 1509
1178 1457 2622
2711 1200 1736
187 113 874
1142 487 344
1814 146 3020
2659 701 1582
1370 2627 1703
949 348 2972
1238 927 1358
2635 1996 2035
546 1358 1047
3034 455 55
566 2493 2779
78 1538 2833
2091 141 560
1330 1131 346
64 1051 2577
1651 2332 2786
1505 648 392
2024 2124 1559
2836 792 1047
1148 2985 1653
540 818 242
2637 895 1269
1805 1359 1758
634 2986 2309
1665 1778 2847
1433 373 3044
1317 847 702
436 924 2921
1431 655 502
1469 174 1789
1394 1526 3092
609 1074 1992
1205 1903 1219
2229 1911 1329
1456 1820 2302
1556 2480 430
264 2726 85
1283 1905 2206
3111 1900 3063
654 557 649
1130 631 449
775 549 962
2106 2755 1156
2566 272 2087
958 1874 1177
579 1960 296
371 1738 2959
2985 1509 1296
1702 2005 2902
1800 1180 2827
786 2394 1279
1109 1507 560
77 2649 2454
2149 2285 561
493 94 197
2012 221 1007
2463 410 1021
1118 2904 122
2962 1022 1768
3057 2373 865
1124 425 1197
793 2713 1463
220 2910 961
2555 2785 1649
463 2451 1686
1812 1570 1083
2889 694 2367
2997 953 904
370 778 2243
372 772 2051
2447 2891 851
1674 863 1125
1718 312 363
1217 149 1147
916 2085 900
2924 1514 3107
868 560 3013
572 1800 1174
10 2571 393
2660 2444 819
753 2475 994
534 919 242
2075 752 2370
1783 1949 2084
1817 2522 394
2499 1274 1207
2250 2992 2356
1790 1304 1260
2099 1084 255
2875 1956 486
1546 270 1535
1567 2055 2880
1775 1899 738
2443 750 1906
499 2389 2962
1347 1053 3006
92 2878 1824
835 525 1337
743 725 1795
2346 785 1024
1716 1393 1674
1632 1249 525
2691 574 1054
2370 1106 191
1536 2421 1974
785 2358 2997
2145 2584 2166
864 2499 3091
3052 590 1380
364 2647 2767
1410 844 3190
1616 2258 3024
640 2488 1468
1045 763 3007
780 2423 752
1710 572 654
362 3044 314
364 2217 1438
2264 2846 3135
257 460 1827
2368 2305 968
1669 2921 3029
1993 2958 1696
2240 951 2385
2190 2852 1917
306 2321 1142
1889 801 3022
3051 581 2901
2659 409 982
2976 1234 2517
1446 3048 1857
2581 450 1757
2621 997 372
342 2684 1274
784 203 2295
1976 615 1646
2770 2001 2608
2776 462 2194
150 1807 2442
51 2100 2867
2212 1490 2513
938 2463 430
1063 830 128
494 1434 2935
2372 2421 253
2328 1590 546
1495 2709 426
1068 1415 2855
3063 2942 2559
1873 409 141
3209 79 1840
1824 1042 492
2702 621 1960
293 2612 218
1150 2126 1349
2021 120 945
985 809 1685
2807 686 2008
2586 736 305
2305 1564 2654
1998 595 2242
1228 2104 1457
3102 2295 844
1168 2555 614
335 2603 274
1708 2890 1687
2926 2505 85
2621 3228 1480
2716 2036 1284
2223 2030 2137
2379 2087 2605
2164 1361 1781
1988 563 525
2414 3109 2000
1872 706 2394
1188 1771 2747
2066 2188 1187
2629 2046 2459
2404 1617 1897
2746 495 1229
471 1379 1872
2381 1507 257
1515 239 1922
297 1637 583
2345 1207 1803
2240 2150 1416
1176 1971 326
1548 657 3055
2929 495 2112
1519 758 548
2360 2580 1449
2054 2704 3151
1326 338 291
1411 10 171
1733 2891 1121
2618 1056 953
1438 3272 3155
2857 799 2850
3091 172 1951
1046 1234 3145
1888 148 1748
1608 1412 1615
1799 2362 390
1017 2829 1624
2307 1871 1998
732 1796 532
1153 1961 639
2656 51 1597
3251 348 304
541 1613 1928
1949 112 1805
1788 1399 787
1186 796 603
787 2424 1647
759 1815 348
819 358 1058
2853 2189 2338
698 1995 1206
398 3061 1980
1516 2233 1146
1298 1566 1081
573 1548 3138
721 160 2760
865 501 3019
2361 3141 3224
1097 2619 1692
460 638 1776
2291 2322 1086
1019 2118 1284
252 802 1535
1655 2781 2227
2382 2617 73
556 1260 1568
2348 2780 3089
536 2651 3099
1909 2019 1193
1295 901 2207
3316 2604 3011
2534 2887 2727
1576 2 509
750 1566 1281
392 1033 964
148 2333 1330
244 909 2047
417 2926 1236
2845 3047 981
1890 2135 2454
2085 2073 1832
2724 2018 1650
2848 1934 320
1897 2094 1601
1709 1938 745
993 3187 602
1039 766 2003
2646 1874 2020
1235 2244 439
2989 595 237
2423 2383 847
643 2319 741
2027 2112 3314
2936 1975 978
760 3033 1357
1040 784 2089
2228 334 2635
2555 1692 1372
2085 1187 2159
809 2200 2274
2860 802 228
2497 1123 2308
1868 194 304
28 3109 2143
1404 2947 1457
1630 3320 2018
2712 1103 2588
3232 1542 2492
2522 622 941
2796 1899 1828
745 2170 3330
1146 282 2537
2048 3140 2959
683 217 563
1548 3065 2249
1844 690 701
497 769 2913
2917 345 1383
2652 1632 595
2667 1076 55
3181 286 2402
1117 2128 41
3267 2022 3272
1914 1038 417
2640 2869 1096
70 308 1513
3229 1071 1207
1029 2427 2110
1076 2141 1037
1499 908 1405
3233 1360 3122
2998 2429 689
2508 504 1762
2539 323 1089
490 680 2445
1008 1730 327
873 137 1575
2966 2862 707
3240 1679 2494
2701 1506 3282
1985 2612 374
2972 1480 774
1611 1563 3113
1656 2801 1138
2236 972 1068
2521 1721 2098
783 3233 524
864 3118 2084
1168 2452 3164
668 525 2769
2136 1992 1731
1871 1010 3358
782 1329 720
3207 2028 1405
1098 497 706
1132 731 841
686 1288 942
913 664 1701
632 3191 1832
1044 2174 2510
1666 2365 2020
628 2537 228
144 621 1820
2994 3198 384
2452 1393 2521
1400 747 637
2271 99 3060
150 780 711
40 1938 2763
750 966 587
172 485 1883
2501 2281 2386
13 1848 167
2100 3240 286
1982 247 2330
59 630 150
2711 961 2656
3224 352 3143
3099 2729 2918
1213 3378 1282
323 372 756
866 65 1851
442 3039 3354
3054 3316 1941
20 3115 396
3218 3353 3276
1381 743 556
2451 1972 2729
1570 736 1616
1149 3189 844
239 2273 2716
831 2818 2033
2093 2340 1041
3443 2100 2072
482 1266 1825
908 2124 1911
1389 2538 907
402 1611 1673
1088 1090 2713
3446 3076 1783
946 2612 133
3203 1795 2630
82 475 1328
1547 2626 1293
963 2955 2903
187 189 59
3404 2991 1164
1719 2296 1212
3011 1808 2209
2569 2402 357
141 881 1132
337 320 3426
924 636 3067
2701 2745 443
772 877 1858
762 1777 2260
2857 1285 3208
2283 2459 1973
1749 840 1779
324 893 135
1111 1660 670
283 831 1696
2009 1940 3059
2847 1213 3212
3365 72 1037
1365 301 2481
1937 2870 1732
3110 1011 222
2349 77 1968
1657 2056 1192
1615 505 1535
1745 1669 275
758 1120 1857
1246 880 1804
3204 3112 2815
3116 1559 2585
2120 3124 3070
508 1975 189
2509 1412 3406
2940 2063 1290
1531 1640 2502
795 2913 1913
3268 1806 326
909 2395 531
1083 1733 559
2818 1938 2745
2143 515 758
2360 501 2219
2547 178 1248
251 1986 2481
2308 1342 112
3201 3050 1800
833 752 2877
1374 2301 2048
938 552 2293
1400 2565 560
184 3073 2560
1285 1488 2456
1200 1118 2362
554 1050 1643
1737 3356 1160
2305 67 2829
3294 804 2077
477 712 723
1044 1646 661
3296 2153 2586
990 3405 3256
1320 757 2209
163 371 2230
1275 1546 3461
1120 804 3513
230 2442 3211
2262 2120 3400
200 1489 2268
592 410 3308
755 3420 864
317 2534 996
3313 3178 3376
3264 839 2875
1893 2198 692
3211 3054 2675
2342 2419 2628
1996 3451 2329
676 788 814
2633 3244 1317
2658 3491 2429
629 62 803
3199 914 26
2537 1963 379
2379 2827 2276
110 784 3208
2719 1502 78
60 1739 514
1071 2688 2342
3360 776 1659
1643 873 408
458 1688 2952
1879 2285 152
636 2328 2476
1341 1006 1321
1500 2730 2326
727 1274 3037
3507 1088 569
1308 1139 2109
3383 354 727
3089 1876 283
2128 2617 2506
3275 1399 1126
3431 2988 148
3554 749 241
409 1884 2215
409 1352 2472
2542 2848 1327
3202 789 767
2122 2565 848
2613 2527 1518
2316 1527 1354
785 42 2820
504 3368 3433
2406 1428 2948
815 76 2305
2311 391 1837
2488 3539 3202
2979 3462 1613
246 1787 3263
127 1877 306
3181 2245 2921
1832 528 1408
2316 3055 2990
1903 1282 2200
1277 2001 1371
2131 107 2635
2267 5 1884
482 852 2746
513 2035 3436
3478 619 1447
3098 3345 1696
1260 34 241
1116 772 2987
3097 3245 3512
1009 1603 42
2727 1366 2734
323 3401 297
3555 2562 471
2346 1320 2791
3450 2137 965
1155 977 3027
225 2297 3479
978 2882 833
935 1240 1725
849 3037 2168
1912 395 1562
1057 1158 3155
1279 1918 1749
2655 678 2082
2682 1955 2796
1375 720 1361
1657 2644 1769
1535 525 506
768 2462 535
1207 1464 1612
2770 1204 1127
1925 1929 903
3081 3452 3564
2374 11 889
1338 2130 396
34 38 321
910 2760 1265
3288 353 533
2698 1332 1268
1257 1040 1243
2831 2571 2130
1737 749 1604
956 1401 408
3581 572 401
2455 458 2704
349 239 3032
3497 1553 1940
1017 3489 3387
1584 798 723
1106 3361 215
2170 1978 5
2118 2844 2325
130 88 1714
3327 1009 569
1915 1141 206
806 1387 3222
436 1509 2446
713 2792 289
1733 2830 2720
3136 1691 1374
841 2501 2758
1225 2183 2585
3081 664 1950
3206 508 3125
2841 1023 2710
1169 242 2191
660 677 3115
3068 738 1440
3189 2187 2573
851 1398 2508
2494 1680 678
2567 2937 2558
412 877 642
608 3550 1049
1667 3599 2736
1454 752 2689
3212 12 2128
1884 2496 2138
756 2728 3512
1823 3348 481
1613 3532 584
2197 1362 2340
1735 3631 385
1308 1175 1270
2504 1391 1082
2432 2526 1561
1302 2307 3328
3520 1171 3082
2219 691 2719
1249 1916 79
1002 1914 2349
90 513 1394
3612 2487 2655
3229 2769 1955
861 1171 2264
534 1701 1875
1837 2477 267
519 399 2947
1265 3311 3523
822 1372 750
717 1109 271
1447 2347 114
3226 1825 1812
2645 1337 1782
536 2902 1206
3446 200 732
2151 2516 42
811 2813 3135
1502 967 93
1992 2284 2743
1913 3618 687
1303 2572 1953
2225 1396 1987
1781 174 1118
907 1024 942
950 2176 3163
946 2950 1112
467 1068 3069
3377 1162 2735
3227 578 2293
916 1480 1778
1408 3409 836
1619 1092 2210
862 1341 2655
1035 3243 1640
16 996 418
2000 877 36
405 998 1078
3584 385 2922
2919 1259 2532
79 1278 2889
2080 1613 2921
1158 1208 1707
277 2586 2877
1707 1063 844
2766 29 2574
33 766 754
1104 45 749
1355 2660 3296
1448 217 2922
914 2679 3382
2551 1737 935
1180 548 2597
1946 2022 1812
480 1486 70
1431 601 3171
1104 2208 1070
2651 2930 2402
2203 3290 3228
902 2028 1498
3682 553 527
2328 1373 606
1661 3715 2307
947 3494 2976
1707 3566 64
1344 62 3381
621 1853 1849
3639 1742 1145
1627 1033 2942
3433 728 857
317 3088 3733
957 83 639
820 1788 983
41 2332 3304
1516 144 3681
1518 124 165
2793 3634 964
2628 1130 2446
753 638 2802
908 211 378
996 625 1349
3317 325 2490
281 2687 3292
1537 2279 3597
2725 1619 3148
3000 992 2725
3254 642 1022
3381 2874 2837
2662 461 1814
517 1708 957
2970 1016 2614
1740 2320 2069
1694 2151 2967
807 1056 1013
2389 2642 1482
3517 2093 2045
993 3383 1222
2233 2998 2352
3062 1921 675
1166 1249 2334
2197 553 3056
2693 2955 2474
1291 477 1891
1509 2114 1700
728 3161 3487
27 798 885
919 1783 3690
172 3666 1946
2810 356 1771
2175 2199 1945
3164 1905 2527
588 2030 1544
1579 1546 3076
3334 818 1058
214 1586 2333
1617 3013 3196
1516 3059 2056
2488 2941 439
2057 1176 3228
2169 3391 1305
2864 291 1579
442 331 462
1446 756 3732
2956 2413 2409
3752 1165 3704
2636 458 3667
197 882 1391
86 1664 1021
927 2046 2213
2255 1183 1327
693 1849 1791
2001 534 878
612 1546 395
1680 1661 3057
816 2115 1197
2650 2588 1782
1057 2678 1072
954 2396 101
3524 1432 1449
2790 3186 3135
523 3811 2631
3134 1095 207
2747 1488 3618
2142 90 3666
284 2462 2609
2226 1792 1814
2487 2034 2729
1311 2135 960
396 230 1999
2026 1221 3275
2269 1526 1322
3224 901 281
1946 2749 1894
706 2891 2602
2915 793 2147
2385 552 1551
0 1491 2985
2270 3648 2519
948 3103 1197
3343 3577 2186
3071 3065 1852
3080 977 3289
944 201 3549
2275 2710 2488
1128 3334 1845
1568 751 1052
1087 693 1288
1418 2675 2826
3238 2658 1228
3382 147 3834
1251 3053 22
1483 647 358
611 1902 781
233 3508 3812
3201 2553 614
3735 3338 222
2934 339 2057
1990 1378 299
3489 664 2490
1360 2013 69
2915 2057 574
160 1523 2023
1333 172 2305
2718 2779 3714
752 1205 1671
1979 958 759
1057 3044 2615
3526 2170 1273
1778 1263 1198
3859 96 1201
433 219 470
1714 1159 3374
346 2411 2135
3547 371 3004
239 2023 1959
1672 3736 951
604 3411 3700
3026 1924 515
3298 3688 3158
1836 3325 488
3780 1044 490
2914 3472 2560
787 3476 3082
2160 2398 1261
1083 285 1719
179 1957 2984
2053 256 1672
984 401 978
924 110 162
1173 3236 3736
989 3643 3154
803 2339 3055
1126 3284 1708
964 274 2172
938 2339 2001
2232 722 2553
3655 29 2617
2661 2121 3554
1918 2847 2229
3268 247 1115
3275 123 3590
2856 640 359
2079 2476 3709
842 1695 2731
1177 1149 3004
741 2757 1743
181 3124 2678
3763 3300 1161
432 2585 3017
233 135 335
1990 2431 3784
3191 483 3100
36 935 3264
1290 1714 331
334 990 3256
28 2830 2011
1016 587 771
2635 2819 3397
2894 1639 3897
1549 1880 544
3369 1761 260
2686 661 2939
3400 1516 2998
304 840 3892
1471 783 1297
453 3743 2639
3291 562 3188
2456 448 1118
3321 548 3277
575 259 1081
806 3664 3521
1292 2069 806
2401 2187 2102
2899 1649 1038
779 2011 3291
3114 15 2819
1271 2829 3037
912 1155 975
1757 2479 354
1303 2510 3340
2157 2087 2643
1462 2701 1825
3574 2926 2020
3284 2026 2398
147 2200 1016
555 1740 2367
901 3733 2757
550 2138 426
1393 1867 3314
1436 2918 1884
912 3556 2252
3218 3182 1435
3217 1774 3791
1124 2932 1755
1029 2992 1150
3666 782 2842
1005 3079 2824
1432 158 877
2518 3589 1820
545 1254 122
1325 2826 2785
1351 3792 2834
2402 873 403
3724 2341 3305
1684 1031 3159
618 3612 2474
2380 2964 1626
3532 3471 2978
2126 2171 3461
3313 669 242
3865 1879 2245
3674 3261 1258
2304 2179 2675
1788 592 2768
629 64 1201
1892 2016 2949
432 99 89
1935 736 2767
353 2010 1712
2178 258 3464
1082 1587 2279
188 1210 3318
1854 210 1637
3109 1264 1030
3552 3431 344
3822 3347 3825
1949 1150 3763
1446 3149 1353
3787 3707 773
3667 2788 3219
1422 617 3032
799 1696 249
204 2617 3479
3932 3447 2424
3392 3507 3664
1610 913 3297
3771 2320 3305
3417 477 1894
1564 1844 3284
1300 3965 14
3828 977 487
3833 817 3934
2234 1762 1090
3345 343 3416
663 612 1749
2743 1954 1254
3400 1922 343
2706 2591 3496
3039 1763 3670
2190 3490 593
3893 1262 2113
1782 1879 3347
3477 2956 2399
1919 1706 3762
3017 59 2611
3596 474 2578
3174 2814 1113
3587 135 1700
2169 114 3194
3760 479 182
2849 3472 3152
1337 526 2253
1382 565 1917
2682 2330 2899
2315 2814 3466
3071 119 2542
1034 2302 376
1957 3748 1492
2263 1906 2249
1425 3415 3225
3961 598 3245
2417 2509 35
3314 874 590
2544 2248 568
3853 3324 905
3287 2073 3693
1669 2109 2633
1870 3512 1576
3655 1463 2987
1926 297 458
965 888 3501
1861 1671 2627
981 1259 3204
2831 162 3174
2879 3036 631
1874 2725 3457
3540 1322 3397
3220 1436 2668
3604 2061 409
2773 3081 3494
871 2578 2400
483 1581 1086
486 239 4025
1271 3128 1702
2592 1190 2556
1966 747 1147
3711 100 2926
2687 461 3353
3313 3814 409
954 3201 1097
2471 3779 492
4026 3927 1541
1781 316 688
2901 648 3950
3226 1247 2017
2085 3690 87
1673 2213 2138
93 2049 901
1459 2838 978
1180 536 3764
2114 2633 3807
224 124 2081
760 748 47
3192 2635 2636
1198 2455 744
2832 3961 38
334 131 1767
2993 3469 3353
521 1170 1226
2911 735 273
2073 762 2244
3625 1970 4054
1828 2374 2159
986 3063 1369
2673 2241 3296
2323 3568 2460
2307 757 2206
2449 1311 1783
664 2197 1892
892 2866 3651
900 943 874
3593 3502 1434
1665 2242 600
3275 3739 3412
2059 3214 633
192 3915 984
2919 2341 2327
450 3402 1875
3201 1363 3909
2111 1678 3912
1596 3103 2020
2006 2348 1537
2196 3754 1640
1913 3626 3156
1216 1138 1780
1659 138 2603
1357 2792 1853
597 1718 2924
3908 2474 2317
1249 2459 1570
400 3444 2639
526 947 523
2964 3438 906
1915 2126 552
497 2171 3574
3291 3361 2619
3941 808 2987
1000 1386 919
2957 765 1892
1088 829 301
2515 1994 2528
3144 1107 2670
2029 1999 241
718 313 2285
253 3481 1782
980 3150 2928
3494 3009 3723
1999 2521 1470
2684 2773 2844
3073 3126 1250
653 1428 1111
2914 454 4074
3406 3373 1198
1340 3044 2482
3926 464 3458
2147 1766 1285
1763 1329 3608
528 3635 2083
1874 3271 2236
1776 1487 3258
3520 1231 4051
299 82 803
1526 2194 2414
508 4082 3250
352 1763 267
485 617 1982
134 424 961
2267 1550 232
496 3482 94
211 2613 133
3170 3453 3417
3324 388 2038
3889 1986 119
3946 3330 2044
2977 3364 3632
2763 1396 2596
465 1047 1910
906 945 3140
229 3688 785
714 508 604
1221 846 3375
1311 3055 2518
2388 3049 1040
2000 3941 1540
100 1108 586
2548 2643 3165
3148 3303 1590
2170 2363 605
3915 2783 2180
2354 2366 3699
3259 94 2856
275 404 3638
924 2580 4015
2826 611 1044
1677 920 4023
3201 1409 166
426 1453 37
3085 2384 208
2664 124 2151
746 913 2463
3769 722 3714
1456 1935 3158
1087 3101 1676
2800 1208 4030
3606 2031 878
534 2977 2376
90 1651 2357
3106 1471 3167
3675 519 3628
2983 1435 1876
107 2353 2783
354 675 177
3732 1638 2401
1844 3867 3650
950 2818 376
1384 3717 3982
1882 605 701
2191 2784 3016
781 2095 575
15 3167 1982
1697 531 3287
1659 995 3004
2897 3694 3195
2539 585 2640
3459 1077 1081
3647 3399 972
3413 1592 1774
2006 2108 2747
3239 3116 626
3874 3515 193
108 2092 3987
1324 1371 57
3637 1993 2310
981 3715 160
1490 1282 1736
2623 2480 2618
1966 3625 1932
3999 740 4152
1489 3637 520
3138 2227 790
1364 444 389
1345 5 1728
1425 2899 3255
3712 2477 3520
891 1712 2999
3881 2593 2915
4212 689 2897
1404 1201 2574
2079 1093 2514
2278 64 4149
917 3773 3599
2190 1047 245
2421 4179 2772
2168 1710 1145
2248 3618 889
2661 3089 3411
1394 3592 2177
937 2365 3077
1775 1475 2554
1066 4107 2583
938 2126 2791
2469 3205 2912
1424 3837 2555
3856 1043 1396
3866 3176 3927
2671 430 1811
2607 2721 1112
206 2653 755
3622 3298 1308
3036 2973 1031
2166 1617 2335
396 1470 670
1852 2176 2403
1780 1866 1334
2624 2135 2615
3621 1801 1352
1224 1519 3228
3003 1206 2501
1755 4203 1297
714 1454 4165
3905 1310 3193
2132 908 413
3094 3020 1015
3913 2820 799
2983 2342 1436
1591 3160 1519
2538 3811 1823
602 3240 2735
1030 594 1490
1008 1423 367
3383 3865 268
805 898 2833
900 853 1268
2902 3045 3857
3554 34 2293
3187 2997 2669
1964 736 4153
3852 339 3079
782 3813 1847
1724 1352 1064
974 289 3906
3013 3102 3152
2805 713 2009
1991 2802 3048
679 3037 357
3544 3757 211
3759 1096 795
1790 4106 3594
885 2034 1493
3928 2639 1673
85 1801 1425
791 2431 4049
2090 584 1230
2317 2204 52
2480 736 2293
4108 2118 3811
3875 46 2610
1979 4246 3395
89 2255 3326
1525 2788 2049
3807 2699 338
4189 4055 2337
1082 4056 2750
1089 825 961
1018 3745 2624
1338 1804 3769
1049 1630 3759
1937 82 2306
3815 383 3191
2549 1219 872
3821 1615 1326
2440 2308 1052
1247 1799 2235
295 2973 1023
2756 49 1631
1568 954 1740
2703 208 1488
387 2762 833
3786 866 120
3915 1239 1437
1925 646 3355
1283 180 3419
162 2719 3512
716 2701 85
497 3551 887
4259 1699 2510
3130 4272 2191
3921 2162 2930
1453 2739 4147
1579 3880 2122
4150 1249 1916
2173 1401 3151
1589 3374 2994
3730 183 2434
2527 270 1136
1773 794 3292
3386 1319 2278
3564 3319 2318
2727 3064 877
1957 3151 4220
2636 4083 291
2127 2285 2409
4312 1300 2861
2602 1812 3588
418 2433 992
3175 2640 2242
1188 883 2425
650 3192 3991
858 898 3170
4063 4160 200
1970 2361 884
229 325 3499
182 1114 2310
209 3887 1886
543 1501 3632
2975 115 2789
4089 826 3499
2381 2362 3986
1516 3154 3726
2291 2219 3085
891 3835 1807
3920 3191 1205
1967 1963 3397
4207 1288 2827
535 2022 1757
4047 4147 1097
2016 3897 111
2865 945 1431
2418 1524 4273
3182 926 1548
1947 1851 3795
2837 2157 1373
2971 1992 3690
1371 2154 4049
1708 3689 2599
936 3662 2995
1570 2891 36
3423 164 3116
46 533 2678
3657 3831 337
4265 3537 4235
3815 3467 3351
2169 2795 3559
2737 1755 2037
3712 398 3616
3015 1941 1988
83 74 3668
4235 2294 2961
2640 3770 2870
1390 3116 2372
4221 3030 2882
3168 2109 3540
75 180 2808
3126 1984 3262
4241 200 3801
2802 2839 133
3731 16 90
588 3292 1872
3788 1798 765
1981 2440 1110
2902 1407 4003
2977 1828 1804
3918 4330 3896
612 1242 2040
1340 2752 4136
649 4324 1453
3115 1407 2406
445 1189 4325
3871 3645 2995
3261 2616 2940
529 2608 652
3868 2631 718
2039 3966 191
3025 268 4312
3296 3538 535
3693 1602 3562
4372 2923 394
4325 2099 3515
1023 4266 411
2962 2241 3310
3983 3872 4176
2170 1295 490
2737 1494 3157
1187 3295 3746
2513 2527 898
2198 2025 2005
1395 3259 3928
3295 621 4173
1350 708 4371
418 2158 1442
241 1782 1457
1856 41 4312
3894 1727 418
1506 738 201
3203 2818 2855
1070 2348 129
3001 3113 1875
2257 1872 3416
3431 1977 3342
1794 3374 1297
2779 2590 2948
2820 3396 1668
347 2551 818
742 557 2905
3191 3513 2606
565 891 1364
4319 428 3044
1056 2697 591
1956 1861 3541
3959 3294 2935
41 2402 2805
3986 3072 1944
4032 165 4046
1869 2906 4366
659 242 869
1508 1064 2618
3805 2443 631
2029 2702 3334
1895 4326 3126
1072 1707 1956
2941 1519 2930
3886 2792 541
1543 318 14
853 4128 2459
561 4029 2213
3407 1363 1503
2741 566 2175
1441 3506 2452
2591 2370 415
1099 2386 868
2663 1927 4297
3649 1764 3175
109 643 4197
2327 3867 4380
1321 35 1687
3217 3109 76
4359 4035 495
1403 2415 585
525 1239 4027
4086 4264 4124
3290 2753 2062
3337 1062 4019
3188 744 3520
3343 3912 229
1655 2268 2360
3891 3686 4029
3739 3826 3573
1472 2322 3851
3126 2880 3229
2561 4161 1803
3201 179 4298
2226 3387 1114
3077 3327 1221
1843 1629 597
4112 959 681
217 0 1775
1705 4244 1293
1585 3888 2597
3590 1107 3333
711 3244 3100
294 2664 2376
539 381 1076
2901 1059 17
331 1 3220
1608 1664 413
2535 578 423
3725 1028 618
3759 3198 3064
2096 2774 1085
4044 373 1482
753 4077 3878
1454 36 1296
3922 648 950
585 1337 3022
3840 916 954
1602 4455 1273
2793 1001 356
1580 2565 83
3118 328 2993
287 1978 2013
2120 3710 4379
3042 3744 3454
1282 1704 1824
205 4211 2895
2466 1895 3350
1294 3998 3134
1562 1179 3414
3325 633 1139
3673 2666 3012
2238 513 4175
2403 4399 2309
1142 3331 1745
1437 2353 2428
1153 2552 1097
2617 2637 3230
1278 3897 1272
2540 1461 2419
2008 2650 3453
1037 1249 3062
516 4471 2455
3994 3913 17
1159 2355 3290
3450 2196 521
3960 2398 2548
4149 555 2062
2435 3826 2845
4335 2105 459
1263 1008 758
441 2903 2902
1760 188 1866
1708 2291 48
4376 3434 405
359 3357 776
3614 4367 1641
4455 840 2747
1124 3904 1031
273 1562 3788
4282 3744 2306
1919 2894 2765
22 927 848
3886 2201 1275
2158 3716 2205
4058 4272 2303
3560 2086 4007
1486 3708 3958
667 3741 1376
2833 2207 4426
4297 978 1078
2327 1257 3129
2072 832 3309
1491 1914 2456
1901 446 2687
4347 715 3449
2882 4018 1454
1204 4538 4210
2353 2434 3181
1138 3170 2070
3113 4509 1788
3669 2809 4547
1438 2513 1236
1775 764 3817
1634 2916 180
1334 2736 2356
1985 238 1325
1629 4274 752
1586 72 4005
4065 2146 4493
4302 508 4476
514 1599 1534
1378 2928 864
4534 1567 2248
2569 2586 4471
271 352 2978
4544 3311 1379
2445 1820 1607
3398 2192 2945
3539 2056 71
2887 2335 3505
102 922 3211
912 1101 864
1387 2645 1976
3514 4358 4056
4463 4363 1074
2353 30 1896
2283 4255 2562
844 2932 2432
3379 2391 427
4090 4515 932
3032 1641 1818
844 4144 2731
4256 4240 4472
732 4452 1010
3420 3334 3797
869 3428 1192
34 3747 3709
2881 1229 3879
3283 3615 4233
944 225 2843
2244 2274 2615
3485 323 4148
1171 3204 2079
2362 1316 3662
122 4610 293
3355 1545 778
878 2704 3467
1411 2411 3558
1092 3305 824
1821 1982 3957
1426 540 564
1967 1519 3700
3819 2205 1951
1722 1343 3327
542 3308 2061
78 1067 1839
287 2468 17
1625 580 3569
758 898 4332
2054 3473 2319
4491 1858 4612
644 3215 3989
4250 3400 1548
4250 658 4207
3936 3887 610
1334 2967 4553
2046 2612 4518
1552 4309 4611
1101 1905 2547
1606 802 4248
498 2411 2816
3609 3971 3792
942 3979 3865
2758 1693 1025
3651 945 4461
3419 1436 4316
1023 3273 405
2203 4475 3107
862 3319 4564
2123 3930 2662
2912 2677 3959
1564 4583 2191
3333 3759 2143
4033 1881 4608
212 4361 820
1824 2925 763
1464 2726 315
1648 1257 4063
4180 246 3869
3713 4380 4223
3894 1858 1929
527 1611 2379
3833 3416 862
4235 4615 3829
2594 1231 1130
1779 2684 772
1038 271 193
3956 3720 1466
1746 1959 2238
3097 4362 2492
2117 868 2019
187 761 3915
3955 231 1218
1422 2748 2564
2010 912 2881
2027 2890 2660
2341 3216 890
3497 3440 1223
1841 2769 2857
277 4276 1415
794 1646 4541
2654 3499 3740
482 4389 299
1862 3109 1498
2173 11 768
3901 564 2212
2878 1631 4680
2512 3551 1581
4165 4242 2170
4585 2711 619
2528 4536 2939
717 2297 618
1089 3235 94
2808 1158 4493
480 2733 930
39 63 3648
148 4481 2673
1751 4635 2483
1727 3520 1036
1821 2504 3757
4278 3140 1882
2634 3709 1113
4162 617 992
2618 4064 3916
4416 1648 1081
4375 3820 4096
4547 3580 2783
812 1673 3202
3584 878 366
4647 4619 2496
4285 317 3359
3572 3951 1098
247 1974 3925
2392 3111 3132
3314 1417 2377
4372 3367 1679
526 1779 2694
2240 1330 12
3772 1416 226
1996 3395 4187
4133 3320 1943
4306 2310 4345
2031 1448 2403
4561 3444 3190
893 1193 2810
97 3128 4587
4100 209 2710
3314 114 4478
3379 689 3401
709 4190 1847
1090 3618 1675
3155 4371 2668
1761 1408 2928
1119 4406 2167
4692 4392 1097
3781 1654 3025
4300 1882 609
420 4063 911
259 1650 2677
4420 2190 1790
3030 3514 80
2950 1327 4737
3395 1320 955
3125 611 3822
3396 3926 2738
2738 2260 1876
2017 3476 1694
967 2705 3099
843 4724 4216
3869 4262 1896
2247 3140 3211
3710 3465 2989
4260 932 3383
1912 3188 499
320 804 1651
3482 2304 858
2533 294 1617
458 1096 3941
2302 1770 547
968 2983 2459
870 1259 2814
216 4386 3904
1389 2091 4578
199 4019 4502
1993 1713 4289
703 315 241
1477 4039 2343
4301 3230 3825
3573 617 2601
4610 3177 3390
165 81 1109
4510 1307 854
4463 1462 1887
2660 1477 3138
3395 3981 4734
1592 3019 4090
1912 3856 3339
1753 1585 3029
2735 4667 2158
3292 2752 2006
918 1044 1467
3846 376 2362
31 1817 2783
1655 1843 1187
2491 647 1929
4114 1246 3126
3455 4679 3005
3951 4288 1867
4244 4462 1573
4527 977 2347
4165 3701 3527
1712 3611 1263
478 1324 4516
3726 3675 3921
2010 3384 3698
1768 4327 933
2458 4222 2403
1890 3168 2999
2302 1376 240
1579 3673 3698
3506 4643 4066
1231 991 4287
1760 4060 1345
3169 4568 1216
379 1100 3496
2689 3914 4696
1375 839 703
975 4145 2936
1305 1575 3873
1232 1398 4801
3722 2543 1821
475 1179 2273
2514 1463 3162
3752 2386 4317
592 4415 4103
3723 3723 2625
1654 201 8
4027 141 929
3963 1293 1886
1599 2713 2144
1293 3034 1643
4545 1097 1147
1750 2896 1370
2387 2447 1544
106 2331 1269
1542 1313 2956
1012 4565 1930
1835 337 1632
3676 3643 2270
1504 2900 4149
4657 1851 691
4395 1859 3010
336 381 2611
2006 1605 3343
4532 1891 3899
1907 2683 2536
964 291 4522
1052 4217 3413
3174 2467 1274
815 484 827
3898 330 2451
710 2382 3868
1778 2192 4197
1456 2660 1655
3905 1914 2700
3839 1783 4432
477 375 2764
4122 3404 1733
4438 3673 4675
1324 2871 2263
1839 2133 4762
2105 3737 3662
2340 936 4492
1131 2340 1383
3690 4625 3624
2451 3369 4334
4427 3102 2966
1821 836 1766
1672 4480 4301
527 1620 1207
1275 4647 1884
4270 4359 3204
4274 2188 4275
4458 1978 4313
3508 1805 4690
2923 4755 1509
3842 1196 1370
4132 1111 3547
546 156 708
462 3263 404
2847 1764 877
4213 3938 4564
1570 4776 4785
194 2942 4741
2106 3430 4284
203 3442 1705
893 2464 1170
2382 2393 2594
1629 4455 20
1409 984 1363
2891 1676 2287
3451 3272 1860
3825 4861 4698
1792 372 4683
4116 4411 471
3182 4696 1624
963 263 4440
4077 2915 4231
4340 3669 1438
1757 4658 2741
1254 4405 794
559 1925 1561
636 926 3485
701 4093 3982
766 4408 157
4458 2860 710
2689 4534 853
2880 1403 4699
3530 53 126
4305 3212 4656
4011 1620 1780
1992 1438 74
4289 4457 4130
964 4337 2663
2852 2308 3999
2756 3545 4196
1842 3824 2546
2382 4797 3123
4239 4368 2964
3802 533 2763
4678 3483 3844
1101 4745 392
408 4330 323
1187 4431 275
4192 2300 2380
4036 4540 1443
4558 3484 768
4148 2774 2610
1180 2068 4398
1537 3459 3501
3730 421 2285
1451 2838 1993
236 3763 4430
1482 432 3839
2235 3729 789
3182 788 1147
52 1455 584
4289 1841 4499
3384 3145 1612
2226 273 2688
741 3826 4098
4200 1666 2573
4302 4161 4142
2745 1598 367
1768 946 3903
2993 3814 4441
4146 2443 3791
2337 3674 1003
1969 3659 4924
4147 4211 3844
3222 779 491
947 436 508
4125 640 3673
4608 4165 3862
1142 2158 976
1911 889 1406
1946 3177 2622
2 3171 3134
1154 2197 928
3387 2174 1805
1500 108 4077
3581 3418 4708
3102 4804 3835
4039 2619 3408
2601 1895 2054
2575 848 931
12 3045 3928
2183 3689 1179
4353 2234 3532
951 3324 3727
173 2053 4034
4323 400 431
2941 4540 1255
1350 4095 3810
845 4281 894
3099 4407 4874
4856 2640 1947
514 3736 352
4157 2352 708
1936 3251 4203
4901 809 793
2093 1914 3781
419 4130 3177
255 3748 3414
4804 3292 2742
2004 2283 4288
1677 4390 699
1668 4645 1659
2464 1746 3689
4331 443 933
4211 2282 2080
1970 3615 3930
3843 4137 4111
3305 4068 2215
734 3313 1730
603 4190 3190
3563 1578 1998
649 133 4900
3388 1608 3363
463 2921 3645
637 2702 1408
2856 1632 3981
651 4267 1250
1944 4666 3435
1914 3530 1160
1023 2060 4906
1326 2418 1113
920 4929 1150
3568 2647 4806
770 173 1914
4519 1851 3679
1273 343 1556
3016 2057 4329
2687 1357 433
2005 3565 2200
1286 1728 2777
2044 209 183
1152 173 393
4852 1345 3049
4133 4068 231
3345 3337 1690
2908 4785 3500
2411 882 2788
695 2236 2445
3460 4338 3444
1793 2764 754
2136 2792 894
648 4110 747
3298 2513 4563
4096 1773 2336
2706 3298 3611
4176 180 2793
1715 2104 4275
2152 1502 224
2 2700 4385
2279 4409 2655
4046 4508 572
1084 1017 3920
2865 2995 4008
2696 493 4762
3598 3878 2598
3151 1492 747
3166 2037 2609
4616 4797 1285
4512 3828 2682
1314 2540 2762
1259 3821 1717
3528 1382 341
4398 4351 718
3680 890 2221
2345 4166 418
1553 2327 2630
3893 4787 121
3919 1483 3192
4478 685 4530
3287 2923 4928
3979 4487 4294
2107 3270 3324
3950 2827 2921
312 1592 3329
2324 3092 122
3771 4863 1294
1733 1909 4019
2672 3546 3440
4088 2804 1334
3340 1448 2519
2868 851 3983
1239 3206 3365
630 3932 2298
4458 1213 1537
4354 2860 4722
3558 3976 1309
1309 4989 600
1209 2619 4049
4669 2374 3562
1985 4291 1664
1182 730 2575
389 1836 4717
4328 3464 2199
550 4842 2343
4355 2143 547
4750 2451 4719
1404 4663 2029
1258 3912 3227
2585 3573 4428
4217 3179 318
3616 1895 2143
126 4024 3243
3945 1579 241
709 538 4633
2827 2172 4332
1544 3118 1031
2803 53 1364
1927 977 4269
2694 61 3932
3528 313 504
2706 217 4540
2482 2145 620
4602 4631 3027
1771 3378 261
1433 2000 2455
3971 3602 3271
725 4507 2073
640 2762 3673
4047 3513 2900
4128 855 4474
2928 4226 1970
4972 2445 418
1669 3354 2270
2673 4351 2180
2347 1309 1835
933 1925 2059
268 1064 1252
754 3005 1363
3234 579 2766
5102 1227 160
2550 2223 3562
3199 900 4381
1510 4001 1322
2279 605 341
1636 1948 3671
4795 3628 3335
4257 1739 767
3991 375 504
4986 1785 2414
2485 2187 4746
3714 3525 4475
3299 4011 503
1116 310 2070
2170 4687 2861
4678 3939 277
2982 4372 638
3956 4934 3695
4685 1559 3111
2912 3295 1281
792 3157 2646
4518 2182 166
5113 4407 2319
3035 4378 1675
2091 4646 1394
4188 2647 4346
3943 2411 2194
4269 2572 3157
3712 995 2903
4484 4347 4613
2468 2422 3329
664 3446 910
3810 4030 271
2045 2319 3826
1399 1089 2756
2221 5113 325
1734 2995 4641
2414 950 2548
2890 221 979
3779 3963 1687
1271 4227 4057
1204 2850 3749
407 512 2732
2496 3137 1278
3570 1928 3872
4589 3687 4477
4478 628 609
4868 4382 5125
1069 146 586
2103 1076 4950
3127 625 4561
1272 1298 1461
2791 2584 2742
4464 1808 2809
7 3367 3417
5002 3356 2485
222 2346 2137
794 3834 4936
4272 2064 1688
3262 104 4358
4471 4871 1170
3413 403 480
2569 3819 1392
770 185 4223
4903 259 3615
778 2072 1727
4557 2756 4335
4873 120 258
1051 4477 535
2929 3829 1009
3283 3893 3428
2246 204 4280
871 2567 2559
2147 3 4332
3586 4963 4860
252 5033 4454
2554 4497 2560
595 2407 3047
3879 4215 3643
1826 1370 1706
3064 1818 285
4318 1599 4237
4178 1096 2290
1665 3365 1433
3616 1860 4114
3079 3026 4851
2376 2153 1011
1250 2979 2514
971 1709 476
1244 4655 1084
3320 72 344
1307 2723 3099
4785 3578 4726
2566 1959 3898
2467 2840 3845
252 1282 3073
1182 623 2097
498 477 1895
1805 4 1647
2361 43 4004
1780 3943 638
3096 584 4786
1133 2425 188
1245 4888 3612
5047 1221 3455
3666 518 2613
2944 3339 1708
533 445 2240
1485 5128 4046
1386 523 3220
233 4003 1018
2228 3290 1876
2474 1510 5037
5098 1584 2186
2652 781 4456
2610 4846 3506
625 3340 1711
1217 4382 1076
4274 1549 4856
2084 3649 418
4747 1926 4193
485 2938 2106
1355 4640 645
1859 5165 3201
4114 5055 1970
2738 2485 5147
1608 1829 1301
4357 2388 2833
342 204 799
2996 847 1317
611 3161 2112
5141 3057 3818
4833 389 2786
863 4515 4530
915 5138 223
1604 749 2723
972 413 1682
2702 824 4433
2300 513 2405
479 3580 5072
3102 414 387
764 2819 4707
1966 1932 3523
4346 4989 101
630 943 5028
5075 1232 2286
3555 2529 5078
4021 3235 1662
269 5137 1764
3247 4053 67
3651 3561 4666
399 1867 3641
1380 4815 2372
4549 1330 5088
4501 3476 2171
5236 281 1556
4889 1584 1438
1401 3185 223
2594 2601 962
5077 401 1539
1119 3419 1956
3581 1627 3999
4616 2620 1935
2166 141 4874
218 5102 3306
1288 1639 3642
1643 847 4869
4724 1885 1873
3313 2378 4223
4093 2420 2660
2591 3876 1287
5188 3482 2013
3752 4054 2224
2165 426 931
1090 3299 2940
2750 2712 1928
1807 3544 4102
3212 3999 4789
178 1058 4338
22 2297 534
1370 4643 2955
2267 2697 874
2355 4168 4349
71 2162 4840
2790 1622 1182
788 1288 3468
2995 3944 3508
2392 2769 698
742 868 5041
4065 3349 131
2056 1323 266
1492 5147 4797
4755 754 5042
5067 184 753
477 4276 4005
3842 5007 1450
2288 2578 2130
2307 4031 3393
3720 1217 340
3053 3932 2720
2592 1741 162
4053 4483 206
402 2560 4535
3854 831 5192
59 1716 2210
2765 405 3098
2615 5028 522
1103 4324 3296
1627 1273 1818
1499 2147 3806
1412 5219 1260
3056 2695 2792
4452 3021 3960
2456 1773 538
3333 4446 247
2944 1454 3249
516 2148 4955
3054 4390 1549
862 3023 3806
3009 975 3709
4938 2345 3080
3939 3739 4786
1876 1773 1485
2893 5059 355
4185 779 4883
1096 4915 5240
454 408 360
4331 1040 63
3253 4360 4734
1033 1275 4245
4057 3986 3049
1498 1816 1220
4544 4231 788
1276 1544 3506
4886 2772 1800
1325 3996 4238
3099 430 5088
3882 574 3899
5183 137 2257
2446 40 3650
5047 345 3878
2607 4051 5028
2220 2502 5215
3384 5330 3761
2067 3843 1883
2920 2690 1296
5195 2338 620
4642 5085 406
1 4580 240
129 2618 3882
1692 1129 4555
2639 852 148
4363 2619 1235
4073 4258 3034
1963 2360 2202
25 162 5215
2044 3032 3871
2036 2666 1395
2572 2625 4111
2832 294 4853
4201 1515 2571
3812 4993 1944
3397 1119 4274
3689 2951 3241
551 3589 4280
937 1311 519
2166 3935 3361
1127 3772 1378
527 2495 40
2932 1042 2119
957 4874 403
48 2253 911
2992 3841 819
2052 2021 5129
4588 4521 3581
3668 5297 914
11 4839 685
4313 429 1206
4465 3875 225
1815 1421 2080
3547 1524 3858
539 341 2993
3536 3194 4112
4775 1558 894
4608 1355 2785
2871 101 2029
3135 3683 276
4350 4174 978
5284 1777 4726
170 1002 2644
577 538 892
5260 4090 3922
558 4493 4518
3810 2937 3858
4626 343 2419
1098 3785 4247
1481 1826 4223
1909 5297 3922
4360 3278 411
601 1358 146
4850 4565 2878
2179 235 3744
353 116 2206
4156 186 2755
1479 2817 2315
4266 5041 1432
1146 3705 2438
612 4047 3561
1203 2115 4584
1488 2341 4568
1368 2035 1293
4314 1579 586
5277 2435 11
2345 303 611
3826 4979 350
4797 1206 320
1466 1214 1812
4317 3279 4246
4912 164 1549
2929 2000 1949
4208 51 3992
4617 675 3022
1884 1460 5176
5233 3772 358
4346 2038 4103
2696 2524 3543
3533 5401 290
320 4297 748
2672 3853 1019
3349 3353 2705
3697 3636 3601
294 1264 1848
3889 422 2276
5001 4036 3639
4647 2923 1355
3579 349 1624
1305 4145 5208
1950 3609 3898
2516 539 329
2151 1599 4722
1077 2821 2456
1969 3495 782
4085 2577 3778
1827 2294 1121
2096 3245 1650
245 3338 4611
4352 2054 887
4703 2985 1037
5202 4172 3777
227 991 1569
460 5245 520
2278 4488 1929
5300 2238 5394
120 885 2500
874 72 5407
4197 385 1846
3990 2434 3126
3867 5072 1880
646 454 4187
1510 1802 3803
3075 3618 478
1865 5270 3786
1363 2783 1371
5031 3059 50
3703 4085 4813
667 4411 3373
3540 4016 1173
224 3500 1396
2293 4819 1405
3487 2021 1029
1990 2851 2594
2727 1430 383
4547 2515 1070
4509 748 3831
3195 166 1010
2113 377 4777
5268 2940 1301
504 2292 441
2523 3933 3025
3489 2659 1324
4108 2137 1192
1075 4219 4300
1500 3603 1576
5121 377 545
147 447 1054
3773 3131 3470
4795 2844 5207
130 1749 535
4491 5134 2675
2379 2062 339
3304 4743 4430
2009 3317 892
2649 1004 102
4517 2651 3762
4803 5210 5301
4236 2100 3128
4743 2566 2617
619 5393 5472
4136 4315 3813
176 4548 4003
4759 5142 3085
110 3076 2921
4362 1703 175
46 2355 3805
4030 1644 1807
3488 2602 5172
3718 1032 2361
2322 41 3813
891 3484 5089
2585 1511 3350
2312 1723 1103
476 113 2564
4029 4641 4792
2874 1528 1662
1613 345 3606
1135 2304 2403
2675 3044 1218
2086 1728 461
3588 5484 4727
3668 111 1344
3675 3015 2736
4320 4478 1524
5422 1101 1169
4037 4225 4502
794 2019 4978
5042 3507 4208
3620 4189 2319
27 3553 1414
3676 5189 2063
2062 1766 172
2561 1599 1256
1218 3457 300
2436 636 349
482 3016 399
4925 4985 3095
4719 1179 2779
754 3069 3258
4221 702 685
5024 2675 309
2997 1391 2576
2334 1452 4454
1472 823 5423
1930 1828 3090
415 4325 3121
1885 1057 521
2013 940 5102
4206 4827 2935
2469 3126 140
225 4019 4306
9 5461 138
1119 5377 1184
49 146 1426
3661 4807 757
5369 2290 3017
1815 143 2602
1685 4979 2226
3625 5068 5290
1004 4598 4116
372 2164 2628
3265 5298 5051
3090 1451 4206
5052 2467 252
4117 5012 2642
5259 1151 1239
2000 540 2598
2954 590 683
5242 1659 4681
2805 4584 4517
2852 2598 3289
3939 3320 4932
2999 2210 3969
2654 1088 3565
2367 3654 3847
2318 4932 4412
1753 3563 2293
1767 5081 2222
4000 3191 5530
3651 276 279
1306 4111 135
4488 3585 4422
4816 3126 4553
4600 3531 2939
4713 5432 558
1968 173 4052
3355 5255 181
1908 1539 541
3867 3382 2067
2211 443 4607
1943 2402 4406
5022 5117 1132
3986 2539 3220
3409 2379 208
233 2523 1285
2818 786 428
3846 304 817
5175 2848 2438
4043 5376 2914
1326 1434 3616
2404 3414 1856
2727 1427 1008
2687 165 165
2300 2708 1960
5241 538 4414
4206 2868 3981
1693 3778 1161
1330 508 1471
1162 917 602
1072 4210 2243
1913 5409 1515
5607 961 4209
3705 5081 378
1039 5013 4565
4111 4408 4462
3433 1786 698
2350 4307 3859
626 455 2286
131 2988 1506
2611 3083 4292
1148 3786 295
904 2046 2420
4868 5041 238
5436 2646 2915
1337 5263 652
1151 423 4505
4977 410 5417
778 3167 1034
4161 958 4982
3887 3933 235
1742 4317 2056
3069 5550 2498
1188 4595 4641
81 929 5123
2927 3921 1468
3715 2825 2572
2102 5139 614
283 2536 1106
4338 4014 4974
158 5328 721
4973 3593 3844
2434 2041 1723
4935 4979 2987
3256 58 2383
1628 4437 5088
4341 229 2085
5545 3865 154
634 750 2721
5204 3985 122
128 4485 60
4994 814 3045
2741 3284 3150
4185 1883 1533
1276 4889 421
3666 4288 552
1450 581 4517
4871 5398 3277
1512 5259 35
578 3967 2160
1147 5155 1005
2513 3364 3937
193 495 3376
2380 4420 2084
4019 1633 2407
5551 3074 3181
1462 4871 431
1529 3729 5605
2952 1820 1772
2335 4355 2108
4010 181 1210
2262 4953 1262
4218 2105 2556
4775 631 2204
3923 2656 1725
1130 3108 2813
44 877 4693
5211 701 3238
5495 3175 4242
3748 2743 3890
3638 4360 245
1581 5262 1954
2157 5121 5494
555 3292 4555
68 4580 2147
1276 3063 693
2222 3275 4839
2994 3993 4540
31 1750 2653
2415 5032 4103
426 3424 682
1855 4572 1605
3195 5506 5387
3333 4814 4990
1960 1457 3198
2877 5595 1312
4785 1095 5656
5053 5128 4237
5152 4327 3624
4224 3238 3701
2473 4544 3611
579 1080 5008
1150 4690 3869
2520 5355 462
4889 5575 4640
873 5573 2449
412 3487 5286
4330 5211 2797
646 1323 5079
4216 4166 2776
3091 4136 955
233 1198 4007
4764 3455 4207
4169 5654 4511
3866 2236 456
4308 241 5556
71 179 2090
1585 4864 2785
4616 4989 5074
5221 2599 3177
1748 3994 5405
4274 4427 2354
5692 3407 1660
809 2998 4149
4521 3096 5203
378 4338 4231
2864 1638 3074
5391 2565 5449
1719 3751 664
2006 4717 2831
1533 2422 5127
5251 2574 3879
5485 5380 3157
3552 845 2117
250 85 833
4727 1444 2014
486 2762 2172
353 5169 2856
2143 4704 1912
3482 5129 4848
424 2149 5657
171 1963 213
3713 1320 5339
5685 5358 1491
120 986 5508
4691 678 5608
4055 1816 4648
183 685 2555
4092 5374 363
4827 726 412
193 2637 4918
2608 3891 1881
445 5271 310
570 1564 3313
734 3809 4527
3756 174 3849
238 4499 1649
1507 3163 5224
2899 2033 1019
3204 717 1559
4704 5671 1184
3976 2144 3685
1595 5447 4752
3746 4527 525
1274 2101 1322
2198 5440 5615
2998 3557 662
4983 1525 3721
2454 5755 3342
2168 2629 2627
108 165 2777
3563 4370 3446
495 2744 5056
3523 5180 3853
3448 5728 5254
2822 4288 5113
603 2722 1582
3345 5657 3201
2910 2944 4279
1490 2821 5205
3200 1629 2939
2455 4027 653
4068 327 2522
782 3363 4906
4118 623 3116
2658 4013 2695
1073 959 1289
4667 2837 1411
2669 3653 3516
251 4361 5592
632 4476 4484
4578 5085 4437
1172 1313 4489
5313 949 351
1299 1211 1556
2030 3432 5573
4363 409 4769
637 3969 2063
2750 4438 364
4004 5054 3619
1674 1848 5405
2222 4731 1225
2061 3157 637
4334 4557 2576
4405 5794 1326
39 2661 4988
640 3182 464
4344 177 559
4934 1870 2943
4291 2381 3834
3596 5463 5226
3364 1160 2889
3953 1015 3146
5403 4390 5208
2850 1826 648
3887 4416 333
970 781 753
1981 5060 516
5246 1927 793
2417 4601 1638
1130 5220 4935
4839 573 3691
1183 3509 3554
4119 5398 852
1434 4455 709
2626 2738 2539
4770 2751 72
2982 935 4643
1279 1151 2771
983 3794 3428
4405 2921 3884
3264 287 105
1711 2544 5174
4162 5318 2271
5200 3087 4762
1776 1070 4460
1705 2870 3316
1357 4159 1826
1327 5322 1381
5747 2203 3981
1600 5127 1225
3282 953 932
1201 2700 4362
972 3245 5181
5327 5663 2397
1135 1426 2034
2870 4035 2112
521 1772 5313
4384 5164 3484
117 2289 794
4691 1736 2493
794 4715 2766
2857 3522 561
3715 4427 3559
4901 2283 3432
1182 1300 4973
5211 737 2802
2997 3730 1330
3785 983 1034
5110 3880 5355
494 4192 2360
445 3302 477
5243 3506 3899
769 3420 5103
1028 431 792
2380 3421 1240
791 4918 2249
3507 610 4582
1199 96 613
3441 5486 588
1598 2230 1759
3891 1182 680
2790 1410 5346
795 4670 5683
2965 5770 4000
5509 885 1289
5319 967 2166
1681 450 1500
4554 2444 2027
561 1490 262
1411 3814 3470
3127 5703 3561
5595 2532 3426
572 5879 3020
4669 274 4681
3865 3317 3775
3765 1470 1334
2026 4107 2646
4509 2208 3659
5169 2316 1831
3082 3183 1034
4241 3848 2067
4904 5328 1204
4146 5286 2834
5509 2718 2305
5342 3997 4163
387 4219 4033
856 640 867
5010 4066 111
3549 5254 2672
96 5155 593
2529 4503 5756
1085 937 4708
2820 4067 293
5120 2508 5620
2169 1810 3701
1094 93 5679
2248 1448 1575
195 3692 2727
737 1093 4577
4301 2865 4925
282 3927 1039
992 3552 2479
2744 3602 3561
391 295 4055
1588 3700 4433
5045 5171 2028
4126 5509 5619
1850 3676 5175
2545 3417 4787
5758 2603 460
1432 4931 713
2860 2821 1091
5404 514 5652
297 3450 4624
4154 3604 4920
2316 722 4588
811 5044 3321
1340 4943 5738
5914 4105 600
2723 4566 197
285 497 3153
5400 686 2906
1762 3344 3224
3852 4141 1287
4152 1111 1115
339 5065 1135
398 3317 3956
4679 4864 5314
3816 4296 932
3794 1255 3753
5391 1847 2049
3975 615 4066
822 2453 1032
3886 1338 4867
1069 231 2493
629 5538 1855
4896 3821 2169
3700 4595 902
2973 3559 1708
3038 767 2836
5131 1688 1504
5109 3152 1950
5623 1506 479
2238 1582 2267
4053 4795 5291
3795 132 2109
1403 1585 496
5083 3900 4512
4812 3808 1165
2390 3100 1912
2425 4729 3116
1722 208 4986
4311 4066 425
4359 1952 4829
5926 2626 282
4137 2432 4672
274 4793 1576
5148 704 4939
5497 5086 3997
4871 2906 135
2771 583 962
4869 1329 5955
469 4904 2339
256 5782 1865
5480 3107 4871
1917 2853 3326
3428 5947 2043
1990 3300 178
2677 3731 5948
37 1111 1567
4477 2286 1442
3899 3389 3760
4772 1588 5312
5839 2121 905
1091 3297 3402
557 3031 4085
1557 5976 955
1613 5584 3600
427 5445 3343
2923 1758 2285
625 4287 3428
5445 3968 3051
1473 1415 4694
589 5472 3296
3947 3669 774
1559 1554 2959
4268 712 5241
2436 148 1975
4493 4082 998
299 2474 4520
5604 4108 3565
1580 2198 5806
4406 2383 2416
3211 120 772
3008 3182 4459
3105 372 254
2480 4578 2706
3247 1278 1455
3742 5607 1279
4664 2716 3438
1781 2072 5059
5032 1595 730
1572 4102 3675
1301 661 1790
4579 3189 1409
1267 2043 5544
32 1172 2779
462 2007 4324
5476 1728 2047
340 317 3935
2261 3716 3467
2445 460 762
99 4576 558
348 5875 4157
3112 3525 804
2937 1354 4832
5269 55 2081
2141 3538 5767
5065 4808 3027
3496 3951 2480
5447 4107 5676
5283 5986 4004
225 5315 4465
3139 5156 1048
5108 5945 3836
2419 153 2602
3397 3330 1308
4176 3562 3826
4602 2059 4917
140 5172 3942
3544 1169 4340
3849 4002 56
1424 4842 4284
282 2006 1967
1863 109 4523
2454 5567 216
5851 4382 1364
3639 4531 4459
2901 3634 3059
4015 2989 5005
4513 1381 2261
2174 568 4540
138 3060 2875
4143 2821 1848
3786 2754 2183
623 3359 3050
5682 3667 5773
1800 4735 4504
5324 1865 5740
5799 3954 5992
4549 5556 852
5996 4089 3964
5542 1081 5705
79 3821 897
2319 279 1770
3185 738 5099
2072 1364 5418
786 1950 5747
3120 5995 2011
2808 5157 2870
3536 5521 5953
1906 3930 1297
4102 4034 427
4425 207 1066
2506 3258 3994
2890 306 4899
2770 1285 5245
422 1561 4310
5240 1389 3381
2218 1517 3836
5844 3229 1480
1780 5470 156
2132 982 5761
1864 4055 3997
5956 3749 574
4017 1508 350
4287 443 180
3488 4015 976
4851 1090 1520
5958 3269 3265
1833 2695 4259
274 3741 5885
5597 1665 1538
1744 5077 3279
5315 3109 1603
5409 3932 789
3396 3144 4180
4047 3348 383
3661 124 1060
1282 2827 687
5892 5330 690
5954 3722 3690
5466 837 5931
958 5567 3501
5007 3054 5614
1749 4186 934
5044 2843 655
359 5081 2320
4872 2923 5313
572 5259 2147
3555 2063 1661
17 3824 2917
4717 2260 2691
6037 4277 4658
1847 5646 4267
5518 1533 2648
2925 4629 4965
6086 5552 1186
4277 3517 4196
731 2860 5975
1068 5101 5841
