6327
0 0 0
1 1 1
2 2 0
1 1 1
0 2 2
1 3 1
0 6 1
2 7 0
2 6 3
6 4 2
0 6 7
10 3 4
2 4 3
3 9 12
8 1 9
14 8 2
4 13 14
15 16 4
6 6 0
12 16 4
7 17 8
13 18 4
19 3 14
4 6 11
4 8 5
16 18 0
1 2 3
4 16 23
5 12 19
13 22 12
11 5 7
23 28 6
27 20 26
14 9 26
31 20 6
28 9 17
15 0 10
14 8 0
9 5 19
25 23 26
19 34 9
8 34 33
9 21 3
21 34 41
7 9 27
35 2 33
13 0 27
15 0 42
6 6 47
39 49 25
27 14 32
37 22 26
39 15 12
53 2 53
38 7 49
17 52 25
14 6 8
49 19 25
30 22 1
28 44 25
41 55 33
34 36 4
52 32 7
21 47 10
42 43 63
43 54 27
61 65 28
3 50 7
26 5 10
55 60 62
53 9 68
63 40 1
14 67 35
29 67 47
59 24 23
32 24 70
57 65 11
39 28 59
61 42 57
67 24 31
18 50 15
14 80 71
3 78 46
7 42 34
46 56 0
84 31 47
27 37 7
66 25 75
65 53 11
27 13 75
84 21 32
85 31 63
41 42 31
46 70 30
63 40 86
11 70 73
76 74 88
52 11 3
80 2 91
27 27 41
78 50 48
49 55 70
17 68 79
67 71 20
68 61 62
2 81 27
96 100 7
86 58 88
67 81 14
77 32 74
47 36 106
66 79 0
35 36 15
13 28 97
19 97 42
55 54 25
114 102 114
6 106 1
74 31 25
5 117 95
112 38 36
73 88 63
120 50 120
74 92 85
43 124 118
118 0 125
86 46 100
53 58 97
94 125 81
14 10 116
66 26 41
10 6 91
61 40 49
30 82 110
74 89 24
83 13 14
130 111 40
55 19 131
95 85 23
91 31 57
59 22 26
42 75 89
119 68 27
131 21 94
71 104 92
31 62 119
84 46 38
137 22 141
83 76 132
80 103 95
99 107 93
7 121 39
49 129 145
36 38 29
95 141 121
109 5 27
142 76 103
69 56 136
115 114 50
40 156 147
43 109 128
102 127 113
51 15 70
98 111 124
110 78 131
9 16 120
109 148 91
128 101 137
6 142 86
40 126 57
24 146 62
104 12 98
34 21 57
39 172 74
158 121 159
131 107 74
61 149 124
35 168 125
56 106 118
82 29 174
25 74 14
111 76 84
51 41 130
1 122 110
96 0 159
57 162 150
113 126 117
125 147 36
128 99 1
19 49 167
168 161 190
136 59 35
74 41 83
30 121 146
130 11 0
89 83 88
11 96 159
44 94 81
12 165 67
175 165 8
125 164 84
57 109 196
197 156 52
157 27 196
75 85 132
83 197 110
28 38 66
17 25 12
173 110 146
74 104 44
82 138 209
159 68 158
58 193 25
35 183 20
109 183 24
146 80 151
29 131 149
211 199 135
80 163 23
160 87 199
88 108 180
155 79 208
75 85 177
63 86 185
171 124 120
109 34 63
216 7 184
155 194 161
183 6 81
117 180 109
132 140 38
106 41 218
189 128 164
10 136 120
193 103 5
142 229 36
4 124 132
69 206 227
5 237 117
235 155 91
59 239 85
86 102 105
240 153 74
214 16 228
63 146 16
164 101 125
63 93 103
184 167 241
57 50 201
155 90 120
219 41 6
107 195 144
162 124 160
236 33 194
155 111 89
170 169 54
101 109 140
236 199 69
102 230 136
73 239 75
255 241 89
36 42 175
52 17 45
196 262 128
213 101 69
195 229 171
226 103 72
193 234 200
71 237 194
133 166 114
201 63 216
65 183 116
162 196 251
30 34 50
185 114 224
49 112 39
276 71 49
264 249 54
215 73 180
244 96 78
224 52 75
22 55 121
255 154 269
223 103 41
192 68 197
250 115 148
161 160 46
3 277 278
107 219 259
42 200 284
110 127 21
255 88 187
221 139 79
164 10 124
152 262 116
222 108 295
42 148 107
294 67 54
150 86 248
116 262 6
52 116 155
251 192 192
39 265 7
127 283 48
51 21 124
248 183 219
189 209 104
105 137 234
80 238 42
299 224 109
283 296 166
92 10 110
101 214 96
91 125 93
204 13 49
34 102 150
81 261 139
234 118 75
294 9 3
287 80 72
293 173 20
241 142 105
109 21 162
161 22 81
80 109 218
110 96 101
265 60 325
272 263 172
202 201 205
290 260 174
169 84 209
123 143 29
295 203 205
234 225 44
63 100 63
63 64 169
258 230 151
45 207 89
68 46 159
318 269 216
69 265 76
66 51 326
22 67 164
259 75 144
24 320 169
302 190 330
297 250 235
10 231 115
173 95 134
240 2 84
256 44 55
264 307 310
264 227 237
278 173 297
320 207 290
121 152 348
208 227 150
351 318 78
53 195 233
292 75 141
193 350 347
141 21 338
4 62 71
230 100 287
361 51 99
42 55 285
176 346 151
56 230 124
236 249 36
197 169 287
216 71 181
138 294 111
323 339 56
331 119 253
319 8 59
48 327 203
188 127 272
42 215 76
76 246 0
25 222 347
52 69 172
113 174 148
80 250 278
82 339 234
362 349 139
339 161 108
39 336 122
196 61 136
381 238 305
216 36 289
50 135 43
204 30 197
260 286 313
4 257 352
120 293 291
150 67 129
7 369 106
74 157 275
122 1 280
82 130 221
327 301 380
17 9 24
93 103 150
33 60 394
129 120 202
236 321 244
133 321 62
286 74 387
366 340 108
404 244 358
285 107 24
390 118 160
282 61 91
390 277 76
111 319 354
270 181 197
352 73 162
157 246 252
388 226 179
279 56 373
53 412 394
376 258 22
405 193 279
296 53 422
40 420 306
219 241 57
200 144 378
212 187 4
272 57 266
135 239 35
122 291 79
352 284 152
200 21 83
324 38 223
14 425 291
204 398 309
92 324 259
84 95 213
282 394 10
318 359 319
233 5 33
118 118 73
25 406 303
235 365 175
23 138 284
58 48 239
62 232 343
285 114 93
412 373 183
181 205 196
160 71 206
85 173 2
278 167 425
266 55 28
180 427 402
271 406 373
366 446 315
190 209 165
359 105 229
260 28 34
451 9 406
267 442 344
384 453 136
174 166 50
160 439 462
185 391 356
432 339 347
141 309 24
152 336 408
64 131 403
165 36 179
46 413 88
111 217 226
73 317 144
421 158 265
268 311 336
181 468 96
270 214 68
363 235 185
110 109 173
419 211 204
425 55 262
225 91 183
248 66 52
319 387 175
306 94 115
328 252 67
107 89 330
432 221 453
276 232 18
81 427 483
431 231 361
258 107 114
252 113 191
483 211 10
276 319 78
68 19 6
475 87 222
157 354 265
72 246 231
232 208 259
132 267 383
83 452 128
473 51 142
440 215 449
383 276 63
114 144 254
280 302 472
434 323 470
266 463 2
67 415 163
504 447 94
30 371 324
364 299 212
33 38 330
333 281 336
118 445 309
509 222 225
276 389 258
462 209 248
38 71 221
296 9 0
334 447 269
50 212 98
231 320 457
390 522 3
266 161 360
394 149 131
347 203 430
378 260 357
251 345 89
166 7 424
27 434 369
349 339 476
363 91 400
85 163 355
118 439 201
238 6 124
520 274 297
242 373 356
158 156 82
287 452 333
144 296 188
474 85 154
247 42 456
211 507 49
469 423 507
302 365 339
277 290 344
465 117 123
220 424 372
285 430 25
477 19 400
206 372 238
46 87 477
335 443 440
397 387 454
497 16 446
341 488 24
533 421 187
544 168 291
104 168 293
462 57 132
263 98 272
148 543 317
171 11 369
72 214 80
187 149 188
196 381 489
536 345 447
115 311 257
499 107 135
331 163 90
213 146 269
430 40 466
504 562 360
224 11 121
442 438 553
285 499 500
301 574 48
456 535 308
429 192 375
538 340 457
549 120 32
383 484 229
119 328 523
272 344 488
19 367 279
122 470 190
520 62 25
257 442 105
526 117 403
230 197 590
380 429 251
582 304 1
337 52 515
29 415 525
361 182 541
161 215 16
418 589 135
197 496 381
347 152 475
132 239 335
137 347 70
470 290 167
164 397 545
90 3 304
317 497 461
331 19 496
270 253 504
312 485 469
260 132 292
422 525 499
64 508 379
82 229 253
160 188 188
565 321 492
525 64 604
355 596 299
243 171 147
375 397 123
470 508 510
334 386 529
353 98 570
353 610 557
324 415 40
600 148 391
516 106 135
443 113 440
587 214 96
326 558 439
437 491 436
595 474 296
45 494 219
381 572 526
42 143 161
614 520 0
595 246 202
270 435 577
225 447 316
214 313 3
87 372 160
205 575 375
121 367 616
102 313 34
637 1 512
516 404 498
551 640 316
476 145 48
214 133 399
467 388 563
280 645 75
627 470 498
240 617 569
512 382 236
158 50 168
635 582 204
132 595 651
324 112 245
526 216 580
522 420 586
77 79 411
24 445 213
41 164 281
558 389 199
569 628 511
229 15 549
518 66 56
243 378 5
1 485 606
594 538 615
590 538 433
303 595 410
292 362 163
394 349 175
230 56 403
461 115 651
537 33 325
15 308 318
315 283 82
457 158 129
399 404 449
161 254 356
66 257 582
97 634 255
198 411 38
618 275 422
48 67 523
527 374 554
375 326 394
55 392 128
459 99 532
358 252 452
354 205 623
476 397 588
254 331 149
193 259 421
254 341 635
72 325 193
355 252 7
299 179 115
442 608 240
129 657 247
461 258 11
482 663 153
130 332 388
147 675 409
194 678 424
431 265 291
87 609 224
328 58 109
226 411 371
584 521 370
414 699 359
427 81 418
352 661 509
669 400 701
586 489 421
94 100 309
227 647 413
121 251 629
619 332 308
303 276 470
229 191 122
570 649 438
198 449 519
629 466 15
136 49 682
366 667 219
471 18 105
540 266 230
652 32 249
588 556 67
219 120 472
278 644 0
71 192 416
535 168 597
4 184 539
66 110 619
109 226 260
705 519 355
190 57 423
501 336 348
609 632 65
627 142 334
280 495 431
505 401 540
195 724 108
635 385 400
543 562 490
696 81 312
328 407 207
413 318 515
130 225 467
714 426 148
258 30 438
510 632 243
409 455 97
80 364 551
659 614 249
297 196 627
227 376 498
177 73 32
729 97 328
334 204 108
280 430 28
731 450 138
504 53 200
7 646 550
364 247 524
89 45 104
256 576 484
82 419 747
30 720 556
183 328 148
466 447 528
652 771 341
14 739 65
276 151 8
388 531 432
477 157 483
241 512 582
669 2 148
756 203 703
464 609 248
711 54 52
645 770 663
572 392 122
443 197 75
552 130 699
185 743 649
358 304 574
637 609 680
734 90 212
249 208 742
176 39 742
129 603 202
186 531 252
708 586 785
466 314 515
700 373 525
481 637 491
472 769 753
563 215 293
743 740 328
29 33 714
371 147 87
272 323 545
293 341 765
302 416 601
768 115 481
753 404 600
299 12 652
164 639 650
584 3 580
587 150 288
626 542 544
423 784 78
292 262 433
209 397 187
145 816 761
769 212 395
182 779 217
301 61 387
378 722 703
516 708 41
478 64 106
161 514 649
450 479 82
47 6 185
353 516 377
627 311 820
540 123 108
120 519 419
251 471 156
438 780 587
186 354 658
419 376 801
287 214 7
62 531 812
36 90 291
357 136 366
479 573 722
367 586 657
280 754 763
363 480 381
241 721 351
531 569 299
48 337 223
262 310 846
471 5 782
730 292 494
500 657 177
178 197 370
412 628 468
337 59 833
382 495 616
129 82 532
517 56 28
798 245 774
656 556 541
115 181 702
804 654 607
29 508 370
452 479 546
607 679 357
663 701 638
700 483 256
89 429 762
516 636 862
379 706 845
19 819 313
131 816 182
731 357 840
303 703 618
319 497 285
288 501 480
309 331 637
2 508 820
157 413 46
163 868 589
495 833 744
720 344 371
286 688 196
99 494 392
649 638 325
153 313 237
534 246 851
699 875 704
682 158 116
870 339 324
438 580 282
351 21 557
636 89 167
390 160 74
372 729 14
798 519 606
670 581 762
426 493 665
314 39 809
899 520 120
25 136 800
475 169 564
256 313 190
564 385 287
190 51 467
704 622 724
238 870 679
714 888 16
394 899 720
345 606 792
890 776 714
6 379 460
287 861 794
294 873 674
740 153 619
740 58 573
884 337 77
780 667 670
405 828 302
220 602 746
468 396 233
408 82 915
523 214 318
365 74 632
230 243 225
437 901 166
18 291 745
31 319 327
133 163 68
343 328 751
764 703 883
190 245 523
423 625 592
706 119 622
585 493 215
76 784 242
801 503 291
160 861 815
466 451 845
138 277 321
30 389 674
910 679 801
193 54 907
358 448 560
817 499 411
258 323 479
801 358 473
327 38 546
906 635 855
233 661 908
46 352 515
660 862 662
511 209 317
216 190 693
830 536 32
154 939 420
114 321 834
155 684 427
549 747 421
617 467 459
764 100 582
672 899 611
339 457 864
559 334 118
233 895 542
326 708 764
419 291 191
351 916 236
253 679 49
264 889 337
166 412 827
853 83 197
220 929 868
462 610 749
130 197 385
610 386 254
647 166 494
701 824 142
117 108 852
229 685 408
920 95 482
14 279 911
53 258 677
580 734 351
396 895 69
327 350 682
513 287 492
63 449 178
609 339 439
975 342 297
689 621 874
918 603 99
124 4 628
831 943 133
624 45 692
732 530 969
520 205 272
611 580 738
118 854 191
82 150 120
177 266 702
780 90 999
339 130 99
411 546 175
231 63 415
1001 281 33
608 949 315
897 666 108
497 622 908
384 28 929
963 985 280
571 468 550
425 971 456
847 4 85
424 588 666
211 46 203
377 645 639
655 340 205
775 506 164
138 601 438
756 927 309
734 855 586
987 260 335
89 413 172
853 299 599
953 128 427
937 795 472
11 173 798
748 628 313
68 864 245
508 1003 52
713 607 995
940 404 31
372 999 909
1027 789 841
101 726 279
171 618 780
1024 292 468
459 824 355
949 812 683
711 810 267
994 614 122
226 344 170
692 558 62
830 10 783
87 1038 443
766 27 934
863 18 390
447 305 476
465 115 429
775 180 659
829 692 805
300 175 668
1038 574 272
551 600 1016
239 25 189
101 960 714
492 958 911
916 732 532
248 246 972
949 1 236
567 219 161
642 703 616
500 49 537
553 461 233
624 132 412
129 970 591
900 535 24
517 669 840
462 519 665
223 59 1031
640 462 248
380 104 972
311 8 123
1064 463 735
915 941 523
660 937 979
15 85 705
80 1000 851
1021 652 950
293 974 113
90 108 399
966 1037 213
703 95 14
633 577 196
852 477 225
330 39 473
225 780 2
695 808 581
226 102 0
243 451 369
240 388 1035
978 690 808
684 827 262
859 793 1011
1011 669 178
729 761 710
1026 1044 914
576 838 770
192 429 968
875 1005 836
20 892 436
543 989 42
738 964 977
168 400 646
559 224 588
479 688 604
732 920 493
525 1039 724
1104 361 1109
1098 948 987
859 1083 304
450 452 518
631 807 927
767 1095 189
840 999 392
154 309 20
775 395 772
682 213 898
866 990 446
743 689 124
66 547 117
456 320 292
873 195 1010
126 349 56
764 916 624
310 162 779
4 558 1002
728 14 658
597 619 593
761 1045 1071
93 294 847
103 163 748
848 372 700
766 241 884
124 178 887
628 762 352
940 277 123
568 827 560
339 1054 692
268 983 444
596 632 98
359 94 13
53 403 1013
1011 11 603
878 559 739
329 294 1053
915 509 674
990 424 1140
668 763 667
564 308 660
337 136 911
677 929 484
220 899 572
351 486 1020
800 192 492
47 140 457
1031 251 91
261 1059 322
861 1074 1018
431 356 629
406 6 571
781 627 1088
1111 16 834
451 176 1083
187 425 141
1086 583 558
402 448 240
831 584 385
246 449 1160
1045 808 340
270 485 158
811 823 1166
220 517 100
858 183 102
1102 1008 29
792 1102 346
372 621 998
755 281 502
48 1119 411
832 964 791
416 507 1067
108 379 840
623 363 1157
815 179 942
516 687 578
365 337 63
1149 181 220
549 791 115
1131 318 206
102 510 127
516 569 1101
765 43 299
218 191 66
1095 947 840
637 231 561
413 512 627
152 1096 804
222 883 771
796 308 45
960 774 692
987 842 1090
953 929 983
169 1127 290
521 998 620
1123 940 1078
284 794 400
1162 0 436
834 260 393
451 1100 242
43 298 1113
985 653 140
1072 229 321
598 50 397
831 1127 1113
439 330 690
39 28 1058
453 618 1088
910 382 304
374 606 686
458 368 269
338 1164 613
533 618 30
336 784 569
386 1050 924
141 86 1189
1195 574 1142
352 479 444
839 170 35
973 573 315
1087 602 284
956 431 206
693 67 375
885 798 510
1018 1187 459
518 845 412
984 590 99
762 154 1067
919 335 106
1226 32 1068
715 648 147
1158 97 752
963 1164 595
1231 837 196
813 117 493
952 173 1007
407 196 1095
838 358 641
1104 942 55
604 166 925
1115 979 371
26 1152 642
1091 91 1086
113 999 418
361 1196 1253
967 855 493
229 799 510
114 1115 690
206 672 881
102 340 951
542 627 613
544 956 489
467 979 840
50 125 670
477 422 550
1216 399 107
386 199 46
133 223 1147
601 11 1243
631 181 1197
968 1024 1102
1005 1081 439
304 987 780
661 884 18
547 340 888
1273 1060 401
437 417 560
749 992 555
290 71 780
60 199 859
884 1098 804
980 439 267
1229 860 479
200 262 361
763 1234 248
715 843 707
1218 251 1103
790 487 421
959 102 884
107 1028 487
1235 1237 396
935 801 302
1064 440 778
198 594 620
188 843 325
880 1231 885
292 277 484
629 1204 193
193 1120 1291
351 406 13
722 890 1041
1209 202 687
739 1077 654
172 49 898
812 986 577
40 1102 257
765 594 355
456 136 893
1028 1116 350
1032 694 288
729 1003 850
270 23 274
823 1292 421
444 163 1211
468 1032 200
188 505 1290
535 12 5
1302 302 1202
314 256 1267
284 534 416
521 250 228
994 631 4
208 408 1173
1193 870 774
343 904 475
1123 47 367
681 1255 420
564 304 1327
1262 9 1172
825 297 1207
60 24 1099
378 1251 1136
294 1216 370
506 217 323
500 974 954
1177 732 570
316 930 152
97 797 575
1311 658 965
874 531 333
147 516 190
151 233 1070
959 1084 576
548 153 157
354 696 297
825 761 466
1238 455 643
647 1248 58
225 775 560
280 465 213
800 550 1049
1231 319 574
324 956 761
1259 1314 1302
265 324 540
1105 1024 1303
456 686 1079
1339 555 1105
203 430 526
58 607 1172
969 1243 1064
230 1066 98
1223 667 745
971 333 704
1156 1006 13
286 1078 593
683 1276 1060
82 1276 560
1355 447 204
795 1244 1305
1076 1254 959
497 436 661
509 103 332
90 510 13
813 500 593
1183 124 1227
778 372 914
796 1295 842
653 1231 1337
480 872 553
863 52 1329
93 706 721
1353 329 917
928 311 516
709 732 298
446 655 942
940 124 956
1305 216 995
1068 1365 520
1365 588 679
1378 409 1233
708 1257 216
698 462 521
308 530 316
648 407 744
127 563 1184
1213 752 1066
773 1379 279
384 170 593
1066 156 1012
13 11 866
610 540 120
788 552 927
1052 419 61
874 448 170
540 847 1333
717 409 733
1048 743 1314
894 1216 806
326 1276 926
94 204 1293
800 326 1409
617 398 1260
1348 1179 1007
56 346 1130
917 444 1216
972 626 140
748 183 1168
207 1413 236
200 1255 180
1010 1153 1138
621 856 107
1368 605 952
581 157 1109
1294 1290 949
96 935 730
471 294 150
317 1136 557
1014 718 360
383 586 1335
811 489 19
125 170 393
1424 508 671
544 737 1079
416 315 85
1056 651 963
150 1147 1181
923 24 1253
713 1373 586
443 1101 301
589 64 1244
457 1015 848
1169 902 229
392 1289 144
1298 1336 895
848 1030 546
1381 906 1197
1050 824 1447
1140 1166 472
716 156 613
150 100 1451
1307 215 1005
639 1123 1045
1058 784 904
218 146 738
984 671 838
1029 1354 1245
238 489 931
267 28 1156
1406 189 731
665 110 697
186 496 1061
177 1179 709
619 1039 1251
918 679 1338
601 561 760
1324 1366 33
665 857 259
1103 1131 1234
980 1036 1
466 1063 1055
157 16 263
94 995 139
493 459 996
220 575 584
1364 1044 401
1165 682 173
486 834 726
305 329 462
324 287 58
1363 134 953
984 17 16
622 647 1431
320 1239 1128
1058 797 279
378 1213 378
1188 1420 702
1045 936 653
1391 1131 1052
1145 314 231
241 33 1211
681 244 166
250 796 637
1405 1367 1437
458 706 200
1168 65 1296
1336 1144 1041
486 323 1065
698 789 1247
139 674 556
223 135 270
351 1481 1460
323 940 1391
330 494 122
231 1350 42
1435 697 622
1105 679 974
1311 857 387
506 1263 1432
816 422 866
966 1019 175
1315 1209 19
454 1201 1193
782 740 1066
1090 239 211
1285 935 994
1137 861 511
218 1022 1511
127 811 1108
1178 193 703
1176 123 109
370 1080 648
920 426 305
454 920 192
1467 507 669
1480 136 1249
1093 1012 1361
131 1370 983
1394 1349 387
663 1009 1390
403 482 492
997 1336 946
1371 1481 1525
724 1170 478
822 491 933
385 1487 545
1414 279 563
511 1269 859
392 912 1454
1292 979 694
1263 735 1131
468 101 414
494 1298 966
1429 213 1094
26 347 519
1132 1513 1106
193 623 1320
1268 1232 923
369 269 49
1098 1222 381
495 418 351
688 1266 614
827 1053 115
230 980 695
926 923 1247
333 755 902
1076 1141 52
1414 1349 1421
511 514 676
450 647 967
817 1068 1277
1260 1232 159
1520 414 342
200 1142 75
547 788 987
1165 172 942
497 1533 1315
740 879 490
31 1231 909
1518 1039 1558
1045 1217 1219
1494 1503 1356
606 134 753
57 677 836
468 1509 77
1132 677 1148
413 364 1065
1271 854 205
632 1479 451
619 1452 807
218 265 1021
865 406 955
459 1453 972
396 34 201
739 1324 209
415 1110 1516
808 1337 731
1226 395 1186
467 93 999
1573 60 991
771 247 920
361 478 1122
1110 566 1166
961 882 1120
757 1531 740
879 461 1052
1271 1415 144
791 1134 1299
409 299 583
11 198 1286
1066 1068 1522
914 1354 1596
294 755 1458
714 1266 508
1064 1062 771
1295 1139 226
505 1401 550
374 838 457
1309 1463 1218
664 1579 39
745 1286 1366
945 535 900
1364 1420 24
640 591 278
909 1132 373
461 785 846
1382 1179 946
1040 179 1516
842 782 244
994 898 653
737 1197 464
749 595 102
1493 968 329
620 1249 1355
1322 1470 686
1017 415 57
136 1170 523
906 1112 1233
1248 1321 854
1572 1138 943
931 1293 139
948 507 564
762 442 413
432 309 1597
262 656 303
1280 41 111
73 403 764
49 639 824
478 1161 717
737 865 1428
920 1048 166
218 1549 395
1573 569 913
57 1277 66
328 77 523
1452 1235 502
1570 116 148
1053 225 815
958 125 863
1280 690 1121
53 161 831
734 239 984
697 635 1431
1447 343 358
1470 439 1620
1593 424 1193
416 406 1290
1164 1322 1294
1414 1579 531
1415 862 1366
42 228 567
250 1482 1081
423 207 1207
562 692 1143
811 76 668
123 9 117
1534 655 811
204 150 956
930 1583 689
1280 264 120
977 986 1435
1136 1599 762
910 503 439
1081 1628 1342
1234 456 367
1359 721 768
1190 224 428
1328 1013 120
928 714 820
76 1279 1473
576 969 1084
942 142 327
965 476 960
1535 200 858
1676 1070 360
237 1043 1433
185 1089 821
1645 1109 69
1640 476 131
1196 554 30
1688 230 720
52 1183 829
769 391 1
1493 510 608
351 625 1104
946 1479 1091
494 545 1204
533 843 1010
1523 1067 647
1685 1047 1079
646 1361 1528
241 475 295
213 1086 80
1028 152 31
840 721 750
1300 1616 1237
529 77 762
669 1483 892
1385 466 1383
173 389 1522
1259 1596 580
1552 86 108
307 233 1212
1615 1116 439
952 1468 970
1204 1266 919
1625 1188 1572
1691 1411 261
1604 480 1083
1691 1051 448
1564 347 585
715 619 581
1697 852 340
1677 155 616
247 1099 1672
1488 243 1379
807 937 1482
1615 62 36
1173 363 283
1084 1409 151
1323 654 1160
433 1425 1041
677 1416 961
655 350 1000
1036 877 308
703 1242 558
1463 941 1264
1095 1290 1376
623 530 484
1359 613 197
522 1144 523
1585 1052 1428
66 1656 380
1532 946 389
1076 1031 992
1081 1549 1347
1655 210 1632
990 565 693
1185 493 266
1134 473 1207
1355 1442 794
506 237 561
1319 978 422
709 656 706
1035 1118 1624
1000 979 974
1560 547 1172
761 1745 1542
42 413 626
917 1580 349
1544 1032 1682
531 1464 769
564 1279 855
460 1354 701
900 174 944
1677 849 1286
1163 1484 1244
417 1641 808
794 1241 277
1591 220 1583
1639 1147 228
1344 1001 36
897 885 1330
1555 1061 30
1142 988 1499
184 108 984
1101 381 1231
670 1544 667
298 727 984
823 757 474
1370 595 283
240 136 1444
959 872 1320
1694 1493 778
969 87 931
750 23 1412
888 1404 1630
772 6 545
1374 398 1424
785 52 229
1357 296 537
1595 448 556
1431 1580 93
56 740 798
757 754 1577
175 893 387
398 1633 73
157 1690 640
394 1495 262
801 640 169
879 1574 113
1124 1141 769
1709 398 748
857 1438 1433
1390 416 937
362 1242 666
1193 583 531
21 538 294
1252 1201 1637
114 606 235
1304 1334 1423
1706 789 743
1129 501 1810
1289 1754 918
1765 822 298
983 1123 1447
917 1388 1459
483 1534 868
1173 1530 67
440 521 673
581 1437 714
1626 216 728
1356 1401 1080
306 1337 66
416 1445 553
333 1032 762
1342 1364 1452
307 1410 130
1344 1238 380
1672 691 1084
334 1393 1252
390 877 1691
1817 930 253
916 1620 1097
168 1519 1721
1830 912 1345
329 980 1754
1581 7 637
1740 916 424
624 1658 429
1779 742 1733
1531 1254 1161
1777 229 1666
136 722 949
1647 1768 1087
1302 132 915
182 7 1034
4 1777 238
1384 643 1693
1170 110 646
410 407 1713
1737 1118 953
665 61 403
1440 1813 1348
1019 1849 1141
939 1398 887
1674 1506 1667
654 842 1098
199 1726 663
1018 274 350
1146 1160 1207
1017 550 564
869 690 1140
1388 192 600
233 837 395
1226 1459 1454
160 766 7
788 898 676
641 1558 1324
353 52 678
1624 1731 1597
1115 1545 1262
161 903 38
788 394 1249
1470 865 257
1069 300 609
30 332 834
372 318 1220
1305 1431 1102
167 813 1005
1714 71 160
603 862 1281
121 1171 129
1126 889 946
413 1344 1205
1810 1021 1208
341 169 1620
1136 1701 1006
1636 1482 1235
988 188 360
677 262 985
926 1681 1198
1785 670 280
855 408 1701
1758 623 1017
1132 873 1252
1883 806 502
69 1517 1892
1354 1718 238
1068 1374 240
1880 814 1209
579 1497 1496
1050 108 299
1294 1580 910
1076 1586 1437
1220 409 1111
1192 84 1085
274 76 1085
1772 1732 42
387 270 94
411 1016 371
1100 657 1314
1869 1282 778
44 753 1339
178 829 327
965 440 887
912 759 1799
173 1010 668
1690 1282 946
410 777 1759
1794 893 803
424 1356 1196
1797 613 337
1491 1852 139
1027 1405 990
590 471 604
1854 718 1833
408 1399 921
138 572 18
1448 394 1780
1022 693 1857
1920 387 995
1084 814 184
323 1021 572
1811 1714 967
701 366 678
325 65 324
1363 42 57
547 960 482
1751 1492 1583
1906 1318 1449
686 337 257
1204 537 1076
503 771 85
999 1783 140
1557 1678 1208
559 1403 1791
895 626 1892
1347 713 514
894 1237 220
25 434 224
1154 751 1177
1450 1071 620
1035 1647 151
511 686 1439
1796 764 1247
279 1695 41
1780 1743 1096
501 771 863
517 350 463
957 5 1703
1296 343 200
207 204 170
473 1003 33
1035 28 1616
111 378 1136
258 249 1515
1161 28 488
21 1485 75
1631 1848 1054
359 446 145
1938 740 1221
603 298 711
1574 1556 960
780 1936 292
1064 1815 454
306 513 359
1427 1300 50
289 688 287
421 122 1220
57 76 512
1153 1756 714
1275 908 740
96 613 1075
952 733 838
50 478 1090
434 1947 1888
1331 332 1724
1009 1913 1141
40 1147 1264
667 58 1257
1725 212 576
879 908 817
72 1457 1359
316 87 960
1385 1622 461
477 1313 12
714 1091 795
1035 1657 579
1453 125 258
881 742 1252
1820 860 1952
917 105 644
1799 1870 1036
1756 1957 635
1990 1499 959
1795 1254 1671
156 319 1488
1597 711 1496
1662 774 1585
768 409 725
1521 785 1392
114 1883 1413
454 719 174
303 988 1477
1760 1977 1564
731 1555 1875
554 631 1775
346 724 532
195 1766 200
1653 990 719
1695 1725 1610
580 711 1675
1103 1101 608
996 598 346
1366 827 722
536 1947 373
1672 1894 776
1983 1635 693
449 609 563
562 389 868
192 1684 871
161 148 1154
686 638 1855
1437 463 115
975 259 150
1721 1626 1232
524 68 1527
543 1001 495
1814 1579 890
1892 1604 945
12 594 1832
1997 1733 1309
40 435 1890
459 179 1430
229 961 316
1904 1645 931
1673 556 1333
1275 430 198
1215 1838 675
377 2043 835
1792 1342 653
1294 1146 439
1854 1790 1957
190 1688 1535
2020 777 1951
1392 1342 1347
660 1868 742
1517 1573 215
489 204 583
955 1968 1181
53 1226 574
994 641 953
778 771 2022
223 781 411
1522 1686 904
996 203 295
57 200 908
696 1247 1291
1739 1499 688
1782 198 508
777 145 1999
366 1774 1672
521 1970 1244
324 445 679
1358 1995 573
472 1910 641
2018 535 1239
664 1635 286
2049 556 679
1581 1757 491
844 1138 1259
418 767 1266
1916 535 2052
814 1444 1159
1296 1247 866
1718 1029 1954
770 1057 1958
262 1160 669
570 1938 867
638 507 1133
1929 849 786
434 1805 1384
1188 296 985
952 1596 873
1062 1758 1084
603 1217 528
1201 799 1211
1784 1041 1306
593 1872 1164
297 2000 1444
1654 120 144
812 1122 1789
867 1682 1086
825 920 357
116 951 151
1921 2075 1496
1801 239 1823
1222 1996 565
1978 682 334
1093 646 117
1203 96 1952
1773 619 1908
646 689 1146
1547 882 1046
1427 598 802
424 904 760
475 1037 1894
562 205 1874
1798 947 296
1786 509 77
520 2043 1302
2096 326 1569
305 114 515
1336 1546 859
1277 2122 576
984 361 1791
1898 856 931
1812 279 1602
1151 2129 1167
1069 1540 1192
1466 158 375
1244 1134 1987
821 166 682
877 896 1537
2012 2001 1234
1881 1987 668
1315 1602 1858
877 381 1897
45 1688 1319
978 604 247
946 1499 1336
130 1283 754
981 1619 414
1216 1542 1405
226 258 805
316 56 1896
2051 2042 1172
1745 1564 1197
1050 1406 1640
568 519 2089
1635 1459 101
1941 511 844
446 1151 1143
1479 1043 1343
794 960 1149
598 1969 690
2072 1457 1504
2078 171 2138
1824 1595 500
2011 1538 1327
1983 1576 370
629 1337 1186
124 1368 703
535 295 1991
86 2043 117
1098 1889 1368
1461 971 978
32 65 2162
1748 19 541
928 129 1037
1193 303 1324
1974 193 1010
1535 991 6
441 1667 1479
1985 2017 712
1817 989 1872
150 245 1874
1868 326 345
1461 996 1185
672 928 102
30 230 1533
886 1285 1261
708 1779 505
649 155 0
545 2114 289
1064 526 467
2117 1798 506
1967 1918 429
1899 299 1234
1743 2093 1710
104 196 335
1935 1811 141
362 1836 1804
110 1827 1287
1015 352 1304
1271 133 515
1023 1654 567
956 930 1242
1512 2061 2067
1454 811 1909
772 1630 141
7 308 1750
1490 1614 1557
2118 1050 1787
1636 1589 695
31 1260 1867
1505 534 1599
228 2128 985
1738 1610 237
1076 241 1185
1299 486 402
251 29 1292
1884 304 1798
1252 2118 1955
2102 91 1649
1449 930 1693
1795 1125 1712
396 230 860
922 1500 126
2166 1902 572
1197 1744 99
768 762 1051
2218 1860 682
2051 1078 700
1945 2034 389
2097 1060 1018
1861 612 1149
2139 547 219
650 582 1502
200 1773 1694
2224 499 1594
2194 121 1956
468 1599 588
1735 373 1746
1903 1070 862
2037 2189 1941
1171 1836 2097
1940 1261 1379
70 413 1880
708 418 2054
839 1142 1229
1294 1060 1654
1188 213 286
1234 1178 1880
64 1284 347
1655 352 1722
1683 1970 1329
156 945 1976
1884 1109 1311
447 1666 1406
227 1610 1899
1153 323 1474
413 1197 2134
1155 638 2148
639 368 1570
188 1434 35
1965 686 1678
1750 564 2024
35 337 932
216 613 991
2227 1150 1507
1951 692 1094
2230 2011 881
622 1905 2196
110 1846 30
1194 1209 2007
1902 2000 2151
235 120 1365
42 326 179
1842 1172 1903
661 1393 1826
448 931 1777
1819 1177 1030
1111 604 2182
2039 1719 955
1533 1087 2034
1958 1000 1134
1379 42 635
952 222 820
383 1632 224
1754 1376 1801
1041 759 1771
486 1715 992
1593 740 1322
1731 1327 1038
2154 2131 878
1916 1382 787
1725 1314 2257
969 1021 517
2281 1944 1345
1895 1801 1023
1652 403 2137
2107 1829 1096
408 1537 951
703 570 297
1578 214 1893
1755 221 525
828 866 2003
539 1293 150
727 1107 1268
589 1922 2201
1988 79 64
1813 1721 2181
2174 1498 201
1272 2154 2010
1872 2095 1470
2061 162 1294
1779 2220 531
1111 1591 276
13 84 699
1408 1034 900
1192 1435 2033
1890 765 497
115 341 412
415 2307 1791
2009 843 1160
821 1330 1006
1795 554 24
1827 891 552
1145 1468 2261
1362 1695 1147
26 2234 254
715 80 727
739 1893 1583
1086 1233 532
111 1125 59
1424 1282 1416
1647 938 1899
664 685 1125
1900 1577 1267
1048 920 1188
1170 1036 1236
2205 2248 1103
965 261 968
670 1138 1171
2005 1541 1226
1299 1571 960
2042 383 339
530 102 1490
1905 1892 2027
1300 2035 1991
2026 65 260
1988 1177 2071
1517 228 774
1935 1679 1836
1493 1398 1790
1582 1371 114
1972 489 421
1170 274 1509
895 1115 641
691 824 1646
756 1839 1220
1517 2001 1539
370 1315 1416
1614 1145 1469
1908 1419 1208
1475 1864 2210
1262 2100 1444
2307 219 1985
1860 756 466
1215 1799 68
926 209 557
1930 971 2186
321 2125 1272
820 1835 821
862 48 1171
966 1840 230
1061 2204 1154
423 2025 1665
1363 2059 1557
1234 659 1243
2367 2155 1002
1465 427 684
413 873 1153
515 979 618
1318 2146 1820
1993 751 129
2148 2172 58
1610 337 16
1659 2274 1658
944 1945 2212
2353 452 552
2072 2057 774
690 1190 785
497 802 1357
1590 1910 56
145 1589 2017
964 2171 268
935 884 198
1893 2123 2065
77 1334 1764
881 245 1591
798 217 334
1090 846 1464
294 961 1920
492 902 1758
2250 1758 1553
2038 2229 2345
2378 480 302
1882 1959 1373
841 911 153
253 1795 1519
73 468 1188
27 932 2061
2047 2231 357
943 1642 1983
248 1335 262
2268 621 1569
1250 468 1527
1647 203 2137
2350 700 1971
1810 2230 33
985 1719 1965
2171 1763 1352
2172 568 1073
2052 2272 1035
229 865 2231
2254 623 312
2172 1531 120
574 637 1092
1741 2144 1453
926 1097 2130
1766 1634 1237
649 2088 746
755 1289 1026
966 534 923
1975 2220 256
1930 1609 18
725 1695 188
1918 55 773
878 1013 1756
1006 405 295
30 2020 67
2048 1565 947
2176 572 1661
512 664 1027
1946 1300 806
1244 1756 2022
1084 2200 160
1007 790 213
1665 2031 224
978 1556 259
1256 770 1236
1456 1936 1440
1555 1963 618
662 885 85
2371 411 147
1515 679 2121
2419 1479 1532
267 1244 1290
2304 1445 2202
17 1107 1560
1720 1886 596
793 1958 227
515 1921 144
671 1389 1423
1654 373 503
344 205 810
1267 987 2437
397 325 1153
139 1049 2196
2169 460 380
2385 532 1687
2034 98 1730
206 1044 1734
1207 184 444
516 989 256
298 1916 688
1401 1599 938
1478 1317 27
1655 485 1387
1185 970 587
972 920 2026
395 1489 1877
1035 2241 1595
2322 1996 296
2353 1213 2050
616 674 817
2171 408 361
313 2213 96
2035 1413 1398
1143 1496 633
107 286 760
2139 2105 384
1876 953 1421
2206 332 1377
820 2426 852
993 1050 166
601 1068 1190
227 2037 2217
719 1858 1523
910 257 592
834 103 2023
603 1515 99
205 57 2063
525 303 1388
1493 1225 1491
3 2210 105
2046 1897 1479
2366 920 361
1805 867 1526
1095 2107 1511
643 780 808
1825 2014 375
2137 1284 2132
78 1384 159
1137 838 2458
813 581 2468
499 626 1168
612 236 2139
1558 1891 516
606 1694 536
1251 941 960
402 221 641
1612 474 1995
963 1046 387
2092 1331 51
91 2386 543
2129 1852 1061
2301 1303 1627
1951 1109 974
1171 1237 2206
2109 887 1350
2260 1593 800
396 1782 1452
2483 275 944
824 2102 1531
1922 1488 607
1131 954 2086
893 1194 2128
1409 963 2039
1841 1161 1443
479 2036 49
873 2072 523
1018 154 1705
1752 642 1844
2465 1214 520
2116 2445 487
1222 1330 839
2328 1142 1725
193 1101 88
2304 1775 1546
1296 1653 1623
1763 1697 2229
754 1679 2128
2248 1227 2014
835 86 1279
730 2058 1001
1234 1338 2514
1269 1477 373
1561 644 1781
31 898 1096
2260 1141 174
2192 312 1147
877 936 1652
2171 1958 206
88 47 504
1932 717 215
2034 1309 1858
809 2276 113
2402 2128 1724
1490 2008 706
371 1416 1132
46 762 1933
638 827 2523
294 1166 2266
749 2078 1873
663 1629 1651
509 380 2555
640 548 638
817 719 1061
1488 473 1435
1429 1907 2552
974 2482 319
745 2210 1154
636 1880 999
931 2501 2368
1955 926 1875
2179 436 1827
572 2562 1824
1691 873 1000
757 997 1659
469 758 1657
872 1414 1618
2350 690 2036
1697 380 1691
608 120 722
1018 111 1835
917 1338 1788
1677 2047 2038
2267 57 1656
309 75 1939
1735 547 1459
1270 1477 75
2429 2316 2212
1356 1947 710
2094 2270 2555
2555 1479 942
2000 629 438
326 463 453
1145 2441 2288
2018 79 337
552 228 2600
2230 427 2077
1517 679 922
2078 341 2214
1639 544 195
2065 1231 740
1256 216 1547
2595 2425 1663
1440 2108 12
2297 2148 461
787 2290 2308
676 924 127
1624 1174 1297
679 1355 1274
562 1981 2338
1606 11 351
988 1854 1615
618 1854 121
2560 1103 1584
370 1714 2435
2408 2111 1375
2188 777 2337
1003 1177 2354
121 1633 609
1942 2048 1904
83 1551 1136
417 2336 610
1426 2055 1796
1597 422 127
718 429 1249
951 170 1629
1923 755 1154
84 1780 73
401 2240 929
1280 1426 559
629 11 1669
187 2209 750
985 162 2287
2284 1257 1541
2393 1037 2262
2113 2020 2241
546 75 2227
415 312 1946
593 899 187
1907 1525 1634
764 1988 2182
227 2202 433
1212 1159 1388
1121 213 1266
953 1978 983
519 1168 1875
1973 57 769
893 737 265
2597 639 45
1274 475 163
78 2254 2613
2166 2538 15
2111 537 1425
517 23 774
1103 2590 2198
2603 2566 2028
2081 748 1321
1825 1401 1424
2103 1427 620
2230 1746 1055
1014 923 2654
430 269 1490
1150 2262 205
417 573 2164
1835 1182 880
1542 2562 2585
2193 45 73
1123 2222 797
1104 2111 794
682 2440 2069
2576 194 276
1775 1835 2071
692 1281 2131
281 921 808
2585 248 2271
1884 1033 2074
910 1142 667
1002 1747 2166
518 1217 896
1964 1914 648
2467 1899 1840
2184 2327 1305
2026 1089 403
2529 2230 912
1389 2339 1138
2668 2635 1874
925 2539 2074
2423 17 1008
1905 818 2215
1738 1948 319
2540 2449 261
985 1003 514
1437 2623 527
1004 329 2335
1634 2686 1348
617 2149 2631
2046 2545 1541
366 2354 1677
1738 369 2527
934 2406 1216
1003 328 38
790 1645 2651
1916 2498 959
2441 2551 688
172 2565 334
1781 407 1616
2018 2670 2626
1371 2036 656
2308 1779 564
2405 1486 737
93 1544 798
1028 1878 1539
2061 431 1383
1567 2541 1381
436 1426 1843
2294 562 121
1918 1236 2356
653 1247 2292
490 1343 1371
1966 1687 247
2697 2594 1152
757 281 829
19 711 1248
2379 2450 529
1549 536 1556
159 1623 779
1995 1378 354
63 874 1543
1251 1178 521
2165 1949 222
717 1079 692
430 2329 386
707 310 1167
1599 2522 113
909 290 2289
1179 1937 1879
2137 964 1808
1487 1483 964
1398 1368 105
2736 2641 2741
1148 1530 1514
390 2594 2456
1720 1794 2413
1324 453 788
2659 802 1803
1806 2592 159
1353 493 434
2751 515 401
2138 2 1256
2657 1675 1661
1620 2031 1970
510 2056 2119
1769 720 2135
971 1072 2248
497 550 183
2624 671 2268
523 958 1316
2652 1145 62
1278 1763 1421
976 1980 2359
1446 911 2582
943 126 64
1508 502 1132
1407 2751 2511
1703 967 257
1057 106 1351
676 1196 1221
321 385 2418
2643 2733 662
609 2261 235
1102 1050 488
2641 580 992
568 228 1273
2719 1701 753
1105 1869 1364
370 2378 2722
1075 701 986
2063 2566 168
383 2027 1019
2172 1367 1487
2602 2042 1230
2220 2512 2749
1042 1286 1240
1534 2218 1293
1464 1389 1865
1570 999 1404
974 1663 1431
111 1642 1244
2185 1563 1423
1333 419 665
444 1750 1039
1590 383 1931
1528 2289 678
2329 118 1233
2429 968 2531
1974 1287 734
1376 2390 191
1167 92 1928
411 1296 1348
1645 2124 315
879 858 1497
539 964 833
1819 456 978
796 2381 331
2158 1346 966
665 514 143
1548 853 1320
2609 1980 702
1349 920 1024
1418 240 536
1828 640 143
948 220 1454
116 675 1854
1149 1363 902
1315 2717 347
1438 509 1584
772 552 2304
1909 1630 2318
486 2410 1818
248 1263 1263
1606 2268 2040
262 767 1304
909 1779 2760
50 2462 123
2142 271 2517
1364 2404 1850
73 1220 1837
2090 155 116
7 590 1404
2714 160 2654
844 2413 1305
931 1564 2730
1366 455 1543
2476 2304 148
2130 2566 2404
909 32 2574
180 330 203
1034 264 1935
1696 822 1618
1389 1098 12
1670 1091 659
2553 2850 882
1865 653 114
1145 322 566
2322 2727 1096
1119 1881 844
2710 583 2288
1673 791 1831
1088 1705 825
1730 508 1461
2390 1685 1388
1882 2206 571
51 285 704
2544 1810 2075
980 1313 2794
1849 1706 1620
2101 2211 2501
921 861 1775
19 1221 1898
1882 455 1958
2146 2707 2711
2869 2033 1426
851 1903 2402
2008 2043 649
396 2754 1476
1103 1306 712
1870 2165 1900
2350 1355 1494
1560 2434 2725
953 1581 340
616 116 1842
494 594 273
49 1612 46
2468 748 403
841 2742 2295
2690 70 1738
181 345 1569
1829 34 100
2774 2752 842
1924 2151 2304
1489 2197 152
1423 2855 2157
2657 1406 235
1292 614 1991
1423 664 2520
1003 1267 1917
2353 1240 1225
1821 37 803
375 598 458
2652 2157 709
484 1470 2874
810 849 756
1460 2826 2260
2101 984 2394
862 1967 1129
2899 1466 1074
384 2430 1269
904 613 2409
2867 1979 2377
661 240 182
2263 116 1342
714 2038 1396
1032 345 176
893 1626 1394
479 476 1974
1596 2457 1236
861 1095 1058
2755 39 2169
414 2575 644
403 2205 2332
1164 160 1273
1327 1450 2684
38 2504 121
2243 474 1184
903 2041 2224
2426 2653 1088
2739 2036 743
2588 784 2091
455 1280 2727
2765 2054 2637
1006 1198 2299
126 2818 1666
2858 2456 1853
2714 149 2917
1327 2258 724
2595 1066 1032
1321 169 2108
2418 1488 1962
2006 234 1780
2787 696 2126
1263 2545 455
2205 2561 2481
906 71 2352
2390 178 2
704 1183 1502
73 522 2650
1830 2196 1280
1720 433 1928
1513 546 554
1456 399 748
1598 2797 1402
1255 1033 1281
2557 210 1493
2869 2673 710
1064 2043 1767
2582 1166 545
2551 1035 43
1996 2574 2346
2075 1516 691
1437 650 2742
598 1668 2197
2017 2761 985
2022 1547 649
2492 1575 1925
1327 2806 633
601 457 1004
1534 1697 2039
2249 773 2156
1102 1623 99
832 12 1812
2254 1682 2719
1161 402 2804
944 2652 2870
2220 1351 21
973 1459 1542
2073 1237 2802
1587 1207 2442
2955 2960 656
505 1443 487
2199 1980 178
2707 2590 2328
1988 1701 529
961 451 634
1028 1591 2408
2470 1076 1807
646 1970 1248
365 2322 228
24 236 1873
2155 2901 1457
2207 109 2330
2918 2441 1663
1459 1957 983
2656 1166 1443
868 2287 2839
1540 189 2483
1053 1260 2161
2506 2894 2319
156 2414 1002
1630 2956 2546
2612 2736 215
2507 1947 1652
1585 2482 2380
1969 253 551
131 1255 254
1178 1384 2418
1862 2352 1012
2524 1895 1267
2614 1503 181
150 231 1107
1880 2175 40
1450 1879 2045
1619 1727 2421
965 2939 324
2961 2586 2035
2545 725 2916
2025 1938 1182
2717 1108 1270
2749 2916 824
1413 1114 2620
1077 2094 2545
1741 1124 110
430 982 2910
884 336 375
848 2960 1137
1100 358 978
1869 2951 2106
2059 521 1530
293 2976 1440
2720 1944 2904
833 1759 404
1629 2198 550
1455 2922 2826
1942 701 654
1879 2168 1425
2224 2342 919
1208 2035 863
1865 482 751
3028 1559 1327
2208 1592 777
119 2719 1598
1290 735 838
2730 2516 2504
2158 1106 2924
179 1396 961
2487 2928 2082
1782 2670 1632
228 2095 1981
2276 2219 2944
1104 2261 2367
1996 851 593
723 2121 993
2291 2331 2298
2532 202 530
2110 1381 2116
1862 2427 2380
1693 2792 1068
1866 1961 2021
469 2282 1013
1137 344 2772
1504 3007 401
2531 111 639
684 1993 1889
2766 868 2831
2394 1372 2926
2669 1756 2555
1099 2494 414
1686 1488 1473
2719 796 3051
1904 2396 1820
2373 368 1757
1275 2988 197
191 773 2509
859 256 1348
348 1195 2817
3 494 289
1801 951 1894
992 2039 1417
2580 2762 290
2648 1095 294
998 1006 357
2709 221 562
657 2588 2146
951 869 1942
239 2702 1199
1388 1097 550
2737 2178 215
209 2335 2677
5 2276 898
453 2073 2797
1958 1072 1551
1063 1131 1504
83 2153 237
755 134 1867
176 49 1624
1545 1807 2989
337 2753 2524
2688 1088 2873
1757 1392 2698
2153 2033 2219
1412 2710 3056
97 1257 2681
676 2948 2355
1096 1011 552
2977 1802 2357
2422 2309 2537
1581 102 1112
785 2063 2130
2622 2234 3020
979 117 1870
2308 1114 2016
531 1814 1325
1395 2012 948
579 935 292
832 368 2312
2601 1777 2457
828 85 553
1346 1425 2047
633 1022 1549
1200 315 942
895 3083 1921
2635 2511 659
227 1529 1177
214 2560 1988
424 2311 1229
1449 2496 2602
410 2464 1615
2509 3108 3012
1523 1005 1632
2095 413 2267
3045 1336 2448
2308 720 2138
2794 258 2284
780 273 1299
1459 2190 2368
2782 2927 2016
601 731 655
1474 2636 2320
104 791 1526
1765 1195 1865
406 1984 2430
2939 1525 1604
1325 1478 1129
1546 1397 2352
2717 843 2691
2767 2935 1417
3109 2027 1486
2468 2480 1288
2049 2615 1848
2809 2378 2297
2200 1206 2583
224 124 2518
1517 1427 1161
2561 1000 251
1220 2257 25
3095 2259 1490
1334 479 2005
1468 2546 155
3007 2113 93
1439 1547 431
3097 1319 3117
2905 2440 73
2828 1189 955
2328 2703 504
1167 895 909
2503 1 2527
2771 1111 1677
2273 1899 1008
512 1586 2438
384 1937 1661
1657 2419 1317
1248 2802 2810
606 1185 532
2396 279 1271
2071 2850 2890
348 1987 234
1199 1696 443
985 1659 1950
2235 2645 1052
1516 210 2147
2130 2945 687
1601 2941 2380
2249 1817 3025
1316 3049 424
1999 2263 1662
2462 1598 1568
2820 2380 1205
2554 2893 2484
1426 2560 31
149 1792 1694
2962 604 3034
1473 2365 81
1558 804 2959
1226 3160 272
2845 3159 2229
1911 2355 1935
1389 981 1778
2615 2193 3095
887 1366 2818
889 1668 2826
2834 1182 950
1347 3068 2163
2859 623 76
450 422 1016
874 2345 1694
2071 1494 2443
2708 2870 753
2052 3134 1534
1125 1983 2218
1530 1907 2991
2396 285 2486
2616 3082 625
974 1206 3000
2531 893 2457
1099 3139 3206
1848 281 2997
2363 1588 2048
2289 2862 300
2633 2635 965
1534 1357 810
1538 2320 487
1844 1348 516
1678 1513 2701
2743 1868 1929
446 2135 3063
1414 1444 1736
2177 2795 2115
2591 550 1675
2939 1901 2742
1255 2005 511
2244 1003 1102
1319 1779 1014
1970 610 2356
2487 2075 920
210 2222 2481
799 2262 75
1110 177 74
262 1933 1748
1589 1462 2731
1418 2441 2263
1454 2486 1191
1964 1483 3014
3075 1700 1101
3196 63 895
3207 1553 1259
3096 322 2247
544 2740 346
1964 1345 735
966 2699 241
2748 259 977
2399 490 2411
218 491 3046
2716 1671 1555
3190 1261 592
764 1458 1633
800 3077 3232
2486 1738 1694
3105 2576 1452
1141 1648 1666
1677 3244 2990
2924 1444 2944
2471 1640 3185
1417 2341 581
1066 1936 2242
750 2440 1339
1786 558 615
1438 2755 2311
67 2459 879
3104 760 2988
1111 2151 2105
1693 2163 135
1714 556 538
683 1769 952
2671 544 3085
2794 269 2578
1981 1173 1734
2809 2092 664
1408 1302 3237
2729 2383 1180
2195 442 1577
2143 933 372
1080 3182 987
504 2934 11
1727 2393 2183
1067 2112 3212
1662 2201 3281
1213 127 2323
1233 3139 1254
183 1406 2470
485 1832 1186
1922 2382 1506
2767 3095 471
2384 1905 2974
3120 986 1679
2567 773 2282
219 3133 1546
1593 1041 1053
1400 930 2758
539 1579 1109
539 1705 1168
4 2734 1080
1111 2208 65
1029 1247 2897
489 2749 798
1647 421 1855
3133 1125 2057
1095 1669 2726
859 3185 1455
489 1785 974
335 833 1100
893 519 3284
2943 2119 1048
471 2418 3305
1211 1976 817
492 1192 1083
173 1926 1452
120 224 2506
1782 993 108
2797 122 1374
624 904 1198
2477 3193 2201
2792 1691 197
1654 2062 817
2803 1865 673
2315 109 2397
2554 3027 2857
41 2705 1340
1091 305 3018
3198 2399 1242
741 2615 1101
2283 2161 1430
1917 2423 3143
199 315 2351
2753 1630 3288
3170 1369 2150
2707 1366 1673
117 676 1659
3278 2569 2633
2106 1526 1767
426 1691 976
703 2981 902
139 2440 733
1321 1078 2349
2594 3048 2601
670 1749 1660
385 394 249
2585 1465 1855
1220 1000 2470
2501 3302 2670
2281 3149 1706
1020 2802 2741
441 3040 1407
3337 1808 3245
90 3333 2298
3165 665 3038
589 3344 2818
217 3290 420
2848 2324 2641
3151 1669 1598
1512 2463 61
1512 1843 1607
1496 371 2282
648 2416 164
1815 21 1920
2986 2502 91
2143 3158 3190
1597 595 2335
2342 3123 2319
2703 811 710
2598 67 2499
3276 2434 2120
3136 2754 1519
544 3027 631
2923 2583 2996
673 1872 39
235 2175 892
2110 774 1757
779 2047 804
572 958 2500
2417 2597 1993
736 387 2613
2345 2638 45
326 2980 3257
72 1562 3188
2455 658 2642
1493 1391 534
2011 1491 837
3135 1224 2457
620 357 3252
2161 3156 106
2800 2473 2790
1415 1009 2476
1864 2869 367
2138 1201 3101
1318 2239 2435
1840 2856 3165
1548 2954 3277
139 132 678
1099 1649 430
1202 387 978
1188 2147 1604
86 2164 2964
1747 402 2134
2039 942 1749
3307 2524 2283
2606 588 2919
1906 1661 731
745 944 1345
2098 470 2179
1220 621 1749
3300 1641 3182
2673 1006 2005
446 2605 45
1404 1523 2687
3202 1549 1632
1625 3034 1744
3317 3385 44
2608 2886 1202
3069 748 1199
2714 2493 214
1804 2014 218
1091 688 2678
3400 53 2113
404 3254 99
2872 1237 1815
2760 1699 579
2284 2979 2611
2595 1268 1395
1452 2510 334
1337 2158 1555
1711 2583 523
1115 1846 766
2502 1108 1950
2227 2381 1368
372 3125 1683
2886 3108 3113
828 1393 1812
2577 1102 580
810 1250 512
2752 1357 2796
2829 45 30
1266 3347 1425
3388 445 2355
1679 3216 2447
2708 1685 1427
1526 1752 2349
2644 2753 1599
2254 1010 278
795 1982 1667
136 1163 699
1665 1905 1171
1052 2073 199
2208 393 2659
1048 335 2357
1926 2805 2342
299 1481 2725
2057 3313 614
2430 74 2318
2607 1611 657
226 337 2929
998 1738 3333
3428 2528 3288
1892 2873 2145
531 2580 2705
2071 513 1615
2199 2489 501
1784 1585 2391
2463 3341 2415
1538 1911 420
432 1236 1877
1946 1270 703
2869 2448 149
446 3212 1843
2729 1703 1772
1394 2445 3403
3300 1713 80
1836 1044 125
1098 556 847
150 843 1338
3370 837 2352
1297 743 1535
796 515 2284
1154 3239 71
2287 3351 1241
2045 3103 3413
188 730 1989
1810 279 1560
803 482 2790
1422 277 1432
886 1565 3292
3204 492 169
152 0 3393
2635 859 1681
2324 2402 1219
3232 2659 1032
1229 3135 1362
131 1693 1667
2469 3279 2488
840 436 2109
3167 2342 1716
651 2728 1771
2706 1134 1517
1322 444 3404
195 2424 155
2640 1244 1786
2370 1104 1851
2308 2829 3255
776 3461 3002
272 2946 2868
2090 356 1977
3404 119 15
3377 1998 1429
1620 1401 2904
1310 1721 1442
1073 978 3030
1862 2587 977
301 3360 520
1560 3206 384
2124 849 2104
3311 1201 3415
73 1323 2291
1298 2563 960
3038 3122 783
158 14 2165
2942 925 3443
3377 152 479
3118 2511 3377
1529 361 522
1552 1866 1215
1343 920 2162
1418 1610 3099
1533 2418 2214
770 2229 467
694 3441 224
2775 2868 972
3423 1642 2966
336 2119 538
2652 474 1310
1183 391 1052
2864 1916 1413
1053 1946 3159
1642 1221 2137
239 3469 865
1343 1627 1163
1889 3247 3233
2884 2541 2851
1880 3332 656
1260 2602 341
692 1115 3413
1673 1050 3479
3221 3170 2026
395 2130 856
852 202 3297
2599 2568 2804
2842 2444 1757
222 3181 913
414 3148 1836
1980 3552 2465
912 656 3556
3319 634 2420
181 3513 2541
504 2346 2509
719 1131 3530
1121 2184 3071
2857 653 2111
2566 3157 3040
2733 622 1486
1445 3492 52
2285 3174 2157
3228 3536 175
110 949 398
463 669 342
1657 2683 363
340 1172 1870
3425 395 3505
2011 441 1550
2674 1543 2739
1925 1180 2180
1508 645 2249
2210 1978 2644
2983 2691 2611
3307 419 784
28 3145 1606
1286 272 2928
2374 1573 1020
2520 1356 1480
1573 1247 3239
509 3496 2862
1167 1598 1236
3410 3492 1476
959 702 2161
1003 620 1691
373 3149 2534
3059 276 2305
2163 556 3362
367 3247 1903
2773 633 1399
304 536 1062
2151 1602 477
324 2093 1763
2057 2284 902
2231 1698 3337
1832 1765 1455
1472 3265 2358
2102 2858 106
1024 872 2535
2528 3042 3408
3587 1014 2882
827 1742 607
1216 1747 1666
1139 124 2395
1301 1579 3303
509 3554 1225
3460 425 2329
575 942 1033
642 2365 752
249 1127 3597
2206 2204 2419
1433 431 2021
2685 2179 2594
879 338 218
3099 160 1583
1492 1716 1037
2704 3034 1450
1513 2019 2333
1730 2214 316
2815 2095 270
1204 841 3316
654 3051 2550
3222 1034 1778
3002 3096 2752
458 2689 2274
3177 2587 2419
2158 2270 1994
748 2814 305
2094 3230 629
1404 2291 1059
2939 3315 2183
757 2145 2329
1288 1974 509
1934 2852 1799
1968 1255 3072
2306 683 265
1577 2660 2153
3094 2416 985
972 1286 2346
2747 3609 2268
1838 683 2889
2736 2839 1322
1225 3431 2664
1708 2337 2244
3612 2595 2517
733 1321 370
3283 3196 85
55 829 582
1946 3503 1448
2877 2632 1056
687 1431 3620
3290 250 441
2517 1733 1366
886 942 1886
625 1858 432
2433 2537 3212
568 2926 2611
1789 3029 3046
3426 1910 305
2488 2485 580
364 2211 1410
1044 1878 22
1574 2045 1857
953 2063 2248
773 675 1550
407 1825 2382
687 2332 2662
1901 2477 147
1928 229 3601
1830 2001 1423
3121 65 1106
2133 629 2438
1297 2591 591
382 2917 502
2219 2063 224
2331 99 3242
2572 1772 1119
2418 3216 813
2158 2913 425
2739 171 763
454 1015 90
141 3124 1400
2870 2666 3338
1077 800 3553
1650 986 3582
3 65 3036
3601 1395 2717
738 2016 3424
2823 1629 505
1079 591 1272
2676 3030 2397
1383 3674 2749
2908 2018 3618
852 2291 3041
1142 2407 1544
2973 612 1229
1384 2915 949
1392 307 3269
2835 3433 652
2227 2752 1366
1419 1507 3153
2713 285 3646
3533 29 2336
550 1502 1950
880 3036 3659
3060 1459 1826
1914 1494 2853
542 1682 3000
1700 3532 436
76 780 1628
2345 453 923
3595 417 3041
2482 1693 1820
269 1420 728
1891 3223 1691
762 958 1864
1830 308 2084
2002 1149 1133
440 3156 2626
1041 1623 2164
2491 1645 2936
30 2897 1809
2004 1876 2685
1430 1456 2098
3198 2229 1820
1272 565 1108
943 39 2960
1969 123 2903
3365 6 2727
285 1093 2114
1244 307 3319
944 891 1802
1083 3704 1790
1908 1148 3137
1274 3277 2939
2555 1985 519
776 2028 3357
3690 1085 3069
625 3187 135
2966 3104 775
3542 788 1341
939 893 2447
357 2350 740
340 1304 974
3075 2967 1145
2392 16 1601
3237 605 1405
1868 45 3319
1864 2255 1712
89 3000 3106
1042 3239 1388
2754 1070 2169
625 3115 2047
21 1158 970
3041 3197 1248
1440 680 3467
1096 3472 1424
1745 2099 3076
2560 1135 2818
2660 719 1899
3471 2297 504
1646 795 100
928 2277 524
1505 470 1965
3278 1758 1548
2092 2536 1631
690 3211 572
1042 3687 1680
1789 2520 2800
1669 3255 3173
1963 247 2088
54 89 3529
3095 358 389
1313 2516 2828
2041 1954 2764
2592 3522 1371
3593 1342 2976
3123 3625 2454
799 3783 541
1277 1732 839
1226 3221 3631
2354 3357 2274
3682 927 1573
241 2312 539
2099 2301 2139
2547 483 3470
330 457 964
3670 2335 1505
775 937 1865
890 309 644
1498 1987 1324
2137 716 2427
3093 3449 2584
1180 3796 836
1010 714 105
3569 41 2281
2025 185 1605
3695 539 1988
3495 3204 1859
3425 459 312
2560 3706 1609
2933 3351 221
1517 697 3344
578 1075 1929
2890 1032 1614
293 1169 2406
285 621 1550
2750 3088 2887
2635 2150 1200
3545 1963 2766
868 1945 3263
223 627 438
3813 1284 1685
3053 797 3440
1633 2636 919
3801 3115 1011
1702 2290 587
2817 3105 3436
1317 1322 2818
3410 1565 3533
1108 546 1371
511 1685 1470
3064 478 907
3087 852 320
3358 437 704
2720 1463 917
1704 1125 56
3581 441 1739
3771 1655 1353
2446 1598 546
1014 3555 152
2113 354 2052
1394 1531 924
56 2313 1815
2043 3052 416
1823 447 1287
3062 1063 2422
1234 3679 2983
1338 3260 201
690 1965 1640
3658 2888 1346
2985 242 219
1047 2977 3310
1718 3019 2373
3306 439 301
2593 1659 2456
3840 2834 978
3266 1949 230
2476 293 52
3484 3047 2717
1887 3400 2549
2143 713 3721
3620 2751 3292
1278 1876 3609
1563 489 1624
3692 1000 2422
1474 701 1340
3030 1859 2291
3176 1683 1968
3470 1625 3122
3641 249 2030
3346 1281 2482
2747 1832 690
575 952 1287
2101 1605 3673
355 3155 3125
3829 1891 2762
2245 1614 1482
776 1474 2133
2935 174 66
2781 844 2943
1556 3286 3475
111 448 1259
2793 1448 287
2353 3403 943
849 221 124
2643 525 2403
1927 3129 1929
3630 2339 3785
2951 3507 1797
3356 1687 932
1736 3562 3825
331 930 3365
1709 396 932
603 657 425
2344 3478 2962
1839 498 3302
254 387 936
678 3631 1422
2240 3356 1875
759 1098 1978
1962 3533 2950
921 2134 786
2732 2016 900
2852 2292 2011
3865 3641 3649
257 2304 3744
2895 1030 2650
864 261 2763
1234 1110 3165
849 52 1511
3296 2286 3608
3445 67 1766
975 2324 987
2768 1017 2520
2859 1799 1729
2595 2959 3381
3531 2695 1710
644 3528 196
1184 2872 3210
2432 1426 1817
1852 2104 1941
753 2206 771
3032 728 2186
2355 1320 1423
150 2476 2637
901 801 1800
2348 3484 3444
200 3246 971
3131 3420 2299
2838 147 1877
1991 862 1245
1864 3559 3482
3041 3558 297
3093 3101 651
3216 3273 883
2310 1545 2399
3623 3127 1500
2415 1048 798
989 2856 1617
2383 725 3097
476 817 989
2747 360 112
3519 939 340
123 3005 3048
658 2832 2894
718 426 3855
3270 1062 2684
1538 1442 1975
278 2352 2431
2314 1207 974
2975 2581 163
2020 2769 2100
1487 954 213
576 1526 2554
3671 2619 2549
258 1318 2707
136 2587 3747
3581 746 3953
2776 427 1199
1168 1442 3876
1035 607 2586
2018 2250 474
626 3253 2163
3161 1028 831
1357 1241 3412
3461 3619 2551
1487 2590 406
3174 3779 1495
3913 1532 28
3870 1947 1511
2504 1737 2917
3394 291 789
3547 2491 83
3089 2968 1367
215 1797 1564
3360 3440 464
3683 1223 930
3681 3916 405
430 3597 2422
1583 1116 2556
2176 858 1659
148 1397 1094
1142 2562 3885
3718 346 1197
1754 2930 2939
2286 1158 136
1242 2746 164
2705 53 2784
3718 2445 2223
2383 689 296
1854 3629 1876
3108 1839 3781
1575 2562 3023
2054 3087 2177
3404 3154 2733
3505 3718 36
2603 2841 2908
1594 3153 3149
755 3277 1498
1965 2045 1766
2851 1094 1412
3252 927 3131
2162 989 1014
1966 1547 3506
1499 430 3040
2321 1682 2526
3626 3704 4000
1776 3304 88
2949 1155 2693
3409 464 2394
314 545 212
270 3810 3584
2266 1774 3358
905 3558 884
736 1082 2189
705 633 3864
1653 1655 320
156 354 2528
3998 1058 1000
1760 1511 115
1136 859 400
221 825 2334
1306 3473 1282
3220 3030 871
2615 2988 322
3715 1464 626
410 3443 920
1512 2302 1591
2283 318 2205
2300 502 3261
2466 2230 188
2881 428 295
67 1541 2694
2212 58 3349
1028 1114 3558
625 1243 3184
569 65 2647
2268 1731 1942
480 1985 3534
1181 3395 2075
3175 131 2050
3213 1919 1186
128 1278 346
3753 1496 182
874 3238 2027
3339 2486 585
3100 3672 764
2175 183 363
3379 1550 3564
2354 2552 6
346 2791 2843
3936 845 1044
2024 1732 3484
2398 1850 1343
1689 1313 462
1817 3423 1872
694 2015 3016
3224 447 2431
25 272 1915
1798 2789 3212
2046 4012 483
3647 1766 3925
3166 1603 1539
1363 2471 1839
3992 2203 434
2503 693 2475
3457 741 1310
39 2577 628
1938 2170 3475
535 792 4045
3949 1617 2751
2487 3860 835
3845 1208 2640
902 2174 235
3789 4017 1937
3022 3500 1193
86 2456 1401
1981 3057 3473
3986 2935 3561
1953 1595 3793
2517 745 287
3034 4050 3375
1296 918 1535
2275 76 2244
2208 295 2713
350 4019 1137
3796 706 378
2999 2351 1979
1324 862 3738
1317 3866 381
2792 291 2232
2459 818 1634
457 2526 160
1077 994 3289
1655 1345 1988
1825 2950 3774
961 3038 185
825 1096 2434
3182 2394 2311
2093 633 2139
2492 2087 2038
2910 3005 2989
3808 2826 2445
3976 3904 411
3569 582 202
2332 1473 494
3791 2062 842
3605 1445 2670
2617 1812 955
3419 3785 1349
3121 521 25
3230 2613 244
1567 4083 2690
3947 1470 1589
142 2663 1142
3449 2645 1524
2578 2675 380
4074 2303 764
3375 601 1690
3218 2655 3774
320 2346 489
3179 1159 1784
2782 4017 2489
3105 2928 525
2390 1431 2147
3722 3361 2413
755 3902 2528
530 1877 2438
2067 2812 2588
3592 1356 292
1777 1030 962
1727 2732 721
282 359 4031
2363 2601 744
2021 849 1404
86 1348 894
3736 293 2561
3241 3204 3489
4016 4050 3330
328 2050 1470
3421 1789 314
2149 2293 3084
2290 1956 2429
2053 1449 1092
4097 107 269
3717 800 164
2836 3400 3302
1077 2286 419
1755 4070 3800
743 2327 2225
2602 4048 807
1157 3480 2778
2791 388 2377
1385 2890 4114
2370 873 1813
3349 1322 3544
923 3363 1641
1678 2433 4073
3993 2928 874
2243 1804 2051
2706 3666 2325
3366 2772 496
3615 2083 1451
2661 2849 1417
3530 3795 1692
2725 3635 4005
2414 2807 562
4146 2222 222
860 1027 2072
1485 1525 1365
208 2657 4078
2781 730 2483
2531 1801 2380
3205 2814 2758
1063 41 609
2530 1521 185
2027 2083 2824
3629 2153 2643
4129 4116 3186
2962 852 436
3511 2106 2189
500 4173 4153
686 3089 2946
4046 3258 2181
2145 850 1695
2605 396 3229
2806 3046 3379
3091 165 1721
2145 3217 3576
1439 41 291
2093 2962 3842
803 944 2783
2428 2435 1522
2127 1374 1715
998 2840 3944
3245 1696 3425
1728 1864 1602
1363 4008 3314
1471 3084 2544
143 3597 1875
1302 857 2320
2245 3928 2311
2132 481 3593
3150 184 131
1646 1276 313
2774 603 1811
3460 3668 1421
4194 3126 2957
276 361 319
3737 2339 3721
3061 2687 3940
3617 1545 947
897 2634 1923
3967 3036 2631
422 1599 1474
327 1015 3072
1874 3655 1378
71 110 2775
2024 1967 3727
1966 1880 818
3886 91 1243
1322 3978 4057
2661 1525 640
2936 1798 3689
1489 4030 1546
2926 3090 1646
2724 700 4121
275 639 375
2154 3524 3971
3815 2822 2122
3243 2021 2005
3052 3503 3948
4201 2386 3012
1620 2065 1980
291 1847 2203
4093 2758 3429
2577 3405 3699
1107 4120 1421
3186 4070 1421
409 1598 1598
2689 2424 192
3747 1748 3548
2161 3381 1184
4180 3264 2954
3181 3502 1276
1721 3915 4058
353 134 1967
2867 100 761
955 567 8
1941 720 2589
2832 314 4239
2901 2912 98
2418 245 1829
1775 2553 4200
2041 364 3025
2421 168 2527
661 3287 972
669 4096 3632
896 1611 717
1861 1763 4199
3762 4198 3891
2559 1609 2253
715 2400 643
798 3522 3337
620 4174 523
1738 974 2801
3690 1321 134
949 2536 4015
2965 2332 1113
3645 3964 3394
3266 2821 4243
2738 3936 509
70 640 3666
2867 601 244
946 2005 150
484 1387 1441
2525 4161 1684
2108 580 3227
3202 4258 1244
1208 544 2028
1708 1013 1124
1690 4212 348
2814 3687 1641
2603 205 3867
1700 1135 283
4160 335 50
836 1267 401
2825 3885 2596
3026 2467 2084
2951 3783 2780
3720 4222 343
3033 1636 3380
258 1481 20
1391 412 2013
654 2740 3334
1152 1840 3763
1880 687 1415
2310 2900 1091
2574 1746 4262
4153 3423 2561
702 3281 3331
981 1701 187
299 535 376
33 2016 2540
1055 136 3095
3998 3846 3543
1641 263 2065
3694 778 72
3732 2135 3154
798 2637 1756
432 1635 3657
2270 3303 1942
4143 1 874
1451 1565 3879
3653 2222 1597
2979 2703 387
1179 2970 4123
4235 1267 4120
2367 4070 3865
4107 1469 2489
2199 1489 4100
4017 2084 3341
1725 1799 3699
3747 3164 1581
2704 3242 4114
3132 571 3649
1097 3970 4220
2525 1420 3402
475 728 3279
623 2358 1767
1790 3063 2679
2914 2298 3953
339 1898 2611
1100 1900 4218
3598 2206 2006
657 1391 762
1038 3392 3056
3399 149 2884
2146 1955 3475
1650 1856 2779
3524 1626 967
1155 2070 55
1726 1401 948
2936 272 489
2305 2963 117
454 1203 2333
1792 669 2211
2968 2806 2158
2457 904 609
1531 3905 156
2036 2251 3713
2584 3756 1635
3331 734 3239
3039 1092 1236
4158 969 3799
1307 3485 4169
2102 1544 3392
818 2072 4096
351 2087 936
3806 3846 230
4137 2951 1843
78 3657 3198
4168 699 3134
2193 124 4000
2137 620 2741
2203 3752 411
387 1946 2263
3030 3254 2370
2181 2292 2933
1911 198 538
1560 2736 2720
4331 1468 3660
4048 3840 4267
2348 3124 1382
2938 4091 2349
454 2894 2074
975 1600 3268
1142 663 1880
1596 1678 1683
1438 1471 3095
1444 832 4101
4119 111 1363
3088 2698 3052
1973 2635 2197
4080 1385 1403
1121 476 113
2269 2120 986
659 1528 2563
357 3048 810
1079 716 955
399 1474 4088
659 2218 2574
1186 1358 4010
2619 1664 1589
3409 458 982
3680 2112 4216
2474 2712 3489
3383 2056 1996
1018 2567 2102
3170 1531 1211
1551 2416 1167
1902 2702 2396
1994 668 3945
1480 4268 1172
1985 1097 1144
173 1875 3832
3598 14 4274
4255 302 41
60 1831 4396
2987 3062 2190
2450 3542 2399
3882 362 3340
3343 3071 4175
340 4289 504
2624 4009 359
2539 3720 152
2561 3115 1914
3359 4059 523
2511 1700 2649
2608 3469 2172
2018 2789 1187
2735 3877 3728
4020 3754 2700
65 2352 987
3586 2216 3567
1209 1414 2186
2081 3569 1795
2411 2298 4379
2107 2492 3547
4346 27 4280
3384 3114 3761
965 158 1013
2931 3474 2473
3289 501 1560
3761 3706 721
3327 3944 1529
177 1071 2681
2386 1165 1740
220 3530 2024
957 696 3173
1735 2715 3988
4426 763 3390
1121 3994 3115
420 602 476
1673 802 2115
901 2990 424
2622 3722 3017
2408 3695 1901
2107 1366 4030
2433 4367 1835
1172 1705 1157
2370 2699 724
1163 3025 386
895 2988 3049
3711 2551 3236
368 2411 1865
3497 201 1110
4184 1540 1993
2430 1784 2290
2768 3958 1041
1088 1671 1637
1789 1633 3138
1224 2647 4025
834 2896 3036
3549 1527 1860
3859 1560 4428
2419 4376 1208
78 3247 1106
3869 926 3443
3246 1885 1717
2611 1703 4455
909 2652 2803
3279 1072 1871
3416 427 1994
3537 477 2668
2591 4208 3411
524 2773 1734
2163 1891 3490
568 1500 3806
44 3569 616
223 3731 3445
576 3826 3772
138 3247 292
3099 98 4022
2394 3117 3161
73 2823 1109
2081 3008 714
2322 1967 157
905 1463 391
2501 3422 2406
2919 1683 1702
4462 3904 3594
1526 2816 2603
1525 3818 1473
846 698 670
1673 3530 1593
2790 395 1755
1526 4280 114
971 1450 3356
1454 4470 2289
2158 3789 1832
2520 2677 787
6 3238 2337
1237 1586 1473
3945 157 1576
961 2603 1605
3779 2988 70
4492 425 1905
1228 4084 1902
2173 4233 1638
1459 4098 3465
655 2520 4255
2845 798 2740
3813 3245 583
2712 1956 3188
2399 696 3463
1694 2283 278
2786 1250 2140
1367 2537 2721
1587 861 242
797 4062 1671
1337 3888 896
3722 2486 3945
3720 4269 1241
1339 3236 3074
3267 3715 1674
1961 1371 2408
685 962 3272
3399 3645 3017
218 3160 404
508 3688 3002
1708 2714 3716
2653 4503 408
1679 3453 1940
5 2884 991
3479 1307 1576
856 796 3862
82 3457 1516
2361 632 2158
4131 2106 2480
3693 1262 2927
3599 4328 2117
4358 3101 257
1858 2941 934
3370 3244 1929
1631 1952 3408
3708 4474 1801
2158 2270 1791
324 3620 2771
2155 1493 4175
1969 804 275
3469 4500 3564
2232 2317 1994
1785 3884 615
786 3285 2677
4080 128 1508
303 2624 4092
1688 631 2706
594 2448 28
44 363 1707
1377 1988 3116
547 4075 2865
766 2017 2538
734 34 1265
3003 1410 2524
3521 2050 1745
1956 2997 549
2625 4214 3862
3926 4293 2182
2074 141 4489
2871 3396 4434
455 2937 3354
601 3803 1543
1893 3502 1010
2335 3584 3703
713 3223 1576
1287 853 169
675 1255 4473
3413 3205 2902
4414 1190 2863
3341 2120 3697
2318 1240 881
3896 2254 2912
4071 259 3384
3251 744 283
3457 3865 158
3683 1900 3015
1108 2006 812
2111 1447 3019
1003 507 588
3943 1176 3450
2170 2387 2976
2409 728 2229
3373 744 1850
3842 460 4220
4532 2342 4111
1325 3536 4140
2696 3175 4572
3139 1163 4508
2789 3498 989
1755 2217 4564
798 2312 2336
3211 3258 4455
431 1005 1165
286 3814 4101
2256 2887 2552
1554 593 2468
3539 4179 565
2033 1973 2085
857 4538 1549
3649 720 1612
503 373 2471
4400 1465 591
332 4586 3673
1282 651 331
1225 3169 674
1635 483 2401
519 1375 1741
3884 3830 1567
2816 3423 3852
840 520 2623
3279 1296 2569
2335 1352 180
61 2811 106
2356 576 3693
3495 3260 1694
3202 4391 3382
4156 1872 1180
4512 3847 3748
4459 4011 231
2382 3090 4266
441 649 2383
1532 3290 2590
3277 1280 264
621 3068 1400
171 4049 3332
505 2503 1971
335 4020 2469
1110 2343 1862
98 1275 1355
4468 3168 3469
1431 4519 2790
2110 3944 181
2266 2521 3572
289 1648 1113
2688 2723 3772
2313 2616 237
3494 3114 3223
2638 3699 2527
4028 3951 4601
1897 1605 3675
912 2024 18
4111 341 4445
720 558 3083
4453 2786 2508
1307 171 1641
1628 3692 2297
1180 3626 1035
4487 3384 113
3628 4467 35
2701 2431 2066
4018 2853 79
2348 126 83
781 4585 2730
2186 3 2508
3897 2422 1283
2239 2913 556
447 1593 1720
493 2065 4650
210 4309 370
3147 440 1764
4506 411 3935
4565 3181 1573
3170 3200 3271
2359 875 4259
2184 3775 854
86 3490 3923
2504 1613 376
4268 2830 1410
2318 3178 1842
423 382 3446
3178 3208 3609
3745 214 2042
2840 883 3693
181 3057 3566
394 1539 4033
2371 2817 4215
918 3114 4
2265 2651 3088
1427 3781 3526
1124 2967 2291
3969 793 2005
67 2142 318
1467 737 269
1418 3192 1599
624 4380 4073
2287 1386 1765
1899 3701 1357
2518 1240 4098
3306 4125 1566
707 292 2668
1847 3293 717
1259 2351 1012
952 3355 1884
4514 2602 89
3490 444 1907
3549 4370 1497
2081 3925 4681
3356 4648 2246
3300 2441 3014
1802 527 727
679 3085 1832
2441 1077 849
4551 2369 1723
2034 2446 4699
191 4250 30
1669 2889 1092
3563 1856 3214
4461 1856 2240
3378 934 4121
2035 2275 935
1265 4254 2177
2048 2465 2985
1042 2313 2202
3277 1647 4200
3708 258 3878
4712 817 4129
2350 387 2509
2720 643 2621
4435 2303 904
4235 153 2541
4335 593 600
1270 4323 2978
1237 4453 4654
3602 188 1117
1348 4387 2037
1191 513 3390
3507 1807 4210
4589 4258 64
524 2395 3515
1334 1003 4459
2080 2676 3124
2615 32 1616
3040 3039 1713
3821 2260 892
218 2877 1662
2602 4299 209
1905 436 4207
1450 4255 3882
1266 1578 2352
3416 2856 3910
677 2039 2914
1801 457 2461
3400 2486 4567
1574 2689 3697
1169 3073 910
2315 2189 4113
2389 2639 2043
4578 4200 863
3311 2419 3905
3418 1885 373
286 2985 3222
16 2977 2839
3577 388 4584
4234 2672 2912
2264 1851 1173
3807 4221 661
562 96 4041
1193 2444 885
4424 2516 2916
789 1651 4370
2255 1920 3700
1301 1399 3111
4276 2723 4665
3367 1284 3594
1447 3364 398
3653 2434 2279
4282 4203 1205
2842 3935 2239
1590 4597 580
4392 3989 3253
2585 3382 3871
1478 2916 4524
2391 2780 1644
232 1434 2066
4660 431 126
3053 996 2714
1965 215 1974
1852 3292 4761
393 4042 1987
3022 2383 1735
257 1644 4252
1176 371 3185
1179 3763 4189
488 3458 3649
3380 1616 477
1618 3786 3259
2271 3932 4585
3982 4406 3015
4471 3351 3744
4180 786 261
2828 984 1008
4413 4283 3711
273 4318 3075
593 2956 2368
509 4625 1594
183 4323 295
2753 245 2527
1085 4157 777
585 3431 4259
2161 3212 300
2766 2309 439
1702 2699 3164
3852 1643 2441
644 2437 2925
2244 1307 4668
1336 1727 3701
1022 2617 1890
2057 717 240
368 3423 4028
2075 1100 3828
4747 1090 2390
4786 4616 4571
4657 990 4613
1357 4461 2103
4579 3542 3791
643 337 3980
1464 2239 2566
477 997 445
2828 1896 3285
1404 2818 3260
1699 936 1733
3094 2198 1946
2865 2415 4691
4389 1453 219
3553 3318 2806
873 177 1615
1286 4604 4809
393 1372 4455
4221 4099 1074
3612 2436 4155
1325 2355 4254
4040 189 2988
347 2308 362
548 2734 3807
2805 2219 4037
1932 1107 2702
3731 408 2396
3901 4050 1834
1678 1814 2445
1043 4152 2531
644 4419 4661
1527 4744 2385
1682 3519 2687
2600 197 3717
295 4833 3112
4503 378 4847
4334 4281 142
1003 752 1416
3839 2202 1621
4217 4756 2564
217 4397 2421
2317 1035 3150
3458 4805 2226
4776 393 3219
1216 1114 1907
1706 3395 204
2423 2384 1130
929 1383 3361
520 2878 572
245 4296 4746
3436 756 1420
2786 427 3036
2217 1302 203
4504 2269 3893
891 2022 2208
4614 1427 2404
3615 4353 2984
787 3727 3780
181 3196 4133
4734 2574 2826
819 3292 3061
1059 491 2767
4795 22 3486
4030 2021 717
1850 2500 2920
1030 128 3004
905 2333 4203
2219 2032 4292
2603 3874 1332
4151 1723 2419
3078 3975 2531
2598 1692 432
2820 1575 1338
4478 2711 4438
495 4754 2045
4858 4142 1580
2083 2709 3799
3867 3618 1855
4577 4085 2707
956 3291 3141
1817 2161 4139
2365 4379 2754
2223 1819 1036
3875 579 3842
1684 2743 3895
686 4093 1671
937 2658 1134
3932 1855 486
3356 4315 173
625 4200 593
3834 2508 1882
709 824 3007
4148 1576 393
3509 2617 2225
3812 4458 1075
652 2544 673
1946 3742 3412
3679 256 2938
4764 2484 1809
3158 3952 1112
2894 2074 1408
1424 4537 3755
646 3364 3038
1862 1556 559
3771 1713 2908
1403 1195 1537
1273 825 3743
2968 4539 982
1876 4521 3901
1289 3845 33
3989 3297 2608
3680 4119 4658
1349 410 275
4154 1939 237
950 1737 2456
4821 1548 2943
255 1467 3244
1090 2574 2171
219 3259 4335
277 740 4344
1348 1001 176
4089 2394 600
3102 180 324
3477 3838 4475
4803 3193 1586
3051 763 1549
2401 1423 4469
904 912 2717
4490 585 576
2925 2440 3877
4575 3868 4282
1397 4455 644
4112 530 3049
973 3883 4435
2056 4793 0
2757 4658 3880
2286 1552 1779
542 1782 2990
2537 3739 3206
2865 1796 3188
3418 1978 2629
3151 3191 2773
224 3092 179
4861 2402 2239
4804 43 3025
1761 958 3509
1555 4018 4808
985 213 2143
1407 2036 480
1356 29 4088
17 2050 1376
1413 2514 955
457 2220 2654
2622 2085 3087
1371 3280 2347
3561 189 4430
3267 1396 2731
3024 4258 2048
4910 4837 3668
2336 3339 1274
1991 336 4288
1284 2637 1046
1798 1571 4263
329 722 2056
3042 3864 4432
2192 4809 568
1734 421 477
2147 3179 1982
461 687 4129
4009 3689 951
2608 4285 66
4798 707 250
267 3834 2707
61 3153 4421
4296 3508 4890
4985 3030 2651
4692 1787 3943
4218 1714 1306
3488 3645 4559
4500 4512 927
4246 784 3389
1342 3821 1892
447 3646 434
118 3903 2666
1559 946 3864
1152 2028 1157
4954 2615 1302
3827 357 3614
3417 298 3598
4534 4321 4768
2257 4237 475
3238 2467 268
2440 3726 4688
1935 3573 2373
4009 339 375
4758 1393 4507
2435 52 2225
2649 1350 187
1798 517 181
964 380 3114
889 2441 450
4238 4110 604
1285 4148 1684
391 3963 3305
1334 4836 1293
3199 3747 3304
3257 124 2173
4512 1560 81
1107 3519 1851
49 4542 3717
4510 3109 1530
4997 3628 4156
2950 4849 4097
3667 1561 3143
2318 3304 2404
3073 3957 4506
186 809 1022
2015 4716 2694
3510 1552 1784
1886 1651 4935
3749 3990 1218
3787 527 323
4016 4083 1918
2453 4417 1678
3508 3813 2290
2271 2197 414
3051 4345 1372
1142 3459 142
1522 3043 4895
1911 2595 561
3363 608 106
3380 160 159
1640 980 3156
3521 3173 4897
1226 3576 8
2575 2333 3911
2658 4500 4730
1776 3982 1178
3832 3839 4845
822 369 999
4147 1113 2543
4939 3174 3225
113 398 5026
2046 2895 2981
4919 1636 847
3953 2116 2104
2057 1010 4491
4538 2310 3466
3052 4153 1075
1628 703 1735
4049 2425 162
2139 4074 1482
291 4950 1493
2672 3684 396
2434 3162 803
3822 2050 3541
3409 3930 4877
85 1522 4215
122 971 3907
1289 4624 4039
2721 2054 549
2529 3944 1144
4239 2007 4387
3202 1380 4928
1016 908 751
3843 269 4100
1186 868 3161
422 2982 1066
1638 1623 4813
439 827 2664
4641 731 2147
2950 415 4698
115 4254 2731
329 2701 2852
895 2897 2043
184 534 570
2633 2007 3341
2830 2301 3195
1307 2138 1575
3125 4134 225
2622 1867 2631
4605 5 3227
3238 1610 256
4162 5002 2369
318 3364 826
328 248 219
3402 1215 4038
1715 1790 3754
4921 1527 705
2252 1000 2651
3029 4830 1519
4581 4510 1565
1311 901 1253
1653 3701 196
215 3857 2789
1054 604 5010
2880 1212 248
1286 100 4445
1594 1794 1128
1933 968 2529
2057 3180 1503
1079 4741 9
4960 1390 4569
5050 1450 3099
4288 5034 1198
1862 2022 1642
1655 1182 1939
80 2376 3723
1147 3229 1121
3244 4031 2149
4178 1793 2835
2719 2562 2155
1220 3890 2228
4489 1003 3583
2809 3915 2707
62 3619 863
735 230 227
2096 2245 4399
64 1165 367
3900 2275 1929
1946 4271 3214
172 1149 554
4568 2866 1357
1676 4387 4159
678 2665 3722
288 318 3724
3110 52 4905
3933 4969 3492
3126 4761 4079
2272 2938 259
4723 2495 4459
3531 55 3775
1826 4664 3074
4471 1556 4900
2752 1929 4252
4175 1161 4828
3676 1742 592
666 4991 3057
492 3229 4474
3694 3406 2396
1983 2522 1831
2290 868 1966
1298 345 2529
1346 1319 647
745 2074 1519
2940 2162 2579
364 2852 959
517 4354 550
2928 1330 3572
650 3291 2543
2038 925 1208
1513 4071 1023
3959 3954 3147
3066 554 2218
822 4662 1059
3972 2320 3078
1032 3828 2450
1966 2997 5174
2351 4323 187
2093 157 2164
2582 4736 4090
4058 4835 5112
1279 2345 123
376 4903 1750
2625 4960 780
728 4082 1819
4354 3297 227
648 2077 2734
4157 4750 1656
3412 619 2628
2785 2903 1236
1938 5173 4456
4776 767 625
3556 2440 5026
4189 4662 230
3464 1591 2332
2779 3737 2245
1038 3418 787
3666 4197 3522
2634 1749 2221
539 1445 1598
514 2311 4086
192 3089 3560
166 1646 1836
2144 683 673
1118 1808 2196
298 3010 3807
1935 2724 3327
3987 1851 3179
375 1516 2009
1251 3221 4466
5007 1810 166
4805 1779 648
1774 3568 3830
1278 1121 2331
4979 1084 3651
2618 1485 5055
633 2191 4046
4509 293 4189
3310 1186 4822
3113 4905 2837
169 1825 1847
783 2802 2028
3041 633 1083
793 688 28
4782 4247 65
2716 1805 1200
2363 2814 192
64 62 2792
190 3164 1010
1733 2071 4895
4379 1792 3068
138 4583 2906
1539 2882 1713
1617 2960 715
3554 3867 3360
4268 2500 2794
4386 3862 418
5015 1404 1309
4260 1474 2153
1387 3724 4073
1529 2816 4749
4603 4257 4795
196 3017 4003
4963 1535 2293
1985 3631 1262
213 1379 3405
3557 3466 3280
1506 4911 703
3764 2948 3610
4566 4437 1251
616 5067 4488
3921 4064 942
1170 2574 4439
3993 2632 1753
1461 2038 3905
1388 647 3949
3985 5133 2463
3287 631 4102
3641 106 1350
4569 4092 5012
140 2319 5113
5091 4070 4689
3073 4627 2121
1051 4720 1223
922 4706 961
2243 4029 4861
451 4478 2793
3836 1598 4224
4055 1586 1628
5245 2384 3530
4444 1517 2920
2598 4979 427
2021 3753 2765
687 671 1402
683 4640 3669
3296 924 948
129 1360 2242
662 304 3750
2475 1713 658
4759 452 1537
4644 1476 4339
418 1407 1152
4738 3224 2603
3215 2521 3071
1863 3083 1636
3833 4852 660
1063 290 1133
226 1533 3186
2925 1366 3467
63 2210 5018
508 395 4736
2540 4385 2797
3399 545 662
3315 1709 150
5153 3324 5207
638 2711 1266
2010 2106 2179
1193 1818 23
4330 1323 111
4841 3814 557
3752 2320 1699
700 1812 2765
4103 2896 2997
925 4255 1426
5142 201 2356
796 1462 5194
1574 2454 3893
78 52 4271
3171 2377 3085
662 3840 4157
3574 50 2244
698 3622 1217
2576 4270 1998
4299 5125 2547
724 3914 3046
4041 1144 493
1156 4867 5166
163 1846 2983
2133 3397 2387
5109 4843 142
3545 2845 427
4005 1235 1161
1995 4298 4033
392 3942 323
284 811 1956
1133 26 4361
3703 576 4627
4584 2429 1867
4627 3095 4777
476 4293 5186
2177 4191 2625
4239 2408 4096
3492 682 4263
142 365 4213
5015 935 4048
2967 464 3344
1565 4040 384
1598 3560 3539
5069 1007 3115
1564 1088 4282
5005 1206 3618
4909 4834 49
1350 2512 2126
3441 625 4109
2730 3404 3941
2529 2028 3560
3239 2663 503
101 5 3238
406 437 4770
4918 250 550
3520 4327 1088
654 4135 2552
3462 1339 3150
2044 3600 1147
4524 2204 3257
2450 4266 4375
3338 710 1759
4561 1021 492
402 2119 3820
4864 3376 2167
3871 3367 1539
2112 2958 4113
5312 2161 1310
5106 4476 4778
681 4448 1047
425 1999 1478
5189 3684 4676
2128 3138 3834
3731 4018 1512
4013 5088 4
2081 1979 206
1992 3074 2998
740 4067 215
2545 3186 4328
403 1718 3362
1332 1671 1291
2572 4376 3661
252 2010 602
1474 1581 2245
3875 2661 2094
1030 1625 1824
1031 1174 4478
4544 1851 4337
945 4707 4562
4367 1363 1774
333 2289 4776
1237 2188 4451
5018 4861 408
1188 916 5228
2551 3831 5058
3270 5072 4481
2837 4077 4833
157 3659 1876
892 4245 3133
2210 3870 3503
4222 2424 1153
1038 3565 3955
4106 2243 4913
4844 3277 4315
149 4488 838
1106 429 1969
1034 701 2225
1714 3640 84
2095 3872 1438
4254 4600 2803
4232 5032 382
5214 3005 146
1490 2042 3247
753 2338 4161
1930 4045 2046
3081 3099 70
159 1348 5146
693 2623 3221
2391 3531 2837
3644 2343 1393
4624 5196 1428
1897 2283 3845
1841 224 1136
1245 2740 2917
1689 2979 5330
2697 115 1820
4 4680 1783
350 5263 2237
2251 5001 1882
193 4462 901
1377 4885 38
5286 3806 688
4818 2589 2233
4395 869 2209
2818 1818 5415
1989 1820 2935
1544 1307 4431
26 2026 3833
3244 2096 4285
3274 985 2805
1311 3313 2023
1896 2266 4059
855 4781 3679
2328 3768 4756
3850 1913 2936
3573 5149 218
1344 4810 2721
704 1697 3066
1876 3773 4005
2594 104 4717
955 4223 4208
2853 3001 1855
3075 1693 2706
5344 1145 3318
3139 3128 890
1631 970 3717
2797 1191 532
5005 4222 4545
2558 4026 2071
5450 3901 443
3677 2245 3331
1529 2572 486
5003 4895 4668
980 4815 3111
4915 2262 4505
537 963 453
90 2566 2797
1759 5135 106
1048 4533 2274
1390 4202 3863
855 950 2605
433 2067 4059
1794 4793 2231
2534 5311 5102
757 3519 2154
1926 2874 1556
2433 3239 197
631 4236 264
4257 527 4994
2204 1254 73
65 3226 312
3671 2831 5211
1718 3517 771
4402 5068 2729
3991 3817 1754
4938 437 1462
4152 2994 4648
2381 3087 5472
5202 2851 3899
2930 78 1212
2837 361 121
3702 3908 2176
4691 920 4026
5332 347 5428
5444 3673 1439
4658 3830 129
1871 2377 2116
5107 4518 2562
3472 3823 4424
947 614 2419
2042 458 4005
5181 851 291
753 4364 708
2588 4330 718
2996 3733 3161
2617 1025 2111
3125 577 2328
4224 5437 2263
4602 1273 788
2045 881 1947
4668 1655 2308
4732 2973 4376
2538 4141 4332
2372 5447 1282
3046 779 295
3823 2546 4660
2006 319 565
903 4870 569
2676 2601 4005
1446 2467 4290
5373 842 2518
5346 2815 1310
3029 548 1129
60 113 2223
2224 1305 114
54 289 5292
1241 3429 4760
1561 135 3749
3679 812 2987
3467 1780 3653
726 1394 257
2648 601 2376
2492 4019 893
2825 1037 864
4768 4909 626
940 3276 3397
169 3478 3656
4770 480 3059
3139 5430 4423
1163 1204 1459
1105 3514 4255
227 2381 3896
2756 3465 3203
76 5039 4915
5006 3573 3030
3297 3562 434
4935 204 3009
2526 2590 2189
5429 264 3760
3547 2941 3923
2498 1829 3754
853 3650 4029
4995 1025 2214
2 2865 4103
5480 2256 4798
392 4523 3687
3461 3966 1032
4548 4283 3268
463 5073 4951
3662 5264 3319
5392 4551 4415
2366 5229 1658
4854 1996 4669
3739 1603 4086
4158 15 3602
1735 452 3519
1439 4871 1915
1751 3406 152
50 5279 1202
3083 4809 1396
1326 3218 3093
2870 1875 866
2300 2440 4007
4399 1666 5095
5434 1407 1400
2557 2798 1557
4674 754 998
118 2365 5317
2249 969 1691
1879 4909 2635
2577 475 1860
2310 3329 4918
1934 691 4524
2646 310 4648
4635 3877 4721
5069 2990 4192
5306 4058 1867
4841 3108 2548
4689 4362 4334
1572 396 376
2936 355 5218
4682 2024 3460
1047 1635 840
5053 1287 4610
3202 103 2064
5287 578 5295
3241 2044 2410
1140 3079 4558
944 3855 1721
3466 528 4729
827 3576 1089
4363 4663 680
5121 2823 890
1984 2128 3731
4705 370 3789
4106 2675 49
5038 4355 5240
5504 4122 3964
3557 12 4960
1487 3957 1328
2580 2363 1390
1439 3853 4764
5314 836 80
2250 1301 435
496 812 4995
4598 511 5526
3981 1243 4122
161 1148 2830
4159 3191 4225
1615 5577 1467
5164 4180 982
3380 4324 3665
4751 4659 2617
3171 2773 3287
4950 4823 2274
39 1321 209
2683 4455 3147
359 2392 3995
4030 3626 1541
2931 4738 4594
4194 5018 4375
5211 3727 2991
3426 1052 537
1228 4358 5606
3670 4460 4666
5015 3075 4503
5012 2784 1351
4923 4013 4085
3430 5538 3216
848 4131 4498
4289 2251 923
2947 4595 970
5208 1978 2548
2339 382 4169
3317 1255 5383
2235 1622 2307
2423 2782 3131
2444 4360 323
3225 5112 4766
1465 940 4783
2279 2154 2700
2399 5547 2306
288 2286 5464
4846 73 3255
3575 5084 4568
3639 5243 4729
5559 4384 2811
85 3813 3090
4302 33 3134
2166 4533 571
4212 3308 340
4793 3665 570
3695 4974 802
3045 4289 4540
4206 3166 4111
3085 358 4083
1942 5021 5652
203 4578 3567
2780 1196 5426
1078 4755 3248
4581 5351 638
726 5406 368
2744 1239 3647
3296 230 146
719 4614 797
3629 5466 176
1788 5501 85
982 226 1132
2377 928 3688
1572 1003 2287
5153 5477 2084
2508 2260 752
942 1613 1402
5088 3432 3177
1657 5147 1911
1627 930 3114
4455 5354 1330
614 5286 3313
2297 2852 149
4055 3370 1389
3216 796 4882
3363 3194 304
4080 5450 753
2217 2873 5630
3226 1338 3087
1995 2562 1624
2505 5226 2484
102 188 1991
881 999 4555
3234 3385 506
1946 1647 2332
620 3398 4523
2231 2919 2417
48 973 378
1750 2453 5393
3807 2979 4699
1154 41 3800
2002 4798 5053
1893 636 764
1089 1473 4739
1083 3119 3796
2495 3704 3929
3174 3512 5206
5178 2709 1580
4759 3555 1604
257 3758 269
2672 4624 2773
1100 1274 136
5571 2520 1506
212 3278 4280
3908 3308 5659
3390 4064 3671
2089 396 5308
4701 4744 1733
4761 5047 2004
1346 4112 3261
2234 4314 3723
4019 746 5471
2983 4787 1538
1265 3675 962
2543 5067 1600
4753 1199 1367
5635 2802 438
373 4175 5084
1899 1099 2208
5575 1474 73
3220 108 1723
3460 824 1169
386 4535 3383
1624 262 520
3994 3783 3350
2809 1850 2208
2093 3139 4426
1459 5619 4524
2153 4862 2274
3420 2214 4660
398 4663 2456
1673 818 2637
1501 4404 1875
2505 2900 297
4252 1663 4186
3893 2063 1345
87 1724 5069
14 3061 4652
5215 1501 4027
1992 2653 1736
1388 1233 225
1765 4438 4936
2537 5302 2660
1161 5025 4843
258 1080 3265
5109 4755 4689
4161 5061 2791
1559 582 2343
2416 1765 2967
3699 1065 235
4921 2407 1328
673 4924 1897
5167 5524 696
177 2077 203
3945 5097 4270
1269 4321 5214
1233 5722 201
2078 5499 3555
4519 4453 3741
158 1102 730
2969 3429 523
695 2531 3187
1433 3520 1600
3782 5718 721
1354 2957 231
455 2545 2573
3838 4104 1001
3404 3141 2611
2555 2813 1973
3066 3817 4590
2298 2342 381
2197 2888 2486
5168 145 397
333 5110 1720
4850 2227 2741
3039 1949 2643
4474 4977 1827
3554 354 1994
446 5755 2327
4619 4532 3474
678 5158 4256
116 2130 3750
3969 3372 404
270 1120 2272
1015 1067 693
2005 4913 1752
3285 1931 3389
2774 2600 4528
1429 1409 3222
2226 1189 5785
366 2067 88
3795 4448 5660
2681 780 4737
1583 3877 2535
2084 1888 1179
5563 870 2844
5237 2466 5062
3371 4035 3048
3404 3039 5617
3254 3340 4819
445 183 4721
2574 1263 5787
597 5202 4803
2791 2045 1759
4651 3257 4031
4615 3474 1822
3313 4735 3860
1647 5346 4419
1150 1696 4615
2902 2635 5576
1911 393 187
2579 3320 5048
751 5632 147
4411 433 5283
5359 3691 5819
1746 2056 1092
5253 2457 1411
3477 3838 732
3370 4381 3578
1497 4928 4250
1072 1026 745
5751 1627 543
3134 2771 1328
5087 4673 4077
5397 5718 2106
243 4641 3919
5572 2128 2121
1927 3864 695
3382 4189 4353
1340 5270 1067
3713 5202 3663
3104 4218 4644
3294 1253 1863
2070 5183 2764
4522 459 294
2679 563 842
1894 1716 971
3611 4121 1396
438 3209 2378
1710 2633 4220
3459 523 4254
1937 985 1063
2014 470 5300
2294 1875 564
5155 641 3806
4234 27 510
1477 2722 4561
101 5387 3165
717 3578 5190
1252 5296 5488
1196 4895 2852
2223 4497 2492
5193 4897 4071
5787 4147 4997
2843 1981 3779
5431 4302 4587
1853 2390 1170
3795 302 1767
2960 2826 2193
3329 1857 4536
2702 2714 1342
330 2824 5125
2912 913 1725
5182 1242 878
2573 3979 277
461 1288 4527
1457 5106 3613
4165 1490 3002
1002 2482 2434
2372 4407 2075
3149 4252 3294
3773 3895 5269
1167 1880 3152
1166 2206 2096
3891 1166 3452
1594 407 1618
1112 5579 3120
1617 3503 4300
223 1996 119
5337 2666 3404
2643 1100 2415
5774 1911 4977
4217 5366 2254
2710 5613 3982
5683 2846 1511
7 426 5729
341 1922 2021
974 1296 1531
888 2204 4650
2950 794 3154
5535 203 2817
2371 1548 1105
3485 4136 5554
5822 4610 293
251 2602 1186
2786 448 2584
5289 4261 5543
4235 399 5856
90 2812 5455
2897 3430 1881
4199 5100 311
3491 5619 533
4014 1623 1602
5171 1287 4157
465 4912 4942
527 3568 954
5607 1330 760
958 5057 1029
2988 642 2750
5646 3406 2611
1803 4996 2440
3411 3253 1236
2874 1727 1619
2981 332 3038
3151 4801 4884
2387 5060 81
307 2674 3743
785 438 3635
4087 1258 1187
2349 2990 3427
5083 4491 4644
2955 2117 1674
385 4812 3093
775 4753 3922
2823 4978 717
4406 4359 1797
4842 5855 2784
4151 1767 1308
5254 3650 3091
2110 4972 1292
187 3102 2538
1928 467 2948
611 5715 714
707 3034 4616
2851 5809 4218
930 631 5164
5858 892 655
2194 4685 4715
5514 4469 4340
1322 5444 3263
4934 1401 4373
5225 132 3157
4491 418 2044
135 3705 71
2858 5029 3131
1384 3924 2959
5134 776 883
3316 1578 4240
5023 5453 1822
5717 2517 4943
4436 4134 4197
2652 4624 4544
1299 5898 1103
2382 4151 5482
1284 81 2704
5672 4161 3803
2800 1055 2464
5048 5322 4215
961 2881 520
239 2226 2114
1255 1009 3185
747 238 3583
4282 4333 3577
646 4583 3794
2537 228 8
4457 253 2373
4278 3036 2224
5350 203 3303
3166 2246 5115
3622 2616 3308
5111 5627 2078
289 5672 4096
4146 1456 1533
2514 4829 2661
2021 2305 5086
4229 5094 4965
2758 4125 3944
1634 2537 5697
1710 5667 5746
687 2101 4427
3684 3013 1395
727 5692 1104
5577 3356 3481
1531 1336 404
4704 960 3866
5409 2844 5781
2089 1326 645
5397 4480 5076
1837 3352 5522
3598 4579 1449
4277 4939 859
4672 1742 5598
3769 2454 5790
3912 2958 3713
299 1157 5219
4839 5015 2294
3324 3129 3364
4113 4091 4053
1723 5391 5390
4771 4152 4244
2964 628 2285
227 3563 768
3618 5477 358
3648 5148 5882
386 572 5920
3282 2392 4824
5920 1803 1985
4712 4968 5420
4218 5189 5654
3915 5350 4678
2238 255 5345
3158 366 3640
2513 1847 4434
2224 3740 2143
5101 746 1076
4707 3381 665
1135 89 4950
2047 670 680
3749 5050 4647
5709 874 3952
761 484 4175
1316 5561 54
3911 5601 1169
108 5057 4975
3313 2649 3628
5544 2892 2246
5170 766 3522
1785 3097 358
4153 5838 1971
5056 5795 5994
5072 5980 1002
536 877 3570
616 1894 2275
5847 3698 3873
3692 2667 1605
2683 4715 3506
3526 3131 683
636 2837 5200
1515 4548 1735
2517 5669 3638
4537 4336 1623
2072 4936 4365
647 5254 4360
5202 4047 5568
1106 4330 1785
4991 2536 5816
1030 3329 4239
188 1950 5247
1642 2457 82
1903 5226 2724
4920 4288 2296
2230 5079 4077
4859 4341 735
1509 203 843
198 2391 1611
711 3418 370
5423 3190 1138
1042 3709 4368
5885 2471 4182
4868 5535 1088
1684 4008 5308
2903 3911 1974
5308 1496 4328
4790 6028 5402
3797 3201 1973
478 1716 3250
510 298 2708
5409 3122 813
315 4262 3243
6016 4437 2285
5397 278 5668
4950 4461 2158
4811 3408 2947
6006 2879 3545
6004 1460 4950
5901 4367 1819
2618 3812 4924
4849 5527 248
2599 4817 78
3765 2026 1939
1105 2822 2804
648 4246 5366
2742 1526 2315
4185 938 324
921 3553 2539
4044 573 3328
2092 3692 2921
1251 1525 1493
1199 1478 3724
2381 3343 6081
4040 4124 3850
2857 1861 5603
832 2368 5462
5777 4242 2106
528 3609 2513
2301 4078 3552
1116 2324 3504
3779 2295 6072
5425 1712 1199
725 597 4636
1276 4707 2344
712 3660 2171
2750 2534 4154
3529 4533 6006
5098 4770 4223
3859 2294 4927
840 4761 4497
5584 5424 2530
5523 3733 1413
4883 1070 3550
4443 278 1845
1641 4322 1013
3197 4714 3512
5311 3324 842
4708 337 2435
629 380 2329
4690 4824 3218
54 4119 4203
2088 1317 129
3325 1388 152
1181 5370 2340
5639 4076 5271
440 833 4255
4821 297 4505
3777 899 3940
1390 4767 3145
275 3039 3561
2107 5148 1401
1809 69 1823
824 1315 4294
5566 1020 5767
3986 5471 253
3104 2731 2793
1947 5018 4327
1353 4868 5344
1339 4109 2610
3720 3039 1686
5628 3422 4014
447 5603 743
812 5061 4741
590 5397 1830
4467 251 2953
1408 2617 2572
36 5455 1736
515 2251 5653
3913 761 3306
2133 1784 5662
192 1435 2385
5920 1633 679
2694 4046 3179
243 1807 3026
2889 378 557
5588 5863 2457
2169 1788 4853
3770 5250 2751
3117 824 2361
2744 4390 1986
1549 6091 663
1564 4231 3461
1442 4129 502
2646 3487 5808
763 3282 4229
480 2737 1401
2066 4789 3320
4972 5393 748
2517 2053 369
1512 4132 54
3467 3965 4106
1193 3437 1681
5513 5866 5914
1160 4030 339
2570 4970 119
1875 2227 1964
5508 267 2974
5118 382 2113
4663 6181 794
1846 4455 3318
4008 2469 2574
3147 2695 1796
4255 5102 5049
1313 3366 3168
5331 1881 3378
1464 5538 5061
2330 4652 2263
2751 5273 4278
173 1266 1602
5643 25 3189
4245 3707 1578
5160 209 1772
1762 3072 5631
5625 2998 4729
3996 137 4673
3431 5766 1437
5694 239 1427
5759 4025 297
6196 4206 4195
4587 3870 269
6122 4672 3481
2748 2272 533
4017 3716 1047
3706 3601 315
5086 2982 5947
3294 3767 4442
2495 3468 1474
3053 5802 4841
2888 4913 5459
3232 1154 2179
904 1746 1741
4467 4039 2176
1046 5598 2101
4806 3018 713
5072 1119 542
5438 1060 6003
2263 1617 3798
1816 3901 2815
4772 4791 5502
2082 3885 432
1484 1556 5893
1609 5844 3200
2727 3242 4276
5159 2625 647
6226 1064 5414
5067 4735 1545
4185 2252 4445
2308 1847 5009
60 5437 5283
4472 2857 1408
1212 340 271
1592 2113 4574
3505 396 4976
3294 670 3167
802 5447 4464
5037 5648 3126
3914 3026 5044
4864 2748 1720
3265 2003 4054
4099 3404 1404
5919 2204 3227
5657 3717 1751
6094 1902 5752
3228 305 1798
6067 3983 2123
4815 2738 6157
6147 3677 2727
3501 5006 2247
469 3986 2167
3740 5373 5056
1332 1559 1805
4283 4918 312
837 5208 3284
1661 5701 2395
1502 2028 5387
5793 3303 3059
4060 5519 5080
3816 3939 2946
2780 2557 1218
577 2905 2707
1423 2194 1021
2749 6120 592
4983 4733 4965
5977 775 1777
2158 4502 258
929 1036 3288
570 4178 1355
4282 237 3199
3745 4123 5907
2492 1982 2472
3549 3752 1314
5948 2297 4054
4931 4871 4172
5570 4777 1928
1287 5895 325
1303 1250 4487
4619 2335 340
2558 4915 3709
3628 3454 1012
393 4180 4983
1140 3562 987
1666 3311 4708
234 67 1107
4309 2531 1747
3730 2382 2302
1062 6265 4143
4155 4170 2595
4705 3789 293
3373 258 4988
5715 4704 2046
4228 5408 2716
3361 1206 4046
844 2273 1684
2745 1778 3647
5806 2692 5773
1840 5882 1195
2716 5310 546
5698 5455 2945
1167 4345 4928
3271 2701 4693
4162 2919 1964
5230 4694 5883
56 5172 6197
2466 971 4927
3976 351 2723
4000 3131 300
5727 442 5510
2109 2298 229
5667 3918 3509
4277 48 3955
5683 809 4070
5548 6192 719
4705 946 2755
3217 5229 4870
4431 5915 4208
1388 4344 6022
3701 4433 996
3454 4060 2644
5658 2835 5141
4040 4958 1413
3757 4008 679
