6531
0 0 0
0 0 0
0 0 2
2 2 0
3 4 3
2 1 4
0 0 3
2 4 6
8 5 6
0 0 8
8 0 2
7 10 8
0 2 5
13 4 3
6 4 4
10 13 5
6 4 15
5 4 15
0 13 9
12 6 12
14 1 5
1 6 12
5 3 22
19 17 0
23 20 17
22 0 15
0 14 24
22 1 13
0 28 15
17 17 3
19 13 1
19 4 12
5 17 14
7 31 8
33 10 29
34 28 22
36 2 24
25 23 24
10 12 21
21 29 1
9 36 33
16 35 40
12 11 40
43 23 33
8 44 10
11 22 13
39 11 35
41 28 43
38 35 33
43 15 9
28 34 30
0 30 46
2 37 3
5 44 17
8 38 28
44 38 24
17 32 19
25 49 17
11 49 54
14 50 35
54 26 53
56 53 20
9 31 4
51 23 58
54 37 57
40 58 6
14 49 12
64 42 0
12 50 56
67 45 30
40 54 62
9 58 5
7 54 67
41 60 33
37 28 26
25 22 51
16 60 5
31 12 69
25 5 12
28 71 17
8 17 4
73 40 27
76 17 74
77 28 25
3 81 75
81 71 30
19 0 10
14 60 79
60 67 4
7 59 33
49 77 81
46 83 3
83 34 88
56 42 24
13 68 81
57 65 11
48 12 49
85 57 44
21 80 58
94 10 7
6 74 53
0 26 76
34 15 3
101 61 99
33 12 100
12 88 90
87 87 45
84 50 50
108 28 72
65 38 66
6 104 54
22 10 56
24 67 63
28 72 8
107 91 55
89 106 45
14 11 65
98 99 83
50 25 11
20 12 112
104 89 95
42 34 83
34 22 89
39 70 63
6 47 123
11 22 115
40 59 104
21 15 123
47 125 18
128 106 84
29 115 44
19 11 44
7 81 41
99 5 37
97 12 93
114 55 92
95 58 53
47 123 118
84 30 110
62 105 83
66 29 32
104 26 8
25 17 117
93 72 113
107 31 112
124 3 104
116 102 40
22 10 61
101 93 45
59 73 137
140 111 96
113 145 107
85 111 6
99 61 21
93 97 66
0 82 92
53 78 53
7 94 56
12 4 42
93 53 108
152 141 74
142 6 57
96 71 42
53 154 16
160 105 118
152 138 6
115 21 74
60 135 49
167 164 8
117 26 18
34 38 77
56 5 153
15 14 43
3 146 106
137 114 49
15 157 153
62 146 142
56 21 42
83 1 104
34 152 31
174 16 147
122 170 148
8 21 172
56 64 47
171 129 153
33 127 117
120 51 114
77 127 134
19 169 28
131 132 35
15 33 10
95 133 34
156 165 151
69 27 108
112 117 185
29 84 17
115 58 140
7 114 121
54 57 28
152 87 164
129 27 178
28 132 55
140 196 24
36 48 113
163 61 118
17 77 186
165 176 70
170 5 6
160 4 38
179 132 21
13 23 193
199 63 35
89 82 192
163 31 10
119 159 50
44 185 169
47 107 19
205 40 51
156 151 44
110 32 156
50 16 87
72 153 96
138 218 102
143 106 2
101 203 189
54 182 95
96 91 224
108 80 114
57 106 8
229 38 64
158 19 228
89 16 122
127 159 124
167 93 141
217 187 134
235 122 146
153 90 182
58 64 117
70 89 58
105 117 198
220 214 95
176 192 35
130 209 64
99 93 122
194 1 163
69 149 8
71 134 238
2 100 61
52 52 30
25 150 166
148 9 230
8 247 125
75 175 145
229 112 145
141 165 237
177 102 157
129 172 45
65 59 162
169 150 223
158 176 139
250 234 54
180 46 208
238 45 160
120 134 218
22 164 96
34 134 64
186 227 84
82 36 236
198 74 161
246 89 239
176 156 254
60 88 118
61 8 136
168 125 187
198 112 218
46 254 209
58 60 259
127 53 247
14 201 46
132 253 239
267 199 30
120 252 152
21 121 117
149 92 121
210 246 280
217 276 10
118 93 125
169 167 143
263 242 273
44 120 289
290 156 225
42 60 30
21 78 208
129 197 52
20 269 147
212 156 88
200 85 251
221 110 37
66 292 285
271 272 200
141 214 53
44 3 133
174 245 149
149 51 97
88 292 251
67 123 70
204 279 125
236 101 168
43 222 229
210 165 151
173 6 21
277 278 304
104 183 215
296 93 141
178 99 3
187 171 279
20 178 68
58 22 268
192 54 119
173 150 153
294 257 248
81 281 6
38 211 275
305 46 239
268 215 136
42 24 273
140 45 167
81 76 106
171 211 105
18 265 102
17 143 92
64 276 185
321 217 276
250 162 169
320 108 50
231 180 167
193 269 7
199 6 74
26 334 266
58 200 144
176 39 141
119 103 292
267 235 275
316 318 112
269 191 1
174 183 323
16 290 50
175 272 62
321 314 107
179 265 64
281 333 206
233 17 61
316 209 29
87 168 183
250 201 201
266 178 22
8 188 154
213 333 251
328 78 270
192 84 8
184 289 37
215 59 224
182 43 325
291 294 269
293 341 264
296 97 160
343 166 19
336 30 191
168 240 104
127 367 114
366 208 320
158 219 310
138 360 317
234 210 181
82 130 298
163 90 187
46 366 316
291 196 66
239 44 210
374 356 44
114 357 266
122 236 377
172 32 40
163 62 36
275 12 82
67 233 227
370 91 182
114 35 56
166 372 352
232 176 196
300 125 236
332 320 347
249 338 191
179 227 253
82 229 333
170 132 193
170 237 222
380 375 83
262 231 283
192 112 382
155 158 230
258 183 180
377 266 348
138 353 295
264 210 329
328 168 99
300 176 97
79 40 170
57 20 372
117 215 63
17 57 407
266 211 403
391 283 7
402 17 363
313 157 413
149 335 87
59 330 100
371 54 134
383 28 129
110 151 147
227 2 113
382 248 136
331 300 397
73 169 415
335 101 86
261 149 128
137 237 235
169 68 415
65 393 204
367 180 347
318 311 154
238 296 303
419 182 297
334 99 205
70 32 252
311 62 419
65 46 185
351 71 335
89 215 233
423 298 18
314 33 248
8 205 262
252 79 290
265 416 257
307 192 108
71 156 279
319 253 44
400 291 444
413 366 12
64 141 159
431 365 159
29 237 95
174 418 443
388 33 378
412 351 102
222 206 389
80 388 202
449 264 245
148 134 265
113 389 209
416 168 245
423 15 200
372 219 349
142 225 36
439 158 60
192 219 195
148 237 449
413 79 175
71 122 424
431 194 316
39 223 271
458 162 320
353 429 126
60 280 83
72 265 352
329 213 269
453 217 54
192 163 16
6 472 306
126 314 196
266 69 254
152 335 177
362 446 472
382 186 421
94 480 324
51 339 146
58 82 244
152 246 216
318 368 204
166 245 200
145 421 172
163 420 52
51 487 390
144 451 453
198 213 71
361 26 350
210 458 489
340 49 364
225 62 60
332 185 394
467 147 164
401 282 498
430 209 330
183 83 294
245 456 303
411 334 255
85 409 324
359 341 328
318 454 175
174 383 26
341 132 13
243 316 181
309 234 259
326 372 128
110 465 85
162 293 262
117 122 273
107 17 63
232 364 446
423 290 59
48 273 197
489 212 253
486 457 161
418 372 397
508 416 66
306 69 109
466 85 436
413 433 117
91 163 339
449 384 136
3 205 170
446 418 17
8 326 114
442 239 345
144 414 449
195 426 372
234 199 530
135 457 51
376 196 188
41 420 324
284 288 320
389 257 238
27 390 96
471 33 98
65 423 507
124 55 339
521 185 12
131 341 262
331 44 530
39 2 161
24 356 291
265 328 80
482 340 545
176 536 550
429 458 484
15 428 466
34 108 412
356 490 259
558 106 502
521 261 521
37 278 533
457 83 556
116 434 10
91 204 56
136 444 438
482 250 558
385 119 175
511 358 130
216 48 449
108 551 239
259 315 434
21 188 461
10 563 106
460 380 311
78 216 103
381 154 563
550 528 102
559 377 483
180 296 379
340 138 166
567 511 201
335 275 495
438 304 464
355 359 389
372 2 345
500 322 13
399 16 12
485 464 234
23 574 556
481 463 528
435 478 415
236 426 565
570 474 361
136 8 454
117 99 198
120 586 589
247 28 392
592 567 559
564 409 478
290 157 211
84 540 228
379 506 190
236 450 211
528 601 216
248 536 163
583 307 163
207 53 541
482 242 379
152 50 592
243 547 309
163 287 161
6 92 457
260 429 246
329 263 438
300 259 336
508 603 289
184 226 88
467 52 428
420 283 104
412 288 487
61 276 527
126 73 289
619 569 424
252 433 236
418 222 501
31 609 471
320 236 267
147 101 1
68 297 530
170 331 393
67 514 46
383 35 86
445 117 474
565 88 479
619 352 184
185 499 614
125 304 130
235 354 146
371 163 367
301 109 568
491 462 297
473 455 339
507 68 278
206 182 364
479 27 629
593 326 172
321 636 139
266 38 388
323 28 438
97 613 507
165 58 59
528 593 635
289 256 612
574 234 610
319 142 44
452 632 563
331 64 209
389 582 469
136 97 261
648 465 191
570 561 33
348 289 5
564 534 648
39 113 528
455 235 362
228 46 195
341 533 58
586 15 55
58 258 150
394 149 418
396 595 419
86 158 148
660 219 558
460 352 452
492 548 379
416 297 247
322 550 110
412 294 213
75 634 536
266 124 213
615 27 554
92 612 72
233 511 413
138 348 206
547 236 76
11 433 642
591 373 358
432 414 253
467 543 16
312 259 686
617 248 224
105 259 195
128 412 145
216 307 309
451 212 244
453 614 275
286 261 569
181 122 458
245 39 600
126 337 699
327 139 294
243 482 120
415 357 664
241 304 541
426 96 29
85 277 176
572 550 520
698 660 488
606 458 50
355 292 627
263 695 540
692 172 605
297 633 600
459 516 74
161 637 440
574 520 537
258 528 223
364 620 244
202 370 231
510 76 712
716 413 180
330 90 279
684 417 177
460 226 704
593 323 642
260 334 356
612 689 684
13 724 150
683 674 283
413 134 270
489 541 319
362 312 346
623 176 393
141 428 393
336 525 708
292 55 691
400 236 735
581 133 138
623 398 99
72 224 692
390 106 137
404 82 567
454 732 170
743 460 150
582 489 269
59 594 487
284 677 249
89 1 22
286 263 678
652 104 389
488 0 108
635 407 265
556 457 428
693 639 565
741 369 713
160 190 96
248 534 691
565 115 28
633 497 649
624 602 711
735 214 510
502 257 726
648 536 596
338 69 197
419 479 576
357 79 720
128 299 513
212 637 455
243 632 511
479 588 29
15 498 454
160 53 322
471 754 157
635 75 706
102 673 139
30 438 594
208 677 603
752 723 655
216 341 648
307 253 510
89 326 605
167 482 7
283 719 531
502 415 571
310 156 750
423 315 26
484 546 31
716 215 257
341 575 687
622 390 327
58 388 182
554 558 750
189 10 248
647 459 622
23 540 424
222 92 727
257 175 215
674 637 266
127 436 386
415 319 76
723 203 425
320 716 196
711 540 83
420 634 87
96 365 98
279 6 266
192 248 134
778 601 61
324 98 564
19 379 520
120 354 510
235 183 737
432 591 366
748 617 103
419 297 156
800 96 721
226 389 108
96 383 810
669 543 649
402 4 309
781 278 728
152 149 548
362 598 593
515 500 370
786 538 716
560 435 97
522 151 43
212 150 218
701 262 630
441 748 421
787 296 142
213 132 274
390 647 127
193 708 827
754 117 336
23 616 160
511 645 266
135 165 301
454 136 435
714 721 89
633 475 79
820 544 792
604 378 140
394 344 753
215 189 140
188 825 390
564 646 683
576 847 793
433 597 433
156 665 237
582 326 581
112 84 526
131 702 700
553 285 535
431 681 495
279 127 52
449 121 160
206 263 31
280 614 319
577 129 136
591 676 326
175 656 116
649 547 678
667 471 498
226 411 761
709 282 427
459 391 130
697 272 256
160 354 112
6 155 561
91 676 838
508 437 75
289 232 667
778 744 481
183 654 74
21 288 705
349 304 576
419 407 295
588 236 792
732 26 345
566 406 323
39 706 848
283 417 560
773 649 478
151 135 147
40 598 177
197 226 437
1 239 452
592 181 651
739 680 107
789 816 520
810 566 320
356 508 437
476 205 704
777 673 386
623 424 786
106 361 104
537 62 502
123 746 132
573 323 739
702 472 663
341 392 195
256 382 885
204 526 128
561 593 72
688 337 849
603 838 597
798 461 308
839 98 860
742 344 482
270 714 732
450 882 282
261 634 519
545 559 367
697 24 251
324 679 733
213 730 272
178 547 349
619 426 640
755 42 693
573 199 447
421 873 484
96 166 921
740 50 841
63 694 212
328 116 238
882 638 266
485 749 799
856 162 235
911 577 490
419 841 271
293 612 832
536 917 514
389 595 669
921 395 421
866 466 551
634 265 147
503 122 63
789 552 711
58 186 217
388 4 377
612 779 225
133 900 302
163 720 57
750 426 568
895 730 179
275 835 606
755 234 864
461 36 261
473 456 755
109 44 311
828 895 293
410 184 464
132 805 375
20 854 461
123 57 929
786 618 851
916 246 450
220 378 593
781 430 335
829 733 960
108 784 920
703 873 566
12 586 317
29 459 633
623 373 552
530 264 787
11 489 481
555 658 365
521 274 59
376 556 750
610 866 389
642 175 868
792 162 765
738 829 439
812 381 940
241 196 519
706 851 572
612 629 670
111 135 444
301 973 393
827 717 110
116 248 62
65 144 248
241 617 199
197 944 595
260 903 305
258 385 947
783 237 591
368 20 151
291 475 134
90 626 656
773 514 653
692 343 573
370 901 821
679 826 568
801 353 682
586 378 79
30 610 582
713 151 70
218 785 589
620 452 857
278 807 875
828 690 768
941 13 272
38 694 988
159 809 239
4 736 49
483 448 149
658 534 981
683 172 668
328 854 612
605 310 177
868 642 166
362 704 501
641 722 236
909 341 611
266 680 214
729 68 125
18 722 180
317 345 215
489 18 742
17 996 483
12 885 24
915 465 757
757 634 760
998 536 100
483 768 178
921 374 852
553 173 323
576 180 251
427 243 672
443 1012 613
360 112 694
1032 771 881
971 560 809
116 967 192
398 858 584
945 358 93
797 158 523
867 27 626
237 345 730
372 1018 276
431 173 848
636 952 406
170 289 461
134 212 504
631 499 416
717 785 283
875 135 531
377 547 102
615 538 60
330 10 680
750 479 551
372 677 101
339 372 568
555 335 876
735 220 141
358 216 177
609 654 1051
482 872 885
309 126 337
794 607 713
796 298 222
13 694 26
543 733 242
43 707 929
941 596 590
7 420 639
521 89 486
766 347 442
936 330 220
606 112 767
421 318 498
127 373 727
261 313 478
389 59 852
128 44 471
461 942 351
253 615 289
286 299 792
283 81 403
205 209 945
886 278 90
875 895 747
306 923 45
582 385 828
656 97 696
281 687 807
44 545 408
463 984 174
364 16 244
721 814 139
446 410 158
222 901 383
243 1038 530
372 502 375
453 587 225
642 526 306
409 377 624
1056 268 782
583 315 72
167 979 1065
583 731 950
82 827 378
341 342 914
633 231 739
59 646 166
102 856 715
126 864 403
69 867 229
959 218 364
711 926 851
246 197 760
547 895 859
1112 1096 183
1039 362 1002
415 870 281
437 806 107
142 459 76
903 1075 728
756 499 953
450 41 1066
639 61 1026
542 778 407
946 812 697
124 593 1108
413 176 612
88 92 596
775 912 975
1101 767 672
362 981 875
687 1132 589
62 514 769
1100 850 442
700 1054 135
434 647 839
297 217 897
1078 924 104
378 298 822
760 609 355
750 253 1099
992 489 871
1018 811 66
812 647 239
404 173 1103
677 131 991
1064 3 127
1122 886 920
657 729 685
1134 641 694
192 36 295
839 829 519
601 6 403
1018 918 438
965 622 926
163 878 138
583 549 33
210 751 1157
82 901 765
888 314 69
79 700 628
169 794 36
61 176 484
742 111 371
334 969 748
63 814 204
867 296 427
170 68 587
812 1111 132
477 937 470
729 1157 587
666 323 246
151 735 206
916 921 806
1020 480 798
819 303 349
690 633 544
937 404 60
333 1111 990
367 461 943
630 1170 417
847 842 201
480 6 371
562 854 166
855 72 241
92 847 999
1049 1113 760
732 497 1116
1022 993 34
286 990 553
832 584 605
749 1094 405
734 275 262
930 972 463
674 201 1187
1030 141 151
610 1014 331
250 772 1015
997 164 75
447 866 730
29 809 668
181 454 742
207 186 643
963 77 920
218 632 88
171 936 1061
502 691 1109
255 56 955
1018 164 11
1177 342 1014
1201 823 39
503 373 308
116 673 674
240 614 1154
932 176 632
1171 694 977
23 646 528
332 124 436
921 170 261
1107 346 470
887 132 895
874 389 64
111 915 498
250 947 641
883 367 792
723 351 409
507 61 224
159 404 63
335 542 972
932 608 861
378 1164 482
368 676 995
155 477 427
627 462 160
137 164 576
506 850 61
216 994 595
729 345 41
393 216 520
1234 484 478
457 90 209
868 779 1046
906 1197 754
1210 375 801
520 641 1132
875 1198 299
1067 211 991
227 127 277
103 1215 1082
26 692 647
966 206 38
440 872 492
158 887 707
1171 745 373
894 6 1061
1139 935 490
935 248 665
691 872 893
801 110 558
1048 37 677
1258 287 719
397 1098 644
313 23 212
1149 424 518
975 1221 664
1086 480 588
215 291 1186
553 1032 1168
1014 560 911
283 97 275
864 1154 607
505 554 228
1092 58 399
63 823 244
135 861 33
692 1222 980
1116 1022 529
1182 518 1062
326 677 344
1060 910 606
243 75 106
221 1241 75
851 874 877
262 1179 477
743 126 143
930 980 1145
848 1196 1048
1130 98 489
977 518 98
413 347 349
129 88 26
791 1015 1213
1153 618 1090
1007 950 736
765 697 37
669 566 651
900 796 167
559 227 33
881 616 919
133 139 1143
558 159 1114
652 632 807
204 1214 655
823 151 892
84 1181 20
78 848 17
574 843 81
674 824 25
423 504 1067
1059 288 97
830 768 67
900 435 570
1082 1195 493
1220 673 1314
257 1235 405
1114 473 61
557 1030 284
800 647 851
489 54 195
399 563 601
596 773 746
348 430 163
1283 1092 153
886 133 464
982 188 374
535 398 86
1125 1034 380
733 288 839
797 852 1078
808 233 972
95 675 419
1235 242 4
467 261 662
867 686 1306
819 674 144
1315 664 538
339 649 348
954 467 814
1023 1128 227
1232 1130 720
665 704 1051
571 1121 340
588 1105 910
1108 852 1301
1212 1344 761
1140 851 695
913 401 739
741 1003 1147
266 93 725
545 1024 696
819 601 571
743 579 101
1319 210 679
1061 347 498
851 512 989
1175 1156 1347
1203 442 300
697 831 44
166 720 1002
1240 330 987
1209 952 137
1104 361 549
243 1304 369
762 929 157
33 649 486
970 147 1123
562 155 60
208 915 1334
1232 192 483
53 845 758
612 386 48
519 1051 1011
761 16 963
303 589 1106
824 820 974
1175 483 480
557 409 760
1083 309 831
317 1010 313
840 1171 1021
575 75 571
1182 941 1233
153 759 173
979 24 974
1042 1117 1059
617 860 409
960 919 260
509 115 1152
695 1334 610
723 946 1123
186 1175 238
1316 872 1272
469 983 692
108 207 101
1058 1062 34
386 761 155
205 1126 451
522 510 558
1029 11 772
869 1096 69
1 982 276
1108 923 656
823 1212 435
1181 12 592
1214 1083 986
450 641 1211
230 495 294
154 1121 106
491 1270 273
571 464 113
203 881 670
427 359 1374
480 1369 217
1295 668 1183
200 500 744
886 28 496
909 274 744
115 320 145
214 513 718
970 1052 1047
1157 79 895
1085 1126 601
945 255 613
152 678 706
752 1355 1424
1137 1331 1021
300 1162 392
1362 597 748
332 211 1191
664 1072 70
800 160 843
211 642 283
1429 548 1272
64 262 668
752 518 170
787 108 805
1358 1122 882
1096 1289 255
104 701 983
938 162 991
146 1001 1155
1098 372 694
1395 1181 1071
21 460 385
873 1229 576
1125 1008 1281
1374 858 1237
113 523 188
1204 481 690
557 1126 787
915 416 1390
377 822 624
1248 227 708
1269 239 425
21 1176 169
773 1179 173
742 828 1004
952 320 911
1043 393 467
1387 285 1409
156 931 16
159 626 674
180 787 1171
1318 560 482
339 52 357
329 1424 1045
27 441 865
871 939 548
1203 842 454
1258 944 306
610 372 995
1103 1351 321
1355 846 1018
1377 1249 370
749 960 836
992 1417 563
858 1273 1430
560 695 579
157 796 1030
405 1334 539
710 378 597
985 71 852
1385 790 357
1312 253 641
1475 470 1067
864 442 619
300 780 1475
424 886 1258
320 1430 610
1153 840 708
610 786 1451
1403 786 1388
13 1432 1368
796 436 951
105 569 633
700 1129 912
1483 1206 1170
8 1267 1301
562 175 1054
492 1451 1207
411 534 575
1051 455 169
82 1481 829
1121 1450 1108
686 1324 372
1470 538 77
637 1485 219
204 1297 721
656 608 1096
912 188 1339
62 1444 480
565 49 734
241 101 178
228 437 837
486 1059 277
180 542 260
183 1453 365
143 1200 1316
1434 869 1131
1424 1051 587
855 1122 47
1271 325 790
1463 1190 802
133 109 512
534 1175 172
450 120 918
1002 1378 899
1005 1117 205
614 287 1140
883 782 1139
1522 463 617
1490 334 394
1159 955 1081
286 339 149
268 199 104
458 1010 107
109 1056 658
571 386 998
488 1189 1202
227 1511 91
1400 1267 17
448 1392 422
1345 566 1079
708 713 372
110 1321 1303
934 1381 490
608 1395 609
745 90 141
90 1406 160
1183 467 331
1178 446 470
393 692 725
1336 906 497
1048 181 576
923 192 712
888 1067 822
74 1405 1306
774 1521 1095
759 1519 1027
658 643 1396
1520 581 610
729 593 257
544 332 549
1454 1284 621
692 603 1165
1133 1256 198
725 1459 1023
126 236 897
1012 249 1376
363 1392 289
1478 849 785
966 1045 649
1056 619 283
1524 1173 384
671 118 322
1306 965 1075
1458 53 717
938 624 1148
1109 358 220
402 1148 163
388 26 126
1120 350 658
1293 1532 705
770 707 1024
1361 129 197
292 72 1113
560 349 1462
1414 1059 1112
435 1004 1534
662 1578 312
235 238 262
1004 1495 961
915 921 1090
641 524 895
517 1145 1399
832 518 532
977 983 287
323 134 1498
98 355 1460
321 1396 301
537 897 1493
1485 1069 1326
702 633 1463
387 425 885
250 1073 1017
1232 631 753
50 528 1245
508 1483 147
887 819 1202
527 634 1585
246 986 14
1180 214 876
1019 1180 216
176 354 1487
812 940 29
908 98 1396
126 5 1020
655 251 870
1203 242 1572
840 1169 1082
9 1002 786
1133 1489 341
1460 97 706
942 755 1267
614 747 382
624 80 1244
748 399 45
66 515 787
1352 1519 1459
114 892 592
1072 22 1464
934 127 1210
1017 1389 726
1087 1002 548
1290 827 306
1560 466 411
588 302 291
891 750 1406
297 240 1451
24 459 1596
1110 1399 240
1633 384 1040
605 1110 1477
1477 1066 847
1460 647 1254
1636 1356 1392
237 133 1559
1615 1453 431
315 151 1211
228 1431 697
1325 177 585
653 419 433
269 1346 88
220 377 1399
991 1314 1400
1291 1369 1335
849 1349 1123
601 1208 1246
1215 1020 238
753 986 437
393 1486 1402
1641 1413 1597
1162 1624 1418
1338 1549 387
676 368 1305
728 1437 1428
384 1505 1116
1572 1384 1410
1574 1233 1586
1454 1518 1399
836 1042 899
225 508 891
1644 1114 676
1233 254 1188
1174 643 193
1319 1641 246
1061 505 1647
842 1227 1124
1302 295 1678
1327 1579 1291
532 1573 675
684 1108 81
12 883 320
1060 1200 33
653 456 1116
1115 317 1036
489 1592 1417
1066 628 1171
524 1507 747
1287 1393 156
746 1514 452
684 51 875
1580 8 340
1467 1059 210
351 946 1607
452 1679 1039
484 1364 115
695 742 1270
1259 754 1380
97 446 562
1356 514 1284
1271 1267 476
172 377 916
1643 500 717
1086 675 157
236 1481 804
1549 97 1673
1046 1423 48
1024 1325 291
1262 1169 1071
354 535 304
382 837 389
1183 1457 1087
1504 1203 518
944 628 155
132 771 965
235 355 1682
850 455 192
227 1139 252
1629 1470 1242
1611 1540 415
142 855 1066
1227 1415 662
577 1301 1452
23 712 1498
1350 816 1188
1422 1188 1018
113 844 656
1117 27 901
738 1544 1435
1040 1239 939
1669 1239 963
863 952 792
490 0 591
1651 843 881
847 320 717
1189 810 298
1543 1221 1397
1211 550 1232
1094 1718 1443
1299 1524 1684
1530 721 718
1474 312 1461
670 444 452
881 859 1105
287 106 436
1469 1004 885
1127 109 901
1680 1478 649
739 1342 219
338 564 1226
1328 1156 320
75 250 1457
570 673 1095
1668 207 870
351 130 46
886 1148 1436
1725 800 1608
779 140 564
401 797 1257
120 1104 696
516 611 420
559 672 1221
1422 1762 1014
1550 692 713
1698 207 1038
1624 286 454
92 316 795
899 200 290
0 552 237
1375 911 147
1073 1557 180
156 1087 1447
313 387 271
1756 649 230
855 531 1670
1529 1607 411
1167 671 1167
1508 100 1716
1471 1680 1114
1039 175 1166
806 25 407
1575 630 36
829 528 1218
456 667 789
1069 1644 1082
1334 82 100
1189 1274 1468
7 1415 1383
277 1198 757
279 1068 464
1599 1690 654
1443 115 54
1143 527 1756
259 19 505
1066 131 655
1017 1302 925
128 1436 1212
12 1189 1368
1699 513 902
1646 922 1412
21 803 77
1275 1709 1574
1595 368 948
1095 1741 1664
1220 1571 1106
372 1058 721
1005 412 533
259 582 700
1001 1396 538
709 397 480
975 485 1655
1483 1588 1246
80 81 1310
1030 1657 578
1196 1668 339
1697 1324 1697
433 1405 9
65 498 1079
950 912 1718
1387 1168 1704
1795 1519 481
347 1315 107
1536 514 1125
662 336 1660
1130 502 179
155 1775 1526
527 1618 1045
801 1751 523
40 542 40
964 787 1619
942 515 843
451 1258 632
1372 1524 1373
1003 1776 1558
1434 632 1224
987 805 1833
1408 1548 1790
1680 1678 372
110 735 338
1096 813 592
74 846 1527
1644 161 1811
864 1002 898
91 1569 487
1139 1607 70
958 933 942
420 1420 23
977 884 1019
1660 829 143
1675 574 1819
1015 118 36
1446 1445 1036
875 922 772
896 870 425
709 142 339
1384 622 558
1635 362 1482
55 1433 710
1331 453 613
860 1240 1701
415 598 432
632 422 1190
1076 294 158
1335 1423 376
287 232 1750
1499 212 255
1432 1038 703
1516 927 1068
1649 795 649
1145 65 1261
752 803 256
829 668 1404
1272 1214 482
144 495 863
479 1314 212
454 1185 320
1821 712 927
578 416 1225
1738 274 443
1848 1291 987
246 29 740
1808 416 1229
699 717 693
570 1378 1816
758 1783 274
495 1329 581
440 309 691
402 987 1640
1480 1782 54
610 1670 6
369 1376 188
1404 1820 834
1318 185 1057
1388 615 844
673 507 1735
1693 479 192
390 1142 181
1572 1625 1307
743 351 1448
764 555 1009
1768 739 164
353 208 72
1437 747 8
578 1374 691
63 802 309
1738 1319 1118
1450 1291 819
942 583 642
1606 1596 1725
252 1298 1776
321 1360 1406
1623 1039 1608
965 1396 1594
766 405 59
707 1604 1483
101 1070 1604
1634 753 1342
345 733 823
1913 1842 547
1894 1674 101
521 267 123
1624 145 1522
416 927 1299
1823 368 698
1813 1635 1902
594 978 1425
764 817 1199
1810 950 730
1603 1190 733
1021 400 155
1352 410 1273
1446 685 1870
324 1641 1548
1179 1555 307
854 106 1489
1298 95 748
485 438 1447
1836 1621 1927
1643 234 1462
1808 693 502
1445 702 1177
1833 1018 348
1578 1942 647
626 1251 1085
699 174 353
613 358 1696
753 626 1620
1898 221 1312
1396 1426 597
212 722 492
531 401 77
976 1769 135
286 1823 922
779 1801 1098
1072 1425 73
488 662 1417
228 4 462
1595 246 836
1680 242 237
1895 734 1288
1203 1596 1856
488 1860 336
297 867 1401
1920 1909 1434
1922 1119 869
1240 922 1691
569 739 1174
556 1301 437
1167 859 1795
1297 737 1570
1951 630 415
29 258 758
177 1224 1386
859 161 1094
1825 1352 1498
696 1382 466
989 1276 344
322 1471 1455
1867 884 1134
21 543 1579
859 1772 1961
282 1168 1505
941 506 940
1963 1643 522
606 1515 46
286 1683 1306
131 93 532
1278 1253 1175
448 1467 559
639 294 1008
359 218 178
1097 1107 1291
1 765 1525
1988 1595 632
1163 651 1611
335 1093 740
1837 685 937
343 550 447
129 1484 1709
1899 1980 1174
181 1291 776
1911 1643 1874
1519 495 222
1502 1070 1673
844 916 1898
1054 1688 634
1972 337 1421
970 537 1305
1894 794 969
532 916 380
1844 106 1928
536 1822 1901
1748 85 545
732 923 2015
236 956 944
756 1607 1059
1254 1784 1407
1066 197 296
360 1719 1640
89 620 1531
64 895 884
1804 180 557
1540 1078 1924
475 1280 289
1391 1001 510
1724 103 373
1345 86 372
1970 1282 1024
1413 1006 1509
1895 780 1941
1519 1642 313
1488 2030 590
1167 1415 1839
1750 211 544
1560 856 497
202 926 1895
1318 1514 1666
285 1726 1354
517 59 1446
1868 184 946
989 477 292
1523 176 2004
1288 994 363
1797 1510 242
1356 1008 1991
311 416 997
697 1994 1818
1262 287 966
1487 2039 1110
546 742 641
1545 1202 207
1498 1386 1460
933 1347 807
276 1964 526
1688 455 822
917 475 720
1665 1989 88
114 396 624
689 1264 648
541 1645 297
705 806 999
397 1436 1935
1880 374 1703
2010 1196 1409
892 113 1770
1039 259 524
978 952 2007
278 266 307
1006 1944 776
732 2007 115
848 66 2021
660 1734 17
556 1894 90
1063 1719 420
240 1857 1462
2065 217 1469
2005 1808 1280
1018 789 862
150 134 1657
1253 1717 1068
917 1 886
816 1268 583
802 2045 537
1937 1973 307
1228 1159 838
2086 1105 605
460 894 1953
367 1462 325
727 1894 233
130 1423 319
1326 1420 628
1105 1185 782
1616 715 686
1528 1910 1617
1349 205 1183
53 1334 147
52 1315 1013
1899 1482 504
1477 1446 1314
351 877 553
943 2090 816
1077 1099 1323
1198 539 1816
1180 1414 1062
2100 669 200
1156 618 420
1928 1157 1349
1493 1731 185
752 1037 1609
1379 1310 1567
1069 1178 1886
389 910 204
688 414 1193
402 1144 1348
298 740 1641
852 1323 1464
844 275 1185
2027 403 498
1404 10 384
1297 524 1194
582 242 1232
1965 2099 932
721 1887 1808
751 1828 1649
1436 169 412
1390 447 244
1004 564 2098
1503 167 1315
157 132 1184
540 64 1309
1771 591 120
1373 1099 1445
1470 1844 1198
1974 857 1470
640 166 431
585 1561 1170
1411 528 1965
2093 1224 1825
1355 360 1507
544 2081 66
619 301 244
421 141 204
1896 518 1451
1880 1773 1692
2118 2131 278
1073 1522 1966
1312 878 773
836 472 1263
1371 250 1643
860 759 1370
951 2127 138
498 551 2140
950 1498 2001
2112 1240 66
569 136 85
579 1832 410
2041 1639 856
1849 2056 430
2031 2151 1357
989 881 465
1157 795 1305
1240 1323 857
1349 312 265
766 627 1698
170 1402 758
820 1409 43
171 628 1923
1082 2060 764
1899 1106 263
528 201 693
1703 1559 568
936 359 448
408 294 511
113 1665 809
1987 1147 1420
1347 589 503
1843 374 204
1564 540 287
889 1000 365
1203 1943 2081
1264 1255 1104
1346 1970 1147
1950 522 1817
1213 1092 1156
503 1895 1200
1806 1198 1846
356 558 1040
161 415 642
1355 1757 825
114 1689 1231
77 644 2083
1341 1994 1947
1023 948 1415
1718 207 871
53 1089 1290
1037 2056 993
1483 1591 828
641 330 67
1105 2060 1020
1432 2128 172
1203 791 751
1798 1912 117
1730 1692 1880
1193 128 976
862 815 1531
1101 630 1025
568 89 130
1413 516 1567
1036 700 633
1054 630 401
755 272 916
1993 503 1377
22 89 1009
1459 900 143
951 1981 1643
740 721 1890
1070 1859 1910
1247 585 1566
1849 1623 1707
1707 148 529
179 1051 1401
2096 113 27
829 1982 512
1345 746 1873
1358 1640 818
520 59 1908
616 2150 2161
2047 1520 217
682 1284 896
499 1218 660
527 780 183
1017 821 459
1724 390 1834
2092 1974 1457
1111 1939 1099
1582 1166 6
615 1256 827
477 1284 881
1068 866 1417
349 1815 985
1584 811 1613
1860 169 658
20 1563 1196
425 1150 1012
1733 2232 1581
854 747 663
2056 1117 748
2085 399 2199
1489 2057 1051
520 555 2197
1389 130 1851
1510 604 1178
518 998 1036
1713 595 290
278 1076 1131
2015 473 1074
495 1506 1311
1278 771 1514
1158 1739 185
1230 1516 252
1011 2168 2091
97 1434 1851
587 93 628
49 1411 634
1243 829 1797
1078 245 1382
1009 1119 1280
1397 2130 997
2065 1639 111
506 111 249
726 1271 87
2052 1921 1338
1686 1325 1608
316 1027 2123
958 672 2038
1642 1136 439
733 1387 508
2118 1713 732
158 453 91
1938 634 590
1730 2114 602
1056 329 502
755 164 1104
1779 2222 1423
352 1291 1328
1678 1704 2154
528 1764 1338
302 1001 401
1742 1214 1160
1073 1080 1591
1157 1508 241
968 1673 2061
443 577 888
1861 547 3
2173 1436 1913
1326 500 1204
1008 907 387
2202 538 1122
2244 1431 106
805 1726 319
1097 912 255
89 384 877
584 707 1830
1918 1980 889
1721 1982 1734
549 1216 118
209 954 917
671 2256 41
1179 1756 1336
117 2188 7
953 2271 927
1953 1644 1039
2028 483 1630
50 524 1148
550 1757 182
464 419 93
696 1386 2033
473 1582 896
930 991 2264
2260 687 2149
1556 1070 187
609 371 24
553 696 2092
803 2264 1781
1823 1257 88
1000 618 1496
1526 1252 276
923 681 62
165 863 1201
1830 1918 1353
1331 792 973
1250 1836 1126
1163 1817 1431
1053 1744 1936
690 1249 1902
306 172 109
2049 2167 421
45 447 747
1504 1030 2089
587 1647 729
719 2212 375
875 226 2094
1203 2343 1747
1158 1467 1861
991 961 1996
1466 5 1578
2167 739 267
2341 1547 754
1817 1370 1656
440 468 2080
1918 1442 763
2143 2274 2105
788 1768 1166
2037 1185 1225
2154 66 789
1573 1170 1642
1076 1710 369
1178 639 1029
1272 1339 1790
80 1500 1696
1239 1911 427
236 1575 1983
1135 1878 775
516 1101 1450
24 941 2161
396 871 647
1049 1279 2323
1597 2223 1631
1856 2113 1681
1160 736 2329
2209 1456 1165
1541 1152 1005
890 2143 1360
1524 603 1326
498 1382 1456
2069 762 793
2079 686 1091
1392 2018 2063
375 1621 612
1435 2324 975
273 710 1879
1287 1191 1287
1857 2142 575
468 1786 715
932 2236 501
107 1587 1386
998 2129 756
1807 1980 1433
387 846 473
2250 943 2023
1925 1552 1803
1329 332 1632
760 1480 1034
96 837 135
305 2020 595
2186 131 404
2132 409 256
242 682 1859
639 1855 1511
904 1068 166
1020 1738 1295
1070 108 924
1328 401 998
1592 1172 768
1489 1003 1644
1226 1579 1060
25 883 709
269 1846 1727
1749 195 1836
2082 2228 1187
2286 243 1414
1262 1540 809
954 1204 1872
1105 770 1522
521 1956 782
294 527 1973
1366 1291 6
1864 1681 1993
2031 1980 2356
2168 1495 2081
666 1716 845
752 1170 1103
1793 2091 329
2259 1132 1892
484 1608 2299
1726 1713 193
341 1749 1964
2233 1530 601
807 1218 2405
1259 1537 1356
1013 1389 1515
1744 1561 2337
790 810 1233
1127 40 2030
1088 944 1163
108 2426 2426
1040 943 1604
1024 1235 2140
2289 2392 262
426 1473 852
1771 292 721
1105 1536 2021
1555 1429 2436
419 1113 796
1749 1618 161
2390 685 1724
1665 1991 1080
264 811 1123
604 1660 785
1670 437 2143
1805 1232 590
526 320 820
1778 1771 1911
249 757 1140
1908 530 1867
1236 62 420
762 2376 1498
355 2393 1209
1614 340 1174
2147 913 693
1117 573 185
1612 344 898
110 810 2
265 2379 528
1295 127 2032
826 1088 1289
1136 166 1376
986 1225 952
1718 1135 1140
1301 813 2229
1188 1052 2314
666 1407 1555
2392 350 24
1842 1239 936
2210 39 2431
1217 383 449
2199 351 1153
1787 855 735
246 2057 2017
1594 80 392
907 2001 461
1747 1725 1957
2012 1587 2019
543 70 177
1446 776 1549
184 2015 2247
316 628 602
665 1172 974
1784 764 1731
1081 576 2040
1607 625 1855
1662 1082 98
460 520 1668
750 1756 2138
1386 410 2399
1040 2297 759
1936 2437 2027
1275 1036 2402
2338 1374 1285
333 2273 893
1911 2188 87
1050 206 795
2059 1583 422
158 61 225
2282 1863 2155
1576 350 2437
2181 415 246
1954 1295 2129
2204 1474 424
1622 2039 1084
151 174 550
5 1303 1197
2258 89 1515
1744 114 421
1268 1393 2268
531 80 2444
642 1193 1102
578 667 172
1414 166 1122
564 1374 258
1181 257 2179
1659 2181 661
1110 761 289
423 466 368
1283 813 2110
1468 2409 2268
2131 1026 2271
1609 1005 1478
304 2140 1618
681 2317 272
291 2033 2380
476 1169 2437
2420 2153 1436
1792 1291 1585
2473 1146 2005
74 297 50
2274 2000 928
1227 1130 1663
2299 728 1103
36 181 1115
2332 1573 678
198 1369 244
1443 817 964
853 45 48
1962 1494 354
2121 1507 1609
953 1469 85
309 1135 1518
2005 1540 250
1443 1912 2476
405 529 412
2499 427 1690
1588 1979 1239
605 58 117
1388 317 2037
1774 100 355
1995 2319 407
740 2208 594
1191 2273 2047
1677 792 2392
2037 582 1537
1762 252 1650
2320 1044 421
1630 2034 2014
2237 1437 2102
2264 2347 2518
1145 807 1300
2296 960 1655
1951 1920 1842
1338 1604 1709
1857 1778 2007
1182 1893 754
1535 2247 1440
745 1043 2277
699 1996 1183
343 2328 2288
247 664 1052
84 2294 754
384 798 2099
168 1800 1879
1264 1587 1540
1895 251 199
1804 361 2186
1870 738 178
2422 2545 619
1384 1380 218
2399 1901 333
645 509 2158
785 969 2088
2558 1806 2233
1530 1112 480
114 1451 1295
82 1671 2202
374 1780 2314
1925 1329 976
2424 1978 1283
1440 1464 2238
816 121 244
22 2306 2302
1443 2095 1206
1602 470 189
1899 259 2029
663 1547 989
1967 325 404
44 1629 1930
710 1110 1333
67 618 173
275 734 1832
1292 147 1312
635 2190 134
1933 1904 245
1446 1462 870
1261 782 2526
1948 1569 1967
732 1437 986
1828 1566 833
803 2288 1301
1263 1221 2111
1553 2452 1529
2191 1470 1585
1739 753 1108
2255 1338 91
438 223 1478
2431 1636 1117
1114 235 1792
2474 138 1898
2459 2417 1788
1176 2067 669
2359 609 746
171 309 675
2493 932 788
1638 1961 491
602 513 1676
1000 1189 1906
584 1157 283
835 352 16
1316 1288 2425
1903 1067 410
202 724 2397
1388 2338 1577
197 2536 1481
1486 957 631
239 377 367
1276 1200 157
2577 2146 428
2518 2391 1875
2606 2534 526
2515 787 182
2587 1774 860
2376 2568 1731
1609 2347 1203
2057 657 1595
583 300 993
2129 2021 415
2550 556 1127
1403 1804 2655
1927 2291 1813
570 2513 1430
171 923 2300
539 723 1959
1728 958 232
2526 1743 2086
256 803 1971
561 2393 1637
2105 2118 1135
1908 664 786
2017 193 72
2113 879 68
2572 880 1882
80 1869 218
922 1842 1945
180 1651 2111
856 1630 1941
149 2058 2121
2370 2450 2619
375 27 2529
655 519 617
1593 35 1051
108 1199 1418
2477 629 1192
307 564 491
2185 1120 725
2330 767 2345
2532 1666 393
2298 1635 117
2297 1335 2314
1037 1599 2397
304 2223 1744
774 1125 485
694 1630 668
1428 806 296
216 2602 2688
2107 1159 2324
1711 1460 506
1907 1640 2670
391 529 2438
1287 2544 661
1461 2637 1484
2300 1978 304
1073 2320 2239
2185 654 772
816 1976 1293
396 1484 882
686 557 2225
2077 2510 599
1723 832 560
570 306 1341
2477 533 326
297 806 1488
1478 2460 1519
2635 1239 2108
764 2401 503
2177 165 1724
1181 1244 2260
59 2065 1040
2671 2344 1000
2303 2378 112
475 335 1005
500 1326 1592
1799 1188 2542
303 2300 1308
70 2236 395
389 1342 245
1658 297 1789
2409 749 137
2192 1140 895
2657 1177 2286
1297 2106 1794
1131 281 811
2710 1747 2026
1805 276 1251
654 1849 1927
324 988 65
2412 337 448
1196 686 42
1995 2722 1670
1211 2701 538
214 1394 2409
2438 1404 266
1568 1950 1926
2232 677 1546
1525 1754 1741
2730 356 2581
243 430 1232
1565 1674 1433
2035 1136 1747
1406 2333 1034
1834 2425 734
1407 2143 280
240 196 962
1932 1894 2506
2618 358 1821
649 2075 256
2529 743 532
1208 2526 957
2479 309 1114
2293 2399 62
1972 1355 1704
491 998 931
2338 1546 1380
1582 1800 200
2117 2537 1807
222 2675 1736
888 1493 1175
1763 2033 2454
1344 784 116
2093 543 566
936 1273 273
1695 2542 1590
2027 1709 64
1289 13 2509
1530 2237 307
848 2350 276
2246 1402 629
1852 1980 262
1530 1779 2241
469 2395 1168
2400 715 888
1309 72 775
2429 464 460
348 1282 1843
498 2251 387
2626 33 139
1425 1573 1847
1107 1578 593
1656 2335 160
1505 2206 1715
1166 1281 1575
2062 828 2099
539 2366 2266
215 408 815
2750 1580 1298
656 507 2427
2719 2174 407
901 130 556
1880 1782 205
560 960 1929
199 1295 2520
2296 968 575
201 2120 2166
320 925 1884
850 2801 1107
2798 616 47
991 2080 2587
2056 984 1470
894 302 2483
519 1429 2063
2204 1040 1638
202 1210 1759
458 541 2263
1204 651 1166
2481 879 2551
404 2727 2237
484 2086 1709
2469 431 1911
1362 2752 672
1391 2007 305
499 2058 1575
524 2233 1957
2621 1242 913
799 717 1949
593 454 415
1234 1054 2063
1612 2232 977
1528 386 1300
192 2552 942
17 2320 868
1477 975 1223
1206 854 1280
1136 2514 687
1939 331 1488
505 1635 1314
1079 1626 1269
2091 2044 2763
2576 237 2233
450 1176 2564
478 1746 629
1171 1165 1695
1020 629 2539
1196 2733 2376
1074 1076 1157
2769 1632 468
494 416 616
2039 1870 1093
2262 392 1115
2095 2819 1385
2767 652 1588
2076 1790 883
373 2095 741
2119 908 1942
557 1484 453
2376 713 1121
930 523 906
117 2352 1482
2599 82 211
1072 1556 697
1635 2185 2348
556 70 2216
2359 2371 1841
701 1445 2341
399 111 1142
1224 1973 2492
1936 1709 2678
1508 1805 748
423 2823 8
2327 2487 1842
1730 1796 1966
2549 1461 1287
2218 1429 2484
968 688 2535
1003 642 1778
2554 504 2122
2131 1998 2276
390 1182 119
1260 2095 1395
874 1947 1768
1996 2694 563
2372 35 1221
1844 1131 1783
1414 2731 1389
1331 758 1016
2457 2471 2462
877 1179 2083
1709 1182 505
2265 2370 2154
1129 2598 403
2765 1566 471
1817 2485 1197
2821 1561 207
2110 1994 339
1203 2110 2610
2168 1584 2171
1603 541 1738
1502 1262 1867
637 2390 951
388 830 431
882 1407 2627
2784 1897 1114
2700 1501 1802
2013 1319 415
1579 687 2694
41 1707 131
40 2104 1218
2674 2784 1074
517 1834 67
229 914 493
2504 210 2055
1899 2611 1213
2484 1727 321
2056 2536 2377
2639 998 334
2709 891 2003
2010 911 2242
1881 329 985
996 1796 2330
1925 1701 2391
2636 769 157
1957 2114 1006
454 2879 2726
2202 1073 54
1105 2489 1121
891 2544 1486
916 2867 2244
1837 919 2345
126 2355 1433
1003 950 215
2508 2773 859
1503 2 85
515 410 2903
959 2054 431
729 1872 1974
2541 1330 2351
1352 955 298
17 506 1612
1530 756 2249
719 2259 402
52 1300 645
2775 125 1990
2695 2052 2296
717 1929 1341
1747 1156 1302
1114 1682 1043
1194 776 395
1175 539 963
2335 954 463
1613 2191 2928
667 1367 816
1109 1747 1414
2774 1912 7
346 1018 185
2468 1062 1244
354 346 416
2020 2853 901
490 2221 1680
106 752 1066
172 590 983
855 1017 739
560 492 2440
384 270 2516
1822 1754 1832
537 1242 2225
946 1140 2338
2046 663 2587
884 2737 653
1863 448 2420
2034 2860 2250
934 1962 1279
1290 2486 2848
2707 1512 1880
2547 2691 899
656 153 1646
470 1760 1165
2247 797 2104
1478 1476 1033
1276 2645 2802
2240 1110 747
1975 1650 2324
2948 1250 354
1601 1323 2253
2884 1467 1814
2121 2074 1121
1593 87 2322
2291 350 1308
2162 2379 2365
2113 1094 1898
783 2072 2740
1076 2539 1236
1761 1283 93
541 1699 1216
2763 2941 1139
2677 2340 826
2295 2914 164
1889 956 1882
110 784 452
2163 2284 376
119 2016 968
1310 2967 1650
742 1347 1529
393 2007 2691
895 2250 913
2789 51 2681
942 1650 2035
212 773 279
2467 1361 2949
325 2714 2892
2655 932 1833
249 858 3008
265 2468 1491
2718 1540 2031
1891 2849 1097
1482 1710 2240
1718 894 1474
1296 960 1153
655 1956 2216
2673 813 439
444 2855 143
1520 2452 2823
333 2762 1781
3013 1234 815
2994 678 1621
1141 1513 2388
2890 1432 1431
2679 2917 65
2657 2036 1599
2103 2616 657
2585 259 1150
114 1105 2514
1700 1423 2056
647 617 2749
544 1692 2495
1579 932 1643
2722 1543 1812
1872 2723 588
2832 855 2474
1426 2843 461
1003 2586 2533
2329 2129 2930
872 920 1717
2423 2164 2068
1092 2085 442
1983 1189 2095
67 38 209
2301 28 760
2796 1259 1802
659 309 2555
884 2781 2460
1726 436 279
3018 117 2917
620 2627 2594
726 2802 1535
673 854 958
323 1444 224
457 2224 2875
1705 950 2162
11 1111 1123
2952 2778 1419
2488 842 2049
2122 274 841
1978 1633 2641
2964 655 522
1326 1924 1464
1640 2977 3050
1922 2652 2007
2419 72 587
1672 198 1001
1253 2130 1098
3041 2991 1573
1257 1635 2841
65 2304 29
914 1739 2937
2800 2877 685
2658 102 879
226 2990 3019
2054 2379 2033
327 736 974
304 1680 1969
1001 2611 369
552 2167 2776
908 1721 2586
1244 1311 785
2073 1619 1831
122 758 2243
102 3001 1562
102 910 1741
703 2353 1873
1782 612 2296
2857 502 1603
164 1613 2375
914 927 1732
2473 2021 724
2955 1595 2937
2506 1032 264
2988 914 2156
1302 2263 2044
2892 1981 1708
2692 1921 1389
1053 104 2360
2345 318 1415
2336 543 1687
1120 154 1492
751 1047 48
47 1078 1066
2424 479 1578
27 1978 1473
169 776 2209
1036 800 677
355 721 2178
1278 603 597
1135 1681 498
502 2482 277
1528 1414 2684
1226 2795 1168
2908 368 1337
1234 2695 928
1533 2252 3107
1331 2381 1948
194 360 2855
154 1469 1152
2683 432 1649
1086 2877 1370
563 2915 976
1548 1773 1995
2500 625 599
2966 2635 1867
1043 1809 1810
469 1757 405
3106 1848 2696
1251 2908 2731
1143 3118 2957
638 1910 1467
2914 1448 2206
3057 100 2177
2248 239 1168
2531 639 1465
1645 3034 2285
1094 2210 357
1112 1591 2193
2519 770 1147
1405 1056 2353
1287 898 2956
1502 1849 3073
345 1144 1616
665 689 2212
289 680 2753
2178 1904 2333
1819 2309 2708
865 77 1937
210 1992 1126
1554 70 3017
2457 1625 2300
2586 1832 2912
104 1432 2744
395 2335 392
2084 2047 2470
37 2760 439
313 1012 1142
312 2213 1219
1722 1963 1486
2358 2435 192
1632 2203 297
1511 2415 1835
209 1509 152
516 325 1586
1897 84 2947
1488 386 1090
1509 1908 1502
2681 3039 1802
28 1145 1337
2604 2527 2203
2323 348 85
2719 2738 1986
3104 976 1485
2277 1553 1214
1739 1985 895
2834 1419 2325
353 694 91
1024 1293 2691
1643 741 2040
885 2548 1512
450 2628 1028
607 1211 1963
1436 1425 1978
1914 770 2698
2236 2905 962
911 233 2441
2332 2030 3078
2619 447 3118
1224 2490 1378
2690 182 78
1432 1578 2827
158 1316 2391
1346 377 2496
2607 1052 3117
1379 565 300
496 1625 2591
616 2873 2977
1800 643 3133
358 540 2108
2629 1958 2094
2889 1231 641
144 2528 2269
667 1361 1594
1797 3166 1460
2782 37 205
946 2725 336
2112 2366 524
167 3064 1784
1476 3023 2627
1455 3038 1007
1960 3132 2052
677 1434 2809
999 1452 1989
1986 1928 2186
911 339 141
2210 1489 2242
2823 3174 1288
1978 936 2000
2223 703 470
989 262 2006
224 2485 2085
2160 1879 1950
583 795 1426
394 1324 1178
3222 2918 1555
1960 2369 721
2455 2977 2954
893 2175 788
771 1025 1471
2059 1580 211
2550 440 423
2978 649 2866
2677 1856 3193
2002 814 380
2810 853 194
435 1855 1474
624 1592 1323
1178 1743 9
1622 1633 2966
3058 3017 3174
3215 118 1019
1535 863 1246
559 1108 2046
2127 2413 2162
2197 975 155
2617 469 1120
2195 1018 1564
328 1120 2741
250 3188 22
65 69 2112
2622 2905 1757
3042 2726 2500
1893 1330 819
2093 1845 1749
2705 140 1225
1569 893 135
1975 2906 2934
841 768 2418
1948 3252 3155
2402 850 1194
1098 1622 128
146 641 1388
2864 2410 1631
889 1092 1804
2830 3108 1572
830 1571 2178
1487 2963 1117
1547 2036 501
2635 2827 2356
2776 532 1301
2873 2019 1518
3192 1041 1014
1420 1071 2121
150 1871 1039
2976 1916 1696
786 466 2262
3035 1940 2699
500 541 2097
275 1276 1744
1083 1340 1806
1287 50 2118
2674 2701 3259
669 1521 1033
2046 3058 2216
2176 429 2156
2236 413 3065
890 2775 1687
2338 1439 2753
2099 1892 2722
1723 856 2279
1837 2112 675
2248 1157 1907
1960 494 1510
2477 794 2767
231 1756 637
3008 3008 1057
129 1206 2975
2155 1351 3029
2362 1883 1451
2638 700 2919
2554 99 2725
1737 902 2744
216 1079 2253
112 33 1083
775 135 2602
1526 2065 618
2197 1831 234
108 672 2175
286 1570 2775
33 2893 85
1074 866 693
3048 1369 2174
478 1472 1756
3261 3162 2279
3219 263 1090
1226 882 52
2991 624 3093
18 1021 906
518 239 2965
2420 1280 898
1647 2904 2155
2099 1871 2716
809 661 492
1342 73 2626
329 1540 3088
3021 1234 1646
600 3279 1989
2681 1283 260
1196 1576 1050
922 2001 2612
2773 1428 2133
1858 519 1635
272 2995 2003
1628 2810 2540
1791 350 374
968 3098 3177
498 1359 1574
132 847 1919
858 2797 319
1030 2330 2103
679 3242 2233
2328 2719 258
2088 1745 465
97 2242 522
1868 1177 244
383 987 3299
957 1230 3216
244 1296 2542
193 1462 2866
1628 3283 1223
2098 284 2573
2158 1719 370
2821 921 2826
17 1154 2179
940 2151 382
2296 2825 3243
3291 1684 914
2864 1636 1023
2650 2825 3058
2564 1473 2996
2853 2814 2652
1184 3326 1993
976 1113 922
2331 2333 2140
353 1106 2588
2882 2103 2478
3047 2224 3158
1811 1947 501
2688 2717 254
978 2047 2360
2836 147 1322
302 53 3124
1005 2352 666
2760 1876 402
1937 1984 2677
2681 2761 2268
2628 3143 3003
1330 3314 1259
1129 2020 336
560 110 2072
1415 442 1714
3335 1898 422
3357 775 3104
1987 3150 999
2088 2565 1138
2871 2835 2804
1749 584 2485
2714 1161 1698
2778 737 860
1808 2907 1324
855 462 195
1094 1188 1092
1022 2586 324
2906 2048 1709
3236 1395 930
957 1267 2638
119 745 1473
321 2173 88
828 166 2302
3179 973 1342
888 3138 1160
3282 3109 1461
1073 900 1610
2398 1966 1571
140 2109 1936
3321 3327 782
1828 175 2727
3184 390 2252
489 2536 2225
3351 1710 2343
131 1698 3305
61 971 711
1686 1601 2981
2905 2423 495
2003 1091 1554
757 3360 3166
1870 15 2976
2384 2003 498
2621 668 2497
1749 3302 2944
379 1799 3170
239 1793 1991
1845 877 2737
2513 2091 2172
429 1889 2050
2630 3098 221
445 3120 1868
525 921 579
385 24 183
3299 2538 2394
717 213 1100
2789 2094 2161
2279 2937 1597
1882 536 313
740 2344 2226
3097 2706 1334
1879 988 2602
676 1906 1740
685 1520 2896
3041 1520 1842
2897 98 1380
3094 3376 1697
365 2939 96
2977 2838 3012
1250 762 848
24 1080 2046
811 3352 1027
2882 2392 1241
2071 1908 1993
1934 2315 288
3244 2996 1357
2203 3075 240
1963 989 2843
2952 1055 809
372 1379 450
973 301 3407
1114 2067 1673
3199 2359 673
2888 212 1605
1508 1097 3247
431 346 2787
738 2739 441
626 3285 2455
1456 1845 2720
2274 670 77
2099 647 1534
3281 97 1814
275 1551 3037
2318 1093 2755
2712 3389 1539
3336 1223 1172
293 638 1598
1711 2952 3018
2633 918 1143
2423 3359 1784
253 44 1933
1446 384 270
3466 2358 953
2504 2992 2557
2972 2192 2463
525 1149 1080
1476 1153 2279
1767 74 834
1947 2863 2452
398 171 1414
1324 2209 2706
2906 3338 2442
3385 2973 529
3177 2775 353
704 2433 455
2773 1008 3030
2763 3298 1216
3295 2233 980
2400 2364 2809
1279 566 11
531 2089 2765
2974 420 1019
2432 1433 1097
1858 1214 2451
954 1345 87
1022 460 418
3395 1698 2812
3318 682 25
376 2427 2655
1164 563 3317
2529 586 250
682 3118 1669
440 2458 46
777 1735 13
277 1234 2421
1469 819 1371
22 1783 2167
1747 666 1985
1279 801 2163
1673 2227 489
947 1788 273
3227 1977 3106
402 3103 786
2980 668 2454
1720 1661 2139
1915 1428 3397
3224 773 1383
424 1452 2793
1378 1290 311
3086 3164 2959
1232 3406 3186
2696 1249 407
1563 614 993
3283 1788 3288
1796 3172 38
1006 198 626
3393 371 1683
762 2172 1028
409 2661 1711
266 3293 3475
2446 1243 3334
3293 2900 1551
1978 561 1831
340 2892 2091
2638 3128 941
1475 3100 1654
367 2270 571
3425 401 2490
3427 1241 1885
922 2204 1351
1959 2977 2364
2805 2706 1154
2120 1173 769
1635 1557 1161
922 2675 329
159 1552 1609
624 1837 2834
2108 1656 1707
1831 1966 3158
1938 913 2595
1993 1824 1757
1052 587 2017
1513 1191 299
2164 1710 472
315 768 915
1310 2351 470
1332 2005 1153
894 1583 333
1113 2913 2613
1808 40 2408
619 1971 3232
483 1657 2573
1525 1313 563
13 1934 1696
1914 603 1996
2471 261 3467
889 1098 2608
1750 561 3286
1795 2531 1828
2977 2925 718
2426 2089 3243
1090 2072 919
1498 1786 1966
2244 1736 2839
338 2882 3175
3530 321 1022
2586 3074 2090
2306 2727 1501
3527 3180 3489
2869 484 1133
1614 247 816
3485 3186 456
2594 3499 2743
3533 1406 3233
2947 1575 1099
2858 329 1756
2088 31 130
3100 205 728
1808 2812 34
3545 839 1621
2782 839 2839
654 2820 2997
2683 2093 1386
1862 1256 796
577 1305 2610
115 1662 709
2809 1032 781
1567 1571 306
1853 3066 2980
958 483 2082
2743 2730 1994
198 766 2017
459 3177 3243
246 351 1461
1646 218 2167
1579 1996 1137
1290 2315 453
781 1033 1947
3523 3256 3416
2855 1833 204
1326 1589 894
120 1020 573
1287 278 2349
1381 2295 2655
2725 1022 2984
1923 3513 2123
439 1834 1889
1578 2245 1741
3009 209 1894
457 2064 1944
1765 1500 545
2994 144 2524
3534 3243 1544
2660 516 3186
1746 727 2095
3308 1522 2844
1984 3156 886
1847 2810 2535
293 3151 1693
1673 2805 1481
1383 947 3117
910 775 2785
2408 3360 175
1432 1755 512
647 1222 2269
1728 1490 42
2981 588 392
2856 3242 2286
16 3156 1881
2996 929 2329
462 3256 1713
3202 1190 2107
2888 1264 511
256 941 2699
681 1934 507
831 2600 2919
671 3207 931
3165 2836 2099
3431 1663 500
748 1074 3523
3125 1102 2506
1870 3193 1051
198 2914 2738
2136 2875 2527
2554 3237 431
883 3033 838
3414 1261 127
150 1822 941
1268 2419 503
222 3557 2883
1798 369 3317
816 417 3105
2818 1226 359
3264 2007 3066
2037 2547 2841
293 1677 3205
911 2969 1531
1651 1427 3497
2200 2506 1053
996 3569 1345
3523 3599 2992
2685 457 2668
1341 553 116
2339 805 2623
773 3234 3189
255 770 2288
732 3113 3390
3609 69 152
252 502 1840
1588 3021 1367
3160 2758 3308
2281 569 1238
1773 650 2023
2941 1030 3625
2982 2755 2003
560 879 1085
3247 2952 2443
515 1757 2989
3440 753 3363
1762 2065 2879
359 1153 1151
3609 2526 2850
3017 719 1720
2042 2762 3380
1364 354 2541
3018 604 2424
1487 1144 2654
1563 271 1304
926 2056 913
1058 53 1365
299 1681 3104
143 1032 1510
3095 1117 943
2006 1109 3566
1968 3124 3571
2466 1763 3518
3153 426 939
3259 1831 866
2209 2318 2137
3329 3426 3181
3151 3334 1249
2094 2632 2970
1155 320 2257
1337 2840 662
2135 245 2658
2339 982 1330
1909 503 3519
1879 3075 3649
3288 3598 3077
55 1757 3598
403 3557 1205
3682 1046 2888
1203 3359 728
1169 696 2866
3349 1333 1445
3324 2443 987
2128 1227 3256
2169 1586 1233
3663 1661 967
816 2521 2278
2541 3400 1229
1 2695 3681
1204 1425 33
828 1214 1246
2484 1622 2555
2764 3543 351
3474 1881 2163
1841 488 1147
3228 3728 1319
1939 2993 2890
1561 2507 1083
1052 1630 2428
3113 3457 3504
1046 613 3493
2642 395 3194
1506 2676 3239
2946 1788 2169
2767 3469 3734
984 2862 3690
956 291 3666
2497 898 302
3359 683 983
651 2837 1690
3288 536 2592
422 1637 2594
1137 985 2112
944 2350 3489
1734 3291 1507
3368 1809 551
1482 1093 3568
1062 3450 912
3213 2186 2638
3417 1512 683
2304 440 3349
1736 2889 932
3387 949 1710
3687 2418 3630
1907 2486 756
2048 12 804
1417 2273 1699
2374 497 3494
1044 227 2071
1469 1866 2293
2489 2397 2324
368 3207 11
706 427 584
3532 2654 3670
2017 3321 1898
126 954 654
3629 1883 3397
432 1257 1714
3469 2652 3418
283 755 3308
2822 1743 1093
731 51 601
3338 136 1925
3455 12 1900
2658 390 1595
2670 344 3673
1969 2308 1653
2611 3538 85
220 3360 2214
3143 3642 3548
1021 2646 1532
3458 2965 3456
3555 1769 3372
2663 257 2827
2516 892 230
503 697 1340
2054 2394 423
2012 2191 336
2301 393 339
2402 3511 1529
636 3162 473
3179 2991 3189
3150 1854 472
2995 3697 3332
1870 3770 3484
3513 429 174
38 2379 2987
1384 3153 3430
1445 2515 279
2906 1817 1615
326 1424 3004
3448 3317 611
1877 759 2436
86 2582 669
528 2158 2638
531 3670 3018
1467 1369 1950
3392 2244 2679
3728 2699 2497
1183 641 680
450 976 832
3403 2757 3743
720 3204 950
1750 3463 2570
3177 520 2641
510 2667 3002
2000 3048 2742
1537 909 1452
1682 1647 401
2696 2312 2232
1447 3342 1221
2776 2509 2980
448 80 2688
419 899 438
3383 3015 1043
2035 2788 818
2611 2430 3475
2437 3260 2264
375 1425 3222
2262 980 3003
694 1791 3718
2318 3163 820
1282 1271 3315
2875 2207 371
2792 1481 3138
539 508 1096
221 702 1994
3616 1797 3269
3665 1858 288
3731 868 1012
49 1205 3597
3252 200 1028
2527 2103 3417
2784 717 17
3025 2629 106
1085 2124 1814
1763 793 606
2817 479 245
3079 589 2576
157 1636 3574
2041 2970 1321
553 3822 3662
3700 1998 2918
965 1882 3349
3470 2821 2323
2199 1607 2087
2404 2226 3805
427 362 680
752 1727 580
2596 1122 1256
3508 1309 1277
139 715 1696
1798 1813 2299
1269 1775 1587
844 3791 838
2130 2284 941
2216 2037 3085
177 935 71
2506 1399 906
2349 2572 1505
1872 2778 3309
1507 933 1115
2913 1055 2636
1672 751 2702
878 757 368
3357 3621 107
1157 1226 1179
2831 1967 1824
2554 2790 942
3528 1428 1067
1433 2059 2882
3832 492 2654
2538 3555 3580
2724 1682 2853
2536 3566 3765
2087 2307 1728
2076 915 3555
2526 2147 2150
27 1484 258
1840 1491 2121
699 3478 1371
2508 986 2447
241 2646 452
3031 3057 3885
3164 2079 3724
2639 1763 1076
3806 1968 1349
3513 3766 2935
2143 1871 164
1611 1330 168
2528 401 2949
1809 371 3405
3025 1394 832
915 914 3012
369 2088 1658
40 634 1681
1283 3537 1818
1283 3283 2076
3026 2041 621
3149 369 946
3824 3349 2995
2697 3096 1176
3436 838 2071
2862 279 68
3918 3265 3121
454 1116 1518
272 2020 137
1181 3843 142
1312 975 3784
2215 3322 3159
2390 1169 2663
1874 484 3586
2094 730 3436
3292 979 3574
1774 956 3318
1970 474 2114
264 239 1793
3440 1610 169
1063 3553 2132
1349 1446 1936
896 3443 2177
188 1555 784
3489 3031 1228
3022 481 3533
326 814 1423
877 2964 2131
3669 2397 2201
974 3762 1110
3144 2904 3585
1848 2360 75
3494 791 2379
3378 355 2249
1930 3420 538
3748 3774 3130
3276 1470 2490
1312 1519 2911
1027 2913 743
3151 2752 3358
855 1556 77
2990 420 2825
3513 1069 2059
2646 3666 2978
1739 194 3640
3901 3404 2661
847 1277 2387
2810 1915 2595
2288 358 1808
1552 1156 3312
2181 1025 3092
3578 1698 34
2524 1358 3157
3749 2915 3380
1512 1256 3250
738 58 2805
1539 1493 2275
2875 427 185
3658 3785 950
2489 3107 766
3449 1660 1129
2374 2416 1247
3162 3662 3476
234 3481 3454
2601 3523 2995
2914 2283 3375
2469 1813 1644
1707 3793 3810
1446 490 3421
1273 1192 1722
975 361 1794
685 51 3557
928 1963 3197
1187 2132 650
32 1644 3871
1495 3721 970
1648 2243 3796
2418 2958 1590
2837 1716 2424
3045 1576 274
3825 3003 3118
3724 3113 2056
2825 3078 2495
3953 1306 2240
2410 3573 3761
3120 3966 2550
757 1480 414
3882 1477 786
2834 2885 354
3627 3414 3806
2154 1920 473
1342 2005 49
3887 3612 2499
499 787 2643
2378 3449 1754
2885 1035 2967
24 3169 1905
2274 2742 2905
2745 3372 2728
2556 3640 2478
2667 350 828
2522 2056 180
234 2145 2305
1692 3991 3346
3991 3862 685
2264 2435 1114
578 322 1455
2499 3926 2143
907 2513 2025
2000 3581 1448
1147 1229 2962
2900 2443 2272
2597 3637 1786
3833 3582 3823
558 57 1373
3227 659 1694
1210 1931 3794
1071 295 3041
1043 2528 241
1918 280 1257
3378 3270 2788
4031 3757 2497
2289 2558 2038
2055 2039 1776
1639 2098 3950
2602 2616 4005
385 3423 2111
335 3601 2670
2107 1373 2102
734 3259 2207
422 3565 1381
3746 1032 2083
962 869 1593
2432 834 1081
791 1499 351
2832 3939 1024
1955 1500 2232
1875 3295 2402
774 764 3327
1361 546 1683
2043 1159 2345
1630 1044 1617
3811 3824 3410
708 1944 1126
2995 1536 3324
3010 1788 2234
3474 795 2750
535 2054 1148
216 1450 2533
2123 1256 3449
1008 3849 2038
3864 3638 2072
2262 135 447
2302 2256 2064
3900 1116 2031
2615 829 2736
1102 1025 3779
1318 1377 1415
582 2393 372
958 406 334
2064 121 3653
1867 382 2272
1845 158 1880
449 1305 1056
829 235 1142
730 1582 1936
2089 3524 647
415 960 1848
1455 2121 1488
2170 2753 3304
1600 1652 3905
1050 321 2819
1905 3513 1236
1609 2549 219
451 426 1410
3713 1356 99
3030 2257 2244
3834 754 2490
1905 3026 3009
1669 2471 1859
3839 731 1503
165 1211 354
1397 2433 2625
1044 485 1979
81 3379 641
3672 1002 1792
932 2649 1249
1960 2150 934
2732 2389 316
3350 1409 2107
1763 2658 2506
19 1549 1819
3921 2025 1304
970 2621 1673
4082 3723 2323
736 2261 3906
1366 4034 587
3121 2282 1915
4028 666 3657
1244 3228 3556
2732 1872 1803
3167 1288 4062
1428 2058 2632
67 3589 3239
3013 3504 2849
739 578 3905
514 2515 3103
3663 3138 151
4047 2845 1527
1125 410 3386
2479 3211 3346
2134 1544 3658
2910 1330 510
3178 394 584
2237 4012 2953
327 1765 562
2056 150 2413
4020 455 1159
2292 2762 3258
2497 471 3063
264 1246 3961
815 2367 3507
887 2601 1226
84 336 3158
3632 535 3845
6 3969 930
1110 3810 98
1276 1818 2518
1807 2665 1005
4020 2716 3885
3843 2356 2981
1244 1442 3170
3312 4126 1946
254 201 2297
1371 1849 3390
66 2664 892
2866 242 2145
2018 369 3349
3711 2289 1638
1934 432 3402
1100 3263 1801
3583 3007 3261
1432 3395 364
5 2507 1698
1382 451 1971
2167 61 2130
2880 3012 2473
46 1582 1615
51 3586 1856
3219 635 1581
689 3573 507
1701 1079 2426
3428 4108 2962
2830 3830 1970
411 3218 2080
199 1227 511
1441 962 726
933 880 684
2497 1225 1732
22 1856 148
3294 3036 4128
3204 1971 1303
4041 153 3226
3395 310 543
3885 3713 2283
2581 2909 3093
2768 4086 1173
1715 3013 3261
1532 1203 3298
35 2809 1877
3029 1588 115
2930 3640 1800
3749 1315 178
2440 128 2373
2896 2935 1217
894 244 3162
903 1137 2056
2767 887 1737
3146 297 2633
630 1731 332
960 498 1938
1318 3171 3380
2609 528 366
3151 2555 3967
1903 477 2971
415 2441 57
3949 3818 1913
1928 255 2130
738 3076 1094
4214 3806 1327
3049 1182 579
1910 726 3356
1293 2582 3012
2755 1101 1280
2422 3414 3614
2262 2254 2356
3203 1035 1280
266 86 3487
3252 1388 1058
376 3484 846
1281 2721 702
203 534 242
946 3741 2237
3086 785 529
3539 2561 3775
1862 966 2161
2221 2018 2138
3603 2440 1202
2735 3261 969
29 4212 4063
1577 3471 2338
1616 2886 2076
3287 1714 1716
2908 2625 1956
3340 3295 1802
2472 3198 302
3677 212 1390
2782 288 340
827 423 2395
1950 2074 2972
2302 2135 2759
4081 693 2187
701 1052 574
265 930 66
2244 83 1561
3092 972 1944
4079 3440 1516
458 3374 737
1552 2727 2120
107 2169 1205
2648 3997 3733
3835 1298 3785
1284 297 1949
2281 768 1371
3454 454 3689
488 3300 2966
4113 544 145
3248 1784 2989
2591 1738 457
3518 3856 77
1280 4013 536
2083 567 3001
2935 2566 970
1327 3935 2998
2237 110 3059
770 2503 2748
99 4272 698
1555 2786 3321
3455 613 2855
709 2326 1716
2459 2169 3144
129 832 1954
3058 2898 2052
2214 4072 1621
3836 2966 595
3050 1391 1429
1142 839 2525
1995 3540 2431
1781 2230 1629
4081 4180 3134
2041 2115 3680
1310 3548 4137
2458 3508 1166
4092 1218 3457
696 4150 3220
2934 2625 3598
961 2078 1588
4058 1754 2389
729 2919 1487
2311 2427 3693
714 2284 1607
2077 86 2526
91 906 563
1607 303 3165
1379 1401 1033
3298 2614 1435
1342 2781 2821
2237 1927 1488
3401 988 3405
869 1381 2012
475 1716 895
1844 3764 539
1668 3660 3490
793 1908 3890
1428 2859 19
2707 3919 1149
2691 1531 1791
3013 488 3786
1198 4239 3909
3532 4219 3476
3919 1501 955
887 1773 496
1951 3241 1736
217 1278 582
2786 2791 3997
3990 2194 3799
1179 3382 848
218 2316 1336
1228 3623 3164
3180 2055 4093
2630 3817 2664
2717 251 2817
852 583 52
3243 1149 3575
1460 1460 954
4202 2696 2178
3411 2054 1838
3 3614 1678
2068 210 2087
988 323 3378
340 2603 2252
1148 417 3156
4296 1632 1482
1939 1155 2326
2816 4265 1257
4313 4160 2636
1967 772 2186
4076 4327 3466
759 1209 2646
4048 66 645
2569 1980 3646
1069 3433 3431
3409 1529 4313
3139 1521 111
575 4178 644
2674 237 1042
3919 3921 3987
496 2889 3334
4109 455 739
65 1919 2556
468 1133 723
2294 1184 127
934 476 1317
2527 3194 3451
2215 2062 774
1267 1113 2260
1624 3725 4215
484 1294 3640
1478 606 3498
4011 500 1777
1808 247 2822
2786 2500 234
2651 808 205
2637 3856 3430
1559 3143 2658
4203 941 3770
1468 928 1445
4072 761 1664
820 4373 440
156 3304 3117
788 2478 2169
680 48 1171
3756 2297 1510
1687 2471 3413
1263 1232 2763
625 2483 1687
2161 2084 3583
434 4033 4281
3254 2932 2593
2634 1231 128
1143 4330 599
719 792 1955
3037 2692 1326
2537 2229 1039
3517 3312 4256
3321 2839 2717
379 7 4232
702 4346 364
408 2441 433
1923 4094 1742
3488 625 2721
59 3400 1733
1274 3848 2006
1456 1344 798
3386 3905 3206
3878 1840 3196
3872 2207 3499
435 2495 319
1078 2041 245
3015 2616 2338
1146 4314 4268
4164 3655 2549
72 299 2046
2728 2107 3385
4091 497 2498
882 2578 753
2276 307 743
44 2091 2546
583 3685 520
2556 2997 3193
4077 1004 316
4213 2411 418
1269 4074 1167
3368 1607 1458
2815 2313 1629
4046 4060 870
3116 1662 2740
2878 4140 1404
93 3309 2199
2239 2153 1822
1635 3964 3818
494 3584 2911
1011 727 3462
2344 460 4337
3168 1028 4183
894 1770 1407
2628 1792 2783
3833 852 643
3983 3445 2340
2595 91 2680
1697 1864 3015
3468 4200 1125
2061 2949 2136
4108 3807 2312
4271 3207 2912
595 4037 1669
3687 775 1424
1345 1397 134
2113 566 3666
1084 1307 333
2442 2014 4438
1065 1457 3194
2659 825 3228
1915 957 2242
582 1846 2227
1121 718 2785
3506 3402 1422
3979 324 1337
2420 3799 4355
3067 591 238
4335 1698 4210
666 3754 278
3792 3470 744
1589 3091 3618
1928 843 2987
2652 3605 100
1717 3127 566
2138 874 2389
4074 4311 3648
4461 2890 2800
3691 1418 2405
4122 782 2515
1755 867 226
3773 948 2859
4278 196 1176
598 2004 3906
2471 3470 3922
4099 2688 3997
309 2740 3582
4059 1482 866
823 854 236
423 1676 924
2992 717 1500
2654 2073 651
3805 1621 3805
457 1914 3614
1315 3172 425
3948 1147 3545
488 2431 2424
3698 1607 1403
2891 2223 4252
2270 3578 472
2139 746 2792
2332 1522 3461
2187 1846 3250
223 1890 1864
3701 4325 2664
676 4204 2156
2833 3371 545
4488 3425 2293
2025 1263 384
3973 1107 4043
3741 1926 815
1146 3890 3077
4278 2884 2025
550 1838 1846
2374 3497 1370
4450 2804 1832
96 220 771
3744 3183 3260
736 912 1424
242 3142 1235
4198 862 2228
2808 4198 4494
356 2630 2196
2761 1255 273
3075 2886 4269
3855 2386 3973
3435 3041 3610
230 2864 1203
2902 4186 690
2426 507 3997
3453 46 4471
3375 2212 8
2542 68 3731
3888 1745 4189
3622 2346 4075
2753 2070 1833
1417 4149 2279
3757 2363 3059
3792 2333 1316
2596 1456 2456
2200 2100 3672
2897 2895 1068
4100 2605 1530
2027 1675 1691
1615 1797 3446
1628 451 1488
1984 1545 2652
3187 737 1546
578 3622 4111
3887 1746 3837
2816 4194 86
1697 2357 1427
4322 813 1043
3102 1444 3626
741 4132 639
700 1332 3481
67 2526 1650
2915 1554 3280
1005 2917 1776
902 3752 1499
3777 3653 3883
1165 2295 1186
1557 3987 4208
3884 3202 4207
4365 3238 3095
4450 3868 2583
1097 2095 3788
4067 2517 747
2893 4119 3193
2842 3051 2405
2829 1489 1139
463 1259 3174
254 131 664
1735 4183 4324
3424 4264 1591
97 3209 1233
3052 3714 1846
100 4396 3291
87 2712 4464
1717 3544 3760
4066 191 4093
3218 736 3778
3212 669 406
3919 3229 2189
1303 1525 4344
4412 2509 1707
421 161 4245
597 1408 2442
573 4411 939
571 3486 1182
3086 869 3936
1348 819 1159
3777 2569 1247
1376 4003 2406
213 2230 4212
1173 3343 727
1583 3381 4411
3274 919 2881
3605 522 1919
4104 623 3941
2679 4273 2803
1900 1205 44
807 2133 4183
3780 4490 4199
4421 3990 4347
2856 1288 1297
3710 4013 4483
1630 3741 2130
3711 2583 592
363 2760 758
2368 2081 760
3873 3485 1633
368 1773 884
3511 476 18
1319 4206 2943
1549 432 647
1947 4142 1017
4368 947 1272
3699 2265 3108
1645 2648 2897
4217 3825 3875
751 2591 492
1479 730 2503
365 1559 417
2565 1056 395
3982 977 3381
2409 3929 1848
3771 12 1878
4203 4228 2879
2660 3664 1635
614 1286 3314
1197 3236 2606
3195 3780 277
1484 3283 645
2693 1483 770
2053 4139 1522
3151 4180 1827
1383 3431 2348
3772 4338 1591
717 2285 2850
2151 4095 863
3288 1762 1576
3235 1167 3479
1076 113 1379
3874 785 3575
4011 2656 3322
3653 3969 1797
2835 1925 4396
4044 1544 663
1363 2568 2145
1281 4518 3107
2895 573 1931
4587 346 3599
1417 1916 2449
131 2346 3287
793 17 1078
2044 576 2369
1916 3628 1773
170 1384 302
1837 439 3913
1705 3637 1033
3095 837 1116
3155 73 2113
1509 4189 3048
3743 3237 3494
4103 1012 2888
2313 4449 580
2646 1915 2506
3876 597 2541
3624 3793 1168
995 1460 694
233 3324 3585
2281 3495 881
4563 1642 3118
3225 3429 2527
3388 2384 2970
2617 3440 412
2680 1054 3394
59 552 1158
950 498 4180
1512 2369 1313
3167 4320 1897
2592 250 2534
2178 1608 3574
1261 1299 2857
1939 1178 2850
3854 4082 3753
3639 913 1481
4189 2264 4096
586 1762 1157
3531 2740 1253
4441 1267 3256
1852 4209 2210
628 4071 3686
4128 1956 1791
1373 3974 2970
4676 1358 3638
3632 3436 3881
2372 1331 65
3506 3641 2270
1036 3960 2423
393 4371 1099
744 2622 3885
2380 3291 997
2800 276 2995
4624 2559 3513
31 3592 2551
121 1709 2768
1124 986 2973
4661 831 4246
3620 1880 2159
1671 161 386
2683 3942 4256
2426 3439 2044
0 1668 3107
3143 629 3119
4037 419 1071
3894 3243 2508
1337 3728 517
2800 1140 3978
1180 2939 3349
3621 108 1077
1819 1203 3239
945 4124 3327
3172 3215 4689
3459 3023 1426
3658 720 1345
749 1736 3826
801 3363 3584
1665 1796 3373
3843 4623 2941
4167 1987 3646
2558 897 2792
697 3329 417
3107 1123 3021
3766 4561 2006
127 4074 1061
3008 4503 4144
3925 3495 2432
2717 2013 2581
1976 1412 2382
257 2412 3116
7 3843 201
3077 4301 2030
812 2412 1263
4572 1804 4024
3541 1569 2086
4188 4593 4436
1767 3050 2845
667 1886 911
3640 4216 2796
2210 289 2911
1729 4606 1984
1407 2082 4647
1008 4259 2948
4076 4273 2487
280 4695 2300
2948 2305 1147
716 1502 3947
893 3765 1452
3410 4042 2579
1137 4497 2726
3075 4274 2962
1650 2466 201
119 1228 3650
1631 1041 449
2077 955 436
1342 752 20
2574 1839 2599
2378 3200 4315
3098 1875 1014
2950 2409 924
892 2827 3260
3928 1141 401
4755 3137 2610
1993 4155 884
4594 1753 384
470 3134 1804
3494 1459 1967
1444 4378 3990
2581 3957 3379
4188 4084 3215
2828 4490 4428
199 400 2833
760 3275 2444
1812 2215 3995
3518 660 2072
1369 2803 3824
4333 2384 3387
4155 684 982
4103 4158 305
625 4575 3311
1845 1201 2708
1371 1072 990
4120 1972 2064
2316 879 2496
1812 3897 2146
2074 2297 1859
3980 176 1374
3771 3331 3266
4484 4364 2454
496 1902 108
1955 1851 447
2597 470 1296
1006 1682 1256
2352 322 133
3966 354 798
1855 2506 1573
2340 3589 1580
720 2699 2276
1470 3782 3082
3606 1138 738
1237 540 4342
2149 184 3798
3970 283 2060
367 560 3785
1627 3810 853
4318 981 2100
199 2548 1606
2750 257 1579
1435 2405 758
3086 2184 1018
1670 3695 4349
2318 2583 4624
2762 4415 4577
277 2512 4761
3233 2249 1457
2570 78 4066
2387 1322 417
1846 2415 2914
4691 1575 3959
2374 2231 1603
614 936 4693
3784 1694 587
268 301 2429
1449 447 3791
3357 1364 773
4107 621 3619
4580 4007 3141
2843 1654 2759
2746 3328 1279
105 1418 169
2469 1822 4181
699 1193 4377
1566 93 2882
4658 3389 4834
3131 3526 3725
4607 2075 3028
3798 2374 2137
1253 31 3620
1330 3686 4242
1545 1860 3924
2829 4355 644
1510 330 1802
1444 1385 4270
4318 2047 3526
4569 4699 346
2339 3821 740
1815 2289 3126
2915 925 550
4214 3521 263
4166 3806 84
3101 3802 1578
4246 780 1769
4201 1389 4057
2179 3683 1169
188 1405 3500
4506 3249 3882
3931 1170 147
3115 2589 1301
1193 1363 3625
4726 3803 1943
2859 1329 1274
1355 824 1978
1504 228 356
1610 199 2351
1662 702 1881
275 2416 1383
4102 3650 813
3286 1978 267
3512 2358 3611
1100 4008 1960
1981 2479 3903
370 675 1906
4260 2014 3073
337 2035 2424
3639 2634 2735
1073 486 2038
3992 3636 3486
2388 2688 1003
1856 4239 1450
1529 2354 1585
1315 449 3074
1030 1060 4820
72 3157 2432
798 3991 415
2062 3360 2184
2564 4453 1644
3719 2375 4380
3445 993 3544
2335 1655 2905
1718 1133 3913
218 1054 2244
2409 693 3167
3956 2653 985
3913 4467 4448
2230 1840 4282
3695 371 345
988 2612 3343
1493 3216 4452
2206 3185 3818
1584 3394 3156
4540 2620 3783
519 4870 1285
1996 3041 76
4595 3709 3551
3184 460 850
2755 336 2881
2191 3848 3384
1626 3327 3773
3108 4153 1660
2909 2945 1895
4147 1984 894
2322 2935 3305
4459 4172 2175
4564 4324 3712
4183 4011 2259
1123 4517 3305
2610 4241 270
745 3742 1591
1349 4181 392
2072 2929 764
4683 2153 1079
2896 1199 477
2842 1127 2886
4467 1267 4704
151 4141 4493
2621 3563 4155
3070 4927 1906
1709 4289 401
4093 951 3024
1034 788 3507
3 191 908
4472 1111 456
1498 4370 34
3114 696 1168
2400 939 2905
2753 3746 3084
767 4741 4917
3719 2457 4462
3664 3759 2368
2194 2063 539
208 2385 1579
2967 1700 1849
2821 2191 500
3139 3283 3560
945 3988 2032
3661 320 1603
3133 1851 1082
3733 826 891
3442 2055 4197
4168 2437 3660
2787 3419 3688
2344 4526 273
4894 3197 4298
253 308 4538
384 2930 3790
4596 4027 1129
3152 3581 2402
2563 2282 1678
2676 2096 945
3904 637 2182
4131 2500 1626
1929 1590 4392
4500 2052 375
2083 3774 4110
4886 1396 3876
1744 3599 1567
1394 2220 1671
2312 3253 2582
4399 3251 3931
4561 716 2847
742 2704 1398
3872 3610 1716
1862 1483 4257
3623 3961 950
4772 1755 3630
682 271 4564
4482 805 1750
4262 3493 3084
82 2556 3848
1506 1943 2493
2456 4666 4435
198 1567 1181
543 696 2998
1592 4849 4615
258 2678 1335
4834 4074 2504
4072 352 2982
3185 3254 148
457 4048 2137
298 1015 329
3966 2716 965
2305 4435 112
1100 4360 4456
2875 2699 3701
1354 1998 2148
256 876 4043
1018 561 4608
2527 512 4762
658 1218 787
4166 2684 4092
1037 2153 2517
3240 2669 2595
93 599 2960
1342 3424 4969
531 4043 3537
1223 1352 5000
556 92 2508
2894 4239 1435
4383 183 1369
808 1230 2939
4015 488 3892
914 2143 2795
1039 3751 1051
1581 4119 3727
3111 4285 4670
3979 4559 3667
31 4536 2988
3090 3350 3973
2046 4941 2210
4990 4600 2422
4960 88 622
1003 1595 3701
390 812 2412
2819 2009 1403
4611 2570 3295
496 674 4832
2797 2052 2890
1283 2483 4266
1164 2659 3908
1256 4613 2499
3718 4142 1557
185 1364 3703
2837 170 3634
2803 1091 2435
1344 1901 833
4071 270 1341
4485 385 4165
4538 33 3520
4207 1157 3825
4184 2675 4162
4839 3100 953
2448 962 42
4650 2758 2051
3132 3718 1225
444 2497 115
2516 1541 155
1530 4826 4446
1185 4995 1947
4332 2792 3537
1892 232 2745
76 382 2491
2192 2801 1547
993 2207 2111
1019 4588 2815
791 432 2482
4139 2692 2358
3310 2218 4529
5027 1217 1732
3343 1333 3269
3258 1646 3010
1544 3562 457
2048 545 3215
99 570 4623
4398 3905 4802
2817 1048 3873
3445 2893 4147
2556 4858 1998
625 2483 2565
4037 4611 731
485 1880 248
3930 244 724
3475 2686 2513
4162 3669 3821
2022 294 4545
4214 3463 3628
1411 2363 4186
3950 1119 3395
671 4891 3682
1611 3684 3888
484 2505 4700
3522 23 4330
3727 5012 858
4865 4720 1246
3448 4583 2306
2535 4220 1105
399 1495 4651
261 2796 2798
4528 2324 759
1618 1988 4755
1615 4845 4448
3292 1612 3865
1683 654 4151
3114 4562 4863
1644 4043 5026
4934 4516 1211
1947 2027 3110
3152 4100 3251
1639 4401 4226
4931 1506 1008
1998 4631 161
2032 1588 2886
4389 2119 844
258 2710 1973
4567 660 4343
1441 4385 1377
3101 5081 540
850 2812 4594
4258 3130 774
4989 4809 878
4821 4924 885
3307 2615 2146
1127 3731 959
1271 847 4543
1865 3900 2177
915 4952 2544
4971 4552 4024
580 2770 2436
179 3670 1049
1650 666 2602
2855 882 4423
390 1409 2960
1503 4591 2282
4210 150 1181
3228 4492 2594
3823 1174 493
5067 1101 4641
209 3181 2020
3674 3961 1845
2516 4418 4285
3299 3547 1837
1249 3377 3692
4955 488 3985
2387 4124 1506
1293 3362 3187
3523 1073 850
3794 1491 1580
4310 951 1341
4300 3560 1266
4403 3883 4867
3340 4399 3473
1541 220 1670
4995 4875 1152
3236 1047 2772
997 4288 2950
1484 3844 4585
828 618 4924
2343 2444 4525
1366 1151 3167
174 4257 940
1448 1463 807
3027 4072 2740
1926 3995 1221
4708 256 1942
3871 508 3364
2940 1924 3037
4954 1368 3200
2742 3651 3449
1343 5131 3809
2869 2558 3574
2831 4804 4288
1154 804 262
2397 230 4342
3051 4334 3704
4764 241 757
2669 2734 3350
4107 4318 2827
2954 1242 920
4279 3863 54
79 2922 1185
3215 1869 2189
3787 2398 2495
1319 2850 1378
922 603 3781
2108 2810 3066
2023 922 2403
1443 3993 3513
2322 4051 4269
3903 3416 2187
2763 5168 3692
4949 3151 1715
2314 318 4357
726 2248 2819
281 1538 2118
1556 2690 5073
1268 5099 3210
154 2232 1079
4100 3627 4668
1466 650 4700
4209 3028 5057
470 4931 3706
1863 3240 2750
1562 4309 3663
2667 1589 4156
4404 2189 1450
3314 703 3889
128 427 3910
4729 2530 1377
1498 1655 5014
2495 1954 2681
1079 3368 4847
393 4527 4092
3059 796 4694
2346 3574 127
1839 3377 1250
3625 2029 4997
4967 2871 2831
467 4118 1979
499 82 3743
2623 2400 4232
4687 5127 1952
4163 5183 3833
1917 1363 2166
979 997 2700
3165 1785 2733
4465 729 2053
4812 627 5001
4045 2085 1819
1763 4152 1366
2599 5077 142
855 1061 461
1836 2196 2267
1745 2022 863
736 1764 2034
1351 2284 4665
666 4521 1532
2119 3461 2315
862 978 182
2948 841 3540
4853 4701 1043
709 2593 5157
2853 570 2210
968 1124 5117
2376 417 3490
4363 1459 2083
2014 2695 3649
4292 1898 3321
4962 1493 1240
535 1544 4492
3991 1232 4854
1001 717 109
5107 2557 852
2256 2559 232
3460 2945 3181
4441 1216 4266
986 2721 1126
4333 427 225
4198 4852 1468
1297 2570 2703
2514 3300 571
4422 4019 4148
800 3341 391
2477 1855 2015
4987 5121 1082
4975 5203 2310
2932 211 391
3427 2021 5143
1795 418 5054
4101 4511 3051
3257 196 898
5014 3184 3310
1147 3163 2089
1686 1154 5154
2231 1154 5120
4698 112 3112
5177 3837 3363
2468 2507 4099
823 794 1622
3751 2354 5184
2135 2004 3508
4233 3633 5133
1022 3970 107
34 2072 2855
230 3816 4650
5163 4747 3583
72 308 4744
2772 1130 1029
3579 3511 1702
4674 2662 2630
2671 1501 4270
308 5004 1901
2848 2483 3094
2349 3255 4157
2702 942 3405
3968 2100 830
2406 5203 1902
106 364 2200
331 3319 3520
5254 3655 1609
2996 855 2040
63 2793 3174
1763 2656 171
2711 2164 4659
2673 2000 4553
4905 4378 1322
152 1594 965
438 1142 665
4691 3075 1902
2091 4994 792
1048 959 4424
1839 3881 4356
3908 2689 83
4185 939 631
1454 3456 616
1494 3817 4483
748 4399 3075
2094 4018 3822
1919 1094 3107
2887 579 2618
3954 1077 455
999 1533 225
5029 3352 812
3327 2084 260
4944 4579 2553
2807 3703 3404
2979 176 1473
534 3396 21
3949 161 3717
4913 1419 3275
5191 219 3467
2320 2954 2352
4919 2919 3502
4709 3264 226
1587 2371 948
3889 4163 2454
2472 4186 5320
5159 3295 1624
5285 4303 838
4048 192 156
5148 852 1408
1239 3337 1049
5001 1776 3898
630 5202 4487
1866 1532 4488
4433 1723 68
3925 667 4760
1609 1943 820
4779 4757 1573
5337 1020 4890
2102 2360 154
1188 3124 4124
3073 613 2204
3739 1 3948
2774 4875 1068
3268 4364 5166
1863 4761 2919
1911 5225 681
3968 1847 1589
4985 3634 1696
4448 4272 3355
5344 321 2023
1442 3197 3968
2013 2760 2736
72 2074 3738
4357 1779 1415
3522 120 2507
3022 5258 1250
3485 285 4235
3223 1090 1920
4048 368 1181
3262 2838 3868
2297 4076 1709
1599 1915 932
4898 3216 5017
3027 4994 1112
4870 4269 4441
834 1226 1194
337 2202 4288
4607 614 1794
3109 4791 3249
4467 1175 2049
24 4683 595
2983 5088 4091
1301 3051 2396
327 965 1958
2030 2874 2783
3875 1813 3000
3321 610 521
2569 3382 3477
3304 322 4947
2284 4247 845
1768 744 3210
145 5001 601
2232 1150 3435
2285 2565 2497
5249 899 2476
2328 3337 4724
2895 680 186
417 4884 4753
2503 3775 1793
1933 954 1407
1406 4526 64
2998 3042 2766
1939 4052 406
2719 1249 1922
1213 3313 1796
1023 4029 4107
212 2300 2917
296 2908 3011
3509 3355 3396
1756 2996 755
2599 1664 4627
282 3654 2493
2000 3377 1890
2043 1711 924
4613 2392 2577
4083 2670 1087
237 663 3898
4513 287 44
5350 649 789
526 175 4591
2327 3997 220
14 4937 5300
4192 856 583
2348 953 497
1661 3973 4382
1681 2261 4668
5009 3877 283
4536 3821 3482
2934 1154 1847
3048 2937 291
3212 4866 2115
4694 3010 1885
2205 3315 1154
2636 5209 4491
4295 4609 1364
5420 5062 3040
3489 2382 2705
3934 1930 668
18 4575 2506
2387 2008 4501
3312 3722 1136
181 3022 4877
4210 5422 1151
3550 2708 3539
1986 4180 4294
4410 2858 3175
4370 3536 1464
1066 450 5401
2421 3054 4449
5413 4649 746
1311 1242 838
822 2260 5041
3233 3290 4560
5392 3254 957
4233 1592 3187
1708 4060 5403
1809 1460 1233
2676 47 4716
2033 4487 2125
1992 432 5049
1274 4261 4983
4439 689 281
1217 658 5278
2642 3667 4859
1716 803 2768
1428 2969 3387
3654 932 824
910 4246 443
2601 1439 2928
2919 1227 2428
5125 697 1974
726 3921 1718
689 1885 4939
169 3929 4122
2206 2556 5057
2519 3697 3846
542 182 384
1162 4036 1285
516 550 1524
1373 1212 267
1516 581 2222
2887 2626 2154
4527 266 1229
5180 2760 4944
1759 5286 2230
4324 4691 5250
1762 1078 2652
3344 693 1234
4365 4471 4531
2285 3960 1556
3979 1608 1087
2867 757 1641
964 1924 445
3586 4911 1548
804 4092 2708
2763 2699 3123
1833 517 1610
2241 4290 5281
3554 1968 1836
401 960 2396
3696 2027 569
4010 2776 3395
1909 3194 4614
1965 1053 688
3343 1336 3787
2652 1257 370
4701 4679 1451
1184 199 2570
3449 913 4975
4096 4494 2432
4412 5245 1188
788 1786 4339
1005 5178 356
2163 525 2200
1264 311 3774
4918 1701 2880
2348 3694 1196
4528 1087 4345
2180 4396 807
469 817 1207
292 306 2565
499 1384 3279
2651 4942 3504
4034 5243 3459
606 2686 3736
4931 1252 2698
3884 3417 728
4840 3009 2756
3809 3798 1271
2297 2060 5340
5225 3233 1375
3888 5367 216
4380 295 3042
2692 1198 2202
447 5434 5431
531 1332 1073
3424 4809 1950
5422 4382 3714
212 4567 4016
4441 3806 2229
4868 458 4188
1325 4468 4175
378 621 2146
4537 1818 5514
2354 2749 2797
1698 1287 3519
3249 1996 1572
3874 4429 4641
3487 3044 254
2536 4083 419
2146 1375 3956
164 1079 4070
374 2449 3537
1362 4880 4480
2420 3839 5445
3132 2137 2263
3980 4314 4322
4309 3139 2221
4345 5172 3545
969 14 242
3289 4585 2429
3160 1762 1440
4970 4618 925
730 961 778
233 4729 2909
2439 902 4658
3628 5489 3904
5406 1044 5088
3763 5183 5362
585 3763 1028
4854 1597 3145
585 284 3379
3044 3622 949
2219 3500 5076
1444 3595 4833
1088 356 2159
51 2505 1925
692 4857 1905
3403 1703 934
5149 1574 5457
1237 655 862
4708 760 3125
279 2537 3148
2343 2453 2272
4570 1384 4341
2069 5409 3790
1491 1292 4305
1453 3182 2386
1096 3632 2937
1895 7 3883
3071 4943 467
3457 4296 2718
1643 2405 3820
4219 132 1860
852 4168 3940
4868 3796 2995
4809 1911 5553
2506 357 4087
3681 702 5521
496 5573 143
1159 659 4228
4974 784 3034
874 2922 1906
744 3387 1457
5148 4904 3047
4947 4701 5443
2001 2289 1408
976 4464 3128
1396 5598 703
4266 5053 1059
4688 2464 4821
2484 4107 1503
4271 3818 782
3375 3244 589
4627 3535 3260
2379 2198 3637
4436 2034 730
2145 2217 648
293 2819 224
4354 176 3998
4984 109 4699
2086 5547 4699
1284 339 495
4556 533 1986
413 5464 300
3075 2045 5205
237 4737 137
5041 3363 1946
1203 5463 188
656 3595 1429
2391 2289 4936
3231 5164 3722
4829 2373 3324
4589 3422 885
2931 3645 5091
315 3685 2039
2404 5493 338
2139 2100 351
1804 3219 4404
338 2388 1748
4368 4816 4281
4746 2595 5092
162 3098 4700
3142 1139 5284
3584 2588 4423
1336 3874 3401
5315 1747 4714
2728 2616 694
1874 4241 1675
5417 1092 3849
1866 1303 484
3349 4631 1036
2435 5008 4105
5039 1809 3861
1080 4496 4430
2779 981 3721
2416 4101 4544
2699 2065 2996
2036 687 347
2164 3258 3321
3829 976 4264
1600 5012 2002
2608 816 3635
2485 332 4985
5120 2003 708
3717 356 4105
3108 1928 2565
2951 512 655
2491 533 1821
454 3720 1534
4583 2490 2629
3518 4724 4887
1599 4796 4330
677 4199 2860
1383 5501 955
21 4155 5637
755 1250 1732
5480 3755 4101
1968 4042 2717
1211 4259 1046
1380 1759 981
2515 5428 2174
511 4242 2512
3976 4402 3225
318 2776 3391
4061 3192 3181
1606 4652 145
3379 4614 4106
3785 3888 2783
391 2406 1141
3772 4042 3436
5115 4314 4468
1244 4652 1807
895 2437 1034
3164 132 5452
3620 1964 3743
4095 1329 4244
5216 4174 544
4542 3480 570
675 3429 4928
4903 2942 4759
3976 5441 4233
5280 5211 3156
611 3146 2078
37 526 516
5118 184 1941
124 5145 4548
2151 1452 4175
911 3440 1843
1237 2250 4770
3492 2311 3551
480 3180 3742
2980 4147 553
1325 4120 2026
1303 1860 3819
1660 3076 4006
557 4214 4314
824 3835 1928
2967 2544 2000
5702 4324 4212
2886 4062 436
3235 1258 5163
4181 1212 2818
1105 2720 5444
316 218 5083
1317 4226 3689
4108 1070 3489
1757 4221 3050
1645 4011 1
5186 5301 535
3470 3672 3941
4852 5642 4304
5376 2531 455
587 1547 2785
3042 2734 962
2923 1389 3067
2241 5691 4484
5516 4806 5343
5565 1223 5160
1947 3094 4410
3135 5189 5519
992 985 4388
833 2784 28
2540 4407 349
733 5116 1809
3605 182 1576
4994 4940 4037
4772 4020 5226
192 3644 5285
2842 3438 2764
1868 2757 391
1425 290 2439
5316 1873 5460
3321 248 4975
3970 5520 5181
5652 4067 5285
704 5279 5196
2658 1781 2688
1629 3233 3097
1509 2534 970
3742 1448 3752
4598 4487 3883
3489 5060 1139
766 4916 4345
2698 285 4944
1617 2408 4436
2862 81 4782
4036 1484 4114
74 4494 1881
4435 2192 5542
2497 4898 2703
4107 2564 3975
3816 2396 2610
1006 5148 701
2430 4307 1103
2951 3076 855
1844 1117 1690
4825 3832 1792
1817 2623 582
1266 1792 2486
2096 1004 4494
1095 3538 1744
3702 2200 5019
160 265 4899
2326 1789 5616
1643 5595 3673
3108 1456 2978
1015 4948 5574
135 3734 4870
5101 1911 3995
4440 4193 3844
3600 4433 4406
4122 2813 2774
896 1814 1667
1411 5390 3004
5146 3591 331
1427 95 1825
506 435 2971
3878 4017 1255
3856 4085 2436
4837 2734 5533
3901 3075 478
579 3993 179
120 869 571
5108 4509 1817
3887 144 4001
1508 3391 1278
181 3405 2350
628 291 2883
4314 4625 2187
442 3742 942
777 1781 881
4164 3004 1030
580 5730 512
1350 274 191
1786 2045 2714
3328 1229 3837
1512 4465 1092
5027 3227 481
1479 4072 718
4736 3154 3829
5672 3373 3145
3223 1815 3109
230 175 3459
5083 4757 5101
1630 4790 4663
1188 3426 2691
4014 5386 1835
390 3319 221
3880 3756 3172
4073 68 943
2800 743 4268
5090 2850 3914
1492 1082 5028
4022 2145 3627
5403 2049 1192
2694 5500 4589
1842 1464 5432
4018 1511 5442
227 2405 3396
1374 2540 4222
3024 2579 4602
1975 5787 2597
3565 1324 1643
2173 2247 3937
4320 1276 2432
4 4091 1861
1929 2951 1958
1968 3119 76
871 4456 3463
479 2394 1371
4186 4905 2032
1117 4291 5589
4334 2248 419
827 1223 5383
5612 3779 4498
4239 3026 2391
4000 5774 804
1002 2212 450
3119 2586 5538
1621 896 569
5467 2039 5425
5849 2033 4354
3288 5691 3818
2095 4897 4622
4243 1184 324
5115 0 5310
3063 2147 2474
1058 5126 3081
5231 4382 1544
4966 624 514
3641 3128 793
4910 2255 3246
3405 3000 1787
2954 2115 5581
46 4705 5688
2560 5278 1295
4960 4643 4168
156 492 5759
3712 3175 4878
780 467 1371
3646 5593 36
4730 2421 4988
2889 2429 3690
1331 3832 1525
1796 2504 5844
3693 5236 3823
4566 1098 3616
5534 576 2814
4624 395 4841
608 508 5618
3096 2744 1305
1599 3779 1361
3564 4471 5246
4007 4836 4208
5172 2098 3135
1104 2534 4068
1571 498 1725
466 1856 4502
1071 2189 4645
4133 3087 2811
1638 4005 5526
3247 5377 5353
4986 3253 327
4618 3175 1389
5757 3202 2678
4531 4829 4804
3172 1396 5746
1527 1250 1824
4597 699 3522
4732 615 5754
4989 466 3074
1513 5140 5421
2164 5460 2796
2370 3602 1446
654 4265 1019
2247 5176 3575
1291 1299 4298
1090 687 2563
3023 3562 268
2359 4692 320
3509 1344 4257
5344 3029 2638
2838 4577 667
5721 2538 2136
5178 5531 5178
5539 4152 910
1374 1686 2536
3804 1223 4563
4315 5166 584
3702 4304 458
2417 2338 3691
3610 3244 3003
3723 2662 5277
520 4120 3438
4194 698 3539
4941 5032 2726
5725 4933 843
2095 1042 197
4489 1681 4563
3763 5771 4281
312 4671 3365
638 4678 5655
2323 2732 3643
3571 1804 3568
4918 4695 531
4160 5667 2004
27 721 3678
69 781 1884
3214 2387 2539
2011 1813 3530
2790 2971 2534
4651 1784 437
4486 2478 273
3182 2406 1405
3745 3154 1624
696 2502 4652
1586 4212 3656
651 5717 4777
3679 5794 3479
1496 2627 38
543 3729 1556
1361 2363 5836
1942 913 4728
2166 1286 889
4542 3409 1817
5542 3016 2388
1355 2961 5440
804 4249 3839
5805 5513 1976
3395 1412 1443
2129 2487 1922
4779 4970 387
1432 231 5273
257 191 3141
2731 508 3573
5350 206 4988
3953 2179 603
107 4922 3902
705 1232 1022
999 1359 3083
406 625 4566
3227 5052 82
286 1692 4800
4626 5525 3251
304 2638 2441
807 2103 1116
3752 3515 2942
3385 4665 3337
5640 5298 4037
4182 5184 810
4938 408 1796
744 3503 1923
4209 2652 1567
952 1749 5070
287 4646 4292
832 4726 1244
5832 3554 5570
530 1247 1205
350 1662 2790
2286 5639 2137
1256 4379 3202
1704 4782 4977
2168 289 2741
260 2945 3637
4839 837 1858
3208 1260 5019
5342 3884 3220
1109 3820 4416
3214 1333 3280
92 5794 832
1105 5673 1208
1153 3557 3427
4960 1051 1908
2026 251 1906
5641 4621 259
5196 3684 2029
455 1839 5516
1528 5589 3407
4372 2897 4314
4368 4607 1253
3581 5438 2860
1568 998 3330
5994 1166 1571
5145 5359 2521
4322 6015 3866
1371 1852 965
1626 2451 3737
2147 5305 3001
626 2831 2947
2648 3371 1921
1625 5485 2734
287 5545 3357
253 5354 5575
141 5976 3138
4172 956 3521
1957 1435 4222
4797 3463 264
5763 1814 1323
2297 2831 3661
71 3214 2468
2162 1063 2811
5996 5819 1273
2679 4796 3040
2871 1504 1930
105 3786 3473
1802 5026 1311
1812 5012 545
2664 1821 4109
5828 4148 3291
5396 4589 4261
5029 5570 2090
3838 4898 688
5337 4704 5673
1561 3347 2766
4895 5172 2160
5370 701 2580
1475 1184 2494
2366 2659 3906
1473 3114 2688
1336 5442 3168
2284 3586 1950
2110 2642 4044
1920 1167 70
3033 585 1627
2202 5189 1472
4793 2309 3535
2238 3981 2056
5198 1185 1229
5727 3558 222
4198 927 3322
788 3710 1139
3131 107 3187
5727 635 1952
1772 930 1370
5430 4143 453
505 2515 2180
2535 5255 5410
3526 1669 3569
3358 2875 4075
3931 5986 1333
5110 2971 4174
3818 821 4090
4813 4358 2794
4899 144 5048
4379 1647 5169
4230 5905 5576
4847 4708 5221
974 2098 2239
3682 4215 1061
3696 4667 184
294 5268 1288
3977 846 1762
4449 5395 3728
3871 2762 534
2440 5478 4761
2776 4903 6034
5383 583 1212
230 3919 5776
703 1715 4376
1855 771 3658
225 536 411
1454 3845 2020
4795 1944 5264
226 37 3540
397 1847 2076
5886 985 5801
3489 5151 96
5069 3995 2583
45 4917 1370
2859 3197 5713
762 4345 2303
5286 423 5409
2225 5204 2102
652 5283 1355
1515 3933 4753
4179 2838 747
4995 958 739
3393 5006 4807
5251 2432 1285
807 355 1261
3490 3390 3872
3553 1911 145
3857 5896 3208
5690 4063 4453
5065 2139 2190
5958 1255 4316
2987 1529 4050
4338 828 5264
5194 5072 1731
4609 1818 2390
5084 6100 3194
2005 5218 4622
3583 1970 6104
3175 1961 4443
3315 2564 3242
1044 4214 3863
1345 2982 4811
138 3903 794
4488 5053 6081
2165 5363 5255
5382 6039 4389
2701 31 4042
1106 4903 1991
2929 919 922
3679 2457 2195
2018 2140 3428
294 1593 1439
4246 537 2234
1387 5758 5190
2486 4081 615
6125 4581 1680
2807 1662 3306
3668 3119 3210
5229 1251 5929
1871 1820 3833
2824 2324 2245
4834 5286 3419
2491 2630 1239
3349 4238 2817
5731 640 2490
4887 5124 4362
2254 2590 5567
575 3862 763
238 2833 5156
1469 3548 1495
2053 5969 5400
642 215 3909
4466 923 835
2351 1724 149
5641 568 5019
5398 1500 3951
5354 2736 4132
1475 3122 4539
3144 1974 659
7 5820 2547
1858 2873 4588
35 5945 5574
3295 2091 2244
131 379 5952
2001 2061 3839
800 2030 2453
4513 2011 1671
829 3818 5998
2443 2130 5878
521 5054 5238
5106 3600 535
1694 5415 5807
2118 93 3791
4467 2238 4151
1370 776 547
5581 1935 4161
1571 449 3418
3668 6178 5473
902 1805 3251
776 2269 425
4623 3272 1561
3538 5467 2375
4954 5415 4856
4172 1184 5432
1257 2055 1585
1746 6172 424
5904 2208 344
5357 3755 5165
6071 4960 1262
4359 5298 4133
3109 1345 1284
544 2374 1839
3855 5809 4419
880 4141 2956
5468 5619 1728
5055 2304 5644
866 5633 4165
1488 5451 3107
1000 1317 1619
4431 4014 4866
3837 2917 1363
2255 2227 1490
159 3109 1327
4715 371 3909
1360 1157 2497
3834 1813 1266
5025 702 1465
275 3032 5923
3836 3930 4596
4645 5655 5901
3045 5760 2669
4168 3763 4346
4525 241 2990
219 3622 5463
3523 4660 813
670 2794 4386
2536 5088 1420
4786 1012 6023
2501 1761 1106
4296 506 2959
4799 777 4692
3305 1601 6136
5893 4435 5687
1923 399 930
2972 869 4544
640 4825 1845
5930 5194 4708
1506 5326 3984
3358 1602 1882
1237 3638 1236
5903 3815 4946
3019 2455 1407
3930 4208 3566
4860 2379 179
3877 5657 3114
589 1998 4234
3822 6035 2655
3245 5079 5258
1639 976 1954
5849 5326 2822
1376 643 391
4952 23 2467
5073 3608 3908
4657 1582 3645
2440 421 2087
4424 53 879
3171 6098 1389
429 5356 5313
6107 5464 1747
5285 2756 3377
224 310 5464
5690 3608 5084
4314 1209 1950
758 5739 932
3156 5607 2852
88 3025 331
858 5492 2346
1331 2840 3871
5459 544 4371
4828 671 5836
5734 642 1286
3836 5844 226
6003 2185 125
5314 4679 1298
5240 2636 2251
1413 1820 2865
1884 5795 4375
2648 4610 1939
1470 597 4551
3672 6167 1638
4868 3990 2117
5104 4228 4852
6140 4797 2922
1205 87 4621
2760 380 2426
5203 4773 77
1794 1733 36
4932 5367 5890
197 3697 2561
4355 3046 1304
5870 5201 4734
411 2291 2374
4119 4736 2563
115 4825 3177
2485 212 6056
5754 806 2377
912 1820 2945
3432 3298 3185
4758 5590 1158
1496 5635 1844
5313 4318 831
317 733 912
1500 316 4490
3262 3524 5218
764 1286 645
5884 5662 3031
4365 1367 2514
3095 4277 4278
3043 2299 5445
2984 439 2690
994 2473 716
973 5716 1604
704 3561 5270
4377 659 3491
5746 6220 2012
3853 4790 6272
4563 4529 2495
5409 6204 5041
54 4685 1168
1100 4340 4941
2427 110 3981
905 6165 5618
2002 4353 678
672 1838 2760
3381 4879 5857
5273 479 4323
1087 1804 822
5830 2706 2661
5643 2568 3771
5101 2310 5137
5505 2867 2935
6308 3430 2752
5097 3303 4671
4364 3285 5103
1593 4336 5920
960 1042 1089
4148 470 2129
2721 1935 1276
579 1543 540
2052 4748 113
2322 2848 299
382 4566 2695
2590 1024 3333
6133 5975 5701
2838 4121 1411
661 3342 3843
6312 2896 6035
3476 185 3067
6232 9 1654
3894 3052 5377
5199 5051 4434
5681 3209 4264
1132 2170 5851
3127 5709 2218
3741 3239 987
555 102 4215
2457 5840 278
5143 2504 2391
5635 1188 1564
2053 2481 2711
982 5035 2915
1905 1299 380
4482 2022 116
1729 4979 5036
5295 4531 885
4196 5537 4543
935 5971 784
3840 5633 3461
479 3417 2082
2433 832 3541
1643 3293 5556
4661 5094 2693
2972 1713 1297
557 5507 5633
4391 2014 1650
2728 4006 3864
1016 1002 1013
650 4549 1487
6294 5415 6097
2976 854 2976
6021 172 1530
782 3301 3135
1413 2104 1961
3409 3414 5016
948 2580 1008
6202 2006 881
4452 1543 1374
5320 2004 2198
3283 4173 5852
2880 5303 913
2067 367 883
6181 4396 4519
5974 494 5681
5802 3293 4438
4659 708 5697
660 3410 1717
5790 2307 1595
5129 2794 2993
2079 1365 359
3077 1373 4794
2313 3523 5783
720 3713 573
656 394 1233
2668 1316 137
1682 3780 1873
4749 4304 6400
5349 53 5197
896 1386 4348
5030 2005 4501
5634 5937 4197
2926 2228 290
3566 2724 1129
4650 3017 3855
2759 237 1822
967 2728 1899
1144 1444 2231
1089 2969 1774
2734 4784 5903
3290 2288 2761
1608 2862 4511
3093 2233 3809
5028 3446 5668
5597 5831 5658
6280 1918 4407
3659 5628 4303
1738 1300 776
3734 4589 661
4419 6259 5874
6201 3747 1445
1175 3345 3772
1922 1246 377
3725 3068 4260
1462 2039 4766
4634 4437 4431
5260 2739 5517
5280 1548 1916
2407 4263 260
5701 3129 2562
3758 2514 625
2229 3399 4191
495 3534 2573
5011 1861 5744
1424 1023 1641
5599 574 4507
504 37 5735
6403 5007 3937
5127 5481 3954
501 1863 4651
739 4883 5577
6399 2979 1504
1201 3246 2785
5099 5074 3763
4176 6362 1782
2986 431 3760
3373 948 486
918 557 6116
1604 6150 651
4832 3344 4074
954 1992 4882
4864 11 1987
5188 1445 4886
6175 1676 5659
1749 3807 3432
4471 1005 6099
5786 428 5638
5719 6363 4144
3084 2222 5026
4662 1510 6061
1623 4733 1059
1939 1218 2355
894 3401 6466
4258 4068 2542
6078 6068 253
4336 6223 3973
4166 2372 834
4700 3438 1211
3158 1992 2131
5700 3000 283
5170 5603 2488
311 270 749
5105 5346 4886
2700 5144 6149
3270 5998 5437
3841 5372 6262
2490 3671 2780
5424 3589 558
3428 2011 153
3026 6048 5584
5610 1490 1611
1838 2174 2850
2692 5715 5218
1357 2119 3952
5521 585 4045
1622 1281 3168
2366 5025 2336
4788 4654 4798
210 506 181
2405 4397 2313
203 5402 5731
4990 4954 5337
3998 5568 4407
3340 5716 5097
5512 4833 5486
6028 6405 812
1257 6347 3826
2681 1499 3327
3804 4433 1336
4793 6142 523
2153 2901 5059
6363 6305 3976
6338 5429 6048
4605 4840 3590
3635 1263 6293
6258 2619 1301
4038 325 5592
5390 1018 1764
3009 504 3148
1907 3708 2064
5639 5262 172
2 1333 3148
5326 4072 2374
5072 645 1186
5786 3184 6102
6053 5807 1671
1674 5186 1507
634 4891 6394
6093 1022 1132
5102 3811 3955
678 4061 2254
4691 643 4010
525 3248 5844
511 626 1942
918 957 2319
3111 3291 4510
