6939
0 0 0
0 1 0
0 1 2
3 0 3
1 4 2
2 2 5
0 0 1
7 3 4
0 8 2
2 5 6
6 10 0
11 4 9
1 12 8
4 12 13
1 4 1
4 1 6
10 12 0
7 8 17
10 2 16
8 3 0
8 20 19
12 19 14
16 2 4
16 5 14
22 24 4
3 19 13
17 19 25
3 20 21
25 6 7
7 20 28
19 0 19
26 15 10
24 2 27
14 18 26
25 10 24
11 13 13
20 36 18
17 4 7
13 11 34
2 22 30
12 24 5
29 24 26
33 6 0
20 22 41
1 43 29
36 27 37
5 34 7
29 0 24
41 27 23
35 19 24
25 13 43
48 33 46
3 48 43
4 21 3
42 22 50
11 6 43
35 20 12
56 55 31
25 19 50
3 50 52
22 7 43
46 14 8
9 5 32
12 21 61
29 24 19
23 30 19
10 62 57
64 8 50
30 43 14
58 69 15
4 59 46
0 67 45
53 68 14
14 71 37
49 14 30
25 44 3
76 23 64
76 68 14
0 17 74
59 67 14
75 53 30
68 13 28
71 42 9
47 62 57
74 37 81
44 66 20
38 10 81
22 84 34
26 64 3
26 49 55
40 22 82
54 74 51
46 39 63
79 24 33
51 24 51
2 5 16
95 42 44
40 16 39
71 60 78
89 66 29
11 45 31
41 83 4
75 51 29
28 89 3
60 93 88
84 100 45
95 3 9
90 105 13
103 92 92
93 5 76
18 106 60
20 103 56
77 18 56
29 8 38
54 41 68
37 96 13
24 48 109
82 100 106
117 86 117
89 107 81
97 79 71
93 59 56
105 43 64
38 59 20
119 72 74
106 4 43
0 49 32
26 26 126
65 103 104
74 29 29
107 114 120
83 116 24
25 120 110
39 85 32
130 69 32
101 43 72
126 116 83
99 24 8
71 132 50
55 136 92
128 30 62
132 96 68
51 77 130
61 62 50
136 115 88
118 7 31
78 73 63
88 80 118
6 45 97
39 70 8
36 60 59
100 121 41
36 16 67
70 87 30
69 71 20
95 60 9
110 128 54
112 11 85
130 150 107
140 29 42
85 24 7
140 17 37
152 120 1
131 41 32
75 20 51
47 165 5
151 118 62
151 119 15
114 165 105
52 73 98
128 158 146
10 164 152
90 111 45
148 11 117
169 21 112
24 140 162
64 121 54
154 64 30
171 103 26
52 37 20
56 25 173
169 57 158
44 133 26
122 53 156
87 20 114
144 177 88
68 163 33
133 83 42
39 38 172
151 112 134
149 177 160
178 105 94
52 45 26
45 174 27
192 98 103
81 79 48
176 74 166
173 70 173
170 117 29
44 172 137
24 177 79
41 135 140
193 147 114
40 11 168
107 40 175
98 11 78
14 132 34
40 11 169
44 50 91
77 51 140
208 33 192
189 183 108
63 125 18
102 13 90
165 39 168
113 154 13
163 89 112
0 143 45
23 214 98
144 65 144
37 0 10
177 194 214
204 10 200
56 135 157
219 64 57
152 27 72
23 5 79
52 40 138
179 135 211
168 175 179
120 153 126
129 134 153
157 70 127
27 91 180
102 67 50
178 128 221
167 215 60
202 222 104
10 187 89
76 172 145
96 176 69
232 23 226
3 242 11
101 19 149
232 199 34
0 222 25
70 187 240
48 94 16
102 207 164
215 152 211
107 40 7
221 86 190
159 64 222
66 172 158
72 71 61
192 111 145
256 37 195
243 154 171
243 222 117
220 185 165
110 174 57
76 121 44
34 96 212
225 104 57
26 76 61
163 236 200
237 91 221
70 247 65
176 234 148
201 82 71
50 2 256
54 263 199
228 111 197
264 171 20
243 72 144
175 94 79
125 38 274
26 177 218
240 110 137
274 229 268
101 175 79
258 34 143
56 133 272
218 13 278
266 43 83
158 83 285
102 58 41
165 121 152
216 42 22
248 273 69
15 166 110
133 205 249
156 186 203
121 279 168
22 56 112
255 107 215
147 281 143
180 84 32
60 72 227
257 224 146
48 229 269
158 81 73
133 207 216
206 297 0
216 268 63
10 20 288
303 151 83
144 168 266
60 14 270
108 173 18
11 28 252
279 15 259
224 229 42
167 205 127
145 260 72
237 146 147
152 194 3
252 1 239
229 163 23
85 288 38
41 77 271
247 220 147
93 77 249
114 295 141
77 183 244
212 71 117
259 122 42
214 287 46
147 194 142
311 131 4
315 45 328
203 223 3
262 53 108
271 307 25
126 331 6
254 286 286
231 106 172
285 72 16
40 170 244
280 3 130
157 283 205
276 272 225
336 251 121
18 240 37
201 316 215
60 294 310
255 334 36
260 94 273
317 305 140
300 28 189
139 255 342
218 210 65
152 25 65
106 28 222
5 68 131
98 77 59
212 318 264
44 238 151
201 310 54
168 13 184
295 150 264
279 223 64
359 262 337
278 101 38
338 208 52
303 69 275
25 127 303
273 148 313
273 105 329
330 156 264
292 277 19
314 105 219
26 347 72
219 362 62
3 243 98
332 2 145
311 97 350
343 369 193
316 77 50
16 63 235
291 33 144
204 63 253
24 48 237
107 102 314
223 120 354
220 336 210
277 142 124
279 287 374
205 273 388
45 20 156
367 321 160
347 101 156
36 304 23
387 75 235
257 196 224
14 146 183
186 78 215
112 117 190
245 257 102
39 315 50
223 291 326
232 250 6
364 170 85
273 0 223
350 386 136
42 29 23
309 57 85
381 384 194
402 54 168
374 312 116
32 251 294
107 71 72
240 99 204
165 135 318
56 237 100
117 325 163
303 85 353
56 221 369
0 391 200
380 318 412
419 44 213
266 268 343
137 102 413
48 181 341
403 210 155
300 366 393
95 297 40
50 302 74
265 329 227
429 347 157
121 319 411
178 232 225
196 339 280
389 401 3
205 17 400
191 229 41
430 401 184
296 0 220
109 289 347
211 94 86
370 231 260
424 58 312
109 156 166
401 268 413
146 344 279
441 203 274
214 21 73
428 426 328
262 93 350
259 439 130
405 167 188
337 300 234
396 121 30
190 151 99
439 115 125
45 390 380
257 77 133
347 70 212
54 441 346
154 189 417
220 127 176
301 268 74
109 418 289
245 71 451
231 86 3
240 297 243
187 412 341
41 432 362
418 376 288
140 243 146
168 49 137
269 156 143
417 348 200
362 104 47
434 111 285
195 122 126
25 255 281
354 443 463
22 182 436
242 214 304
167 114 365
249 463 51
0 415 451
467 276 24
114 147 360
240 147 251
279 374 158
262 272 437
79 190 310
453 263 152
374 88 281
305 477 276
311 247 260
142 430 225
281 189 359
491 379 194
383 376 50
41 346 256
336 430 49
243 259 403
114 283 270
127 7 53
186 161 302
86 94 272
323 376 334
356 323 325
65 297 490
265 28 446
180 506 385
396 490 235
280 150 391
321 237 38
69 480 220
271 217 2
308 355 283
149 234 454
243 117 148
499 108 461
46 158 260
511 92 134
311 505 71
75 418 516
472 351 442
288 338 407
320 224 444
226 283 266
362 22 48
204 41 395
67 41 398
297 23 139
267 139 286
327 242 59
350 285 324
440 152 371
335 127 531
490 411 324
493 232 295
13 148 410
298 530 179
76 244 324
216 83 59
297 217 113
504 266 531
11 424 207
8 523 92
419 30 514
436 231 433
102 40 215
110 34 222
172 158 404
317 62 111
527 289 340
127 474 81
236 195 155
389 377 514
421 220 205
384 156 353
318 288 268
125 16 128
147 439 439
492 467 550
516 274 536
391 536 51
395 549 52
354 456 82
410 316 138
197 105 518
496 561 180
469 31 559
344 341 231
219 186 265
467 16 478
148 81 395
530 210 243
450 224 406
7 26 127
447 551 228
412 555 189
264 379 382
380 481 31
406 177 371
180 77 83
329 447 480
534 58 465
82 124 46
66 525 214
287 535 549
75 428 307
560 17 398
40 442 385
67 77 309
564 393 440
194 326 219
71 224 218
514 331 290
552 87 526
513 152 366
240 207 464
574 49 214
80 165 343
261 145 596
289 349 381
146 9 516
564 217 567
393 588 243
87 434 526
136 66 470
442 60 476
85 220 278
313 145 444
325 552 479
414 3 228
37 233 254
373 25 397
109 97 458
376 167 588
3 67 451
148 104 591
146 592 514
218 325 256
310 393 493
10 349 474
232 99 142
375 607 16
287 596 443
308 519 497
5 330 494
99 247 251
603 398 36
615 436 392
67 620 389
291 70 514
60 274 481
350 386 498
136 610 522
399 317 287
216 79 17
509 146 610
66 204 47
314 361 356
234 267 113
585 216 522
276 194 48
581 478 327
529 602 13
601 573 623
286 176 457
452 545 266
147 68 533
457 181 522
99 607 87
502 228 502
177 621 93
628 552 585
231 596 191
349 305 504
351 325 342
318 515 627
435 567 30
182 119 497
72 155 270
259 542 550
206 255 111
428 43 629
397 288 386
566 151 219
481 470 632
460 199 3
386 293 147
182 269 659
291 566 67
471 102 383
453 56 281
279 581 185
598 542 623
14 116 493
643 506 560
464 167 201
474 535 542
376 471 434
426 31 101
118 78 99
588 666 450
421 673 399
203 474 388
152 353 666
620 410 586
664 404 520
224 109 393
552 119 190
216 280 561
417 325 619
105 358 553
559 365 639
620 93 84
287 246 58
430 426 131
384 474 413
374 634 137
278 49 194
397 666 657
333 527 136
405 510 369
675 401 382
107 270 297
561 344 543
444 222 181
576 167 404
79 109 392
236 602 62
611 234 510
312 386 65
55 680 410
676 159 259
128 119 448
599 265 621
563 272 713
222 185 453
502 621 607
37 366 314
422 683 261
707 642 694
349 225 506
593 501 93
109 668 400
467 155 522
677 282 515
382 354 224
221 123 3
480 719 475
241 578 494
699 551 233
195 248 486
651 539 97
178 720 199
302 0 451
626 116 311
356 363 186
719 570 551
654 266 382
478 714 418
300 490 451
510 656 478
120 51 19
473 576 228
661 610 94
675 251 573
352 239 642
419 591 697
49 201 457
153 461 613
506 291 144
27 696 91
23 164 216
204 511 678
534 652 475
146 243 240
11 355 680
20 536 666
598 118 446
378 496 223
513 201 401
180 71 752
651 164 487
150 395 326
622 457 67
318 91 343
186 214 427
300 293 260
322 550 192
189 93 291
709 736 43
343 348 166
482 391 616
639 545 163
592 660 479
562 128 638
134 733 342
237 117 586
774 506 516
86 4 475
342 290 90
59 729 72
62 585 482
82 157 284
51 671 329
493 730 306
233 427 529
182 587 489
559 108 72
365 475 184
97 621 629
90 226 404
100 542 178
291 208 722
787 730 722
470 359 769
647 74 354
324 449 200
144 788 307
290 451 706
700 234 13
681 497 136
337 670 69
566 513 337
782 126 153
200 633 413
208 150 433
292 276 406
715 97 68
77 784 366
402 485 543
51 25 508
672 525 173
383 497 222
657 18 89
643 487 523
334 471 815
811 502 694
146 357 17
562 337 232
137 172 259
679 43 526
188 755 71
280 45 648
23 713 151
189 771 134
330 773 99
549 45 713
296 287 22
298 95 173
610 448 80
735 111 370
379 723 201
663 832 805
423 767 149
410 52 305
750 277 196
284 195 654
384 725 185
345 518 338
722 716 355
829 520 571
596 138 330
189 150 407
59 290 360
799 225 241
459 227 380
130 228 468
809 31 589
180 238 218
256 721 801
628 744 697
332 833 74
658 683 327
695 183 634
287 535 694
8 85 105
664 587 284
495 313 241
661 703 49
35 618 425
249 441 455
212 785 412
112 836 181
293 275 600
802 647 590
50 95 527
464 711 592
725 706 507
562 535 628
345 355 627
611 265 135
363 860 146
454 715 573
581 167 759
382 608 379
733 308 340
68 398 750
85 485 296
320 34 305
397 577 22
71 9 284
233 64 754
754 253 196
464 492 580
174 565 125
875 323 595
726 198 229
142 494 804
536 331 105
566 350 411
461 621 472
142 717 34
120 629 636
417 234 395
322 122 70
174 121 894
389 337 142
697 67 428
302 44 249
146 488 566
728 118 295
201 362 9
473 333 303
189 410 554
314 758 313
598 405 201
271 530 121
869 230 133
570 540 86
447 15 73
138 912 219
112 434 183
875 618 757
31 864 544
227 318 534
88 208 905
188 52 64
694 126 198
628 887 292
892 46 538
207 693 370
304 206 136
714 491 846
656 783 163
462 531 182
506 416 913
637 312 786
338 367 192
295 480 237
430 714 783
273 433 63
287 196 762
53 818 436
885 600 526
513 45 287
361 738 856
33 78 893
843 368 159
201 902 384
674 548 936
931 870 146
656 625 642
92 18 553
589 152 288
736 923 360
934 41 576
731 469 449
889 444 299
657 94 882
785 131 760
909 719 200
43 216 382
646 228 883
868 600 342
236 770 4
874 589 761
192 117 920
434 164 920
560 942 781
393 911 609
567 586 798
506 917 723
963 857 665
945 362 228
94 107 127
955 711 391
651 378 211
353 706 203
120 583 427
152 715 768
406 922 355
226 241 588
895 921 578
535 513 44
283 772 502
802 408 413
726 780 159
86 362 773
137 70 409
300 834 762
440 158 368
110 889 11
612 243 701
757 30 918
334 215 298
153 91 128
501 687 578
706 205 875
92 74 419
176 306 739
736 494 756
925 922 417
930 268 39
766 734 23
234 922 658
434 625 239
432 661 31
187 447 902
867 792 879
220 452 591
720 146 805
112 192 862
861 826 958
592 41 746
593 977 632
169 869 181
917 1008 285
50 161 150
855 729 933
789 292 209
539 784 915
44 222 602
164 330 334
624 634 477
19 390 410
986 765 759
956 421 824
969 553 574
45 927 542
664 199 164
603 382 745
496 200 198
975 218 444
1013 965 460
327 756 17
784 121 871
13 679 491
775 48 698
552 221 611
379 712 113
973 625 14
171 636 589
548 718 487
919 634 739
985 268 868
100 864 536
289 310 501
53 210 925
390 619 515
378 457 818
47 390 340
912 577 806
740 785 352
350 1008 685
1021 192 180
961 6 210
1038 426 420
506 827 844
211 843 916
658 522 613
100 969 440
862 359 71
496 367 512
808 77 465
801 422 472
984 938 191
704 49 34
554 58 666
520 377 945
1018 349 495
105 482 414
568 259 578
817 825 771
153 868 400
343 515 962
150 2 254
687 16 584
964 361 65
368 289 861
168 214 296
635 888 502
249 776 108
508 905 31
69 85 237
597 363 63
35 40 709
174 741 48
790 865 62
823 345 150
858 859 693
996 960 65
941 949 1041
906 164 55
366 984 341
950 943 507
97 266 462
435 321 454
857 544 1042
329 224 813
558 1062 660
980 1021 183
911 311 203
202 960 657
212 575 890
329 525 767
750 891 556
841 806 670
770 164 761
293 445 478
1023 900 14
905 977 688
430 808 674
640 578 512
648 776 568
779 926 56
569 341 950
196 46 386
874 211 795
62 893 538
697 445 540
600 155 696
67 43 1072
400 557 384
904 1001 836
919 80 459
899 923 196
396 100 756
922 1015 636
179 1016 255
565 36 971
123 366 218
490 1053 559
991 350 883
225 701 977
668 423 243
457 394 591
797 77 958
679 924 1114
835 986 584
1022 1131 36
839 163 637
664 1018 550
664 785 793
250 666 214
604 131 25
876 718 735
1092 1059 462
724 26 366
1056 803 86
75 632 543
844 766 927
306 408 222
996 918 26
951 1046 294
1026 456 812
98 976 103
482 264 437
943 602 1144
562 1060 443
231 428 946
1019 889 837
250 189 776
344 536 652
292 649 278
21 162 914
122 547 620
543 293 1124
671 247 296
1030 530 1013
811 26 50
319 84 832
278 794 758
447 377 2
991 255 220
23 840 504
804 250 556
893 396 63
664 1165 297
132 406 122
548 388 601
369 179 713
1005 95 66
739 331 835
664 365 517
374 1058 1004
960 783 470
683 1096 917
209 959 385
743 330 638
681 377 1121
1031 55 962
1066 244 946
429 139 673
74 556 1181
1106 986 432
474 924 740
314 649 42
734 1055 752
1093 1089 415
251 118 1054
443 933 625
502 568 759
503 455 542
654 453 1087
301 158 208
189 853 930
366 290 982
299 749 982
667 548 259
645 904 615
1075 444 673
1053 333 251
1117 736 156
1120 1187 1069
71 1179 540
452 1158 394
794 550 542
1128 1053 594
173 486 371
548 558 20
748 1098 437
477 316 439
358 855 1184
822 1128 1168
763 582 103
387 846 526
154 702 595
305 537 688
529 873 1058
959 1 882
472 504 1002
424 396 692
172 831 300
1153 875 264
1086 221 678
726 57 178
969 1194 863
308 1018 152
548 1169 276
489 201 757
109 445 1067
1208 93 794
531 635 249
946 302 1201
1156 839 725
871 894 46
876 1117 736
758 1040 179
560 790 1135
638 995 636
70 987 365
190 253 731
1091 146 572
891 1122 851
827 340 284
1149 452 711
442 286 700
331 462 525
148 47 311
1213 10 927
798 877 126
630 1127 1164
1044 1049 846
150 1101 195
1225 109 268
1048 802 1219
918 267 341
1212 738 1199
490 1238 1236
1061 788 321
436 287 504
543 659 1065
771 837 969
837 665 691
151 366 105
659 1037 222
562 873 641
1144 525 994
359 941 920
1225 969 1068
979 683 406
1098 1162 1006
610 223 1089
341 854 1095
71 703 455
509 55 1172
584 1200 1237
125 615 503
385 31 393
1143 157 658
741 710 796
107 834 7
1047 610 957
693 899 816
1206 1055 1004
526 712 677
374 33 749
636 316 1155
663 1086 935
1087 355 667
925 231 220
1203 731 729
302 867 1208
182 115 265
489 874 422
648 536 1094
78 200 1140
852 762 1090
1092 1176 1084
1133 850 445
773 124 448
509 319 826
1278 1022 896
526 761 181
412 791 145
1024 106 1208
763 303 284
86 449 387
1203 358 436
1040 269 451
848 729 835
893 1092 884
397 171 843
1208 125 885
95 810 868
721 587 1182
73 559 607
566 698 904
479 1284 756
284 834 666
236 788 267
861 374 590
814 447 81
593 1239 1209
836 1079 865
1086 1168 743
1229 1286 685
1195 918 641
194 144 675
466 1102 195
389 796 372
1296 1 1113
429 1303 895
924 345 1249
1090 567 1086
219 531 31
380 1121 749
1281 868 838
1115 641 550
296 1071 412
586 277 236
1095 1218 239
507 82 922
1096 774 654
895 598 94
419 231 1226
409 618 582
1118 295 945
847 913 1174
1044 1208 1308
1122 182 1019
361 484 1077
1328 1276 65
680 1152 1145
644 102 993
1119 429 897
334 268 767
1077 204 938
369 1267 114
141 447 569
1136 821 1200
1027 275 655
1236 1170 913
129 822 302
467 1193 458
427 1076 101
637 911 524
798 849 123
56 675 806
1356 1022 1073
1306 1130 190
237 271 1243
201 826 881
1345 1036 576
1155 1125 230
149 1139 475
768 311 449
577 761 1239
550 668 575
1376 621 1059
799 1011 53
786 632 1244
650 111 947
159 689 902
1131 1121 58
941 100 531
716 707 598
689 818 99
991 88 160
641 686 984
1203 642 1191
527 1032 400
933 854 62
747 543 393
1022 102 162
245 1086 951
199 1367 1270
971 1096 398
58 400 534
684 513 1055
308 1289 1084
1069 274 172
303 62 960
833 91 613
661 1287 805
1057 1384 794
196 155 1366
130 1104 1050
1383 14 569
1293 1218 1006
276 537 726
423 597 698
1323 1244 531
1011 1259 187
505 570 50
236 438 206
922 763 840
649 950 321
691 1367 980
439 363 601
967 250 51
1403 1121 1226
147 1051 1318
856 664 196
1074 165 943
359 1223 1216
911 459 102
654 1357 1203
537 1398 323
218 1247 461
380 1124 1151
1394 991 888
1164 1086 596
1335 623 136
154 1254 339
245 246 180
1126 505 932
839 1351 187
598 1008 970
349 46 608
929 58 1045
349 546 269
939 496 517
473 672 865
116 1024 378
1445 1211 1344
798 1319 1034
656 1228 95
988 1353 1421
785 808 1022
801 842 72
759 985 23
155 1105 1447
611 778 963
886 419 1448
73 1057 1171
664 202 485
1384 151 303
1049 1157 921
749 993 12
576 1305 550
1208 277 610
1412 980 438
395 391 1300
1072 356 1165
641 1458 1084
1407 649 424
1306 1394 676
490 160 34
689 320 903
110 175 698
665 696 745
605 642 85
20 1362 400
59 740 504
401 1363 457
765 708 1210
290 1028 473
488 1309 1468
1306 299 478
605 5 1361
1200 733 894
1109 1402 903
200 1249 104
643 1107 959
156 1200 1106
324 1133 35
352 1193 760
1192 84 255
150 141 502
423 677 1462
450 288 1004
297 1209 622
1364 157 1434
802 13 863
548 593 1468
1229 85 41
176 724 1394
909 456 550
1358 74 331
372 1444 1185
1069 482 1378
986 1402 352
1192 1288 694
69 320 12
553 520 244
1004 485 747
938 885 1438
1084 702 805
678 769 957
1359 566 912
105 48 1064
591 944 1129
1169 595 101
969 295 120
985 689 522
758 186 468
669 375 1146
1398 1405 1292
153 297 746
512 1508 1275
703 732 1486
1064 851 914
1065 932 695
181 806 813
280 1497 917
694 855 574
1232 420 1490
1019 646 438
246 1474 497
400 874 1174
600 549 1170
980 645 731
1434 339 1019
595 387 1122
243 848 1375
1467 516 1216
1062 149 1208
666 724 110
15 724 364
1149 1373 1338
1213 558 435
772 435 595
1108 173 601
1060 569 435
609 861 660
621 1409 1073
117 1382 1333
756 478 456
1068 430 312
939 185 237
1266 781 1048
209 1272 0
681 429 472
751 1064 589
602 1322 886
679 1276 1162
1184 1098 1066
504 1512 507
845 1491 19
1365 1173 709
625 947 1411
713 629 301
106 1378 1555
9 113 721
810 90 777
313 92 199
262 1044 1373
502 1387 602
1175 556 1430
652 920 466
217 795 1021
626 1543 1171
1538 1364 1201
388 13 1164
1045 95 485
398 1175 213
801 911 1487
1162 883 1257
1275 1035 1523
1386 666 778
312 300 793
520 1311 388
875 639 1453
979 1061 255
362 823 1199
1444 1124 107
936 436 476
353 240 1244
182 829 725
1089 1503 471
1121 989 449
254 1241 713
286 42 886
1016 978 1580
922 1495 1396
536 1517 227
587 1512 1110
418 945 757
1571 126 553
869 193 201
92 692 592
496 1490 923
1478 206 123
500 1478 76
12 799 626
1576 781 858
268 161 636
247 890 807
595 935 193
504 339 1243
304 1439 396
916 909 1609
1301 1587 1180
773 610 1002
311 969 194
1021 1128 598
1188 1550 411
261 1343 1336
65 133 471
1227 1037 48
715 584 303
1382 235 1132
920 1115 175
1288 168 408
556 497 3
1145 1158 62
971 1364 138
121 84 1103
837 587 312
744 612 1053
1305 219 213
1201 1440 945
460 1061 1380
448 929 323
1549 148 978
1426 49 144
1063 581 1152
1636 554 466
718 1180 512
1553 1576 989
381 1265 1441
583 106 456
1572 801 1521
632 219 1135
1571 1498 882
264 788 542
464 1485 1005
1198 1641 812
132 314 524
1468 1407 1535
1591 170 1619
1187 931 224
1410 1389 194
309 494 941
602 1452 569
1119 477 1254
1477 813 1382
1103 1079 55
180 475 795
95 1228 1010
111 163 394
146 691 946
1507 288 655
367 1113 1458
372 1585 312
625 196 1154
605 732 927
1009 1020 886
440 331 866
1610 409 1641
1052 134 673
1465 1005 680
391 1321 1396
518 189 1644
476 1426 1491
630 869 922
1312 227 284
1280 1301 1430
573 1401 1162
1091 951 1214
1190 1101 79
831 475 545
644 1331 1321
577 682 1414
811 437 483
686 1535 208
1476 41 334
490 721 509
291 1553 566
1445 15 787
1121 86 460
48 815 365
1523 71 159
1585 1595 1510
696 100 319
216 1063 701
1039 793 180
487 1571 6
156 699 704
202 519 736
1700 1227 33
429 763 129
1253 1095 409
52 1447 742
1098 342 308
935 1495 349
1559 229 1440
1136 121 1004
1425 1557 1089
1150 828 1509
635 590 648
736 1696 598
1349 114 1028
1633 1029 1580
1209 786 654
1684 1701 1620
398 354 1563
106 1617 750
1437 1371 282
415 856 1089
1461 709 444
737 1303 196
639 1089 1486
377 1642 787
798 1224 358
1682 621 1588
464 1212 54
121 175 1288
1382 1724 1054
1630 759 145
1258 609 97
822 1722 367
256 63 1631
1618 18 416
335 61 1644
921 86 1062
1663 142 549
335 1211 1307
1070 1121 1215
1608 560 1250
1608 603 596
265 901 81
382 761 801
920 452 1342
1676 1613 1069
505 1396 274
569 894 1676
19 1035 405
456 760 1148
1357 898 1252
1448 1542 705
644 1390 1696
557 933 106
418 721 26
1356 1320 1057
1085 350 462
622 1338 1427
1592 1477 1190
290 1071 1581
1067 835 1390
1511 1239 1663
1303 474 695
489 422 158
1585 1029 1017
519 1469 469
966 46 1353
871 1569 260
1012 1653 442
984 1454 1622
1155 927 595
1111 543 47
247 440 355
100 357 600
1139 969 37
805 218 1732
890 58 387
1502 331 983
468 1544 1143
1048 1612 559
410 1062 633
547 1023 40
748 1201 630
1309 336 1228
1432 222 2
1013 1722 606
1042 683 505
506 1031 455
1025 430 855
153 1049 207
607 790 128
980 1731 1595
1783 708 649
764 206 1554
1104 1611 1421
507 420 811
345 735 1259
1371 1124 14
573 523 758
1389 1088 1274
586 735 1141
838 1166 1538
940 1735 470
1769 1241 97
1108 597 1066
832 974 1772
365 752 272
117 693 243
35 290 307
446 701 1195
1421 1797 18
1710 1678 60
486 1468 690
1384 1673 1298
1222 892 1245
130 523 861
518 201 356
1732 1453 582
218 648 1138
1703 299 1381
278 1513 1427
900 631 746
1344 976 1622
513 484 433
1368 637 7
709 485 302
46 1135 294
1401 1293 986
822 1508 1467
761 213 428
1501 1217 1326
704 483 1352
1344 782 968
365 952 638
361 1597 69
72 58 817
1386 553 1270
1036 1809 557
1206 285 936
1466 490 1789
1012 1567 597
1221 368 816
1750 1173 416
339 57 654
1737 1014 150
1449 1070 216
836 177 101
1014 1510 997
1131 212 1409
181 180 973
1376 410 94
1851 1350 72
57 1303 1771
761 1431 407
390 1076 153
1388 728 10
716 1375 1545
1045 219 1703
574 160 1803
1585 385 1432
9 1155 1605
1503 965 1290
858 1701 379
170 1735 1817
1425 1752 768
163 82 1071
362 770 793
374 747 601
1072 208 536
750 844 1436
1683 657 1213
158 599 399
1832 1319 1267
417 1270 1309
1674 1169 1482
1528 887 877
120 665 1031
1838 1165 157
1466 1354 1357
1860 1380 1594
1335 234 1083
258 1835 544
1583 974 1716
1585 1650 332
58 1422 457
381 1291 1043
1112 1830 372
1451 1238 1451
207 1312 973
1164 1571 546
1768 1019 1528
378 1879 1459
1012 1787 146
278 768 1220
736 1460 1284
1365 1523 318
1018 1570 1733
662 1520 213
1517 372 1460
880 514 960
323 1319 738
1192 9 1121
1390 1344 660
1735 931 1769
889 1350 96
1906 1002 1664
72 1899 1297
825 1653 355
638 1505 974
31 419 562
910 135 1821
675 705 1384
1533 109 285
1428 561 500
164 1791 578
1625 833 1134
1722 1297 1033
1688 678 1690
408 72 755
467 1248 1641
44 795 747
1429 1476 683
612 1055 1842
449 1872 1237
1322 658 113
546 1584 370
1760 1043 1704
1405 212 952
1422 1578 408
928 1824 576
1806 32 231
840 649 1239
1851 651 140
662 86 141
1381 1858 1274
450 1329 864
378 1247 111
1731 1658 381
489 538 266
1496 29 1045
1713 1934 783
1554 1897 1140
1595 338 1802
788 910 1267
38 702 212
1494 1263 866
275 545 65
342 1634 344
1377 347 530
1470 1699 1949
634 1620 1432
1250 90 1409
1004 1046 34
1363 1745 553
1334 213 736
850 1590 1030
629 13 1581
1228 858 787
585 1325 1421
1063 822 156
133 1699 1534
1551 1141 949
199 1865 980
89 501 1399
1301 305 1584
438 1722 249
1603 1752 884
485 88 1652
1234 818 1157
639 1608 1136
789 864 783
848 1178 456
643 1191 799
1265 1799 1532
44 940 836
141 1327 767
929 842 1244
675 525 1019
1547 1638 1269
1870 1960 860
1909 375 862
1867 1384 1977
1469 1682 53
331 1540 70
1912 86 550
1685 648 1423
1359 1867 549
1405 1569 47
1162 799 1486
1939 1653 476
1927 681 1588
771 503 789
1597 676 650
1544 698 1342
1465 1571 1127
226 679 1264
1142 1859 1925
374 131 895
65 1835 887
1396 1705 1357
1875 1859 1802
644 1598 572
1828 292 1251
1151 1933 1166
1550 223 1122
289 1806 1855
1475 663 1807
1010 833 877
792 1542 1380
1816 981 219
22 1593 346
1202 814 574
177 262 173
219 293 1302
1156 1319 1043
406 298 474
1240 1399 292
1695 1529 1909
447 1954 1024
1302 854 895
1859 163 492
1826 1911 532
1951 716 1127
330 1594 1073
1230 561 1391
1314 1938 415
1280 1799 1744
1486 769 41
1409 1728 1322
602 176 18
1970 1428 1149
611 1466 543
483 826 1670
1266 1575 986
546 9 685
356 1864 1590
34 773 976
1910 721 967
1137 1893 190
555 1258 1729
1743 953 62
1522 1566 1824
802 677 1881
105 458 1186
1368 243 1412
1227 565 1273
1755 970 1678
860 1354 730
1153 1454 1359
1098 1658 745
1433 1723 1566
430 566 281
1428 1129 1264
1719 639 1562
603 1774 679
30 50 2020
1006 268 1989
921 540 444
663 1688 380
587 1172 585
1093 1415 1283
1661 520 216
162 681 103
1069 1231 1349
877 753 471
195 833 1388
666 1795 62
677 1000 1335
1974 1166 92
1819 1815 373
772 636 1046
322 1135 1398
1836 944 1554
741 139 1623
215 1875 205
1323 1473 1359
982 8 1412
150 1770 1251
229 1028 817
1225 929 3
1687 1229 1371
20 110 595
605 1784 1749
1999 554 753
685 318 1755
565 1510 824
1581 1413 1201
779 2065 245
881 746 1950
1052 649 165
273 1267 594
364 522 1680
1773 1392 1772
1105 1345 1392
926 1022 1705
1310 1441 1452
764 1415 1752
370 380 1591
543 2011 648
123 1153 673
616 1554 722
1290 1013 366
1278 498 394
1794 1573 1716
1543 2009 518
309 883 771
650 1284 1227
940 1389 627
1523 1659 516
1073 974 1926
1243 1397 627
99 1007 1406
1944 1034 288
1099 2011 994
1912 509 936
1717 702 1138
598 414 879
818 294 1755
654 1024 284
991 1439 486
1101 1433 1459
762 1083 1925
1724 936 153
298 1503 1072
923 1481 62
1479 503 1354
1198 1594 650
338 406 2037
29 933 1299
179 704 1796
61 1898 1984
854 691 967
2037 1440 1557
143 1997 1206
338 72 35
2051 1885 519
335 2032 1913
1049 2088 48
445 537 1106
643 1571 1414
257 2095 586
541 2077 1372
140 1315 1908
1761 1126 1614
1714 210 1278
1113 708 967
1712 1677 1667
491 473 903
1670 554 1705
2032 1507 1797
569 442 511
499 489 634
1782 812 1768
510 234 175
411 1028 337
2045 36 1058
1914 1378 1843
1660 1480 219
1650 1262 225
864 587 2111
142 1816 1140
1201 1450 266
1044 1912 3
30 2080 34
904 949 951
1344 1417 1740
2073 816 74
1475 2086 1009
1464 184 82
544 1147 1451
379 104 1763
345 2124 2010
193 405 1647
2085 1729 473
1781 1511 778
639 1761 964
787 770 2078
550 2047 1197
1527 2013 1150
1946 343 1391
383 526 455
1612 670 1471
365 1271 1046
1728 2059 569
212 735 1606
918 2167 373
2100 578 617
219 2097 1841
656 436 1332
151 1504 1096
932 1429 1722
1351 552 1749
1204 1141 1274
1997 1430 1916
73 1465 2079
1086 726 1275
827 68 2022
772 1488 1698
1361 1393 88
1123 1769 907
786 1079 798
254 450 557
692 1418 1803
1569 397 1569
1740 292 504
251 1328 45
815 309 795
1160 972 929
821 1398 780
1009 10 1876
594 1999 1248
626 1303 1960
147 2201 388
1146 1832 16
1867 1357 1258
1562 389 253
1475 1947 1675
2152 2023 1940
2125 1183 489
982 262 1202
1403 791 1331
1003 1554 1323
440 852 1978
1894 956 1085
269 2033 1392
921 984 1183
654 386 1720
973 1777 2223
1302 188 1852
1655 1438 518
1180 558 1171
1601 1208 488
1856 1896 797
814 426 1254
2019 1362 797
535 1229 1103
864 1227 369
1578 431 1904
2201 939 1717
302 1356 1685
1681 1661 1162
980 1683 247
808 147 764
1422 1166 1347
519 730 1612
1270 1869 2050
383 990 1753
281 1468 1973
524 268 635
1962 1552 899
363 1723 751
1668 1423 1578
562 1609 661
886 1197 1766
533 1895 1388
1951 1047 828
1753 339 882
1610 1474 233
1408 882 707
651 176 1954
346 8 1228
487 1633 1859
773 829 1003
1507 2148 553
2196 1534 948
1722 602 1215
1017 482 1610
1190 1214 274
1324 2011 1803
426 549 798
112 691 1846
836 2197 397
1575 1382 463
2172 2123 1032
639 1658 1044
18 1553 1382
36 615 658
845 1351 1994
268 142 1096
1668 1353 1127
1370 842 201
764 75 1102
19 783 854
993 1799 1560
865 525 2030
1744 544 301
1111 1064 2198
2238 649 671
632 532 1307
372 1194 1175
220 370 534
1163 2021 1501
1119 1336 1236
1002 525 297
1483 1212 1313
989 1009 1399
640 1632 1678
746 2170 2268
2114 1893 518
1928 1259 1770
291 1919 1491
1469 1864 1565
1554 1235 932
1349 367 1196
631 702 1736
278 1691 1474
1335 1532 2077
360 1813 186
940 2140 2116
1679 1792 365
1306 938 19
434 153 605
491 168 1646
290 843 1661
218 830 620
1737 1125 928
2264 94 1290
250 223 1720
759 1663 915
2237 1509 1308
747 1510 564
2168 61 1761
1481 1946 17
928 1245 91
1819 280 124
1010 1445 686
692 99 1439
613 1376 826
1915 1702 1232
1465 352 1784
243 1418 360
2064 1264 531
1036 272 1616
831 472 442
69 417 916
166 1601 1483
1164 1085 803
2173 2297 1405
1758 1447 1948
752 859 1419
1084 215 458
108 1288 1942
1575 472 731
1744 1481 1175
1224 1825 824
1774 1822 796
2306 2192 1265
2142 0 622
617 476 1377
1605 1677 1193
767 1181 1078
1884 1820 348
929 1322 1401
1558 2344 2005
151 812 1442
502 157 1388
2354 631 401
262 1044 209
961 1572 349
435 455 2323
496 1564 1147
2336 134 270
1352 848 1614
567 1101 780
1436 1744 1015
1755 2056 2263
2063 2008 459
1863 51 903
524 1244 1233
24 1154 1945
1611 1537 1170
165 2253 495
1636 2087 39
1846 1125 451
903 2027 1522
773 1690 1202
537 592 1598
600 696 1702
976 1519 1612
2103 1758 1477
544 1963 117
325 578 218
1468 547 1242
1910 1210 1745
170 914 1710
1839 604 396
1763 2130 1297
560 655 620
299 1435 2174
1141 1533 403
1797 657 864
2376 1185 1618
1104 1891 1043
1159 487 497
394 230 701
597 425 582
51 1945 1681
550 786 437
1824 1108 1549
1497 1812 1333
749 1081 1796
1132 1086 2141
456 1267 1371
505 298 1716
929 2278 2239
196 754 2093
1010 1072 1701
755 2208 1879
970 1771 1992
873 1763 449
1113 2340 1512
2289 1421 1977
905 1087 717
1996 749 2103
1163 2189 676
490 1618 2085
329 661 2063
935 2143 2008
2122 2290 1154
2248 340 1576
2142 2184 408
286 27 1009
423 469 201
548 1313 484
1715 2010 2232
1019 387 636
1458 1576 874
310 113 1928
1919 94 1850
385 1530 878
686 2137 1145
275 730 1481
2139 2098 331
2340 504 603
985 1217 964
284 81 490
933 273 2
1306 696 1146
1384 1586 1274
326 1647 1691
1338 1233 947
1139 131 1438
875 875 1871
966 764 1929
382 1458 1890
656 1316 114
671 2030 407
575 2220 1464
312 1353 821
2361 321 1574
982 2102 132
578 261 1457
181 2065 469
1250 1131 902
1409 69 472
1632 1104 1215
1732 1636 215
844 2060 508
721 1579 1132
976 577 1623
821 1611 192
2211 547 2122
58 1199 1207
1171 900 1793
1791 2237 971
2201 1392 560
2319 1918 82
1151 925 912
237 1330 1613
558 2264 1334
1166 1564 2382
1013 217 1007
95 1144 2205
1092 2358 1841
2000 1214 2307
367 1919 1202
506 1224 885
1329 627 585
300 605 279
1108 487 1807
20 1265 1937
530 54 26
479 1575 1870
1377 1619 751
1059 1073 2267
1178 2042 2015
343 1176 1412
432 1468 856
184 2163 393
1219 1352 1829
223 1287 1928
1529 284 54
96 2177 1228
32 1094 333
746 2483 2088
287 2213 1437
1227 887 1263
681 1102 1422
1893 1473 1237
819 652 1041
810 2325 1390
161 889 179
353 1493 1418
2148 1117 368
256 377 1744
1227 1109 1128
930 1623 2340
535 383 1645
2480 1591 2249
1439 484 527
1394 1817 147
158 608 1160
977 494 1136
959 1276 439
1651 304 641
441 141 738
1434 1308 2018
1114 2305 1555
1261 539 1044
1437 1584 2040
1173 1499 2133
1584 1191 1758
561 1340 1248
2152 776 1724
2098 1442 1532
901 2452 1801
58 59 1968
2365 17 1222
1476 1916 312
15 370 494
137 459 2061
1527 1636 1043
1153 1296 1055
1517 1153 2159
1334 2476 2398
1846 311 519
1445 47 1969
2468 2337 1578
460 1761 89
1425 509 1373
2017 2340 894
1991 2388 1675
345 1208 2283
756 2451 445
1261 603 196
999 385 2244
1039 561 1022
654 965 1926
1503 2289 1647
1711 1266 718
2253 66 272
1456 1168 1759
1154 1426 2039
814 2330 1489
1034 1554 1477
94 1419 543
258 160 466
349 2358 1724
90 1846 1118
1631 1103 2201
203 818 1551
698 1901 1558
1313 2 2178
1347 698 1888
2498 2049 236
2396 2334 1478
678 1282 943
584 1092 216
699 1104 1727
2552 564 157
212 156 710
1677 2553 738
525 1416 2048
1528 1925 2417
916 642 994
506 1936 950
173 2274 74
403 1311 2563
445 1475 822
1946 1565 978
1116 2058 1716
2134 1656 1422
1076 1031 1041
1634 1499 2265
66 1512 623
1210 1142 1703
2037 2211 1597
545 2485 210
565 1607 335
2377 954 1341
450 453 574
552 2533 745
777 1551 1985
2091 2348 295
2118 1811 35
1333 1642 701
2379 456 2238
123 2557 1805
2573 1534 2055
2367 420 638
1458 439 1775
2097 1718 1342
1529 410 1188
2522 1329 1413
1671 2105 1175
2589 440 437
1855 1852 2205
311 2127 822
1407 3 66
285 439 891
521 174 2019
668 1851 724
1276 215 1050
726 1315 1645
835 1795 2283
163 2559 1166
507 1866 1031
1401 81 1774
1333 229 1465
2244 130 211
869 128 572
1462 1300 2194
205 1089 794
116 1282 2084
1843 1020 2478
2411 990 2062
2618 764 2560
1488 1417 121
2537 758 1064
1355 230 636
2118 1489 2185
1753 1895 34
26 2328 848
546 2104 1824
2184 1654 607
2499 1987 1104
1998 38 669
2201 2039 1643
1368 539 1069
1262 300 1033
1187 806 1780
1086 1675 165
1979 1084 941
301 2002 2620
164 726 2479
1830 1741 1705
2181 2240 2226
1227 791 2016
1790 2077 1866
1919 1176 1265
835 849 1962
2404 1662 575
1136 402 2450
1295 608 2616
1380 713 2051
2622 1887 2404
293 117 2342
1269 659 2626
2170 1133 507
973 1610 766
1661 2409 2308
1385 711 479
1285 688 1066
795 2040 315
348 2641 2582
6 164 1122
2489 549 116
1412 2477 650
1218 1776 295
1624 2275 1772
1484 243 407
854 1725 573
2172 1142 601
1673 1501 1560
609 2640 833
297 1395 2206
884 450 1339
2350 153 193
1972 1726 1558
1374 1844 248
2668 1912 1607
900 2042 431
2378 1315 777
843 394 1733
886 2246 2053
55 1737 980
333 212 1979
931 748 1706
2200 2098 2511
1140 868 1753
347 1863 53
2290 2609 1637
2584 1039 2431
296 824 2445
940 1253 846
967 2315 2331
428 1895 914
2106 2134 823
2505 1851 1871
1983 1393 2204
1503 1339 374
1713 1027 2230
1121 1501 553
2174 154 1803
1149 93 1881
180 2596 953
208 2042 1155
2465 2170 2157
1310 436 1564
1220 2421 2384
1968 1309 1422
282 1552 341
507 646 2163
1177 916 2693
1592 142 2327
2150 1198 1789
1737 73 2237
2664 791 440
57 896 746
2173 383 1848
949 1112 2088
401 231 186
932 1336 802
69 1983 396
1306 413 1347
1372 2443 791
71 1197 663
689 1837 1905
1008 2706 2669
1663 2009 1009
1881 1876 709
2253 520 2468
105 1921 1666
1520 131 294
109 560 2479
2184 2514 1589
1061 2310 1990
2726 2529 1482
42 1 1254
1024 1435 2163
476 2730 2640
1585 2239 183
1136 1584 1904
2081 654 1938
613 1175 1069
913 1069 682
2041 2026 2070
406 1255 44
2206 738 2134
691 1307 1834
777 1060 2417
544 1785 638
2594 2316 491
2201 2187 2577
2671 599 848
697 1932 1492
1608 2697 1914
245 37 2048
1279 2089 519
598 259 1406
1024 1672 1402
2649 1672 694
923 1603 1351
593 1310 1080
2733 1848 2682
186 1252 1945
1634 2189 1770
1497 2062 632
570 395 465
2329 408 732
1521 2487 1351
225 1820 2241
923 821 566
280 408 893
2694 1831 1330
2648 2041 2360
2077 2134 1326
1830 2108 2427
355 6 2604
935 781 2174
1255 1337 2289
1429 43 2751
122 2634 410
1806 2289 1387
2030 646 581
2662 2463 264
1455 589 2665
932 639 1359
1507 1859 2743
2765 1335 1740
1890 1659 2091
2381 270 783
695 1350 267
692 1252 128
1443 2612 1659
1035 407 2116
1376 1653 1498
568 1984 640
2114 741 1797
89 2533 236
2079 2520 2658
2722 1832 216
1509 2563 2441
814 993 2510
923 2642 1125
1632 942 37
577 797 1076
894 696 857
1991 1027 799
1872 1283 1776
1878 1742 2031
374 518 742
1125 1897 2212
2055 2094 436
1381 1798 2542
356 502 1342
872 1792 2636
1740 2036 2184
2109 38 706
1239 1532 2329
35 2517 1197
1178 2285 1889
1447 2184 615
2330 2382 35
1478 2601 1629
2757 961 2301
24 474 812
2334 2780 253
2554 1483 2426
2651 1948 2153
1968 253 2111
2101 1077 525
1410 703 198
1161 1638 2633
1783 2076 1215
2236 153 2710
2270 2162 1757
2795 530 1543
926 2048 2001
1988 2121 1205
1069 486 1606
2745 2499 351
1104 1399 916
924 1135 419
1795 2666 1941
1984 758 603
1058 1192 399
40 1133 1026
2173 1624 2636
2268 46 680
264 2620 1495
138 246 590
866 133 2250
642 1280 1083
932 483 1164
2255 2753 1650
780 118 553
2846 1585 2190
252 1740 309
1763 1587 1505
290 2645 1709
1865 1162 1853
912 969 418
265 1887 2634
1471 359 2373
2441 1825 1268
979 1818 203
1064 991 1793
1600 2384 781
884 2841 2704
771 1012 1570
1653 2388 1124
1127 908 2064
2752 980 2857
781 163 557
2385 1934 1379
507 411 2057
2654 1959 1891
2584 87 925
2034 122 2310
1072 99 2091
284 427 1260
192 1231 2611
2663 1160 976
1648 1241 1519
1455 2564 2826
2853 1790 1508
1559 2339 2835
1000 352 1262
2042 859 2042
360 223 2659
1717 1421 2136
2101 571 35
2785 1737 1203
2876 1875 1305
1354 1567 2308
218 2402 1140
2005 1301 690
450 1463 2019
379 1725 143
528 1107 1011
609 671 296
666 2247 452
1250 1748 832
62 1141 2469
668 1434 795
1478 2179 1096
582 2455 1753
2826 2302 1942
725 1768 2200
134 845 756
1366 803 2260
2371 1155 169
949 1227 1860
22 987 980
2427 1240 1523
241 2732 210
1661 1865 1604
2702 336 1554
2570 779 2043
2873 55 1338
853 2140 2677
777 2855 531
2772 709 474
308 2228 1480
2486 1390 1993
1260 1660 47
2886 1524 946
1147 195 2866
2413 1398 123
202 1716 81
15 2359 1822
1426 862 2893
2602 1019 21
1179 1745 1863
2041 2413 260
943 930 1308
1696 480 1700
1993 2685 2367
1320 2481 43
2721 2907 2241
1612 2286 62
2393 2447 1493
2873 2060 2797
945 169 243
1368 1890 1146
1362 2510 1859
2702 2052 438
1376 608 2721
2531 1154 1718
2486 517 2889
982 2807 2014
1502 929 2048
2271 2164 536
697 64 1807
2909 483 1647
1371 2858 212
2253 1718 1100
1434 391 1945
1201 1965 2935
2896 1083 2811
1362 2652 490
526 2728 1939
1968 2729 1561
1570 2067 1636
465 2182 587
1456 1612 1143
2239 2340 571
750 446 200
1988 2480 2447
434 990 2160
632 2800 1563
1451 279 1750
121 2024 547
1533 344 384
2178 1744 731
40 2080 248
1339 2204 2723
1212 2921 634
62 2183 1187
1950 2464 2407
2818 1209 610
1034 1105 921
685 1046 2786
2738 1303 2727
876 716 1256
2878 1068 2124
6 1156 2168
976 926 398
526 1357 79
444 2498 1910
2443 743 302
327 1159 1539
0 356 1826
2043 1374 832
2491 1120 1793
2594 1303 2274
2672 531 186
885 349 1416
2873 2304 2413
319 691 1908
2712 2784 1961
2210 1680 865
1434 2566 462
682 1115 2460
2071 2342 2354
2616 2808 1615
2346 2872 2933
659 1762 1712
2060 1167 2130
1883 1545 1538
1623 2956 993
827 2859 88
67 2385 1982
1451 2139 2176
1857 2636 83
901 1758 2040
699 2680 557
2059 1322 1845
1106 2828 1144
2311 220 480
2383 260 906
1410 2151 78
233 2709 1030
1966 2881 2418
149 14 72
1135 2157 2733
1760 374 2078
1022 837 1090
979 1776 515
556 654 2913
97 782 1641
214 2332 2089
1933 108 1135
2475 2218 901
2471 1320 1476
1960 2321 304
1137 2272 96
291 5 1263
2328 1977 2878
1352 2442 2137
1171 3010 2794
2679 2348 1891
2518 293 2884
1579 1939 2717
2146 1909 608
2389 906 289
299 572 287
717 2992 331
468 2761 898
310 25 1714
2400 2672 907
1771 2775 2990
1305 1208 43
1076 1706 513
1230 2122 918
1148 1407 1732
1162 1957 2079
752 2978 1737
2075 2308 1832
874 387 824
3004 1370 800
2062 799 98
1872 2725 2432
1211 1737 2356
1230 2426 1068
623 153 213
2894 1740 2638
2738 1092 604
1954 366 1279
2582 1162 2613
1076 373 2299
1729 2107 855
2716 2791 1893
1051 2986 2329
2051 1933 2948
1029 1875 1310
685 1907 363
1028 734 2288
2299 2682 702
2423 2404 2504
135 2101 2298
56 876 1600
845 652 2843
1916 1369 1559
1331 2222 1706
1117 1110 1166
2823 2981 2882
1426 1657 3067
1618 1033 283
1921 963 2541
991 1213 2284
327 1005 1135
379 1538 1619
693 2552 321
2342 508 2720
1269 2301 1371
1881 1850 1525
2857 1153 2603
2200 2333 101
2970 917 1698
965 1062 2798
2847 1218 1883
486 2286 2968
464 2293 2426
2528 1192 784
2579 627 344
2346 864 2422
2404 127 2419
1715 1082 1546
1146 1977 1829
2019 2912 1359
1217 125 2054
1500 3082 1871
2778 1703 1029
1891 1355 3030
2336 2261 1363
313 3110 418
392 2359 2665
2830 1551 2477
445 823 2794
1229 637 239
2295 1301 2458
2049 1847 2350
2305 769 1519
1712 1420 1578
944 743 1007
1345 1431 1463
1972 2849 888
2199 880 1957
1646 2082 1179
683 1566 52
2603 2938 1412
1999 2480 2467
810 14 1713
2194 1238 1809
2101 2527 2712
2248 1535 2390
743 860 1073
174 113 2530
3082 3012 3055
514 1923 744
883 2882 443
504 1582 2727
1913 2266 457
176 1778 1841
2211 1422 283
1364 2445 258
2641 1438 3081
1929 1634 1054
1009 2263 1430
1062 1335 2508
2276 2904 1573
812 2004 3040
2308 1870 3045
660 603 1565
2602 1907 1159
3144 1465 2348
1166 1919 1183
2026 3040 1911
462 853 2742
2379 10 2561
2887 2456 2948
211 838 3124
647 2373 242
984 1112 445
1920 1660 2242
1994 2247 287
1226 1695 202
590 2226 895
2605 2717 648
2920 992 2758
2298 2119 189
2299 54 935
1636 755 1625
2031 2864 3106
2982 2638 547
1872 1970 1289
3006 1171 1414
3123 209 3044
1409 1419 1025
1015 1185 1403
2365 2934 335
1241 78 1773
2736 1576 1482
2995 3110 2990
1399 888 2747
2336 882 798
688 1607 90
2786 2889 2396
2196 200 2706
3016 801 2346
506 1159 1333
929 1279 1547
612 498 1093
503 1761 721
1335 1812 2437
330 2199 39
2178 1248 3191
1729 103 1238
2740 969 621
2164 907 881
2422 420 452
599 1505 1632
361 1777 1534
1834 926 680
1684 2600 2742
2410 2166 1954
2950 2586 2960
2158 25 2729
2451 552 2051
3091 106 241
1339 1180 2119
171 3108 256
2677 876 2729
2715 2502 2890
2662 1272 1280
1340 107 9
2684 1422 1800
2321 2117 2213
592 1040 359
1712 2543 1278
1357 1950 294
3017 211 247
1133 2316 2251
382 1310 2907
1331 67 3023
1948 2018 650
1623 1333 634
314 2071 764
75 2367 1809
1209 1902 734
1136 1572 65
185 2145 1169
2587 2249 2964
2761 30 3142
2432 1349 108
1436 2572 2345
1547 151 1546
953 3134 1913
252 100 3209
2864 2042 1293
584 1952 795
2376 2076 614
3217 1409 2855
2827 240 1978
3153 358 2528
70 217 596
1605 1095 2104
172 1352 2335
170 3125 2054
942 222 371
1052 2581 2141
2448 2536 687
769 1707 2287
803 2841 1579
1257 2057 4
1499 1019 1119
2468 522 383
1381 243 1029
1072 434 1349
1465 581 1984
611 1238 739
1433 2457 3074
766 2596 1753
254 1118 516
134 2113 970
1412 2157 1271
330 1801 416
2368 2394 2965
1952 496 884
2048 1489 1521
861 1001 1718
1821 2922 346
2754 2580 3228
2748 2764 2583
3066 2284 2565
1398 508 2223
2961 16 1473
430 2659 226
1680 2049 197
1283 725 2865
1013 2957 2318
2036 3255 564
1672 2454 317
731 280 3047
1683 3071 77
904 334 50
2473 1117 18
2075 659 2986
284 1303 412
2610 107 2650
1124 1293 534
1115 1981 137
59 2466 2223
2598 2454 575
282 723 124
2278 2864 2139
1648 1954 1691
539 752 2193
2683 1685 956
1513 270 3261
1681 2188 2991
3235 1441 2402
421 53 1685
323 2710 702
1066 2648 2040
2319 1001 2936
2219 1194 3140
909 2576 1294
2696 1566 1729
3100 415 1951
425 112 3089
150 1101 2468
601 2679 624
122 2662 514
2184 1338 2178
2417 92 1375
52 2677 119
14 2880 1155
2296 410 1779
2998 795 438
1458 2693 757
999 2101 2452
3 2901 3131
416 2668 3058
126 1765 198
372 3316 2979
1735 280 1613
2273 2945 2337
81 2229 2373
1474 928 899
290 2434 874
1498 558 389
490 2738 917
968 3168 662
92 1592 374
1357 1021 1753
1030 2037 2832
978 2018 1927
1967 2721 1437
273 299 2079
2576 217 1180
2383 3012 1709
868 2021 3339
1939 738 3313
326 2235 3338
1945 2085 2344
3 3027 857
2020 2298 224
2864 2752 314
952 2131 1193
65 765 791
513 2924 216
2655 2740 664
913 1875 171
1223 1502 808
3033 675 701
465 1882 1493
2102 780 941
3048 1708 394
2495 2500 2032
1660 149 3320
733 1606 917
635 2504 2444
1603 1371 1152
2667 160 2735
985 2811 785
3301 3109 381
1903 791 1601
1216 2998 976
2436 3125 1172
638 1681 2612
792 2866 1125
1393 3343 3083
1091 1862 1086
439 1383 1764
1881 1107 354
2756 2679 95
652 2856 936
1686 3012 2331
140 696 2470
2662 1490 66
1134 519 2124
1112 2219 891
3048 2256 1927
180 2235 1568
2892 3266 1640
397 796 2566
237 1033 1907
1164 1578 2650
65 884 2551
2967 1073 1514
1258 651 379
1477 1782 1493
2386 500 462
2511 2367 2295
2919 1398 2089
700 1550 475
2309 2746 262
3200 2602 2686
2063 2568 3289
2980 1480 43
2680 483 3316
2202 875 550
2986 1855 1671
2413 1894 1541
3328 303 1303
2150 3025 168
984 1306 1536
2376 2723 2623
1285 2859 320
705 2655 3390
2385 2897 1503
3144 2129 3318
930 1664 1641
2288 752 1815
683 1254 2479
2323 614 152
2046 3111 1487
1714 1152 1778
1576 2652 2679
78 1916 1600
1770 2918 1430
1253 1746 2901
3131 2677 3056
2391 2473 2658
624 795 1488
1239 2089 2857
2747 2369 1938
2859 1294 1516
127 2725 3290
1709 1109 2700
2681 256 3071
2417 2217 2784
1911 1609 1233
3334 3185 3048
3281 2364 507
2111 999 161
2516 3375 3155
3265 2178 1124
198 2732 2108
461 481 3276
858 204 1870
573 2270 3212
330 173 508
167 2750 103
2304 2739 3371
1796 2850 1745
478 3034 669
2171 2230 2984
3218 208 1647
2744 3439 83
250 2148 2577
1181 2339 3200
2061 227 3001
37 571 1878
361 1911 294
2611 2691 999
2129 1139 1849
2152 2069 1280
1497 381 2586
881 2454 303
3268 439 2650
728 808 1538
3324 2941 2379
3276 39 607
2888 1713 1305
131 1737 2127
235 2373 3471
401 1085 2556
1539 2619 2234
2351 484 164
300 3394 3303
3109 2830 995
1679 3109 325
123 633 1810
2035 903 2504
128 1688 1207
1314 51 2929
867 120 3184
3170 1553 382
2409 2197 304
2700 2817 2678
2140 2177 214
607 2918 2521
1902 1291 3443
3306 1597 2965
1489 1102 1066
1167 2973 2076
786 3103 255
1948 2748 1423
347 2778 3420
943 2273 198
1096 2761 777
2099 483 488
2854 2036 359
2927 2478 2809
3341 2037 2379
2666 237 98
2045 2409 2961
188 2009 1795
1539 2652 3187
943 3268 979
2827 1391 1514
232 1883 3255
3409 412 2337
1313 119 584
1371 2281 204
3461 1312 3272
2071 1554 3443
1886 703 717
2608 2900 1682
509 2337 2718
2568 3406 3157
294 3313 1539
2611 2078 3057
1477 2157 1655
596 3372 1724
601 2754 2285
152 260 2213
1592 2765 222
2247 1052 744
1752 607 3010
2927 2106 3415
2025 2209 701
3006 1280 698
3469 2869 1799
901 784 819
2594 3294 1007
865 1962 2907
949 1029 2423
3360 3232 3226
2799 3036 393
2870 2221 2472
2079 2994 2839
1065 2690 362
3531 3296 3013
2252 1918 3470
3396 1581 2256
497 3164 308
2339 2050 2467
1644 1298 1271
700 2984 707
1967 251 2157
1420 1947 287
2416 766 3053
2743 753 1577
222 3051 3028
2555 731 1338
2252 2374 358
1958 135 1752
2410 164 2231
793 421 3349
3322 440 295
2402 2759 660
68 2536 1233
3240 3248 3556
2416 3178 3269
1710 1636 3155
2939 3360 1183
2010 363 1827
632 537 1166
2106 2543 3390
3033 232 1891
1207 2001 2532
154 1314 916
2482 3536 3241
2224 2276 1607
1514 2118 1681
262 1479 2831
977 2223 138
3236 3362 912
3158 1557 3368
1443 354 3124
2554 475 182
976 1277 132
2174 2664 1775
3125 3386 2089
2886 828 68
1806 1067 711
2060 2016 1258
627 3394 2495
1608 1902 261
3419 2256 116
1585 3555 276
295 1602 2048
1757 447 3145
1769 3138 353
1062 2855 1418
2697 603 2688
2259 2727 2618
3154 2851 553
1292 800 1504
2898 1405 786
1056 1611 2610
1028 2480 1467
2906 2573 1711
3206 3464 2894
1757 1154 128
455 2647 525
301 2180 2516
178 245 1983
1253 3147 2895
3364 2002 2599
1228 2547 1688
2914 109 1541
3531 1894 3327
917 2438 350
3024 3116 2954
33 265 1605
3137 245 3022
1570 2234 1527
2283 1581 2735
251 2661 826
2236 3046 2663
24 2936 2072
2006 2634 285
370 621 702
2262 3293 1626
106 2033 2336
3105 2902 2577
2868 704 311
1309 1971 308
3149 628 780
126 903 231
902 1926 1045
1044 2920 2371
2151 1474 795
1273 3531 1308
1646 3497 2254
624 1562 2028
2830 3258 685
1527 2369 3606
2361 2170 2512
14 1908 3509
939 433 3364
3016 3457 387
3279 1186 1898
2984 2007 2368
2991 1522 2729
2658 2794 2466
2026 1037 1975
3514 152 727
1904 1541 3126
401 3581 1079
2979 24 231
3218 993 1913
696 1176 3394
2692 411 2738
3569 402 1629
1087 1401 1490
1172 9 3444
613 94 225
273 3183 3347
1926 69 2096
2341 2703 3204
2958 37 1928
2151 1762 2094
2352 401 166
750 2264 2486
209 1736 3384
1836 2631 2801
403 135 1359
2312 1258 2981
16 2350 3187
1108 2628 3187
2988 564 3370
268 2328 3657
926 2303 1105
560 2195 2393
771 3635 3194
1157 3235 3270
3176 2603 3052
2416 2566 1615
2503 1679 1202
2937 1410 90
529 163 2595
2841 2905 1260
2451 5 1095
3005 1582 2179
309 1635 1072
1846 1022 2331
2070 2342 1777
2155 2224 378
1893 2513 1706
3116 2878 1375
2097 2776 2956
3551 3379 805
3514 1652 1284
1764 2324 1453
715 3455 3612
2961 534 333
1428 1501 591
2985 584 1125
2748 1651 492
2512 992 1192
131 2400 1729
3284 996 3681
1664 940 2807
2939 387 906
3643 2199 3118
3249 1124 406
27 2441 2567
299 1288 3102
1465 3507 3534
1574 2473 181
2588 3282 625
301 3049 202
316 3642 2814
1366 2317 2977
119 1122 2607
951 1414 2824
111 1079 840
1212 3233 1362
533 723 3248
1992 2618 1509
2261 2932 1723
2723 2510 1415
2777 2865 389
2229 2818 694
234 1643 2534
959 3415 107
1946 1100 2236
1587 1489 1445
2588 664 2517
478 3564 2234
2544 2530 518
1086 1620 2860
722 2947 2430
1167 1205 2181
3363 3662 3349
1284 889 198
3321 3528 1212
972 2900 2074
1962 3656 916
686 881 1535
2059 285 1630
3129 1988 882
2255 3407 2835
231 3256 1876
2649 2735 3359
3659 2288 645
1794 3020 419
2928 1760 682
2405 1995 1369
142 3013 164
1584 3076 1134
652 1247 3460
2844 1192 1679
380 609 2332
2510 2235 2576
1546 1919 1564
1308 1306 1794
3230 2281 1718
396 2373 2729
299 1185 256
1842 3311 1173
2776 3697 3241
57 1780 2953
2061 1964 3470
2878 2706 2098
2296 182 1743
1526 3261 758
2574 1164 2365
585 2558 1627
1425 1639 3422
3416 3318 672
1176 1586 1244
1279 2300 1488
1676 1412 3408
2740 757 3487
3695 1605 1176
1581 3047 3482
3650 547 2998
2909 129 2551
3199 2882 357
3403 2098 307
2789 80 385
765 3134 3431
1638 1803 167
919 958 2429
3017 638 1853
2276 2010 712
2625 600 2605
1225 3695 2254
3708 3493 1902
2265 3320 2245
2 1973 2903
2190 1559 1869
3460 3358 1921
705 2307 1486
2771 1823 1462
1504 3405 2414
1317 804 3354
2574 245 1109
2741 3381 2046
294 2886 3669
22 3360 1099
2410 1054 971
1223 159 3602
556 492 3001
2733 1465 737
387 1530 2708
2665 1676 2194
2652 921 964
890 3188 1454
3728 575 2538
512 2771 3753
620 1724 2201
157 3356 328
725 1209 1127
2868 2831 3009
1052 575 1892
1719 374 2543
2126 2376 3507
2652 907 2186
172 2424 1839
2013 2506 1027
3500 1646 2085
2346 1194 2696
3751 421 328
2352 2085 1202
1988 1048 2890
2802 3194 904
2692 3244 3625
2366 3294 868
1552 555 3612
2187 2946 420
1161 3551 1609
3299 24 2339
1866 3788 3236
3088 23 2602
2414 3345 3394
289 605 172
3128 2097 998
1929 83 3029
3309 1329 3726
1827 2533 281
2535 1638 401
1747 2737 570
178 612 389
2958 1741 1958
1331 3252 1642
106 1435 2185
3316 41 1228
650 3617 1338
1214 1090 1293
347 2502 2868
602 3665 2297
306 2508 2369
3007 2642 2503
2541 1819 1136
223 1505 3297
248 1371 1297
1544 2754 724
1057 1200 2148
2786 1968 2628
211 3686 3646
18 2651 1163
367 980 1101
3425 1141 3215
1588 70 955
1039 1498 1471
531 764 3287
2317 2710 86
2856 1858 1110
2784 3670 265
2878 3464 3057
2774 827 3708
793 330 3727
1942 3813 1144
2200 853 3213
1402 2164 2480
3730 3127 2336
2483 2563 1339
886 3524 3079
2270 3666 465
2023 3165 1221
1349 709 777
2679 833 1142
2873 248 3648
3044 766 3459
1011 2443 36
699 2034 1735
966 1361 3429
3512 3825 3120
3392 3339 3724
533 2269 1873
2634 951 440
1404 2326 1036
3434 1197 3693
421 2704 3499
734 3330 1447
1856 3344 306
278 2909 3699
983 906 2521
122 1493 2234
3806 1149 9
2182 156 2356
784 872 517
1908 1329 2642
2425 1152 2865
2463 229 3879
1985 2108 34
3212 3498 2819
2509 2779 2395
1528 1965 1418
1014 3215 1827
2681 1611 1594
3023 251 3046
1599 1029 2842
1820 2193 2738
2634 9 119
3462 1470 2165
2820 2880 316
3892 2992 3260
2263 2951 3201
528 36 2409
1510 3003 140
592 1677 3198
2237 1466 2261
2850 3825 1892
2092 1381 1955
2281 801 1322
3602 1042 3290
2653 269 3044
2535 2614 1631
3832 2278 2527
3783 3757 3259
954 1607 35
3203 3435 1698
2308 2234 2398
1561 1899 3306
1862 2570 3729
296 3515 1233
1512 1434 705
1513 2634 923
979 1183 3863
2264 3937 746
1200 2903 1939
269 2617 678
3570 3654 3794
3358 2715 2790
575 2933 1664
2155 3254 1105
668 3156 3030
597 3147 1323
2751 2736 1874
1771 3874 1660
2369 592 329
2832 3198 1742
907 1445 3588
263 1046 3222
1645 1106 994
1650 3668 2700
3925 613 3171
568 3191 1127
1862 1940 3108
3663 3080 3814
1154 2559 2087
3448 3366 3598
3373 321 3603
2678 2046 174
3335 1322 2464
206 2666 33
2871 2878 1008
3190 2832 698
540 3774 3024
1406 1668 421
702 2124 2862
256 747 3888
1439 1341 206
1835 1167 2282
1321 1645 2369
3672 3762 2800
621 1659 1594
2605 870 279
3978 3245 3739
634 3288 1259
1814 3782 1162
1597 1750 3659
3729 3773 1605
376 3802 2384
3459 1854 2526
2837 96 1244
864 1859 2792
2255 938 2676
1542 322 973
400 2535 3654
1451 42 2169
277 980 1465
2166 666 3026
1968 986 3608
2602 2014 2626
3059 511 1917
3621 791 1569
3636 1800 316
1391 880 289
1470 2256 3648
2654 3819 286
255 78 2559
1515 943 268
743 3511 2949
75 2391 3098
3642 881 242
2863 738 425
2749 3737 2160
3063 1792 2368
2790 2995 3892
2677 2293 2171
3077 4003 138
826 3019 601
3889 1398 579
3991 2854 3715
2712 1458 407
3088 3303 2328
2501 2030 1096
3568 2162 2124
1630 3669 3213
1711 942 690
426 1612 3330
1010 54 2835
1264 3664 853
2153 1147 1702
2543 2991 2825
275 2986 1995
2922 718 810
870 592 3588
3798 3272 2758
2659 1443 11
3504 499 3844
644 3507 3503
2878 2886 3330
229 1476 1936
2515 1620 3563
2401 2612 3913
1443 2252 3268
452 1291 1234
3010 2788 2183
3352 1471 2013
777 2346 3820
2439 3171 3616
121 2923 1980
3593 3256 2866
1618 1282 623
3175 4035 2195
1948 1319 3651
2553 523 1560
2356 3178 3046
113 26 647
2138 788 473
935 3394 1745
472 1654 2564
217 1862 1933
619 3099 2866
2451 460 3662
2542 3654 2155
3565 1982 953
2110 235 1053
1758 581 2153
109 484 345
632 410 175
2535 1434 541
1076 4023 1320
1047 1944 1008
2869 44 3027
418 2147 3131
3755 2612 1860
764 533 1008
3590 2233 1803
1840 113 2293
932 2403 2261
2513 1378 3767
2249 2523 1236
851 2801 479
545 2427 4000
2177 2027 3507
802 1938 466
2158 930 2242
3795 168 1533
764 289 555
2644 1244 2725
1234 4005 3690
1762 1017 3022
713 1165 675
771 2132 3490
3720 1516 2758
10 83 1867
949 4075 667
3390 2759 1212
791 3592 1480
3094 3622 3937
2450 1358 1148
2970 583 2509
2691 1997 2435
1456 2114 1854
1254 3962 4088
1006 996 1092
2799 768 1951
1500 2272 1120
2988 307 2157
2817 407 1623
472 979 2272
1629 281 1801
3130 3450 1491
1360 425 1389
87 1837 3109
637 1225 2964
3947 476 2005
2832 1713 3072
1301 349 2751
2987 1079 1477
138 3643 910
2216 2256 3556
668 1157 924
2100 3615 522
3992 3520 3608
1285 2839 4102
1720 745 1425
1885 3694 676
1049 1645 3896
1505 894 3864
4012 3882 3665
1061 952 2772
1208 2350 2423
2195 606 3293
1528 713 2274
393 948 3199
333 1124 2254
871 932 1620
3771 2182 1701
2644 2509 2868
2006 19 2876
3463 3744 3262
2783 3838 3738
1348 1416 2200
2977 3426 1806
795 3967 3742
327 291 2993
873 1472 2819
2621 2893 1095
23 2545 3373
2255 1403 545
2058 2939 3359
3472 781 3897
1411 1217 2821
1595 3183 972
1147 2858 830
1150 3986 1145
1567 2835 502
3557 1691 1627
3596 1213 1214
1068 3107 796
3323 3369 2422
1137 2535 3597
1202 3847 526
3885 535 3329
2507 1764 362
1855 2343 447
1299 1430 1872
2311 3434 2153
3989 2258 4100
2644 999 329
461 1734 1099
541 657 1168
1955 3902 1094
4127 3509 1983
123 1572 2138
1832 1071 957
3848 1818 3891
1432 725 792
613 3089 3938
3752 1420 391
3202 3755 1093
527 916 2761
32 2131 3746
2837 3506 1916
1032 657 467
1193 569 4133
2757 61 1793
3292 2211 2856
3652 1401 1454
2424 2194 2355
1594 3366 2600
3703 3739 3972
175 3885 98
791 45 2099
2350 1596 3780
3988 1618 2358
2650 465 3031
3455 1443 1240
440 2096 2156
1247 242 647
3511 631 3014
1527 3725 2079
2932 877 2331
2212 2758 517
3813 1335 1577
3069 2094 2202
3645 3372 445
1724 333 3382
2626 4099 3690
1167 3169 2549
1286 3984 725
2181 543 3346
3357 480 2687
3104 2383 1848
2343 3525 596
3027 260 1799
1080 2597 2255
3105 28 831
2693 1102 828
2184 1542 3966
2096 3630 3932
3601 2651 1523
3402 1490 3986
4164 2909 1970
3662 292 3799
3721 841 1324
3843 519 3804
2249 1955 1902
1655 85 3995
1612 2512 888
2860 3941 939
319 4078 3840
3371 3284 2107
548 3218 304
2828 828 2135
2143 878 861
3549 2407 3631
3900 2267 3307
785 2078 2810
4185 3416 3537
4102 2161 1963
1207 3281 2340
1194 2393 886
1488 2667 2013
1275 990 1396
1764 681 1411
2631 1247 2798
186 1778 2475
3928 3090 2404
862 1112 1952
1253 1532 3452
2992 2739 1369
3609 2078 1599
382 651 2575
3138 496 1423
223 3011 25
3954 3942 2893
1547 1133 3552
1394 1474 4062
2182 2947 1938
3366 2644 4045
2908 3289 234
2793 786 2732
76 634 3387
3249 3810 581
1976 62 2800
178 905 2335
4003 4205 1182
1570 2065 3928
2771 4130 2239
3717 3089 2574
2016 3371 628
3035 104 197
2803 2613 2773
3769 3745 189
770 2935 2008
943 2150 2235
656 3777 810
1382 2144 2083
3020 1950 3038
24 619 1581
3064 4063 2226
3178 2344 3145
1233 4138 2153
867 675 1030
2621 3853 2854
1590 4271 3952
571 1508 2968
840 3645 3166
106 895 50
3589 978 1692
470 3338 285
2875 3528 805
278 1657 1732
2338 3995 4288
3877 4183 1056
2856 3137 2394
1001 3889 140
2291 2748 1859
892 1661 2816
3359 1825 2887
2645 287 656
1737 1743 599
4270 3793 3191
1131 2906 1761
3837 391 2422
621 2109 3147
194 2954 298
4117 2755 2330
411 1371 1974
300 3849 1828
1874 1375 2274
4134 2743 4110
2751 2167 3431
4012 2415 63
2821 2845 1183
1124 226 1840
2328 2837 4281
1730 3941 427
214 3612 1935
1529 4017 3276
3958 18 3550
1773 1222 15
1317 2808 285
1016 281 671
1238 1803 671
550 2211 2681
2945 3263 75
1386 1126 2734
3431 3757 3545
2093 2146 1220
1235 2342 911
2640 3862 1930
2161 2862 3620
3681 648 941
3036 2531 2152
728 1607 624
1137 597 1016
3107 3194 2239
3040 3733 2833
1859 1662 4267
624 3583 257
1341 3504 852
552 877 2918
3213 3529 1979
3867 3463 1203
1064 3434 2154
4113 4263 3208
1572 3597 1104
3826 1371 30
35 3531 1018
1183 2402 2708
1991 1236 732
52 1926 3260
788 2605 1938
11 1162 4267
343 1372 2700
4351 4089 761
4297 3036 3509
3288 670 128
1538 2084 425
1819 1057 3581
4086 2286 2544
1957 1725 4204
2862 1444 2149
4326 1779 6
1423 1069 95
1020 877 4106
3578 2571 4276
1859 811 3575
1403 1727 1698
3825 1461 2233
1863 3228 2184
4296 3755 2638
440 4305 3644
1797 1379 2163
616 1640 3334
202 2209 2587
3912 1835 1454
3060 1302 333
1073 1706 3672
3502 256 497
1551 424 936
2340 3511 1814
2682 1363 896
2876 4224 3889
2014 1068 350
455 377 1420
767 3866 2143
2804 1035 1061
162 4379 1259
3930 2722 1207
2947 2037 1284
2041 1341 1031
1195 3135 3385
1523 2259 61
2886 1220 3047
4300 3478 2315
409 3396 2334
25 2209 1763
4380 2521 1637
3176 273 2210
1401 2551 2882
4345 307 179
2031 197 4353
731 2702 2013
679 2546 1050
634 2772 488
1909 290 4185
377 2172 781
1421 3084 1340
2827 4235 2584
3041 1075 1912
1419 528 2127
849 163 3448
3005 915 1747
3067 3723 680
3115 1362 4142
3023 2636 2766
1122 2956 3424
2589 1692 2537
2563 3080 612
3255 3507 1414
1635 3129 142
1147 273 2667
3570 759 3428
1290 4355 4124
3897 3313 4185
1688 2839 110
3913 869 3812
1473 485 997
1537 4080 2977
2012 1426 1314
1188 573 2621
3050 3823 137
4314 1153 2318
1605 420 4418
2728 3249 3581
2081 1424 2868
2466 4272 139
789 1813 499
4140 2916 2706
2350 2280 983
34 2074 3045
95 1478 3123
1505 4051 424
1426 1012 385
4297 1162 2192
1663 4409 1975
3077 1834 2872
2753 2666 1330
3522 3800 2342
1936 4312 236
356 2075 656
508 229 4000
4282 2185 3943
2891 885 4259
156 3457 4002
1885 1635 3334
4290 3312 3134
3978 3286 2506
1266 1116 1809
1587 862 3118
1457 4118 599
474 2551 2056
2220 4269 3777
1474 133 128
1023 1003 3410
1053 3789 2066
1030 89 2379
2468 3939 1705
1100 3736 2570
2034 2388 2867
4277 1341 2040
1630 2022 3835
1126 2327 4427
1998 3215 3226
3302 2104 3986
1035 600 201
483 2455 636
1810 205 606
429 291 4217
3739 2001 4420
3824 4040 2594
2115 1040 2827
1391 226 84
3311 3965 3282
193 4145 1031
1801 2007 2969
197 2420 3135
2283 2426 3483
1624 3750 3169
2776 776 3559
2503 246 883
1246 595 2390
4315 3335 4052
4470 2546 1418
3674 2902 1171
1101 1183 3326
4393 1609 2461
85 4307 4483
4489 939 50
1091 4444 3940
673 1955 1601
1157 3351 525
870 998 2680
3913 1544 3901
4310 489 1970
2386 4184 3737
3963 1608 896
1844 1772 2287
1389 2814 829
2738 2455 716
1881 4013 1281
1457 4337 935
511 3670 4224
2294 476 2239
3518 727 2813
2434 1829 1312
318 3987 270
3104 3911 1869
2910 2629 702
4247 4186 1081
1877 3662 3476
620 4320 1390
714 3529 1069
1485 1690 4139
1079 3770 74
1038 1244 4364
410 1352 1873
61 983 617
1596 2909 2219
3990 408 3192
3764 4165 3218
3253 4110 3464
2266 3075 104
4385 4525 641
3158 1460 351
827 2536 1425
1493 2613 4181
4285 1855 2286
60 1507 1643
3872 2589 3571
1405 1831 2269
2068 3649 930
4201 2887 3553
3707 4423 2546
1807 3189 463
474 397 4328
3052 1738 4160
3436 2562 1176
2477 749 935
3804 3455 2145
2073 881 1666
1404 92 1124
3261 1644 4460
1104 2719 3302
3021 3094 604
3101 1246 3470
2868 174 2708
675 2130 2727
3302 2128 1611
1198 3359 3620
2686 1960 998
2557 977 1540
278 1877 873
415 127 732
2105 3504 42
4389 598 2512
1919 2167 3359
4288 3501 2394
2148 1593 3742
2781 1290 4175
2958 2406 3508
2959 1032 4269
42 2702 1177
3856 3972 256
98 1099 4278
3909 1231 1888
392 2175 4023
3828 696 95
1065 2484 3397
3857 501 2155
4525 2399 4215
2935 1133 4192
642 3253 2378
1294 878 2340
4447 2496 568
4324 2745 3417
2775 2575 2859
1360 709 463
3814 1822 134
2450 3553 3632
2572 2328 2041
2124 1085 874
3826 1629 277
3024 2836 170
868 540 225
3056 485 271
4093 4054 2565
4125 1004 2168
3837 1005 2577
1828 2461 2700
3051 1492 4023
3230 1560 4464
2461 3398 1161
1441 3968 2153
2196 763 3354
1772 227 1052
4025 1596 3413
2448 925 887
704 3398 93
2112 1014 2681
2961 3496 4495
120 2486 2113
2083 1639 4016
830 351 2155
2983 3151 1801
1751 3593 1954
370 4101 2440
2822 1971 1950
2626 2855 2391
3030 120 4446
1318 2704 551
300 4273 132
2882 3124 3189
1989 3666 3893
1644 2981 3026
2437 267 2754
2011 3136 1877
1869 4175 4604
2219 1669 1516
3337 4032 3332
3033 778 3715
1392 2703 1848
2737 2601 4009
4259 1509 2873
1208 4161 690
2740 2575 2046
3874 2233 4592
3583 2613 675
2014 3559 1767
1660 4064 3912
1366 1139 268
495 3830 1040
1852 4630 4474
2229 3484 3887
3264 1305 2189
3117 2613 2622
2243 3552 3789
2554 3424 2643
3814 3331 2097
2418 1172 2543
711 3243 333
633 3046 597
3172 144 1475
1952 4394 2412
4497 872 3135
3547 2365 4270
2609 1386 1550
3912 1096 2118
2415 2362 200
1937 771 45
1734 2221 4515
3662 3879 3456
925 139 2633
2657 3041 2074
4099 1700 2853
3504 4647 1587
2969 193 4260
1550 3438 3611
4139 2071 3779
1498 3983 1914
1340 4238 4558
4215 583 4451
2295 690 2269
3850 3568 1771
579 3868 3969
1112 1918 4623
1593 2632 736
1341 1554 1761
4079 3988 417
1631 2932 4405
1981 1231 2047
123 1684 3389
2903 320 3639
4504 3628 347
681 805 2817
4340 3681 1574
3943 3072 2670
810 1325 404
2461 1655 1455
1791 2544 676
2462 2628 1771
2875 2554 3522
1381 1252 2629
3852 960 630
2762 1627 3170
1765 204 507
4125 4487 3028
932 784 3109
4167 4427 209
1714 4154 1881
3321 3242 3259
4630 1199 53
2886 2121 3655
3700 216 4100
38 245 4476
3128 2401 1897
4024 3847 2363
567 3590 942
64 1394 228
1433 4543 4685
3574 4111 476
3191 2019 2250
527 89 1626
4222 3372 1849
2374 4303 4027
4220 2638 1583
3080 3083 2774
2588 1244 1783
2083 2780 55
572 1110 3569
3718 665 3349
1190 2193 1227
3763 4716 1635
2335 2659 800
3549 2666 2816
3799 546 2838
1352 3031 2191
3636 971 3883
1818 530 926
3731 173 2228
3801 779 315
4010 1144 467
736 867 2131
881 3368 4031
4342 2807 1180
4099 4117 1775
2864 4099 4173
3570 2918 3848
4256 4704 3561
3536 98 3586
2079 152 488
1137 3819 3399
1135 1147 4724
1015 2131 4227
1844 2852 4230
752 801 3754
4360 2407 1552
2690 3500 849
3612 2209 2643
2179 3830 3911
1854 4368 4383
2096 2311 2784
3599 1145 549
2510 1454 4074
2716 871 2382
1929 949 2257
4434 4424 2783
4299 293 2313
275 239 4252
81 4643 7
641 419 1041
1904 473 2127
2447 1957 3821
4220 1382 2241
177 2146 3481
71 2057 3069
1396 1073 1438
527 73 181
1944 590 316
297 4218 1236
1432 2757 3326
1060 4554 4627
848 4587 1215
2868 3339 4564
4473 355 325
3069 2335 3825
4654 614 947
1431 1739 1414
4084 2784 2282
203 4211 3181
2628 3454 4065
3097 2470 4636
2987 325 720
1201 1882 2318
445 927 4701
2686 2201 644
761 3062 709
421 2101 113
2900 3374 1557
1235 618 640
3964 4031 4067
1393 2991 4053
1926 3725 3828
4276 4286 128
4123 2221 3043
3216 4375 578
2459 476 990
123 1124 1739
1554 3530 1584
1486 4145 2712
2343 3174 3894
3176 61 649
1136 1000 1449
1495 4720 2391
2344 4732 1939
3984 806 2913
3403 3532 4620
595 1949 4762
4129 2061 1654
2589 3075 1404
2149 3688 4128
106 2051 4674
1254 4395 950
2598 3860 4101
3289 4400 831
1527 3252 3469
315 3552 4324
3555 1376 1842
3382 4684 1752
1272 369 2863
532 1229 3957
1697 3165 2657
997 235 2126
2515 2294 4726
449 1507 939
4080 3274 1170
120 4413 536
4207 374 2577
3373 1423 1868
2690 4281 3253
54 4763 2588
4666 3849 218
1640 3310 262
1815 1236 1621
4320 3341 440
2991 3346 4625
1287 4238 47
3215 1756 2796
790 744 3257
1418 1467 4421
4278 4708 2804
2542 2813 3609
3284 3205 597
330 1102 238
3426 3529 1008
1263 2117 3216
1649 4166 2304
528 3213 4473
241 400 673
2333 3413 3864
3908 700 4288
2735 2383 4396
3784 4217 59
1432 1033 2375
951 3499 2828
2629 1935 202
1591 1184 1730
2666 241 3677
933 3470 2436
2914 1919 2574
144 4832 2421
4567 1354 2565
2106 4221 3629
3902 2054 4368
4861 1407 2687
1401 2471 4793
2251 2016 2787
2370 1223 742
1234 1474 4670
3096 1505 4439
616 1483 2850
2429 3128 1848
4521 1198 1636
4577 1902 3552
4168 2381 2789
4552 4583 4304
4240 4008 2021
150 2824 1787
1778 108 2301
1991 85 3025
4429 3502 748
143 4792 708
4530 4110 2762
1410 820 3865
4653 2020 1118
753 1582 2984
3915 3163 2230
3470 2651 172
2883 3874 2632
4496 1306 4493
2524 2986 2110
346 806 4881
2929 227 1671
2391 2380 3077
122 4047 2149
1105 3303 3149
3506 3647 1686
3017 4737 3716
2534 4264 4645
3940 3679 2976
639 483 1252
3829 3027 3874
4094 3148 1944
2945 2601 1848
1728 2606 2243
2054 1537 3307
2671 2185 3985
1628 480 2249
1670 4468 4590
2444 2891 2208
2503 130 2620
1919 571 1409
1828 3473 3158
2459 2866 1439
88 2621 2388
4797 3072 4221
1581 1964 362
3487 2244 2730
4587 954 2970
32 3090 4016
904 27 2289
2601 2813 839
1623 820 21
3299 4464 501
22 284 3164
3478 2323 4785
2299 2331 3949
1601 3868 3223
4014 4838 0
4062 2453 3205
2176 4638 2899
924 784 3080
4380 4576 3276
4447 4732 3815
2958 3722 2819
3909 947 130
1304 764 876
1216 545 62
1503 1428 4319
588 3779 4449
320 4394 2177
4118 2199 2668
4035 1559 4811
3239 1215 4858
981 1252 1749
835 4702 3259
3776 4333 2418
4739 983 3696
1754 2 2101
280 1677 1137
2157 4028 2384
769 1304 2462
3981 4073 4277
92 2089 2828
3024 3777 391
951 833 613
1741 3213 4139
972 4914 1968
4568 4104 221
3439 13 2492
2103 655 288
4409 2004 468
1004 690 1701
337 3244 4592
381 688 3478
3225 331 3245
4191 2462 3594
4028 1072 167
740 3015 276
1047 1173 3520
4256 4004 2475
1377 555 2831
3333 2147 2601
817 1383 438
2233 2623 2592
1972 4855 1154
429 1763 3484
3585 40 2782
2029 2894 3932
2846 1554 4515
19 2477 959
1078 1736 4652
2242 1809 2323
3922 4422 61
2457 2349 3012
4194 3171 1997
4507 3065 3325
4820 1414 2196
4419 1940 2389
629 3976 2891
2023 4612 2549
1796 2081 3149
758 1694 4542
1595 585 3917
3749 600 836
510 2897 185
2077 315 3647
3678 3091 1885
2698 4267 303
935 4228 4741
2033 3004 1173
4101 4005 978
1753 3469 3119
1246 3362 1675
985 2690 4602
542 3991 4959
3784 4927 3221
4412 790 4136
997 4925 2775
30 3607 3639
2413 1884 2692
2715 4966 4017
3392 1105 2036
1249 2924 96
2242 1783 2506
1918 4161 3724
4831 4813 1335
2800 4374 4516
2572 3645 3082
1305 246 4605
4579 964 4084
4341 2543 3326
55 4155 1100
2660 3149 1114
2095 1852 2648
1329 2723 1968
3141 3597 4889
4967 1824 1054
932 1065 3602
3562 4116 4429
775 4172 1105
1077 3143 4497
2742 3777 471
46 4839 3310
223 1026 1335
1443 4206 915
4492 3931 554
4922 4498 4185
4420 4992 4052
1961 2810 2450
1487 5006 4675
1133 2479 165
2122 3426 901
1851 3575 2735
2053 2741 856
2616 3524 287
2754 673 2071
220 1427 5035
882 654 2751
1694 4727 1494
3941 1547 788
3621 1535 2493
2510 3449 3617
2504 3536 3720
3119 1741 2541
388 3083 3166
3508 3007 4767
2703 3706 3730
3658 1031 1166
3884 2592 21
342 211 3019
1003 3767 4193
1395 4834 1237
1182 355 801
364 515 2631
5000 902 2754
1621 2080 1504
2559 3641 2603
4289 835 1106
4031 4020 183
3835 1688 1138
691 152 3313
3920 1607 2764
1625 4714 2163
1489 3600 1105
2526 4256 1551
1044 3710 1479
1240 336 1281
4439 2047 1643
3965 591 3496
4718 4836 4738
934 3434 3036
2549 1272 3515
1038 3012 4210
3374 2464 734
1621 4126 333
1603 1744 4283
4534 4276 2580
1534 2224 576
1027 3431 1550
4735 5073 822
4892 843 4518
920 3847 119
929 1453 5081
2330 2632 518
2416 3375 4148
3291 482 1198
4503 3793 345
378 2270 4354
1047 4553 2838
4383 4326 384
1633 2827 1323
1126 2662 2255
439 3060 705
2521 1585 2488
3840 5077 664
2456 3706 2758
1733 1102 2471
4991 4875 582
625 1112 3063
1522 276 4432
329 30 1692
3537 1078 867
3754 1657 2849
1953 554 4250
4720 2281 33
2965 4983 2106
2556 4527 2305
2844 3404 742
2858 3076 3338
3918 3136 3205
3827 4112 3572
2678 4534 1964
1158 3216 1799
2296 5046 2596
4422 3198 1778
1232 197 5030
4254 1896 4396
2014 1555 879
3613 1575 3078
3515 1588 2195
3641 3246 725
2156 1872 3795
2023 1089 614
3770 35 274
4654 3008 957
172 2674 991
3828 5060 2561
1853 471 714
2349 475 2782
1672 2232 3392
3634 4168 3824
4095 4321 4660
4545 4569 4133
4262 268 1017
5041 3410 3842
5113 831 2315
4987 1594 3003
3275 1517 1738
390 319 3166
416 3624 1757
1522 4292 4907
4786 1580 5046
2287 4009 214
3632 2901 110
250 417 443
4890 3241 2728
3461 5051 1027
3126 3200 3824
3791 1153 2094
3140 4929 1816
2183 2988 3131
2548 3654 2473
1733 3158 4685
66 4138 709
2562 2357 1702
1050 3336 4006
485 159 3089
2539 2303 484
524 1374 805
2862 1157 3844
1729 2125 2845
2114 4430 1747
4944 4504 4996
3186 2868 4573
3241 1876 3257
5016 2304 3427
4862 562 1765
4502 4925 1345
332 4692 2815
4284 3104 713
2005 2310 2524
2102 4371 4046
2705 1523 4381
876 3640 2158
1995 1785 1881
4792 2399 1630
3429 326 748
4603 5137 3899
2137 4191 632
341 426 1364
2327 5106 1408
831 4400 3108
4157 2689 3363
3766 3218 3513
3337 3029 2975
4941 4993 2175
850 2001 2935
1809 2695 406
4915 4937 1094
125 4701 4612
683 4672 2562
952 1726 4058
1778 1597 4315
1270 2194 4883
2116 3880 911
820 259 4602
1869 2882 1830
4085 1886 2266
4220 1171 1356
1259 4414 2657
3115 4286 2020
2121 1334 2295
2820 1178 3464
4862 1627 903
805 4247 1435
1935 1432 3795
59 4915 2191
1630 1688 1413
4277 1228 880
4833 2432 1765
4625 3288 300
830 3357 3754
4287 1333 3423
1326 2633 4573
1254 3480 4895
1245 1083 2181
3364 5019 208
5210 922 3065
742 1907 3597
1620 2183 4069
2274 2273 4352
4373 5180 374
1042 386 3918
1412 233 1763
3626 2224 755
362 354 5031
1703 3749 3588
3198 3832 3443
1315 493 614
1212 952 4757
2078 4989 2563
4489 1577 533
800 720 4346
2815 1272 2285
3344 2618 430
2962 1013 2622
3729 453 472
577 2839 1137
4342 1881 4345
5231 3938 3988
2493 3199 2929
4751 3395 1022
655 4757 3728
3175 1991 1395
5200 2344 5225
2666 4080 3742
4023 1637 3489
1104 536 2261
2805 4830 4767
330 4648 377
3791 87 4081
4258 217 4348
4212 3764 2909
4144 449 1685
521 3436 2688
4485 2146 2616
3435 1071 2872
2220 5192 2908
3755 4759 4523
735 2201 3195
1065 3732 4540
2778 1532 4493
5158 4586 4753
963 2469 724
2005 2668 1197
599 4121 3351
4933 2121 864
1673 24 5102
1607 4475 3168
2794 4622 4997
4842 4458 3986
4130 1358 152
4581 1613 623
279 237 1458
2023 195 5152
860 2966 2226
2664 3433 3623
3777 2718 1194
3634 2379 4371
3914 4544 3893
4868 1705 1680
2996 4539 2823
1567 5113 3324
2069 254 3437
3712 2172 4508
3724 1128 2346
676 259 1788
4706 1584 5063
460 4068 2502
30 1085 1554
1399 281 369
3324 4780 4295
876 983 3880
1813 1199 2582
1724 294 289
880 1328 4132
1682 908 217
1046 2129 1151
2412 2285 2322
3648 3917 4097
3166 4328 2159
4034 2349 4112
4061 504 2418
2516 3729 2011
3199 4707 5039
2003 2980 3144
3755 358 507
240 149 3075
4207 532 3204
5112 4963 2793
1831 1000 4895
3717 4058 4808
604 2831 2016
2876 4642 721
1834 632 483
1100 4929 4363
1995 4092 106
3079 2409 2500
4257 154 3106
3354 2609 3043
254 1988 4247
2083 3049 4381
4226 3078 3542
4745 2633 5259
3136 1370 2894
2249 3926 746
4143 1323 2586
3743 284 2123
1628 2373 1190
870 1189 4197
2370 3995 820
5209 4669 1188
2904 836 157
4900 371 801
1528 3677 3304
3500 2869 4731
3988 1731 1424
3028 507 4334
4445 2978 3453
511 384 4242
2202 2998 458
2005 656 1168
2889 4801 593
2339 5294 4987
2863 1567 4781
1796 4403 244
611 3677 3702
4556 2143 1570
5187 289 934
1584 4609 2938
2265 2039 2758
2769 1767 4253
1535 2452 2282
4837 2497 527
216 925 1654
5230 4213 3028
2563 4900 4122
1141 427 2366
5140 1610 5294
4299 2809 1242
2078 1914 1456
903 3651 4467
2337 2988 4970
4762 2966 649
136 4136 373
3124 1112 1266
1713 1427 2530
906 1280 519
759 2605 4022
1389 4937 4286
1785 1745 3983
3574 502 541
3520 186 4110
2568 1840 2034
3591 4524 777
842 812 4912
506 4675 964
738 5382 884
329 2556 3160
1429 4883 4896
3709 1938 1372
5089 1405 3047
4191 1698 370
2747 2039 862
2984 3979 2734
3968 2580 1491
2283 3461 2302
806 4136 1562
1823 2393 1029
1491 5053 4745
1011 4929 2707
2185 3164 1541
2285 4685 778
2672 1700 4080
5292 3909 2512
547 4937 708
4425 5116 4619
2339 3368 1646
5316 798 1979
4349 2820 5112
4333 3793 5140
2315 3066 2194
1604 2082 964
5371 3819 5194
128 3434 3855
466 1050 4134
4549 5302 2300
1950 1255 3328
4866 743 1963
1218 1590 5032
4067 4332 2996
806 887 3712
4178 2113 4364
3617 2930 5377
3267 3377 3567
1550 6 3675
313 4272 3295
4808 3479 2295
5132 4958 2721
5335 638 3833
3783 4480 3037
4594 3052 1063
889 5085 4659
1038 1763 3279
2922 4511 1158
1235 599 1408
2881 4138 2541
3034 924 1981
3772 684 3573
1454 1304 3868
1998 843 605
803 5410 2908
4826 135 2043
1213 3891 4385
5191 340 1637
1389 5355 1120
939 717 3604
1721 939 3691
1152 888 4925
1244 640 42
1337 2230 79
1519 2403 793
4159 2631 2454
4197 488 865
3787 4718 1322
1622 1494 1443
1377 420 5110
3829 2278 1922
1869 854 2354
4721 1809 1543
258 2655 5274
1620 911 1509
114 519 2291
3818 3331 3494
4435 5275 5190
5340 3865 2881
2110 5290 5042
1826 4534 1082
352 4925 3408
4622 1179 4329
3744 5104 303
2 2060 2562
1179 2805 1753
3016 2724 1420
1350 807 4395
2384 2672 3818
779 1921 759
2562 3307 240
4415 1948 3739
2918 4260 2079
129 2948 2769
3031 42 2635
1105 4232 173
1699 3135 2597
1293 1091 5430
2896 2362 4326
173 3686 383
4696 2700 1207
2702 3627 3693
4084 4726 708
5431 4333 4188
705 775 3371
3327 1866 2289
3079 675 4762
3723 188 5095
1023 3603 4071
5375 829 3154
2441 5068 5103
3361 469 2818
946 3035 5041
3932 4164 4321
3565 3492 15
3413 1082 3883
3566 1604 3241
589 906 609
391 2157 5012
3406 215 961
90 69 3754
5415 5381 3081
5269 526 3082
4060 2329 3527
2484 3852 3740
1621 1927 2173
2906 5397 4861
1619 4958 5127
1524 1765 2936
247 1132 266
1527 2486 4237
5480 1750 4724
4996 2806 423
3889 5375 2264
4725 458 3931
3222 4877 59
2331 4574 1313
4256 3597 703
3001 2462 4722
1508 5515 279
4615 3166 578
2174 4344 2218
3501 609 3732
1264 875 1070
4663 3805 780
1794 1400 1830
3876 3154 34
2213 2495 4392
1045 379 5495
174 684 3255
230 960 1148
2475 253 317
5039 4391 3977
5397 161 5292
1392 984 493
3031 1041 2125
813 5506 915
1820 4183 1867
4900 1010 2544
4447 369 4508
2196 3238 2
4443 2750 1353
1543 2423 4461
1755 2421 5546
4539 4376 3220
4286 1862 4322
2477 1134 1933
4857 2614 1133
1247 2296 1818
3620 3309 36
5195 3594 1141
2840 2359 5512
600 26 1122
3759 3159 3847
2417 5348 3973
798 548 4346
1995 3929 922
2150 2243 3885
86 1081 4652
3294 3076 1625
1956 661 494
4204 5498 1922
1219 3373 3541
731 1744 1856
1899 132 4602
5157 537 587
281 4873 311
402 181 1125
1890 4264 1118
3483 3109 1415
3387 1430 5227
4295 1811 5027
3875 5147 4741
3620 1439 1600
3274 3162 1990
784 1358 1802
3628 591 4184
594 1685 3354
1981 1390 3734
598 2561 4408
834 3632 752
758 1322 2103
1074 3728 2706
75 300 5148
2748 4989 4649
1437 3284 1318
497 236 3776
1471 2095 4652
3950 1103 4917
1553 2732 271
377 757 294
3479 3868 4811
1133 401 2738
1216 4751 2377
1184 2861 3212
146 4146 2898
3031 3091 534
2867 2296 4835
4730 1206 3664
3244 171 2446
5467 4170 1057
2561 2155 2748
4115 4629 3196
2302 3055 540
2846 415 5191
2091 2232 3474
2349 2004 1462
5079 3354 4574
5062 2945 678
2935 949 5086
3578 3040 4223
1995 5458 4201
4899 4185 2144
2330 2847 3346
4040 3891 4317
1064 5405 3543
1446 3284 4059
3311 3950 1825
4492 680 2183
4350 3579 3038
5293 912 610
3242 404 3291
4003 2394 5221
108 4582 3909
2121 186 1347
2960 3731 1237
5491 3078 3710
731 3600 2232
3083 4788 4175
5571 171 3353
4318 2503 1127
2215 419 191
2092 4506 5552
2508 2683 202
777 3654 2847
2091 2231 222
889 12 4255
529 3276 805
2186 2277 3198
1968 4403 2727
1587 4994 5513
1141 4559 3362
1989 2282 2576
5410 2608 2513
266 4729 2633
122 5204 4936
1021 2641 4943
1755 4252 4597
109 5545 213
5433 3473 2364
2223 202 227
448 3777 3879
3280 3501 477
1629 5382 5250
4978 2684 5528
2845 1783 1706
455 2092 4459
415 754 939
1096 4383 1295
2068 324 2017
552 1750 1753
1596 3825 5111
5047 3140 1284
4093 1826 1001
264 3298 1793
4353 4260 2656
4314 3410 3864
3604 5643 3990
2362 1804 895
3442 537 2524
578 3072 2167
317 4160 1652
1227 849 1588
4409 1115 1697
3610 1749 5406
3634 2321 2785
3361 1938 1074
1527 4321 3804
2241 5501 996
738 5293 3313
67 5342 724
7 583 1447
4802 5423 1976
5543 309 3249
5278 4858 1926
1098 991 4516
568 1790 2110
1552 2745 5479
3759 361 1660
2939 5449 3559
3332 4218 1589
2684 4129 5558
4024 3092 4538
3130 4600 2825
3562 3896 4796
2863 1033 5412
4809 2904 1405
2174 429 2861
3263 3150 3178
4076 2756 2822
868 4735 3149
4979 1012 5126
4348 3948 828
4959 1668 2277
3092 2014 1592
3191 4397 1684
1208 1163 4327
4821 4843 3981
1532 3002 4650
317 4662 4799
1316 2500 2231
1091 3135 403
421 3960 3260
1850 2539 5612
637 336 2149
5052 3803 2953
1252 3861 598
4889 258 1313
761 3223 5663
4893 150 5014
5217 1671 187
4857 3496 739
2785 2779 320
926 4916 5721
2261 5268 5020
1919 370 390
4885 3964 1244
562 3786 3560
3074 2062 1884
5422 4236 2705
3674 3180 3288
4542 1423 1330
4341 454 2180
4439 1763 5659
5193 5737 4720
1848 2394 3803
4084 2438 1800
1424 567 5374
2961 1062 1676
4020 2438 2055
5673 1990 4450
4099 4758 5508
2771 4317 1924
418 52 3612
2468 2395 4289
5486 91 2424
2728 4788 4623
2374 1438 3108
4445 3689 2078
701 5284 4275
5649 453 3635
4888 1641 165
4432 1761 2733
29 5451 1021
2067 5137 4589
882 4459 5160
5294 933 4829
2836 657 1887
5321 4916 1922
670 330 579
482 4385 3869
3280 2961 3275
4947 4301 3184
3076 3177 725
1861 740 425
2347 3280 3696
1954 4332 125
2624 2887 460
5227 389 356
4354 1842 4301
3801 1688 3909
2597 2970 4588
3382 4168 4359
81 961 3603
1523 2236 1586
2085 5316 5712
3172 1053 2520
4555 1900 4070
1360 2184 3576
1388 4486 12
3930 2670 573
5389 3643 4870
3407 5361 1557
2731 3373 557
3189 102 939
3394 3892 1675
2541 971 4046
4857 1377 1707
4597 5297 5228
2205 4811 929
5212 4819 3395
1173 5483 771
5775 4016 903
4811 3899 2394
3242 3543 1345
3572 4878 4000
4696 1225 1291
2064 5247 4878
4091 1925 437
3703 514 2679
1442 778 4513
3810 2072 1136
1873 3528 4364
5608 38 1132
3816 4448 5565
3144 5343 1774
4657 1053 1359
742 4300 3137
3716 4127 1164
5441 52 3420
1570 3294 1379
3352 2307 3270
5768 5535 296
530 2229 2927
1917 278 3410
2781 4847 603
3309 3012 1479
1748 4809 3939
810 4701 3706
4635 4073 2988
2955 4315 5333
1684 5000 742
3919 137 5195
2228 5724 2987
3366 1201 4161
4074 940 79
5204 698 1018
793 1325 3261
2330 1050 3393
2659 2979 1429
2470 847 512
4761 3065 2615
80 5745 36
818 5465 4461
111 1031 5115
1932 4304 3749
2614 4473 4022
809 3064 699
1818 4306 414
5329 1534 1906
2557 3744 5122
519 2630 651
1083 1383 4472
5048 1238 4134
2367 3750 2122
3638 3869 3303
3834 1038 1907
5288 1236 5312
2189 1606 3692
2718 2720 1017
2835 1679 3636
5250 548 1522
262 1117 1589
2341 4063 3546
1628 3155 4521
1499 3788 5833
2742 3264 3414
2649 919 5828
2181 3856 1395
3556 1475 3572
4055 5337 1033
3566 348 2221
2702 4949 701
3374 2849 4315
1653 1086 5446
4903 5239 4389
129 792 4226
5186 5215 1017
4254 3894 1857
450 561 3377
1218 4731 4526
646 5644 712
4349 2845 707
4020 663 1042
3563 1444 4138
2313 2287 5765
3033 5466 2360
1892 2193 3123
1436 56 5239
3796 4617 20
519 5697 2842
2607 3092 5013
118 2136 2929
4418 4833 3869
2153 2846 4558
5553 1259 1124
4137 2167 2507
4247 3258 2493
2580 806 2963
836 667 4875
4168 3996 248
1313 168 461
2803 3866 4189
4182 5681 1487
1450 2021 1805
4963 4245 5061
4211 1139 5358
567 895 2846
2516 3265 2382
1434 5407 3854
3310 2766 892
3121 4228 5232
3231 1780 4386
4466 2138 237
960 1424 4517
1961 653 3457
2468 4506 1741
557 1277 1398
2857 1182 1958
1185 3311 2186
1925 3171 1722
2213 1942 3159
3220 613 5351
5866 563 4638
3654 3335 465
866 4360 2126
1261 415 477
5106 5434 994
5202 3134 63
207 1135 4622
682 5394 4826
3813 1923 5764
4130 317 5030
2696 2424 51
1849 2934 3980
793 726 1287
1035 3225 2108
3895 1301 427
5263 5413 5601
2845 3005 2454
3322 5085 2422
4329 752 2713
255 1064 5887
2492 2695 3553
4623 3538 2940
3572 1553 2734
5281 3898 4040
2841 2172 2459
5331 2223 5128
2976 2172 572
5837 1552 3987
3690 194 5330
2007 3066 1770
1104 5907 1850
848 4261 1653
3293 529 817
5944 2248 1628
3370 1659 5516
4368 4449 1139
1215 652 3097
2488 586 275
2696 5112 4125
1905 5587 4326
5257 1558 3205
1115 291 4718
1028 4952 5571
4293 5129 4867
446 4412 3847
1978 3533 3971
2970 2719 1782
594 3595 1205
3527 5441 3468
1678 21 5290
694 4901 1786
1616 1721 2408
3727 2265 5742
5153 5322 974
2071 2881 3352
5682 2134 2930
842 4524 1668
3064 2553 3990
5591 2040 5240
5817 4552 1582
1983 3235 2832
5032 5074 4772
3501 1040 5508
3177 3319 324
5926 4755 682
4197 1769 5707
756 3027 2560
2817 4877 4481
1304 3121 3662
3962 5545 18
2665 2521 3586
4452 1214 1591
4041 1715 3671
1876 5362 4632
2747 3959 1514
540 4520 2676
1305 1382 3849
1986 4702 4818
1250 321 5666
1611 4340 2464
2905 5959 153
4308 1532 3630
2269 4949 5444
1579 5159 4391
5057 5929 143
1176 2121 3352
711 3836 5353
220 5038 3305
2837 1161 5672
4764 1110 2985
1865 5124 3927
5806 2416 5642
2341 3028 2592
2426 2746 4754
5914 3437 588
2900 583 3402
2765 847 4168
3938 4447 1834
2537 2309 5751
2153 5499 5042
5297 4419 4714
312 3621 5761
5341 133 2145
3197 1009 5665
2707 2494 4010
2361 4064 3846
2548 2341 1305
5408 3952 1364
527 5502 1316
3587 3486 2336
2473 2283 10
2344 3149 2603
3427 1582 1177
5233 2900 4092
3587 1893 2393
2827 4690 2049
4877 2960 1762
4077 89 2369
3133 3783 728
1574 1303 4648
5361 620 424
4391 4330 787
893 4392 2281
1548 335 3040
746 5116 4770
3383 887 2986
3651 4756 2550
4706 4680 1983
313 210 5482
793 4532 1248
3777 4233 5734
218 975 4218
5028 1506 5454
1124 5225 3570
2296 5492 2584
5907 1093 5758
4534 3803 5172
4233 1116 5254
3763 2358 5477
3718 4906 1958
2960 4168 217
3370 2538 746
1271 40 3255
5402 4337 5414
2441 615 5720
4790 4719 2383
2105 3280 3039
4166 784 4132
5536 2218 2338
1243 5399 1037
5988 2476 1023
1615 935 3097
5512 6021 2497
2374 3915 91
916 857 3683
1450 5255 4895
1735 3860 5419
5812 2847 3651
6007 2434 5961
1718 768 1255
4851 2471 2532
2478 92 2785
433 602 1204
272 1222 1758
5358 5663 5312
2993 4236 3877
5097 5216 5754
5365 1442 1626
2815 1294 4273
2785 476 2165
3090 6076 451
2266 1293 1123
5814 5043 4576
321 5940 4204
555 1254 4629
2356 1924 5294
2541 5148 1509
3674 1964 5778
2534 2604 98
5087 3429 4883
2596 5783 2824
4095 1290 3913
130 870 1720
3377 5088 917
3738 5006 1752
3635 5403 5006
3343 4577 2425
4921 4244 5258
5818 1853 4151
5687 1138 5502
5570 406 3595
2458 120 228
5588 2645 1018
681 4690 4506
2388 4492 2068
6028 1494 4124
4668 2551 5859
4200 4278 5884
1933 600 2351
5706 108 4315
5442 4774 3231
1094 4991 4818
1812 1021 4103
3673 6057 3771
1546 2443 5214
674 4727 400
2718 3052 859
460 5685 413
613 2559 932
1394 1682 981
4317 3197 4777
40 2532 4127
3615 1938 3962
3858 28 5448
3840 4822 2267
1177 604 2561
4388 5842 5371
4951 3075 4193
5930 4752 908
1861 2987 1078
181 3683 1778
4747 5980 3771
5886 5900 510
1265 2993 6062
468 1082 5313
847 2903 1906
2978 4146 3257
2712 1217 2566
628 3358 2504
5513 934 1955
3022 5046 5642
6091 834 5726
3299 5364 32
2927 57 4964
1283 4045 6109
2202 2164 3011
3969 2735 3136
4379 4370 1975
5407 5676 457
4269 3203 4732
262 2379 3324
2301 3717 509
3283 2187 2190
2051 698 2448
5212 5314 655
684 2945 6034
4364 1286 3156
2929 1065 2898
1216 5898 924
531 2117 1720
2610 4748 4438
958 4105 4105
2490 1794 5670
232 5559 5327
5640 3233 5832
43 3462 5554
1369 4582 5476
4114 5769 1868
720 3444 3931
6016 3722 2386
846 5831 4291
1205 5475 2628
4247 1022 942
2547 3501 2343
5674 1681 6019
1891 1862 4058
3412 2431 1764
1734 4573 4672
1643 1601 835
1743 915 4201
4226 4535 187
1390 2090 3731
4221 645 4151
840 4099 1218
3120 4469 94
1056 1495 1038
4590 4994 781
5967 4367 3857
781 2197 1054
1955 2072 6068
3556 5813 4228
390 46 3399
322 3862 4301
2854 3198 4497
5860 1612 2969
933 4262 2641
6147 6035 3947
4601 1260 4165
2559 5028 5664
5241 1399 303
2824 1772 5299
3733 3425 3844
2670 795 4704
1746 1042 2863
1177 855 419
4110 366 3231
335 5607 4445
964 4023 228
1770 5571 1202
4250 5398 1698
1060 3902 1253
4082 5721 5612
1095 5577 3485
1575 6043 5266
6096 5465 4028
6092 421 4823
3835 3194 5140
3470 390 2960
1664 472 4518
4461 2666 1704
1235 734 1790
1966 1466 2869
4980 2023 255
3530 573 5591
3662 5547 614
608 2779 3151
2202 4033 1227
5598 333 2980
1879 5550 6037
5224 1559 4311
3022 3805 5113
4322 6032 3925
4873 2337 57
1312 4467 1810
2306 1467 2302
1227 2683 2907
4503 3618 533
4244 2603 4431
2383 981 6102
523 2714 115
1510 4939 3636
6207 2093 268
1706 2774 5776
1691 1682 2068
6 4889 783
65 940 5044
4549 3658 5398
2444 4118 1751
1553 6058 4396
435 491 1698
724 28 4091
4722 5417 3586
4784 3816 1101
2902 449 5079
4920 1939 6215
4939 1364 3548
5576 3573 5130
3777 4958 4205
1228 3347 2864
4692 1955 4367
6207 5539 782
3510 5544 5831
1173 2858 86
3364 1639 6
4087 2981 4367
4246 3995 1065
580 4892 4898
2205 5028 2280
3350 3108 5412
3089 3725 5532
3407 361 5422
2839 4821 3266
1137 1613 2660
4181 4690 698
4207 5079 2914
3302 700 3128
1467 5832 2020
5666 2582 716
5924 3353 408
5430 3065 5902
5841 4993 970
2500 1452 5363
1916 4097 2566
5754 3862 2950
4038 2088 5325
609 4172 4210
5849 1650 1753
5859 3577 408
4049 5605 1117
984 4854 2427
646 2795 357
3971 2259 1215
1249 4789 2732
3974 5788 752
3605 1800 5027
3463 2082 4587
5771 417 4420
491 5872 6003
5546 5240 2050
436 4091 3204
647 947 2174
5513 1337 6116
2182 0 1482
5013 5681 4995
1604 1366 2330
1382 2391 912
5435 331 4619
5789 2491 4470
4016 2523 5747
2441 4312 1899
4278 5948 5101
3341 4249 5552
1556 1155 3958
151 6087 3751
3 4742 2763
4970 2106 5146
466 4057 3755
5163 58 3048
4652 1676 2615
6216 3627 4980
2122 2421 2224
6019 1259 639
5717 4516 1312
5971 1833 2227
2576 42 5035
4875 563 45
4904 1127 1992
5107 119 1632
4418 2392 2362
5271 343 5461
1544 2658 1076
5439 3067 5291
4840 4836 3552
2438 2307 143
887 1475 4072
2793 2575 1190
5568 4730 3934
5137 3035 2997
4220 4429 1885
5248 2339 1523
1311 3373 1944
2817 3002 922
1175 726 2356
4939 1550 1458
5610 4546 4680
2939 1271 1036
2480 3265 34
5130 4893 957
6228 986 138
6009 3276 5097
1783 4773 4253
2642 6094 3463
3994 6009 4265
3836 2746 3524
2387 284 5855
2847 4785 1427
5971 3988 5142
3019 4440 6202
3162 2702 4588
4637 4963 3905
1343 6316 5974
4033 4881 3738
2707 1350 2503
1676 1110 3345
3257 1470 3047
3544 454 1716
4696 2156 2047
2528 5407 2708
4155 2861 635
2287 4847 6168
6156 4601 3441
4346 1364 5470
4089 3462 4491
4155 2083 15
409 2083 803
999 3248 2308
1538 1416 514
4469 6380 4201
161 6008 5043
4071 6210 4362
3639 2803 497
3375 927 1347
2675 1599 2070
507 4415 1658
6028 3445 6335
4445 1104 737
1952 3490 1199
3747 410 2274
6270 4187 1010
327 5694 4730
1024 5962 2227
1528 4305 3488
5787 3780 3824
6065 5357 5764
5891 1346 4955
6339 835 2273
4580 298 673
811 4806 5530
5518 4213 2586
367 3282 4846
4974 5131 2355
1407 2422 4240
1588 4563 2298
6124 2263 5065
3866 2210 4866
4987 1399 53
4917 5208 1162
4790 6016 5176
2505 3619 1397
2229 1943 3153
23 4072 5609
4059 894 5614
1680 380 1601
4209 824 1036
1880 1178 2340
2650 5217 3580
2536 3585 123
4750 473 4365
4670 90 392
6342 5924 1475
620 740 800
4584 4911 4670
1675 3878 1793
4490 65 122
5135 295 374
2159 2794 4803
1197 3014 6079
5051 3023 3244
4294 2928 491
2688 6003 5927
3721 455 3000
3611 1689 5591
3995 4894 612
3756 1337 1510
3041 1191 2104
3715 6364 3298
2563 4670 5213
6155 1128 5626
1440 765 4419
6239 1509 2068
4380 2855 5498
1668 1052 3991
524 2342 3339
3943 3520 4718
4609 3012 5999
2201 6258 2546
4307 2364 4275
3834 5527 1390
4537 1949 824
2855 5070 2727
3206 1027 2664
1206 2330 1659
4270 1637 4805
5598 1760 4674
5737 2950 3275
921 2430 2108
3519 4549 3169
5209 3478 601
4575 3433 4224
5755 1666 5220
5668 5045 3757
5506 2664 3458
4703 2253 5676
3946 2139 6160
2842 5214 337
3283 5449 4085
3703 5129 5078
3771 3383 646
4754 3106 2790
4341 2700 5392
6325 418 4310
3205 1853 6073
6444 2020 6082
3149 6181 2720
4674 2314 3426
3805 3442 2510
6067 402 6217
1061 2585 3772
742 5588 3045
1721 2291 1146
3632 3485 4287
3870 2930 2423
1063 474 2503
2657 5695 1536
2391 3 2736
1013 3351 4614
4312 5247 5624
5240 5593 1552
5438 2146 6152
4551 5880 2123
2498 1073 6160
3209 2141 4174
6397 5406 2550
2686 5526 470
600 812 5818
4836 145 4457
5769 6296 1549
5441 6366 5924
2295 5149 6046
5084 817 4643
5899 5819 1078
1719 2781 583
3984 4762 973
23 5763 5270
4771 5953 4596
6157 2176 3131
5573 4579 1056
130 1027 143
5233 1862 5342
1850 2212 4451
5884 4013 4885
6044 971 624
5895 926 390
4291 5124 4896
4897 3013 192
1618 5459 5834
3558 3958 4054
3055 498 456
1698 3262 957
3191 6233 2266
5966 6111 2335
640 367 2785
114 5688 753
1852 1090 4592
1949 1512 856
1832 5228 457
2255 6338 4792
1798 3512 5347
1544 2021 118
288 5969 919
5433 3772 4348
4590 5484 2973
4854 198 5153
4112 441 5860
5930 6374 3174
2163 4751 5036
3574 3439 660
1810 6027 245
3971 5646 4235
408 6037 3138
3188 761 5730
6004 4990 5188
1844 23 4332
4870 4338 1407
501 2081 2565
3869 2114 3736
6136 4617 5875
1259 1482 5175
5509 4488 548
3428 669 547
2253 2352 303
2700 2798 5579
2975 3906 3670
3314 2800 2031
604 5158 704
6307 3089 1353
1114 686 2464
4069 1402 4511
5729 385 5894
4047 1972 5230
2247 6065 543
2448 4823 353
1584 1038 4073
3604 2121 6103
3328 3748 3795
249 1267 3776
1213 2332 749
2801 383 4288
4468 937 1567
6153 5961 2913
6314 4679 4153
6083 3182 5501
1814 5520 2323
3602 5997 6272
1981 119 2034
5463 1898 1322
6421 5 311
1809 6418 5986
2190 2853 4698
2186 3956 1280
2527 3318 3742
1943 822 116
5681 4386 4499
3306 4755 3051
4302 1160 3887
359 1780 2541
3813 4011 3215
3780 5306 5894
3926 3198 4501
5762 2096 5419
2687 4323 1432
3436 5460 6142
5962 832 4638
2779 19 4855
1642 1380 6260
1075 5099 2953
4816 3780 5722
762 1412 3842
5566 6082 3869
3144 6118 723
584 5675 1599
5234 368 189
479 1698 2965
2941 424 5472
3424 5918 1550
1093 1893 3384
589 792 3883
4010 3847 527
2122 3029 1112
53 2681 4000
3410 3930 595
704 4834 4432
2501 2032 2306
988 641 1814
15 4769 5722
1896 3681 5302
449 2667 5741
3486 1866 936
6171 6498 152
6471 3281 4264
2056 1848 847
515 4022 5505
459 818 2262
5927 3082 4963
6167 2617 2333
6182 2841 312
1113 205 2124
1030 1616 330
3520 5701 6598
4651 345 2519
886 1849 4569
5372 68 6234
3448 4457 2551
6475 5193 1284
4346 4646 4932
2367 2162 5417
1814 6505 6608
3097 2050 1720
3920 5786 3717
5217 2998 6054
4699 2878 1353
5112 4939 5058
133 2100 3947
6212 374 1264
1027 1398 5788
1760 1247 2125
2351 3605 6163
4474 1288 4960
4724 6596 4943
502 6011 45
2688 783 3
1074 2019 2054
594 6418 2961
4481 5668 2400
615 6487 1551
49 1758 1893
1017 3018 6465
126 5106 6438
3791 150 3781
5425 2766 5712
2292 5961 5624
1973 4826 780
3097 4543 4981
4327 3275 3115
745 2158 4170
510 1243 567
3742 5675 3470
136 2650 5052
2251 5305 5713
5335 651 3639
231 298 6510
3744 1259 1979
5920 4766 5429
2890 3089 3346
858 5250 5949
368 6428 6339
366 1403 1858
1981 2119 392
1480 5491 194
5540 3344 5081
4361 4951 397
1528 2335 3564
984 3742 3770
2863 5 5615
4399 3394 1023
343 6668 5211
5187 863 1787
6215 2421 5933
214 5829 3291
182 894 2568
3009 551 3410
1599 689 3745
6208 5093 5595
5264 1976 4579
3533 4813 1503
973 899 2597
3058 3971 5682
19 5241 6677
5833 2222 6217
4460 4889 2864
844 3116 819
2340 4069 277
3635 1842 6636
2050 2086 424
3551 5413 2932
6084 2786 4929
134 4255 2823
3809 4589 1130
5126 2353 3635
1485 5576 5025
5487 5694 5448
6670 2610 2368
99 2850 2903
6298 2506 3766
1291 5231 5785
2430 263 2860
4047 2988 5527
4755 5677 1788
317 5015 5730
2876 2418 4360
1235 327 1509
315 6545 1871
6318 368 1642
1885 6005 2697
1088 5054 4934
5608 1482 5082
5688 4135 3211
2934 653 3222
4079 3907 2482
6353 2789 2042
1197 4877 1526
4050 6394 324
4553 1541 7
4091 3185 198
5664 3255 3675
2183 5154 1577
1101 3813 3156
1188 3441 6170
4905 3925 2937
5269 5229 3383
5418 1998 4713
2531 1097 6605
811 480 930
5320 3426 1150
5251 5441 2157
5423 2662 2131
6208 586 369
1438 5208 5373
449 6528 1175
5283 1954 312
6749 4672 2828
5237 5665 5564
3671 6357 4499
1151 33 4774
3258 4602 207
5698 6616 5800
5933 2102 3682
4125 2491 2105
6525 4947 2748
5977 874 5739
916 6697 4352
81 761 6626
6053 3656 5599
6642 2741 4079
5139 6112 1406
1711 6583 6012
4380 4503 2991
6568 3768 716
4785 6478 80
6755 236 305
5377 4212 3837
3464 5141 2793
696 4213 5447
2897 5491 2448
1134 1152 3155
5238 2111 2829
3738 6048 2288
2387 2170 594
5609 411 3092
5919 3365 3223
3973 6209 3287
4707 3545 2645
362 1545 2901
5587 6298 6476
2894 3501 4665
3785 725 6308
1554 4157 3944
2608 3493 2418
5937 6081 2143
4858 3561 5584
2074 806 6749
4211 1511 3764
3546 4519 3881
6522 4700 5314
169 4423 1326
1216 5791 894
4666 1782 2263
2300 2900 840
2370 4641 4109
1693 2382 5640
3892 1589 409
2382 431 5086
4835 6773 2049
820 5405 1314
1918 6473 356
1655 6384 457
448 6747 5046
4387 2605 1252
1172 1014 3242
3013 5377 1183
6385 2797 6506
2216 588 3462
6747 5885 5296
178 2858 1125
6618 1572 831
4915 3712 6682
737 3664 152
6634 4862 2361
3708 3831 2130
1415 3966 4088
5556 6811 1935
6739 355 3662
6702 5800 5083
2643 2267 254
1975 3376 2741
6210 1403 1986
1717 5770 1131
192 704 3010
6258 1466 5535
983 29 1427
3941 3259 5809
4807 581 5436
2807 1456 1166
2290 4278 80
2766 6095 3111
105 4510 4871
4233 6299 3207
3552 4830 5361
3000 12 2034
198 848 668
944 1977 4914
5156 5122 4060
2382 6739 3401
6066 518 5661
4222 1101 2927
3948 1348 3889
4756 1172 692
913 5884 5367
6212 437 2517
5713 4433 3052
6238 5373 5809
2784 1711 5424
1880 4306 838
4408 3237 646
2838 5125 2088
45 805 5704
2839 615 128
6691 1070 6110
4076 5778 5560
4209 4431 261
5578 1943 6404
3843 6711 3295
557 2776 2188
6494 72 6284
5707 4106 6819
6616 1733 5561
4895 4243 4613
2357 5731 1503
3361 3051 4516
6378 612 2495
1367 3971 3599
5350 6259 5676
5274 1356 1807
4817 6761 1152
2285 3955 3161
2097 3017 3187
4299 366 2627
6280 5106 4634
6352 6097 6840
5019 1476 2077
5155 4859 5360
1942 1426 3010
6274 921 2669
5276 6026 714
6475 1966 2576
3949 4822 1791
5071 6241 5556
5589 1240 5579
6464 6081 4486
1024 2863 6323
1481 1315 6241
4215 3788 152
1388 4691 5447
3997 5198 6901
5538 4640 307
1843 2551 888
6320 5945 524
1840 1223 2000
5497 2527 5247
556 5522 1594
659 959 1539
5348 2710 379
5558 2219 1025
3145 547 5378
6559 627 569
5800 5237 2911
2800 4388 6654
3165 6754 3502
4754 3997 5425
1354 5892 1576
5670 1558 958
5192 819 3930
4885 5650 6174
4135 6110 6400
5414 5895 750
3691 6917 6000
5037 402 531
5659 4058 930
3068 1264 2521
2589 3722 4469
4099 264 4904
6654 2963 1441
5080 6176 5186
1137 4808 6609
5953 2504 2134
4954 3106 6262
4213 4963 2839
2541 5244 6017
2824 2781 4477
