7143
0 0 0
1 1 0
2 2 2
3 2 1
2 4 2
0 1 3
0 1 1
2 4 5
5 5 6
9 5 0
7 10 0
5 1 7
7 11 0
9 10 1
12 11 1
11 4 14
3 2 10
1 8 8
11 0 15
6 13 13
15 4 15
12 1 21
13 7 18
17 1 23
14 5 7
21 5 18
14 6 7
16 20 27
27 13 25
26 9 0
0 10 29
0 14 4
10 2 9
11 10 10
13 20 27
23 23 34
15 19 32
11 19 33
19 8 32
29 24 12
32 20 20
38 40 5
0 16 18
15 30 6
12 27 20
3 28 17
5 8 28
27 8 32
31 2 40
35 28 29
29 43 50
25 5 21
20 43 6
3 7 35
35 7 29
40 34 41
22 33 15
53 35 34
24 16 2
20 6 0
31 26 40
47 33 15
33 31 51
51 47 61
56 43 44
18 21 30
3 18 57
12 58 25
31 40 68
21 57 61
16 42 32
48 17 8
2 12 38
9 64 68
49 46 49
18 27 38
3 19 66
42 34 49
48 39 29
0 68 56
78 42 33
8 1 37
20 8 23
82 40 80
46 55 61
84 23 20
44 62 73
2 36 36
47 79 79
44 44 32
84 30 47
64 1 68
77 32 70
43 61 41
63 18 86
50 40 46
94 41 57
14 85 92
45 46 22
40 40 70
4 30 100
82 64 79
27 50 77
47 88 20
21 72 12
66 70 61
85 10 81
44 56 59
38 93 0
29 100 12
50 93 75
47 5 89
67 41 16
85 44 85
6 20 102
89 35 101
16 19 21
111 110 117
104 22 112
51 59 44
28 63 13
96 49 49
53 19 74
7 122 52
51 90 9
36 93 113
45 61 3
26 94 57
26 60 66
100 76 126
46 58 129
76 104 15
132 2 42
133 43 52
41 49 88
97 2 61
114 122 61
66 97 79
23 125 5
139 132 40
139 82 120
128 60 93
46 27 86
122 64 118
112 68 56
114 110 101
16 92 131
45 121 73
136 55 127
35 60 37
44 64 29
7 132 94
39 17 113
120 52 15
42 32 106
11 83 70
135 111 30
109 52 96
36 148 26
88 118 10
13 102 45
151 65 151
50 12 29
144 95 148
117 67 84
156 142 23
143 104 89
167 126 86
166 109 72
3 71 77
23 67 6
152 71 32
53 78 89
76 84 132
48 87 153
85 64 107
117 103 158
170 117 168
12 59 151
9 33 105
144 149 151
30 180 0
8 127 140
159 20 174
90 73 124
31 69 157
156 104 49
147 106 40
188 14 31
57 131 161
33 124 8
152 0 163
168 20 80
57 156 129
185 69 88
114 181 117
57 52 170
184 169 33
12 46 45
157 193 13
100 78 15
19 89 101
175 37 159
200 124 135
155 102 148
128 116 133
143 200 74
187 75 74
185 138 41
91 22 168
128 197 13
86 137 101
68 121 124
170 136 157
23 139 121
122 207 192
17 124 176
153 159 200
196 36 68
81 154 102
60 140 42
11 108 61
132 51 84
170 97 176
12 165 42
170 158 28
125 210 117
133 77 75
56 18 70
20 72 7
148 94 13
65 211 218
98 100 13
97 97 93
201 169 43
127 108 14
103 179 213
117 98 90
104 175 23
12 41 76
77 152 123
27 51 10
55 221 168
73 36 232
229 45 68
132 135 96
214 176 43
133 11 232
233 174 143
241 228 49
53 167 68
37 15 162
87 132 12
125 51 2
246 111 153
17 213 223
100 1 85
22 171 112
17 82 252
54 142 116
3 17 44
114 198 91
55 159 140
5 184 95
33 16 147
120 77 154
146 245 232
204 28 152
99 231 9
224 10 97
204 166 157
162 119 258
191 177 55
252 74 236
65 205 88
31 240 264
82 163 28
130 122 213
229 239 109
136 68 245
251 228 248
163 120 106
52 16 94
197 134 55
261 188 211
246 191 126
131 275 195
221 280 119
73 77 6
48 250 253
102 14 288
257 181 191
113 55 2
54 48 39
95 185 64
71 156 138
110 290 70
25 59 252
230 94 72
13 83 150
158 71 143
72 150 25
176 244 111
84 231 76
32 69 158
246 72 80
178 244 94
101 167 39
253 176 184
226 263 12
51 11 172
243 57 88
83 135 260
169 213 100
223 106 134
276 266 283
112 253 231
240 198 60
226 37 53
286 268 83
12 54 29
234 190 193
200 162 13
210 31 38
267 301 97
130 246 29
112 50 89
98 275 137
79 271 122
265 123 92
190 324 23
159 102 7
94 293 152
193 183 82
88 95 182
164 165 210
194 234 334
215 5 100
315 328 29
251 249 40
293 37 38
266 99 138
247 315 216
78 36 0
46 233 171
14 237 119
336 90 87
183 311 86
288 132 238
138 269 238
125 236 170
256 334 171
68 106 52
123 135 295
111 18 131
110 122 6
192 203 99
305 5 19
288 212 313
307 317 280
112 115 123
10 73 343
23 92 12
228 52 355
314 260 261
187 75 345
186 352 36
32 119 264
260 164 355
213 9 118
152 200 83
134 371 320
222 25 219
163 85 223
123 131 333
70 114 355
62 181 27
55 232 369
18 172 271
200 64 277
223 242 330
330 31 46
161 305 239
337 23 60
48 225 222
113 266 100
278 303 226
46 243 282
96 139 174
327 161 229
214 77 148
306 310 174
206 94 168
252 314 365
308 333 215
45 206 9
305 205 269
276 83 154
126 0 190
265 265 28
386 360 360
244 48 382
276 24 103
35 293 153
20 311 366
183 348 210
346 265 386
307 126 113
72 79 256
119 326 214
139 331 298
182 306 5
105 214 256
217 197 350
192 340 376
249 348 139
367 130 98
130 42 73
14 261 383
366 49 343
143 305 259
90 96 33
128 110 128
327 155 167
237 346 248
256 202 135
351 43 130
295 117 194
347 350 261
363 427 308
377 344 172
392 215 337
322 388 246
44 123 157
85 369 161
244 226 405
226 58 11
215 204 273
314 67 293
364 215 179
372 255 428
156 4 441
275 423 42
85 299 418
319 294 419
349 395 409
367 329 275
52 233 205
297 162 102
246 239 306
206 10 178
50 337 271
125 241 363
99 296 359
161 60 40
20 22 240
185 134 88
240 449 407
441 387 376
62 159 276
369 299 99
303 297 157
213 29 272
432 126 420
405 103 137
152 352 72
344 92 390
316 353 123
298 12 82
27 99 23
32 366 132
178 330 278
275 432 139
398 443 164
393 359 168
321 15 412
456 463 10
293 121 88
100 452 418
193 88 366
247 48 402
166 67 56
318 408 158
432 79 11
270 227 30
201 200 56
266 201 214
396 38 41
273 231 169
99 238 319
443 141 152
373 153 308
303 372 185
117 183 92
286 180 356
354 168 184
110 94 350
495 108 159
279 350 195
380 235 486
158 273 342
210 76 161
107 14 190
101 461 74
321 228 502
94 177 241
262 100 203
216 453 208
378 234 82
483 428 154
504 165 401
507 500 221
139 410 435
39 251 267
315 311 385
264 147 348
354 267 314
362 213 445
135 360 103
299 99 202
282 93 128
78 198 165
311 407 497
291 44 373
378 235 193
311 272 153
182 54 422
471 349 520
491 135 211
529 156 520
280 326 376
88 251 331
410 88 264
527 116 499
29 113 347
520 375 521
227 479 143
182 211 101
170 197 262
203 345 379
259 478 137
381 370 177
395 236 496
5 497 19
124 428 454
234 185 52
380 16 12
518 45 381
390 7 507
535 12 498
38 265 55
281 87 409
482 215 63
84 214 328
175 500 408
554 17 33
12 18 499
286 548 32
317 278 396
26 129 219
432 33 234
486 85 102
342 473 558
438 416 495
363 275 291
482 145 291
194 338 38
509 488 427
80 14 171
37 473 510
422 96 175
178 440 493
360 261 508
367 379 275
155 535 105
96 519 204
485 473 424
40 125 185
408 551 392
324 437 433
231 366 483
535 570 159
355 558 37
123 381 63
116 211 496
420 171 149
442 254 181
488 548 245
569 412 78
369 213 86
345 62 399
194 249 297
533 198 530
92 130 460
131 305 475
494 246 549
93 131 451
89 158 55
365 122 49
527 406 380
497 63 195
284 44 161
74 27 108
603 277 463
495 437 246
119 88 50
155 256 346
532 34 109
48 284 136
535 249 609
278 186 595
220 195 528
590 498 587
323 190 278
358 243 172
5 418 270
575 518 486
136 485 96
253 392 253
20 92 553
529 216 75
437 223 213
420 538 138
456 224 333
129 469 319
109 416 345
512 503 88
440 283 516
317 424 583
44 164 593
529 238 382
262 68 612
511 619 376
308 83 297
540 264 517
350 278 432
270 537 124
216 24 147
321 260 570
262 105 34
40 248 130
135 48 360
473 277 634
527 178 174
480 85 550
162 481 412
281 482 137
20 169 180
337 292 544
387 594 259
519 552 177
552 526 528
437 491 209
83 107 645
3 449 173
509 562 173
656 435 198
186 141 19
447 68 81
32 131 203
335 461 606
60 509 520
131 412 602
640 17 653
603 574 636
253 529 622
529 166 309
414 526 303
219 186 56
310 589 285
639 522 389
245 194 473
362 96 307
48 82 383
580 287 501
462 314 175
12 494 14
646 585 362
318 327 464
350 268 659
116 511 444
535 267 95
671 487 206
553 477 506
117 222 183
348 177 23
101 597 678
627 433 637
51 64 532
360 304 6
632 56 528
566 436 383
570 538 514
406 40 648
473 548 236
562 231 598
2 67 94
685 177 567
100 335 279
588 512 428
554 538 548
298 525 11
440 477 279
548 439 151
51 274 376
641 135 588
90 531 477
346 224 306
618 419 156
490 455 641
71 689 212
630 403 161
614 331 143
86 453 337
557 639 287
386 316 628
17 210 599
410 545 519
198 628 392
255 148 125
201 47 648
204 644 513
538 203 198
649 510 403
668 37 75
98 72 725
234 263 133
117 270 153
589 160 396
8 471 372
123 620 431
636 159 638
430 467 678
114 350 128
504 140 74
540 8 287
601 27 644
568 251 40
321 14 650
320 589 566
653 120 677
548 10 145
731 243 106
687 461 214
233 631 644
586 312 137
656 510 224
218 208 261
701 662 173
233 93 248
57 670 308
17 725 495
160 631 390
184 656 138
270 591 221
306 580 78
483 437 38
587 270 164
311 208 98
211 140 735
512 614 568
107 515 416
6 622 260
674 87 311
194 730 12
18 705 586
336 415 183
125 644 263
199 25 329
715 599 161
454 214 739
751 44 229
447 383 653
707 334 195
354 93 202
154 690 293
605 123 134
318 23 62
591 136 137
726 242 435
139 770 88
471 340 604
753 180 589
294 735 362
17 554 654
457 762 232
527 315 479
616 229 306
488 63 490
88 614 445
191 442 554
419 70 624
134 602 404
623 699 667
578 20 605
372 501 105
379 646 439
710 437 44
785 501 439
715 705 571
713 698 626
220 652 92
590 323 717
50 245 116
379 56 751
496 437 754
80 147 607
777 718 645
557 175 3
439 445 655
107 757 106
630 482 490
435 751 139
601 685 672
576 600 17
448 385 746
639 65 736
579 299 244
101 525 709
810 355 737
118 515 490
115 116 570
565 794 630
129 287 51
24 754 483
63 712 623
826 825 648
463 191 311
413 512 332
324 71 200
802 381 58
138 485 60
468 747 260
560 56 816
611 535 145
552 735 683
171 311 383
539 60 578
347 56 740
177 529 756
10 359 308
691 190 779
737 795 647
317 163 80
342 227 73
357 79 459
280 498 97
53 545 680
685 431 564
412 343 74
434 509 473
426 697 684
630 127 88
688 328 105
208 722 116
732 752 347
616 361 43
273 567 457
42 398 565
54 584 279
679 256 41
468 173 35
641 168 626
131 280 710
80 612 214
103 496 365
126 565 233
567 212 546
498 27 305
597 847 374
46 614 710
781 684 434
181 597 592
793 499 667
84 464 604
505 541 320
648 500 327
161 727 493
461 743 269
759 762 741
398 244 717
315 709 331
58 798 815
711 393 246
845 262 254
0 448 191
575 687 129
519 637 322
355 870 166
335 95 600
760 150 291
659 837 210
624 262 808
396 102 276
107 566 603
160 440 814
754 456 870
86 67 84
466 464 805
656 614 768
837 853 254
388 569 130
661 103 32
266 542 863
798 441 648
219 893 131
413 666 391
171 623 165
665 868 99
569 887 51
805 766 119
648 747 340
675 501 804
805 28 254
912 717 167
869 13 1
688 96 109
114 356 306
471 167 459
592 432 732
506 355 311
321 212 844
703 224 724
245 283 640
630 281 523
395 695 460
764 602 738
276 887 109
833 348 690
861 782 849
167 435 422
815 784 95
113 826 767
425 716 312
899 878 67
586 934 501
205 371 771
811 191 213
665 699 923
464 813 83
651 484 347
9 310 356
418 734 34
893 302 683
513 365 565
758 574 51
865 822 649
548 658 422
494 683 410
74 762 757
360 72 361
904 506 328
152 664 875
509 207 816
70 359 878
808 749 568
1 938 56
623 543 624
408 178 419
114 578 913
380 105 737
43 231 625
776 311 718
676 784 562
541 359 330
675 397 868
436 900 400
632 274 710
958 714 266
667 440 522
276 275 517
736 342 803
903 888 934
972 691 161
853 543 922
77 226 653
910 274 461
68 607 901
861 55 534
741 264 903
582 940 859
908 51 861
220 692 585
670 540 712
292 85 840
119 238 438
834 975 803
142 132 34
280 55 128
822 36 25
913 72 138
288 515 839
58 360 130
328 212 398
628 664 346
24 737 16
76 939 583
241 288 944
633 84 137
177 427 722
817 343 799
611 583 421
280 334 140
151 87 345
0 790 607
612 809 319
711 999 728
721 898 686
936 398 813
513 21 11
218 325 26
1008 300 983
692 279 586
610 863 867
426 187 268
283 233 163
224 229 791
526 515 461
656 867 529
310 472 858
531 52 751
260 120 340
567 995 152
214 189 444
139 664 431
333 982 77
1021 519 336
36 117 114
697 434 902
750 350 236
495 816 965
993 828 677
919 579 328
964 582 185
203 101 636
936 53 558
545 559 697
811 312 277
9 694 164
953 976 492
283 716 147
980 986 732
573 265 974
340 930 1021
869 194 212
278 243 348
590 176 262
838 663 654
348 651 594
306 285 39
727 325 977
839 239 1048
672 74 419
691 527 992
676 101 986
773 702 144
218 82 1022
749 415 884
1035 645 699
61 792 244
585 853 1055
744 985 24
956 934 234
533 605 706
86 271 933
340 938 572
301 978 268
743 122 718
703 372 925
720 292 58
270 939 404
489 109 725
46 369 679
395 68 914
277 230 24
977 316 511
449 866 345
875 18 406
585 76 359
901 1001 68
239 1025 18
713 429 608
101 914 189
782 200 438
721 351 927
338 944 331
300 493 538
588 1038 369
324 684 890
13 207 574
394 402 409
105 517 679
883 388 463
315 657 817
392 220 893
541 950 962
806 177 427
402 753 940
519 611 522
208 978 802
366 186 808
642 171 273
1101 205 349
803 586 676
871 263 37
250 293 953
949 833 726
351 385 562
908 580 176
383 656 246
336 38 70
244 945 890
1029 748 285
1100 480 521
446 194 729
84 1107 1
1083 713 247
412 588 645
533 1077 1057
1041 55 1090
875 893 438
1099 424 475
504 617 705
945 446 389
618 539 732
373 97 14
199 667 876
587 979 142
1073 677 691
330 941 170
495 297 1013
184 1116 347
499 1063 722
275 746 755
837 246 238
843 796 504
418 1073 533
1048 974 971
281 748 598
286 578 829
879 512 624
231 644 970
193 899 454
962 312 257
714 1079 474
329 256 918
967 392 893
174 73 694
368 331 858
636 380 852
228 1141 43
953 675 58
664 323 541
23 764 393
544 920 1075
222 919 22
399 1019 845
245 779 1093
127 121 488
53 1142 889
97 554 795
698 1027 315
409 906 276
135 966 1115
483 114 934
241 862 113
289 391 190
1031 994 711
716 13 715
1085 546 652
360 1081 225
258 933 715
1040 1038 439
435 583 900
291 1128 231
633 579 780
832 256 81
702 120 1155
924 567 366
703 345 352
463 1095 405
557 548 831
380 748 104
1159 666 1074
503 5 599
859 626 0
1016 919 654
370 0 116
382 775 263
236 328 308
747 899 525
995 449 1127
597 782 809
700 920 1028
37 645 240
662 553 399
261 11 1000
1191 208 539
586 933 441
340 580 854
1074 982 562
546 772 1145
651 269 11
640 431 565
86 53 1154
844 811 40
893 641 832
49 411 877
428 91 858
263 327 824
258 739 1060
104 1052 1204
509 682 514
870 66 966
1018 681 54
1167 682 958
419 1105 594
418 1015 350
36 150 917
627 497 219
738 411 634
606 736 66
226 493 337
352 533 749
113 1114 618
830 1144 511
814 777 951
1122 481 334
955 1024 818
1166 955 1040
1101 1054 311
159 235 421
849 261 369
1138 730 93
837 1015 364
648 577 670
707 339 690
1031 139 1136
512 171 261
408 245 834
1017 85 666
342 546 1035
104 308 663
1126 39 603
466 1237 507
804 309 473
745 1180 117
611 729 39
440 852 16
977 945 23
1067 1213 863
818 185 469
653 520 25
58 1167 745
362 744 775
822 5 1139
64 1198 948
1163 849 1179
654 151 847
923 1047 350
989 536 298
254 837 1180
317 427 259
519 66 507
798 590 951
272 607 609
1004 974 349
1156 998 12
791 122 363
915 357 386
290 574 599
79 701 807
449 1271 567
346 1185 409
617 602 60
982 564 845
647 641 964
29 793 326
460 341 1209
979 644 335
826 806 376
769 547 1234
954 166 998
888 1282 1270
1218 93 771
737 1257 1236
435 974 1271
661 396 788
757 305 773
61 940 882
58 536 695
529 773 961
199 490 242
887 575 1082
1103 1247 611
265 114 600
1296 1240 27
1020 358 1223
127 997 1219
1078 936 210
200 1111 1185
783 826 535
922 325 878
1080 908 545
1100 1275 1202
48 721 443
1022 361 265
180 544 1038
628 966 1029
808 858 1180
888 41 13
649 579 871
683 277 379
419 467 755
1157 279 404
289 522 53
55 285 387
485 751 1102
783 174 397
303 995 546
138 640 778
750 120 632
1097 846 434
797 371 613
617 974 1020
1046 775 757
541 163 655
642 893 1306
651 499 1199
442 455 976
1169 903 342
364 219 1232
667 1022 588
919 71 495
780 607 983
350 848 68
599 1096 324
347 330 524
903 543 313
1305 201 460
671 1 1097
335 543 230
854 360 980
557 649 439
99 1098 227
503 40 758
561 806 611
449 1313 891
1000 1037 742
1268 585 255
823 665 1162
133 340 371
814 352 159
577 1299 166
363 1075 984
417 478 1287
719 293 1017
187 59 1332
637 120 1169
660 595 1104
779 679 1074
1141 889 740
4 421 1249
1008 424 442
381 529 786
198 363 132
215 1139 1064
186 597 66
529 319 643
153 1267 267
953 706 471
1370 1167 170
1007 549 1218
438 532 250
650 1331 1017
923 852 1046
140 1261 692
1322 1027 1244
831 169 1158
650 979 986
1114 174 1261
1185 86 826
831 1025 200
1370 258 1177
452 381 23
606 158 1287
212 436 1092
1085 1010 559
319 2 469
696 126 813
1137 1233 24
501 37 1093
328 1145 1304
481 467 730
1131 732 738
306 1304 182
1291 829 941
1289 310 118
829 848 1397
1042 308 605
1221 39 856
952 622 385
978 1189 923
375 285 1331
1169 177 845
499 54 806
888 158 544
687 280 1290
1174 1318 577
860 1290 985
429 756 999
913 933 1103
1237 551 1316
491 752 710
1007 597 401
229 1270 1073
225 426 833
436 28 1283
127 332 1209
748 79 240
206 1018 1389
437 367 745
755 242 824
919 299 1392
204 1114 290
826 175 1112
843 1132 622
266 1016 291
125 759 283
1067 489 444
303 250 281
56 921 819
1235 1009 1150
1140 931 809
849 1165 1187
349 337 115
912 1096 110
738 198 137
207 581 1048
236 1184 656
1174 489 1426
184 942 209
1127 671 563
806 1283 302
313 456 654
1041 601 642
728 88 52
1446 1211 485
1118 1315 905
1158 417 1160
804 167 630
168 448 554
30 1184 246
955 543 397
1080 247 1089
253 1282 704
318 1273 576
172 371 1292
983 834 700
634 272 1052
123 164 487
1453 295 745
361 596 1269
473 331 828
430 1206 790
1293 236 325
746 787 1314
301 920 538
113 521 207
312 1371 558
1460 573 1115
587 1440 1203
1320 671 1312
1198 1357 58
807 463 951
620 271 473
1012 1035 557
15 1364 5
429 535 239
1080 902 153
1468 1166 1046
1120 788 325
1273 333 275
612 204 1003
1091 480 734
495 744 1068
33 1477 545
806 592 1064
215 1264 312
104 981 359
130 325 688
390 702 1261
44 1322 1000
222 917 1193
1173 1272 1079
1251 1369 34
136 1430 1003
313 981 662
230 1141 970
1452 817 693
830 256 331
1173 175 186
699 963 1260
734 1394 434
496 43 860
700 590 1264
1125 1004 615
1393 1375 431
575 358 595
523 504 85
1056 102 1395
1034 1104 1481
564 1502 552
582 228 107
1383 592 804
1319 825 789
536 129 661
946 1004 43
82 1458 161
392 1292 806
440 1267 676
608 428 1401
392 1056 1296
214 1299 859
1389 523 53
68 123 801
519 344 258
44 1493 621
935 33 1110
1454 412 659
1253 178 385
154 769 1415
867 927 1143
301 673 1523
851 726 569
1387 201 282
1268 862 1280
155 1393 1161
91 200 539
1056 453 1220
1267 182 2
360 286 275
497 813 938
890 1168 1192
44 718 1470
1028 746 362
1329 1314 538
1234 1488 1442
1038 374 490
5 422 1108
1419 400 549
1370 924 409
973 1468 934
206 76 303
1389 731 603
449 1207 684
58 1296 1022
836 294 694
782 646 221
1265 215 488
1186 603 161
1404 532 72
1097 1172 1220
1500 242 391
1509 1475 773
357 243 1071
389 144 1465
1075 357 32
1187 802 1388
1564 116 1111
767 1252 419
1312 443 450
1029 127 1555
1311 841 8
501 777 389
164 332 856
52 669 213
1034 1195 302
305 554 2
447 1552 1199
289 205 487
425 1172 1535
1431 515 1493
1109 8 411
1120 834 149
1079 157 988
1311 787 956
1392 513 1474
458 416 998
708 347 1449
844 1286 181
709 725 986
163 873 1095
1329 553 25
1544 637 264
8 1381 1506
528 120 110
1176 58 374
1103 1477 217
1383 224 1044
769 1102 1339
1401 566 1311
244 659 1406
139 194 1251
1226 75 1598
644 1305 1489
582 516 178
8 452 1052
1395 973 76
612 638 516
750 240 949
1285 543 466
724 934 272
750 437 1483
1347 862 191
200 1227 1165
1117 224 1477
1055 886 950
1362 69 1078
362 670 279
1576 813 1614
362 1075 101
1574 1221 328
991 476 551
1141 1312 816
350 688 700
1220 1110 1613
668 1532 306
260 1512 46
598 1251 200
945 171 754
29 155 415
327 249 15
1144 716 1042
102 354 353
206 1233 392
496 1294 518
89 1582 848
1468 1598 247
1391 609 440
283 463 615
932 613 1198
592 351 1103
1275 1266 279
265 378 670
952 1547 1239
1285 950 1067
1032 1358 1
716 436 454
1645 139 503
919 1547 1138
200 836 24
1391 1484 1326
1055 1578 683
1032 1031 932
1030 1624 1209
299 1220 1229
256 116 523
1286 581 254
712 869 213
1645 64 321
318 866 666
1149 573 373
1152 1502 1623
172 344 1003
178 485 174
336 1070 1202
1237 1529 1301
612 1116 643
1423 928 640
881 1298 1445
1235 1051 816
871 23 1666
1162 801 420
1180 434 1387
1356 1202 1602
1198 1399 1261
863 1194 577
852 661 621
964 473 1067
332 956 590
875 593 866
1085 468 1335
1384 941 163
1488 17 1036
1158 1115 1473
832 956 1312
384 1687 1065
774 1345 1419
255 197 389
340 1534 1094
460 833 628
1236 333 1169
1161 1373 305
511 334 756
1426 969 1126
1464 49 1383
362 286 1649
136 1538 45
1186 880 732
213 751 1334
635 1113 793
706 751 644
1023 526 1321
0 156 1416
480 1112 742
748 337 488
937 15 1496
810 1595 1273
575 1626 1196
415 322 948
313 976 1034
98 840 641
1205 1492 1278
898 12 913
1578 1117 856
1532 458 322
1326 930 1191
1477 1444 1205
924 987 1137
425 1387 358
1216 1659 1666
1248 944 887
377 524 833
128 832 28
1249 528 1460
1092 790 955
1061 963 711
43 807 967
943 169 1249
117 1232 1718
97 543 1036
1027 1664 184
772 989 269
1479 592 1595
353 1093 137
158 447 135
662 125 1310
1291 1366 521
987 1024 1287
115 596 1315
277 461 947
386 1134 114
189 1291 450
1131 308 1294
742 1391 635
298 921 1646
376 672 1024
642 935 1103
63 467 604
822 659 384
752 1234 1607
782 1199 776
1397 629 686
1327 1115 72
1194 1176 164
950 1498 1688
843 242 703
640 1410 861
1432 1208 1206
1073 1191 183
604 743 1683
984 1303 169
187 658 1048
1735 400 1721
493 1141 39
970 1366 1664
559 569 812
1236 1331 1735
25 1234 1262
1626 34 891
420 139 91
696 1350 884
1076 1469 262
1190 59 129
877 1653 694
115 1177 1775
965 1642 694
750 1198 1502
169 955 261
1383 629 1758
1521 1339 766
1014 902 1044
1400 106 977
1056 1399 1143
553 1562 513
1465 1600 852
823 1701 749
1253 355 22
308 695 1244
493 410 1512
1353 324 1102
1216 1025 370
922 689 954
968 1637 1186
1146 1175 456
378 1733 1231
16 337 1008
708 417 737
1 1445 1233
725 1728 1626
1070 1418 594
1402 5 1023
855 1120 539
1591 716 1194
409 1187 638
1130 513 565
1403 700 1600
1338 1760 802
301 1272 114
1676 932 153
664 164 1659
526 877 1029
1510 1627 793
642 1255 1552
1139 1110 191
1676 732 380
857 1445 1425
1487 938 1116
475 871 1536
1057 60 1311
1812 672 389
1467 1637 1315
1744 1404 1654
1275 678 344
863 1370 1132
938 334 295
1149 922 52
767 868 214
172 275 595
1650 1133 759
1644 1230 37
1472 1575 137
534 1131 1266
1185 69 1225
1660 954 1363
1115 22 132
432 153 1216
1785 1375 1375
226 1012 1088
876 798 963
1469 630 894
1599 1720 1204
1815 992 606
18 1123 98
502 366 1302
1697 245 1027
268 100 1607
571 1654 1765
1631 1296 774
109 1726 698
1738 1179 1351
1132 1837 1478
673 745 1525
352 859 648
96 1682 1299
139 1103 1627
605 1289 747
1632 943 1047
542 1258 1322
262 129 1013
1136 755 809
1467 1558 910
1495 1222 1693
621 1009 3
68 1173 690
851 657 1724
817 1069 292
1365 1007 589
909 1392 203
1449 1472 740
843 679 1668
110 1357 121
976 1643 1822
1652 37 1061
537 269 1513
1856 316 368
1166 1006 1003
1471 1845 1243
1673 1209 1657
1658 1184 1208
405 490 1661
778 1783 1507
1574 1754 1279
124 1861 1715
51 876 1667
1236 1388 813
1196 1404 218
1637 1311 432
592 331 936
1210 138 58
43 586 1105
921 178 1596
665 1532 1175
773 319 627
1191 1785 805
1010 533 762
301 33 129
197 1595 1385
1522 800 1449
1451 1301 619
537 1037 261
1707 1189 1462
1353 1763 231
778 683 211
646 1136 215
788 1053 597
470 1772 1889
511 226 1638
1407 1877 1307
1611 792 824
843 1127 1027
1599 647 1393
1760 1428 818
601 633 604
935 112 1755
408 1805 850
21 631 167
1012 558 444
1015 759 72
1462 1193 1445
633 1342 1209
1653 1420 1132
554 597 1291
185 957 629
397 1247 533
49 849 107
963 657 1780
1748 233 167
636 1469 722
1728 1670 205
159 1682 787
1848 1178 1715
925 320 27
757 1045 1169
1629 1291 824
1916 580 642
568 1892 1320
1178 1343 583
311 840 28
82 1118 486
780 366 1491
1147 622 961
415 1597 740
979 17 324
1320 1933 1913
667 1155 336
507 1785 747
1081 843 1166
1416 297 1413
1742 237 1232
1109 1806 1637
225 291 1741
1655 432 1119
1313 1255 1093
1042 815 1468
1025 49 652
1950 838 898
1038 1683 1774
1335 1026 479
465 505 503
1871 400 87
494 725 1178
1789 280 366
109 1472 954
1779 288 271
76 1131 1103
832 491 1903
367 1521 129
1057 1910 165
1141 797 226
737 319 1428
962 462 1048
282 314 583
1177 70 1405
1757 802 733
10 1851 72
1314 1515 164
175 1785 1324
1112 567 1531
34 56 1539
585 5 557
1456 1574 531
198 376 1864
1450 1699 1884
400 474 818
962 25 1916
434 81 888
759 1518 480
1985 1413 1140
1938 1569 1570
1730 411 143
1870 1537 1679
676 1594 498
520 1249 1118
628 511 1606
695 824 754
24 1094 1410
260 107 107
827 618 827
347 1986 555
391 1646 1213
811 1038 1013
67 138 1507
8 1370 1171
192 194 920
804 1844 867
1752 1111 635
1849 648 979
1096 1577 1016
1521 352 1300
458 1447 670
33 1544 1442
512 1735 457
1625 242 1925
66 604 1462
1936 1593 1671
1449 1161 1306
813 1137 1749
1263 771 668
466 1805 306
865 498 955
1425 1532 226
641 2018 754
1111 1453 1582
211 1560 1845
1074 1166 1445
76 470 856
1366 109 633
82 587 864
253 665 937
1488 550 1896
213 1896 713
1172 644 1828
1885 576 1709
1406 98 1038
121 504 526
280 2037 1618
1479 1235 223
108 34 945
132 626 1645
1004 1244 1064
1061 812 1863
1983 422 1824
1006 664 1473
68 42 1310
1400 1272 884
784 1133 495
1917 997 670
1837 1487 1042
206 553 1054
378 1002 1826
1826 1815 1577
1950 688 1752
226 764 331
472 159 1315
76 155 798
1612 318 1019
796 1022 1355
370 1238 1237
968 462 727
847 640 362
1622 1061 436
1695 163 630
1916 391 1193
326 731 376
412 990 45
546 1548 1708
960 50 2046
1141 1768 1357
1753 1313 290
1825 649 543
485 1424 749
2066 1402 148
485 1451 1980
1874 833 9
1486 1367 78
620 258 585
1788 1961 1116
29 1589 46
1614 862 53
1653 765 291
95 599 1042
1763 1006 1167
271 1503 12
619 890 1120
1341 1180 1153
886 257 1550
736 1895 390
1256 1007 448
730 138 1653
1567 230 1240
1399 170 1770
186 1933 1623
744 1693 184
1678 6 1724
1537 1368 665
125 1708 506
1664 1947 76
1178 1851 132
1335 1649 90
1561 595 684
2020 1997 1125
592 1460 1952
766 1028 1435
691 500 158
1707 1774 779
569 1286 2061
1612 64 1365
1784 1074 1278
395 1188 489
1846 900 1245
1117 319 1436
836 1277 1998
550 1607 1111
1442 1765 173
1379 115 1634
474 1752 1121
2099 428 1425
1950 1031 1023
487 1886 399
327 1691 461
1287 1463 1202
469 1775 1367
664 2104 2103
1014 1195 942
30 1321 185
1075 992 1499
165 1614 680
1885 1069 432
1101 738 1511
1562 1916 287
1636 1782 401
399 291 1300
1 1859 508
1344 1123 1435
673 1997 50
280 1700 1624
1840 731 528
1100 463 1358
577 1011 284
1076 971 1756
880 177 1551
82 1833 1007
533 631 1571
1886 1313 1352
135 1167 2131
634 886 299
215 972 710
793 514 1679
145 1522 950
190 123 404
696 1571 2100
308 1492 2014
1118 1143 682
249 1052 877
1527 2153 921
360 285 2127
1371 427 1431
1493 2135 677
1759 1060 1323
378 457 361
749 921 1168
1560 2011 26
331 1390 627
225 72 1238
1823 435 1235
1235 1946 139
427 209 2097
1008 601 462
1272 1376 1597
1316 571 610
161 1032 1170
136 368 536
1839 1525 85
2155 738 502
90 1555 1326
1959 351 1805
1379 305 533
306 807 1889
1490 590 1836
942 311 82
1959 613 68
1997 1960 91
1133 716 192
1817 419 366
929 80 1246
338 1129 42
283 1244 925
488 859 1795
554 656 36
706 1215 300
2174 873 1081
1466 762 570
1885 1487 1655
347 8 67
1171 1048 1787
572 1150 2116
30 1326 1201
1871 2164 1367
1596 642 291
1812 1908 225
1249 1744 262
1185 1322 1989
700 912 883
172 1143 434
1477 1426 278
1001 59 2050
1357 1448 2126
1330 1152 1392
1983 1235 1500
2080 14 402
1114 962 1291
1361 1375 1032
1139 569 122
430 1045 151
1951 459 1861
649 1684 1994
146 1844 932
1604 1760 1950
1001 65 1110
1730 1267 1249
787 1869 1462
192 798 545
1107 1405 797
2064 2088 1666
1402 1507 1479
203 708 1260
37 735 990
1204 763 821
2165 1269 2206
1655 632 1252
373 187 300
524 1865 1837
452 1421 2126
1203 134 615
918 583 1767
2166 2191 660
1540 2057 1577
746 1503 688
1977 1073 1084
291 1181 626
1837 941 176
1266 1069 1314
1783 1290 800
1943 1310 743
1624 631 582
116 1277 1423
1099 1498 1428
1261 110 2207
389 1452 1209
225 1152 1023
73 401 205
1041 1688 925
1129 1478 1548
1007 83 878
1693 1703 686
1066 1171 2128
1362 922 1888
2088 253 802
1915 2031 1722
2079 233 1192
196 764 1281
1908 75 1617
532 176 691
19 781 2004
1775 218 1801
964 1001 1173
682 900 852
1071 1350 272
1055 795 1131
1941 1390 228
1358 2174 346
369 1002 29
373 822 804
392 972 2114
189 1639 1872
232 1700 567
276 917 181
1181 1955 1029
274 2022 128
942 681 1420
1208 2276 500
1816 1574 380
783 381 409
2118 1170 270
136 247 791
1267 2225 2056
1042 451 1810
1367 1095 108
704 6 341
2195 1909 1423
1492 993 1320
1148 1261 768
2032 14 1830
562 1206 2132
1501 528 2108
16 1653 1419
0 2179 1849
287 1197 587
361 1344 1802
186 578 602
508 1976 56
1637 2212 2266
1590 56 1656
1033 1787 380
1397 135 14
1196 137 1547
655 675 2015
1430 1288 1488
2195 554 1791
1046 679 1575
1052 502 811
1374 1256 1540
2292 160 1331
1315 1188 421
981 2020 2039
910 392 652
1769 1182 474
1161 1019 398
2194 2281 472
214 2296 266
1834 1697 1282
658 2030 1399
114 861 1451
179 815 80
1552 952 767
536 174 152
1698 2154 557
1235 165 922
1302 811 1741
1344 1549 763
1020 184 374
1602 1479 1162
937 1354 2219
70 1792 71
2143 1034 577
900 1993 2105
933 67 2242
2317 440 1750
609 2150 1596
2243 681 1781
734 2121 2256
1593 197 2149
1727 1008 444
1748 1349 1523
1042 545 1359
1802 1407 1585
1031 227 1501
1131 2093 846
1278 775 1842
870 1831 1536
1156 615 1130
1689 1807 1926
794 276 1667
2344 131 534
1806 613 946
1349 1228 698
1548 2312 2057
450 614 2050
1087 1487 2157
1251 2151 1591
1253 185 184
382 1963 1068
117 1136 905
292 1467 568
467 929 1935
557 759 1266
11 1442 1009
1090 740 1395
574 2116 967
32 1096 1535
2252 1289 210
889 1140 477
1988 1376 909
1499 1700 258
1375 163 1300
1435 2331 887
162 194 1012
843 822 534
169 1059 116
1706 1490 605
1898 2038 218
952 9 1641
922 1661 2258
1292 1095 2075
1741 1019 631
897 411 18
2119 1567 1443
723 2107 1040
2290 968 752
1853 831 2320
2249 2105 2219
611 703 1694
694 2106 1452
1198 782 2085
2058 1414 2373
1297 334 1252
2393 1672 2377
394 321 808
307 1154 1117
1530 1597 1903
2053 1936 1032
1244 2142 356
195 871 434
901 216 878
1965 477 1317
669 1892 220
2343 1118 1
1441 2366 1025
170 1023 2160
2254 633 1203
472 1896 829
1458 497 2164
698 422 1982
1778 2118 168
1390 2022 1996
166 693 1419
816 1280 2391
726 2289 473
1952 689 213
821 736 476
1606 2309 1353
1066 1921 1818
966 1099 1262
1886 227 2173
2017 1326 227
1853 56 494
695 2329 591
2281 1716 82
2103 1999 1116
2001 1723 1313
1650 1960 2086
1121 494 349
1824 1044 652
386 993 543
1534 339 1002
1980 770 604
352 2109 1904
674 667 2411
2311 883 993
1303 2336 2077
868 1567 1971
1959 1271 1070
201 1243 836
2197 74 2046
1763 1871 534
1237 1972 2406
540 649 308
1262 717 663
2193 1313 2120
233 1372 2345
863 682 1311
1052 250 1965
1780 53 375
1524 484 2431
2373 147 1706
385 1931 851
1707 580 594
2406 2446 1861
925 842 727
2382 577 1379
831 577 470
2126 2135 1967
36 60 288
1095 1393 1066
1464 758 524
775 2221 2070
728 16 1564
1437 956 2012
2064 1563 2113
2120 699 202
1894 1503 1959
2226 517 837
2154 1060 2411
1549 463 2458
1531 695 1340
492 59 424
3 690 2258
1195 2298 1738
1414 1749 147
20 272 96
750 1815 15
1636 762 2153
2311 960 2027
1763 136 2459
1115 1463 1126
311 2142 1462
805 1122 1617
1886 2296 1284
1198 619 2109
714 1320 2442
219 1104 581
725 2475 1296
777 1433 2169
672 2207 1591
123 468 1211
1228 2361 253
1951 1577 1515
693 960 1304
2302 1725 619
431 435 2142
1976 1241 148
2095 1568 547
1909 781 217
1720 978 272
2322 728 1414
2023 878 1649
1858 810 1718
892 457 2363
807 207 441
276 349 1096
657 214 709
1306 557 1679
85 1016 1725
2143 1175 2340
684 838 1431
1843 841 2249
2416 1937 183
1534 1199 527
1320 1997 1242
496 2406 951
1872 398 1121
1530 364 2330
2391 1040 2284
1282 237 1069
1697 340 51
184 141 1519
1678 1156 1076
1857 1136 1500
2169 1735 827
170 220 1729
1070 813 1384
349 2027 2485
421 1834 1153
1254 1317 393
2387 1457 1230
2302 76 1761
307 1654 974
1940 1416 217
2371 1477 222
2452 1958 1007
1542 640 22
1547 1003 150
1541 1966 1592
363 1618 939
1366 343 1289
1636 1929 461
934 317 1451
434 1673 245
566 940 2180
1719 1473 1462
1124 1155 1481
1210 720 2511
731 2181 731
637 49 2493
2049 1526 2548
2171 407 2343
662 421 2133
701 1188 896
2505 1524 1714
645 645 1645
1179 94 731
1654 2416 12
1837 1082 1200
780 2126 38
1577 2125 707
2324 1004 2272
1647 1057 2362
178 2183 372
1821 995 2207
1216 2272 2197
1916 2464 1282
914 1398 2494
338 63 666
403 2140 32
862 1709 1582
842 1046 639
1051 409 1308
2273 1307 97
351 980 565
892 1993 2106
1730 217 391
890 1051 1833
2256 1013 1279
323 645 178
2523 2358 1552
2386 1347 2316
1304 1236 1831
507 1284 1362
1346 1338 1362
780 1383 1360
1928 1607 1729
2076 2377 2559
536 1476 1592
2433 2338 2528
1078 1845 881
2395 1098 1174
846 712 1040
2234 795 1903
929 1838 1395
1970 546 2259
162 1453 1303
230 1416 2341
336 246 709
2283 652 608
1480 1697 1144
471 415 657
138 2534 135
2041 966 1162
83 2582 521
2161 2260 1604
1093 746 2443
766 2010 194
1572 2370 2582
372 982 562
181 395 381
20 1298 1682
733 2470 787
827 140 1753
2032 1772 1593
1463 42 1105
1208 1376 1345
2521 264 1225
376 2427 655
27 1877 2612
2124 36 1236
766 2460 1930
1318 729 1628
198 723 2627
2300 118 155
1361 2256 2122
1796 1024 842
1115 835 659
651 636 2155
1711 2494 1203
1622 65 1782
990 284 1978
1910 603 2009
1333 2368 92
559 2302 2485
1153 1708 494
2430 2607 576
367 1344 2626
610 403 1425
2443 15 2460
545 2216 1115
659 584 1179
1174 1482 1676
1433 2233 1526
1735 288 661
1401 1908 2551
1916 756 977
714 2561 613
976 845 2137
572 403 266
668 1437 799
2150 1417 1338
1308 1183 1576
449 652 1818
2383 33 1115
42 469 978
383 1580 186
2653 1915 2017
2482 2603 2420
1289 215 2022
343 2050 1279
2022 2443 2344
387 2322 2348
537 726 2188
1363 2079 457
1234 1709 1829
2454 2370 1822
687 1426 2073
2035 531 2509
82 2175 724
170 761 2431
2127 2293 1361
164 1365 513
66 2405 680
1635 661 2028
2001 2465 1868
1402 2009 396
2363 230 1644
1132 414 1811
1071 396 1006
2554 1361 2484
2624 1070 2364
116 120 882
764 1035 1474
2032 2367 772
628 2320 1690
1142 1373 165
2221 446 2274
974 2148 2332
2685 2280 107
195 2081 899
112 546 1154
2452 113 2081
1902 1067 2472
1152 1310 85
2177 1990 1840
1112 1328 554
2525 1772 234
1534 766 1545
1651 827 1569
2192 662 2168
835 501 517
861 494 133
1341 2130 819
283 507 172
1247 1186 1459
1545 1825 2182
1615 521 2309
1424 480 2552
84 2104 1950
1528 2243 1114
1253 637 686
456 2189 1740
2301 2524 675
1282 2470 1316
1722 98 2087
2497 158 2035
1964 431 1765
1722 147 669
2724 875 1126
1429 2529 1691
2016 2139 1831
146 216 547
2607 1549 581
1818 676 232
525 1360 1913
518 1948 2465
1311 1224 486
1517 2029 1019
2025 2097 2001
2166 1954 512
2478 2160 347
2656 1712 1311
1815 1554 2043
2375 2150 2442
359 849 1098
197 1642 2564
775 579 513
2511 2074 1194
2200 1567 769
2332 2363 322
2527 2232 691
2119 891 1417
721 1778 330
2737 2699 298
1849 1443 1488
1816 1371 1445
760 2296 1224
1256 1862 2581
2536 1064 1559
2141 1062 1693
1570 1654 824
2078 1690 1773
2202 2307 2651
2757 1699 1554
713 1709 1366
1721 2288 1915
2418 151 2321
130 2412 1436
1076 1446 2373
2376 46 776
2199 1960 1463
2190 2502 1729
2034 672 2047
2414 59 603
2588 770 491
2601 1528 2106
2494 1347 80
1743 1956 155
2049 2156 1778
2748 1793 1874
1628 923 1546
121 92 2472
2214 1220 1301
2381 1086 306
2704 1922 1645
2439 429 2045
1046 2395 1260
440 2128 1857
1596 2694 1806
116 1600 1267
2239 2253 2243
1011 1789 1065
2702 965 1120
2392 1176 2613
399 284 1872
2288 2705 631
649 2664 2038
2003 609 757
2245 2010 1691
1567 1894 576
2374 526 2653
117 1978 1933
327 634 2300
2093 2311 2712
1645 1860 1440
1829 3 1883
2283 387 2667
2015 1395 1099
818 740 119
2127 713 2070
102 2585 1548
1000 1740 2242
276 1362 1003
2298 438 669
1182 1364 679
2229 2551 279
2582 970 2588
834 172 2548
2023 721 411
2194 2715 2404
1156 2560 2173
1843 1165 2702
1004 813 1784
2000 2682 2280
2626 753 36
767 1743 1942
1793 1456 1589
1187 913 74
2243 637 1182
2054 373 154
859 1564 2359
107 2238 2753
1003 1156 2275
1713 964 1396
731 723 1726
2067 1660 2693
2581 2676 1624
241 1762 183
100 2305 2709
945 682 1446
501 270 1300
735 458 1245
1661 1242 1896
79 1697 2566
1386 1841 545
2789 1491 1178
1758 2161 1847
24 925 2361
556 1056 1329
2461 2312 1857
1109 1802 1397
1292 2846 2204
2708 326 699
1216 2245 875
594 1587 129
841 1681 57
2843 1761 2066
1253 1846 554
2679 77 1515
1055 67 1352
1 1555 2482
2856 1781 1015
1682 1224 589
1121 2518 1815
930 1360 2688
499 1476 2430
1070 2065 1394
1760 2778 1700
2167 1151 1863
626 832 2765
206 2425 1154
166 2004 2048
1499 2702 866
1509 1035 2192
2350 2520 1747
1083 1416 1302
922 1890 2366
1880 509 1690
2327 128 1021
2540 188 1112
1538 1433 768
178 2189 2267
2051 830 2738
2010 1468 2768
2549 2476 1285
2150 514 92
2406 1760 450
1244 1701 1986
1481 624 16
741 2384 1025
2066 2674 367
794 1887 549
2194 2814 1201
1779 1799 2794
786 2556 2480
2510 2631 432
1616 343 27
2156 2106 1413
128 157 2741
2452 2601 1905
107 971 1821
1735 351 1003
867 2320 2050
452 2134 1417
1034 235 2437
2554 2004 63
1367 406 1633
1974 277 1060
2386 1906 2039
90 382 794
43 1285 997
1924 1709 1962
2814 2009 98
2517 1241 1767
1978 1048 708
156 2316 1217
1838 2177 2218
2366 1537 2411
2360 345 463
619 436 2426
1337 1043 981
847 1883 586
2330 399 1860
1604 198 463
1213 2660 891
491 2001 74
1972 705 111
1482 1924 2535
1708 572 739
2539 1147 984
755 2631 1662
2319 2358 1939
117 2166 419
293 796 1386
2453 1296 564
1889 2119 96
1164 2813 2913
1505 1302 896
2261 1309 1731
95 1011 2004
70 1762 2169
773 2010 463
2804 918 2008
329 1899 1734
2300 2443 1606
2043 1716 2542
641 2412 1201
84 2200 2505
54 2398 2659
1193 2639 420
2195 1003 2830
2653 867 2448
697 216 1203
236 1442 760
2081 2349 1525
612 1194 1715
705 1644 503
286 221 1728
2610 1034 686
131 2256 22
996 1916 1741
328 2725 2366
1590 2 49
1389 1816 2193
904 1567 163
2944 770 1741
699 1140 2429
2737 1371 1011
2034 1216 1793
2398 2414 2055
350 1444 1606
878 1630 2310
2870 2965 221
2234 866 1360
752 1244 91
1489 1590 367
2679 2545 890
2667 1425 2620
358 2653 2315
284 2659 1828
2039 1882 2842
2160 2380 1092
2267 1411 2647
2608 246 718
456 2799 2932
2255 2211 460
2853 50 1780
2313 563 2100
2368 1408 2912
2927 740 2234
2903 2409 1482
560 1126 2913
141 260 2219
1877 754 311
28 999 1436
1628 222 65
1274 1082 2060
2436 1926 2617
2265 677 2395
1993 2340 802
2104 2050 37
1575 215 421
1245 1247 2329
1601 1384 2971
2136 1431 2823
248 1008 967
526 2884 1655
2121 1120 665
1912 606 1162
2544 1139 2121
2044 901 735
2236 2014 1342
2674 341 2298
2017 647 841
267 212 540
1114 749 2302
85 1586 1069
682 1420 1057
2660 1092 2167
613 763 303
2089 1772 810
2702 63 1618
1537 1438 2683
1221 2414 2709
2487 214 2223
1098 1397 2634
2408 1250 2888
1521 1988 744
2699 1687 978
2028 1067 382
345 1965 2186
2225 2382 127
891 683 1446
23 2057 2074
2435 2533 2939
3009 900 2408
2575 314 686
1259 2324 1198
1554 2625 1690
932 540 1395
1706 2814 57
2189 1081 1660
1758 1561 826
1159 2900 2822
1001 1648 710
2042 2873 1213
1366 1880 1799
1189 532 194
566 1849 185
2082 1043 1789
2413 1896 2934
2781 1766 2493
519 2279 2995
208 63 2650
2163 2118 1308
847 1516 1036
626 891 2259
66 2163 1125
864 1758 1994
2285 1965 2861
15 109 2674
1794 665 1703
2755 2771 1249
2654 2928 628
196 908 395
16 5 1082
1331 2974 332
3057 1477 1926
535 2747 2046
926 911 2891
1415 2029 434
762 795 2456
916 2126 129
1327 1965 2421
659 1429 1914
433 1197 2036
2840 2105 3057
1136 1732 1261
2406 36 1184
1629 2703 1360
216 930 873
215 2211 2788
2892 62 212
2516 1484 945
2219 2559 3046
2990 1866 1451
1219 2313 1253
2476 1728 2486
1468 2816 966
2252 645 796
1071 493 324
112 2658 261
2389 1280 310
1762 274 459
430 827 2213
1433 1347 306
1462 1543 844
1581 2399 510
1495 2387 2262
252 2178 2273
1102 1665 1119
2020 1575 9
2615 187 1868
962 242 2624
1070 2024 687
3090 442 2759
593 1188 1703
2646 521 2390
2521 2916 1093
1149 1865 1307
2274 955 459
156 1247 2164
2774 2673 2503
1849 1187 666
546 2096 2536
650 1080 1824
1245 1343 335
148 338 2851
1653 2911 2653
1521 2197 1340
1360 794 714
1431 1920 2108
1335 679 2178
1459 625 919
1232 1032 2234
865 2352 2470
2974 19 281
1402 2728 1071
2482 595 2804
1780 1973 1183
1011 878 2535
1749 920 1750
1600 376 1045
148 2839 3001
2703 725 529
286 71 1590
595 1054 405
2029 2163 2834
1907 346 2487
2208 215 2195
1364 1319 497
3056 2948 2577
99 284 2454
749 438 453
843 2934 3127
2204 734 3099
634 1109 377
2332 1173 2061
2433 2368 2344
59 1579 1688
752 1504 1168
2636 1338 1792
3087 77 1398
664 2911 1737
187 2020 759
2698 963 2740
1308 346 2245
1487 108 1109
511 1942 2528
846 1076 671
2898 2340 1985
528 772 1533
3099 863 284
108 833 2209
739 972 3051
2180 2625 1330
1945 2669 430
2261 898 1940
1227 3026 1023
958 439 2197
826 1428 2032
1633 2369 430
27 391 2513
2231 2308 680
1932 2022 2799
1534 1747 2722
1987 1698 1037
2385 2653 263
374 2757 224
3021 2031 1864
1727 601 1125
3020 1641 3147
1987 1963 701
664 2338 1549
2174 2935 1095
1470 111 1042
1159 1948 2518
1696 3074 2047
681 2971 1965
1889 1462 1642
215 1264 212
2411 1590 119
1033 2627 2422
2801 854 981
1943 1872 22
2035 131 946
18 2736 301
2433 2798 212
2411 2686 1143
3039 1727 2199
1409 3085 897
742 853 3117
2094 760 2830
2808 1648 1271
1400 924 47
322 655 606
2887 1443 1105
1056 2774 2438
2358 2314 1803
357 807 1936
1980 2248 3044
349 2584 2456
1630 2268 1720
2668 1677 450
2656 1067 2719
1541 2227 994
1795 2382 2008
2363 1648 2018
2876 2969 2095
1546 1887 3058
2051 2302 429
2522 1941 1047
2676 767 2816
2593 1743 1968
3091 2120 1414
11 1179 1235
2815 2630 3031
382 603 2069
706 1334 103
1983 2582 2123
1032 1583 806
2750 2341 1660
2557 781 467
2500 1215 1797
1495 242 3156
2907 3064 343
2961 2745 3140
3222 1671 116
2343 1056 2744
1344 809 146
2180 272 3112
2859 747 542
1038 670 962
1925 895 356
2892 1750 2252
1723 2188 2085
2118 2142 1254
3244 1980 695
2906 143 1091
2311 2396 1185
1191 248 376
2033 514 860
2811 146 2507
727 1797 2832
98 1160 344
1455 2211 375
1755 2068 981
1293 772 2317
1205 320 84
1902 1273 2498
791 343 964
517 234 899
2211 851 459
476 2169 2480
2474 1278 1070
870 1815 2734
1949 1535 199
2014 1429 2541
2916 990 3171
2494 260 2365
561 3060 471
2614 1584 2113
1845 1248 1884
280 121 2686
448 2962 1998
2141 54 3095
996 513 1477
2875 1730 3041
3221 1987 2299
784 1650 1440
155 2124 1631
2758 535 1035
2384 627 2717
654 761 1811
2805 570 1388
3181 1983 691
2374 791 576
2150 281 1338
724 989 1314
195 1007 2814
577 150 2186
1897 1276 809
1751 1382 1435
1139 1163 2271
2306 88 3078
3159 557 1137
3045 3049 2720
1592 166 523
1709 2139 1622
2870 1320 3085
222 2118 74
1369 358 3159
750 3287 1449
863 259 2452
2723 1225 3010
37 2304 2197
1611 2582 3292
1209 2388 2779
1896 1202 2282
455 1943 1772
2435 3138 874
2712 1014 471
2065 1133 2377
1891 1632 2313
78 3040 636
781 335 222
2141 214 3072
2543 3041 2403
123 2288 2675
1240 25 3164
2169 1582 1421
1715 3226 487
3086 267 1918
1448 1145 2475
3238 2088 337
1786 3275 2320
1701 2327 3121
1785 2935 2696
511 2014 2107
2359 1812 109
361 1647 1860
2011 2488 2669
1485 752 1653
1105 2985 2144
1596 2976 1202
2698 3132 3040
2639 579 2366
2221 2526 672
2552 2668 2963
3132 2303 3093
588 616 1401
1047 1949 1653
828 3026 3145
436 2114 2104
1138 1726 1539
870 863 1207
682 2485 399
1886 2935 2207
1234 422 2970
432 591 2873
464 1765 602
2585 68 3193
2282 2203 1453
2392 3234 2786
3301 1452 516
1796 2813 1066
712 2666 2670
32 2088 1547
1623 3037 490
1999 2218 304
306 624 2079
1690 2425 1901
622 1787 2675
761 3343 2580
2431 1929 2068
855 221 2415
1751 2059 2484
3361 2052 148
2215 1635 2319
1208 1709 1870
1012 1965 2963
2099 415 864
635 1750 1209
675 682 3158
3038 2398 1947
2680 351 2699
1460 2150 909
1792 56 1876
1785 443 2321
1910 1259 2732
2144 2091 321
2962 187 1702
2585 2063 1298
2681 2863 2019
1298 922 1274
1713 191 1849
3358 245 2009
166 2925 2099
550 326 730
1427 632 403
2297 176 1634
1304 2193 1919
112 740 1750
557 2100 1112
3022 1069 2296
2577 1309 2978
990 2769 283
1700 2831 2353
642 711 3183
2970 1794 519
3120 2874 2253
2689 2115 461
3299 838 552
3286 210 1236
2147 927 576
3272 3010 1234
2118 1884 1229
1652 1098 780
1274 1169 892
2486 839 2508
3274 1872 3045
3170 1601 477
826 2682 2789
623 1117 71
1566 447 2751
3356 3144 602
2356 2705 2292
2742 1919 528
1331 1351 3123
623 2831 565
606 3334 1161
373 1623 3080
149 421 1350
2665 391 1776
1775 1273 1061
2957 16 1359
972 3037 1067
689 3168 1016
3180 2419 1699
2632 1312 2700
2190 3055 3107
286 2556 1751
3069 1373 909
1729 2275 2420
3144 54 1942
833 1660 1871
1435 3368 2178
1875 1462 1075
1004 716 1064
583 2586 780
809 1930 1067
2966 2891 2855
2033 2470 2722
1957 2092 1997
2468 3377 2268
231 3006 386
2313 2536 3202
259 253 3019
547 1661 1031
884 1708 747
3309 2599 1815
1019 3090 1525
610 786 2606
8 1587 98
2013 917 2429
798 1086 1502
1601 3435 3231
124 772 547
2009 2813 2209
2525 279 811
1336 2477 1751
1899 1359 286
1673 126 2805
1222 1641 2349
801 94 1485
2998 2728 1313
2557 2163 2072
2557 2479 1834
482 2193 759
629 1583 2389
419 662 2749
3450 1298 3022
270 1967 1944
1784 2652 3097
2021 1160 400
1435 2976 774
603 671 2799
668 1764 1166
2430 384 2207
2053 620 185
1200 2128 1495
2236 1154 3197
398 2919 2494
1621 168 2193
3143 1467 1013
2682 1245 923
2920 1074 1343
2900 3426 2656
686 1623 1014
2355 1583 2634
1555 1710 3486
3448 747 1636
476 1472 2625
2754 131 2000
2919 2403 1249
758 3091 400
3321 256 1452
1748 1821 1496
1419 1905 2545
1834 2147 695
454 502 1731
1670 3380 2992
1547 579 1217
2874 2653 225
1254 2643 1466
2287 445 1469
3288 629 1716
396 360 1371
255 2493 590
2910 611 592
2661 1475 2650
2519 639 906
1572 2127 90
3289 74 3392
66 3217 1252
1156 547 88
1608 997 2445
556 1234 3180
1987 3448 1954
3379 1200 1278
2608 231 646
1669 2698 2410
512 1203 1611
2339 1890 825
1629 3047 1848
2650 1623 333
3387 3511 1289
2666 1530 1925
3129 33 850
3383 571 1186
956 1037 2662
2071 771 2979
591 814 1321
2600 363 3208
3502 1977 3350
1704 3237 3268
2534 732 3262
830 2124 2392
1539 3408 654
1042 474 1767
2731 2620 2819
2814 1418 1518
1362 2815 989
760 943 2667
2137 2050 329
1272 2457 341
32 3007 907
1097 579 2583
2796 1787 2852
276 971 323
520 2718 2351
1269 1508 925
635 937 3424
2748 538 3266
3268 1016 1357
2432 846 361
2536 2196 2841
2799 3343 1204
117 1538 1512
426 414 1146
3389 3386 1951
156 785 3306
2605 1720 2647
1312 2702 2203
1230 1870 1509
1573 1207 3528
1280 1107 351
806 3399 2601
400 56 2005
761 2727 2748
2905 3489 3
2028 2434 2474
2559 1173 3517
1802 1426 232
2935 1590 3219
2228 1867 2663
37 241 144
1012 487 3066
1857 2988 2808
986 1858 796
3329 1313 2762
54 2719 2331
1005 2811 2300
3370 3525 2212
1618 2497 3230
3487 2047 2254
3535 1676 3328
151 996 1328
2332 333 3029
3561 2547 20
2023 3364 2430
1726 3101 1698
1610 3239 2495
1770 3352 2697
3362 2719 1762
1377 3126 3241
719 1029 974
3392 1637 2024
3232 1586 3058
2646 470 2986
2736 2929 635
2188 2403 2307
1655 2406 1481
1341 2137 845
2686 2678 841
1041 1390 2040
2354 2547 3448
2617 2298 639
3030 1617 837
3523 3125 68
1640 1287 1149
1175 1405 1419
539 2900 974
1629 1655 2237
541 405 2056
2497 924 1800
2028 1553 832
3460 930 2118
1208 1290 2998
3609 3042 3274
1356 2762 1438
2833 3456 839
3594 2021 1593
3405 1991 1994
1459 1314 1419
407 1003 2664
2811 3203 2891
1332 91 1956
2081 2646 2313
1593 2814 1728
1357 1801 3372
1344 1911 760
740 1791 1742
798 1062 384
3567 3242 2005
1852 1033 1697
2771 351 2553
1458 277 2158
1035 3439 1522
748 2047 1166
825 2597 1906
2311 78 3472
3286 771 2653
473 438 3461
1943 1047 1285
2827 1554 1043
2417 1029 1401
3573 1345 2819
2217 3355 507
790 1671 3435
3291 1634 1297
1454 3625 1978
1486 2684 495
558 3570 2722
2428 1303 664
1422 2155 2788
1570 1660 1186
2530 1703 801
2439 1503 1797
2138 2219 21
673 1279 3428
3126 1186 2851
1120 2813 1048
3303 3323 636
1831 2560 3330
2417 518 1836
20 2459 2770
2231 1041 818
627 1990 2578
3281 1464 600
1020 811 2605
3576 367 2041
695 3110 2202
2997 2872 2576
144 652 2618
1423 3556 3140
1739 389 592
866 3262 2626
3257 2561 3527
2098 1660 638
2247 317 1289
997 1078 1455
1188 1918 1102
2041 942 2640
2385 2492 2364
1654 66 1388
958 2446 3188
1739 3301 2937
2781 1389 3408
2283 2371 3618
3227 3227 849
2572 1254 2500
1083 3230 227
334 2696 3106
1252 1909 737
635 1355 3255
2174 3144 28
2834 1894 303
1128 485 3553
3533 2074 2592
899 507 1529
2762 1012 1635
2560 327 3161
1786 1931 866
2719 3003 2901
1505 3515 2226
547 1339 600
558 3015 2477
2339 3160 2417
3290 486 3544
2726 33 1916
3652 3005 3142
2564 3486 1175
505 3455 3078
2473 1011 3685
1879 105 2152
809 126 1071
2095 3372 454
1604 1554 1201
912 1449 82
1388 1908 499
982 2320 705
1747 87 2569
2715 3530 2572
1951 2809 356
1076 1246 156
2811 1799 186
2211 1350 2423
2316 3293 1216
1169 965 2803
1371 3165 1731
3507 2274 3261
1272 384 3523
740 1265 2682
311 3402 610
2133 1702 2017
2013 3423 3455
2494 1882 1222
792 1957 2341
1202 3536 2889
238 646 781
1145 830 2106
2406 2828 1657
81 844 2427
929 1475 2178
1063 2186 388
222 1830 912
3650 1391 2512
1994 443 2510
1875 2425 2731
1243 2917 522
672 800 2537
1826 551 2076
2451 3054 1749
1089 2518 1995
664 1138 1818
1028 1735 2420
2399 2123 2420
279 1009 2226
3066 1475 474
3715 2360 166
182 1700 2283
3171 1292 1547
685 3604 624
2793 1532 2908
2629 2093 2415
2488 3041 2715
2150 3469 2112
943 2458 965
2631 2527 1219
2237 2744 3583
237 247 1995
856 58 2675
2615 847 3072
2137 1551 3642
1778 2442 1015
221 1321 1183
887 590 1435
715 718 1369
2936 1307 2686
585 392 734
20 3322 2917
2495 2529 3299
1438 2745 1841
3147 44 3220
2012 3736 973
42 1294 1305
814 2235 1787
1143 1246 3578
185 1321 395
3706 3671 3303
902 998 1394
230 951 164
3229 574 3536
2935 3286 3223
3662 3125 3068
2163 2662 1753
425 2947 709
3739 1692 2547
1644 1698 55
1921 1622 1505
1927 1210 640
3747 3643 1428
2379 875 1532
1882 572 2477
3463 775 397
3795 1538 9
2940 1351 1263
174 2099 2319
596 2613 297
866 1451 803
1082 458 680
980 229 3369
2270 1515 2322
2162 3245 1174
2370 652 1837
304 1983 2821
56 1699 1303
344 2889 1421
2782 2285 1743
3100 1193 112
3101 407 690
2440 3793 2716
1449 367 3709
797 902 1140
501 351 1051
2642 3042 2924
90 733 1631
1228 2357 816
154 1191 1332
1981 3674 1046
3099 2446 1752
3754 2162 3179
2635 1059 75
2273 3405 1300
2385 3309 1566
2116 3226 1467
1769 1009 1120
2716 1696 885
2361 3161 3575
1619 3479 2392
249 1774 290
3685 512 553
1183 3722 2375
3310 2170 1261
3058 6 2128
2372 247 518
792 252 3623
3614 1779 3420
2007 1322 3595
2335 2928 259
2743 147 2357
3688 3447 673
174 1651 1114
2247 3821 3729
3640 1661 680
1470 642 1225
2976 3300 2131
641 365 3525
3089 53 865
313 3213 1546
806 1987 594
438 3505 3782
1042 2850 725
236 1082 3654
576 1583 2339
3430 76 2022
247 960 3172
1915 3785 391
411 1098 41
3729 2072 3372
1536 3245 1725
219 1069 2766
3636 1919 2185
1306 3476 3176
1101 200 1096
3097 1398 1577
3409 1548 2313
2833 2126 1877
2838 2394 2724
1385 1323 2646
2847 835 2808
3114 3857 2854
996 2086 199
3825 98 632
3678 2847 1473
3339 759 1585
2946 343 3233
3120 2156 3469
933 1286 2178
705 479 2594
104 3883 1891
1348 289 3758
1098 1804 1351
2557 1051 1232
1978 2784 1394
675 3681 609
1405 2850 1690
883 3554 2271
175 17 2705
2251 3045 1470
1092 2183 1690
1514 2894 1345
3378 3199 2377
977 365 2662
2301 2486 3016
2422 2170 1039
3409 920 477
16 3663 3609
3390 1774 626
2583 2843 1707
3508 52 1363
2894 144 2798
667 3577 846
138 3691 742
1510 1578 3290
2738 811 3128
3648 3462 2655
752 3696 3828
3889 3046 2466
739 1772 3873
1243 3841 2880
343 1489 141
3510 3757 2875
1344 608 1976
1519 3507 618
2914 786 1238
3451 1937 2694
2242 3066 3014
3231 1962 2776
1615 399 1378
3043 1273 2402
2155 3316 775
1998 2472 3547
1688 2055 2765
1340 1369 848
3292 3356 929
3826 1971 1664
1402 3632 119
3917 3205 793
1114 1505 0
989 1645 3265
609 3711 2894
70 3601 3797
2397 2976 1621
1091 3935 3221
3844 2984 473
1302 8 3321
2841 3220 1164
1944 12 2045
3837 1137 3283
3702 386 462
2433 600 1140
2309 1698 1224
432 1063 3868
2703 3106 2172
2812 1939 406
752 465 3685
1973 3269 101
3511 3118 1365
2732 3078 1621
1260 1026 3568
51 1138 544
1717 2469 1217
741 2219 2881
1098 1585 2408
2406 1281 1374
1066 2012 1851
3858 3782 2502
1274 2511 1265
3066 3391 3763
1615 312 3446
2536 3450 2373
1952 1599 1432
1052 911 913
3755 982 1830
2731 1712 1856
1066 1944 800
486 528 925
583 1598 3939
1397 3073 934
3796 3817 2338
3935 2085 1931
3272 1074 57
2946 305 450
310 204 1411
3389 3324 2843
1476 2204 2527
2023 3192 733
2157 2441 1792
1142 3658 1624
3085 3302 1308
527 626 3537
684 3667 3642
2095 503 2483
516 1164 3940
3204 955 146
203 2460 3356
1534 556 2723
2761 2017 1615
90 626 1029
1897 49 3040
2694 1950 423
2881 3224 2334
1501 200 3721
643 206 2446
1284 3587 3917
1594 2366 241
1902 6 2846
405 2586 2904
3226 2599 373
1332 2328 3582
114 2068 3512
3754 171 2405
1536 2699 1568
2980 3432 1003
812 1006 2217
1039 1744 2626
657 3635 2055
3713 3499 2943
1294 85 1583
1433 2717 2960
1236 3437 1620
2638 608 2661
516 3876 2455
3513 2347 2135
948 1222 3923
1410 1293 2483
335 2321 559
1436 490 1736
3446 3739 2074
3669 3501 2103
3661 2899 1731
2252 3380 1447
363 2400 3340
924 3747 1769
135 235 2536
1050 3815 2928
213 939 203
481 1466 1963
343 2644 154
3956 932 953
748 452 1569
315 3134 1809
2363 420 4011
1391 82 3605
1072 358 2041
1841 3375 3390
2839 3666 1300
374 3251 3738
2676 2433 2305
3992 2285 967
1777 2616 1353
779 2837 3083
3158 3032 174
2342 2892 1182
1208 1970 4030
3314 2580 3816
2865 270 3636
3769 1254 376
3109 909 1584
1222 598 2428
3178 2096 39
539 3683 1391
3387 3805 136
140 3160 1221
3911 1100 3039
245 3872 550
1601 1377 1866
574 344 100
2748 1757 2695
3385 2800 2743
648 2795 2172
511 1328 3856
1583 3980 2915
2915 3320 3303
14 1200 2766
532 2164 3117
3766 1885 720
282 426 512
511 3121 2300
3020 1738 2413
1550 330 1587
3941 1058 3709
3673 2959 2633
2876 2316 1793
3637 1453 1034
4025 2620 3526
3972 2345 2060
1864 3915 3554
1606 595 2706
3245 4028 1501
2109 3171 2588
2856 978 2756
239 2037 3505
2980 3592 4042
76 921 203
2536 2423 1760
291 3785 2626
1399 1024 3465
3424 3651 3382
300 1161 590
2492 2421 678
143 601 1235
3388 2405 3499
980 1162 1797
1896 1736 2761
2008 3431 1549
1794 3915 972
2448 3236 1485
2610 3215 1403
3467 3602 3310
631 3032 2160
3377 0 2705
3710 2667 2479
2244 4020 3494
2557 4049 3264
2229 4 3722
3647 2673 1730
2332 2542 3409
2418 2936 3829
455 1126 220
2119 2877 1455
1137 2736 1291
3157 2578 1731
1180 2823 2154
2814 4074 820
3929 114 392
713 3286 2264
2716 2055 3159
1127 2536 703
3638 1326 1871
27 2208 37
699 1338 2948
1055 3673 2935
1117 764 4081
1636 3184 53
3325 2273 3408
873 283 257
1542 546 686
3975 679 3424
1644 2309 439
2577 2016 1893
184 710 44
3684 1361 3776
1985 2446 1638
3201 2976 3362
1746 993 394
2563 3706 3189
2028 1577 2524
1608 559 1956
2770 1318 2640
3576 2293 3805
2013 3643 3956
2224 2709 3485
2437 3119 36
623 2483 2387
2006 3708 2562
1591 826 2238
2740 36 2651
1088 1821 1772
3169 2030 2120
1013 2549 3156
1856 1855 2950
1049 3596 3320
2090 1256 3204
385 2672 3626
2236 1878 638
3057 3171 2798
121 3290 296
570 2436 3818
3562 2304 17
2267 981 2032
470 3457 2096
2977 2969 193
3866 3964 4127
857 3011 824
1327 897 3379
806 173 1876
1653 3666 1312
860 1603 3323
1034 338 643
2356 719 758
902 56 2502
291 1141 1535
3348 828 3486
3832 3263 1257
3862 1160 1936
2250 1927 458
2781 3765 2227
703 3563 2956
1038 3836 818
1040 1918 1226
2555 1388 1081
206 413 4086
4032 1964 507
1321 35 2108
540 417 2999
1276 2630 1810
2303 1208 1738
3249 2324 2712
1923 2181 1896
3669 3724 2293
2232 682 3333
128 12 480
1564 1731 1242
1068 1332 4036
4145 3060 3551
3804 2281 3516
1981 3321 2363
3072 65 3174
3522 929 2604
511 283 4129
1214 3338 1729
458 3738 331
2423 1937 1992
1779 745 4000
237 605 3628
2274 3213 2929
688 531 1094
4123 2129 108
398 224 3810
1506 64 580
2041 1584 1451
2127 3913 3506
2628 1150 1176
4091 1442 717
1482 859 3577
2218 2305 1281
2191 576 857
3530 855 1091
158 1738 3858
2079 1873 620
1412 31 1120
3184 1 463
2584 2264 4092
579 1912 597
3194 2199 3845
4065 2875 3853
1016 2596 253
1665 1267 1741
1061 3131 1772
141 2629 3134
2566 3467 2232
1359 3123 436
2609 4203 688
1500 3114 1236
2791 3214 1732
2183 3499 3763
601 1444 3848
2541 1795 3423
905 3482 2597
3971 1290 2912
557 1477 3259
2945 2056 383
2692 1173 2753
4013 3929 1585
1092 3509 645
610 3683 3228
968 1261 3491
2910 1171 259
3176 3972 4213
1521 2228 566
2086 321 1791
4041 1979 2007
1172 3121 788
2740 2271 2033
813 1623 123
2474 1587 1711
150 3945 1628
2284 76 3237
913 2916 2651
1181 650 751
2396 647 3976
2591 3423 2386
1026 307 1584
3632 1770 1248
931 3747 2425
3079 3552 281
1277 605 762
662 2686 1429
1222 4001 1720
2383 101 2480
415 3081 3725
1262 3540 1084
1449 2670 3741
1551 1209 2610
1238 1240 3485
3092 1331 3000
2266 3529 3735
637 2388 4194
2636 4050 1310
3502 3868 3093
3959 3567 126
4013 2506 4082
1507 3370 2272
253 1341 3732
1702 586 2440
1038 2689 409
2140 3329 1730
4011 462 4209
1600 3107 3457
1852 2641 3315
4077 2873 2726
279 1837 1418
3639 233 708
123 3988 229
909 3086 722
3840 259 4282
1325 3635 786
1971 787 1210
1822 2609 92
3304 3963 2167
4054 249 93
3767 3781 3683
4073 48 2274
3878 1123 2727
646 2043 4005
2966 274 1946
911 3310 267
37 3127 3982
3102 1294 1990
2104 1074 322
1612 1932 1416
1524 2169 3827
2258 3 3270
4106 2170 3741
1525 1531 2213
4217 3345 3655
3084 1285 2614
148 2980 1758
1141 2483 1621
1732 3053 704
1333 3534 3311
1126 560 1025
970 3618 3318
853 2921 4192
4242 2412 3112
2809 2505 2146
4043 3128 2973
963 2348 1992
4062 1438 4055
2522 3913 1543
1021 3711 359
2800 3066 397
83 3499 1949
3544 783 2580
3426 2396 3778
156 2387 2848
21 3105 3389
3134 1245 3410
2976 2886 3017
3238 1030 1724
925 3962 310
50 4059 7
3771 1546 4167
2849 3717 1218
648 909 4016
3173 3141 1934
2518 2541 3491
1315 4210 1643
2915 932 4071
387 3283 725
1797 651 3468
2594 936 1731
952 3925 3644
348 2697 3453
4154 3122 1695
4016 142 1561
1362 4287 1346
3076 2810 972
1447 2734 2651
3739 3637 2030
1543 676 500
3440 2924 2437
3847 4107 1005
179 1380 2556
372 3278 2864
4079 2731 1943
1325 2418 1104
1312 714 722
67 4239 86
278 931 1814
1858 4260 2682
1203 1407 1264
950 804 214
2473 2155 2632
150 3785 1359
3080 3474 157
818 1423 2958
3469 1275 1281
3602 2695 3370
2580 2475 1552
1855 3743 1325
445 36 3827
3414 3620 3439
3654 1781 1571
3650 227 1609
3852 1678 1431
760 991 2132
781 927 2121
2027 1992 4284
3507 2230 4078
1890 691 2110
3841 338 2362
3900 2158 4024
1212 1832 589
497 3190 2403
400 2062 2350
1022 3861 3228
746 3844 1932
677 1449 1113
2270 499 307
2620 805 230
3008 2871 878
2566 2062 3080
2371 1523 1387
280 2737 2571
3980 597 542
37 4147 1975
3479 3809 480
751 2020 2291
4063 3383 347
3527 1079 2350
1057 3454 382
2944 4332 4224
1319 2970 1399
194 1515 2319
2314 2322 334
1080 2781 2046
2219 1329 252
1119 2696 1069
45 2532 3054
1856 1567 590
1697 1809 3781
3349 1111 927
3721 1178 3039
2065 716 3019
225 693 4109
1680 952 4319
3127 738 717
1166 3014 636
2507 1016 1896
2812 693 3347
72 1334 1565
256 2959 3315
1980 3595 4262
4330 3834 1046
2722 2988 3705
1729 3266 49
2794 3731 2966
326 2439 1348
3702 2317 2654
411 1191 4309
4352 3449 3158
31 3271 2868
2417 3056 1968
3143 406 1033
2011 1431 4411
84 3583 1191
4010 2797 2871
1985 2002 386
3192 2977 3205
2723 122 3269
3317 889 4240
1719 2103 2329
3074 301 1571
2270 3579 3269
2537 50 478
3057 3630 726
1150 1779 3454
647 2940 3633
609 3328 3687
3733 4350 983
920 3308 1819
1247 3817 627
1403 446 2819
4101 554 501
3826 3530 3022
1442 4088 888
2979 4123 3281
4093 1552 2899
3881 2641 4323
554 2847 129
2161 897 3075
2142 2526 1241
1638 447 4451
313 996 398
219 1363 3005
2700 485 136
1366 2959 824
3129 2182 2173
366 161 2623
464 1004 972
700 2119 3021
3467 379 3275
1531 42 336
3981 343 4267
2024 2405 4064
196 387 3960
1385 2128 4437
3974 3461 3856
994 3515 951
3097 3355 1649
1898 734 2196
2613 856 461
2308 3020 7
2514 3695 2096
1542 767 2710
4243 1602 2272
4285 1463 4138
4147 1408 3666
3383 2207 321
2777 2459 3465
2511 3725 1470
3988 2154 2426
78 2124 2892
3889 172 3737
3641 4046 4064
2253 2050 1990
4090 1896 506
443 3431 524
1250 4145 1628
2478 356 2834
881 2444 1052
2980 945 1123
811 3845 3577
374 2805 3879
3336 2657 230
3559 3003 1844
617 1218 1705
4314 743 1242
1458 723 3394
1508 125 683
1419 2990 612
1849 1490 3651
2337 3722 1563
2175 4245 1518
461 3498 3475
584 3546 1485
557 1450 2401
1803 1904 55
4126 3547 333
3636 3116 4539
2127 3864 1787
2085 1361 4198
2708 3726 3321
792 4189 2021
4410 2356 2068
1558 894 3792
4095 1041 27
1673 3535 1439
3094 85 2049
259 1664 3234
622 291 1234
30 2253 1184
3667 1429 3873
2631 2988 713
4057 4359 941
4488 3663 4019
1489 3309 2609
2083 444 2263
2593 3036 3876
1778 728 3594
3114 3967 4059
2526 2453 3405
1899 2887 2684
917 1692 2621
108 1747 4364
1206 2000 1664
237 2264 2235
145 365 2247
840 908 4372
2242 540 3621
151 3514 3197
3013 570 2469
3794 4508 4151
3975 1565 2443
1210 2905 4290
2174 5 974
1958 2880 1830
127 1094 4118
4140 3591 1242
1277 2980 1701
53 844 3322
1011 656 3056
3271 3742 3558
4203 2993 4331
3688 809 1119
738 3226 338
3553 542 2467
3166 4580 3231
2089 406 1395
2259 329 2941
650 1991 926
4354 289 4105
614 883 601
2157 3976 2444
4543 3789 2596
2658 707 1399
4146 177 1379
3292 1936 1104
1678 3836 4064
252 1341 481
4086 3586 29
1561 3008 3788
1514 4390 943
2485 3369 684
3307 4081 4299
2239 2694 966
4122 795 480
1592 1934 251
2892 1189 3479
2191 1778 4499
1177 3683 4379
2110 1053 2768
2831 3701 3293
3168 3502 4440
2119 4024 801
954 876 715
571 1867 2999
1591 2036 3473
2059 3065 1794
2142 2777 2105
3130 669 3001
2494 2945 3914
1539 115 4102
4106 583 2971
217 1052 3607
1924 783 2941
1513 3521 3811
3511 1129 2709
2835 1412 1410
180 592 3035
4178 2269 3708
3023 3729 2916
3412 446 1604
3853 2205 2192
3598 191 3469
1802 472 1332
3121 39 2960
1033 3043 3622
3929 1375 44
4220 494 287
1496 1459 2456
3951 4476 648
1168 4362 4501
2593 2938 2532
4497 57 1448
2237 2155 3933
3860 728 951
559 2844 4302
616 767 1399
498 1986 2035
871 4228 1675
3045 3066 220
2214 3084 1541
1154 2151 1588
3154 2532 4546
1132 2298 2377
4403 3806 1134
2679 2399 505
2507 1285 4658
1661 2735 4631
949 4333 793
1784 1155 2608
2167 721 1873
769 462 2950
3158 399 1357
3577 261 1225
27 890 356
2342 1521 192
4362 1756 647
1556 5 3804
4524 2758 4236
2368 366 4570
3421 3940 357
1498 1999 2933
2162 391 1687
2579 3846 4566
245 3102 4392
3096 1445 3157
3190 3461 162
2435 3867 3756
2834 2436 97
4448 2866 3130
1491 2824 1565
1064 4216 2583
699 4547 2461
889 3543 4132
1657 297 4473
667 1806 967
2016 484 2229
7 1565 1913
782 3853 3546
4296 2263 1272
3108 380 1843
3954 4278 3326
532 3226 1130
1813 3934 1211
2134 3645 4018
487 3034 2157
1363 4316 3234
3882 3623 1812
1328 2202 1349
793 2475 4337
4144 1120 1492
4616 2957 401
2874 3567 1892
4567 2308 2613
1995 2526 1726
221 3082 2698
2525 1891 1476
2772 3742 1067
4521 3715 3008
1617 1334 1664
405 3734 1758
1869 4190 4160
1134 2447 2409
4063 3525 389
3914 2863 2015
2063 4575 882
3719 2929 275
961 3855 1998
4500 2316 3043
4076 967 3165
3834 2354 40
905 4583 1338
1559 2262 2612
1853 338 3154
1919 317 1904
1356 1706 2319
2675 1547 2656
3213 3747 3393
3461 3943 903
2219 1130 1776
2707 3378 1118
4651 180 844
2845 3016 4429
4049 4248 1337
1302 3884 67
4024 238 70
109 3206 1395
827 3821 1063
4656 3690 2071
147 955 3038
2596 751 4599
1119 1638 411
2435 4089 4717
2012 3670 750
2298 1682 3623
3445 4714 2419
398 2773 3900
890 497 2294
2499 2292 4478
4324 2247 404
2709 2477 2370
554 3486 784
4264 3000 2043
3855 2996 1931
4268 4724 2846
268 2458 253
4755 3909 3843
4095 4405 978
2353 1956 1903
4289 2814 2352
2485 1717 1471
3284 3629 1728
1015 3448 2520
3632 1398 1472
3142 4362 2461
2431 3069 3449
2441 2391 104
461 4601 279
635 4075 392
475 872 2192
1328 3524 3657
2762 1778 1551
2266 2827 412
1433 441 2677
2715 4759 766
2469 2725 3693
1801 2741 271
2025 3098 3257
1581 3966 3933
3284 1437 1515
1015 3715 2503
3637 3346 1420
3859 3801 41
1698 531 1705
2513 2498 3729
1470 2408 1257
4071 2733 1073
2967 187 1767
1972 4014 4104
147 2569 2796
2419 3099 3738
3561 739 2406
3831 1795 162
2461 3053 2905
699 4147 4467
2950 3487 4516
809 2149 622
2056 3964 4716
496 4195 1461
3904 2958 3915
191 604 4127
2895 190 3353
3600 2057 4157
1001 2425 594
3206 856 3554
4014 3218 103
4405 1272 4160
1403 561 4494
2272 1790 907
3606 802 4510
4765 1951 1957
3186 4591 4169
2251 3134 1167
246 1087 3847
1716 196 3209
3045 1253 2443
1056 1543 1840
1881 3217 2491
4096 3872 4476
1278 1827 152
4340 4228 4709
950 4342 486
670 1087 882
1182 2304 4396
4747 3496 1924
1959 3316 3535
3553 4794 111
548 3934 3845
3008 2732 3843
4177 1526 3764
567 1116 3490
4698 3504 4476
4635 2351 2475
1545 1859 2975
43 3313 4642
678 3690 4130
4276 1440 2392
1793 1916 2842
4218 3956 161
3947 1236 2553
3829 3836 543
1296 607 445
1587 4764 916
3540 2424 73
2611 436 2408
2712 3071 579
2349 2679 1406
1916 1872 4177
1055 3596 3791
4057 1115 3358
1408 3371 550
4757 447 64
328 4767 1845
4277 927 4165
4513 1816 1325
4571 3422 4665
1602 1192 3415
1533 1385 1576
3117 2298 2833
1979 3212 4470
1976 2255 2004
2585 4064 125
2321 3685 1759
4045 4 1559
137 3985 2038
700 3270 3688
588 1729 86
3162 3881 2707
4120 2135 3285
1772 1248 3795
4745 4123 3052
2834 1816 1339
3155 3103 2891
639 4282 3750
3876 401 4836
3829 728 3324
2913 900 3449
458 4200 4717
4487 2420 3324
292 1358 1368
2893 133 2640
1235 2262 3510
2334 328 722
3806 1754 3880
2898 2415 3615
4875 3864 510
4817 4689 4771
2500 3691 3055
2568 1213 2476
485 2022 4153
2635 2413 745
1728 3308 2192
4092 750 2229
3610 419 3136
2900 823 309
153 1180 582
2866 4456 4358
4532 868 3908
22 4180 2486
2512 374 3830
4514 652 2611
903 144 1554
3287 3116 1299
4392 3841 902
4750 3534 3087
3285 3789 2896
3482 91 4674
3995 431 4682
2195 2671 2756
1459 4086 2791
2250 4121 3569
2432 2577 1231
3192 4428 1324
324 1067 3945
4257 1086 4719
3171 3011 123
4443 4797 294
128 212 2841
2686 4315 886
3488 2126 4752
274 1629 1482
1859 2955 3397
3485 4808 1777
2743 3961 1379
828 790 1068
4511 1190 2037
3942 443 3342
160 848 1606
127 4632 4325
1187 789 2471
233 218 4842
292 1901 315
3297 3188 1656
2500 987 4933
3699 4637 1461
3178 2888 3826
4028 2277 1819
4928 4843 2828
3246 2750 4225
4667 2525 394
2637 2281 2034
1326 1502 4696
480 1660 3197
2494 2434 74
3176 2309 3169
192 3239 1495
9 320 3203
3049 911 3154
4131 3546 1084
1 886 3107
3232 2335 1720
2875 187 942
4870 3293 4326
2502 4420 1095
745 2896 4398
1692 2225 4054
1576 3249 448
4353 1170 1615
1610 3292 1165
253 4433 2760
974 867 400
1216 3601 1981
827 1003 2185
4005 2416 3955
1077 2799 2998
3880 4220 116
4184 2888 4499
3778 1788 1082
308 543 1169
93 490 4526
738 694 692
971 4145 1697
894 1938 1584
1867 3689 509
4889 3362 2435
2292 4094 567
3323 3962 4166
486 3509 3866
4221 2255 4382
3196 4631 4688
690 2285 844
2409 4502 3825
112 4471 1345
1985 3905 396
1021 2977 4713
83 4684 2375
4977 2530 2030
2232 444 4769
928 3844 3961
1486 579 3428
3916 4114 4754
3553 407 2486
940 3250 3012
899 1701 3565
555 555 4752
2059 2498 1854
4225 4337 729
1229 908 226
4 3980 1649
2769 1805 3015
2510 4229 1754
3390 3601 1640
2507 1088 2900
1957 4980 2880
2148 408 2505
2144 3947 2023
785 2148 1593
4102 1321 2506
3909 3547 3414
1386 934 1399
4180 2653 3220
1691 3040 4194
2942 1747 3539
5012 3278 3757
3613 4855 4955
2339 543 79
3755 3471 1727
2867 1758 4412
1834 4521 2888
1466 678 791
1857 1310 3747
1493 3052 2457
1184 4202 3225
3231 3247 4136
657 2 3268
4719 159 1473
1388 251 225
2721 195 932
2424 2125 1099
2596 3947 274
1343 1321 884
1969 2378 3417
4096 2922 1453
4660 4968 4996
3983 2466 1712
3242 3198 3051
890 3575 2266
4418 2862 1999
1155 2560 1397
1387 352 3273
3000 4367 1687
3974 4417 1813
4231 3806 244
1153 2764 2737
4104 1560 962
1933 1777 3832
3118 2413 2042
814 126 3926
549 1810 457
3453 944 2934
403 1901 571
4339 4225 245
1917 290 423
444 4309 3549
42 1001 3514
3080 5022 3356
1040 393 2359
3971 2228 1357
1942 1308 1226
60 1687 4332
2006 2371 2987
2198 481 3197
3953 1048 1457
796 1420 2070
1450 3862 836
2612 3207 1414
630 4297 4409
3167 3279 4957
1411 3978 4566
919 1425 3893
3485 824 2404
4557 2075 2509
4579 1748 2686
23 4417 2565
457 3930 3187
4396 2521 4848
2428 3639 1885
244 454 769
1612 2424 2409
1203 676 2761
766 4686 755
2015 1708 1998
1871 2903 2698
3931 303 2686
2164 2497 3604
3405 1062 280
1377 265 1429
4404 4554 3519
3415 3329 2826
2546 4022 786
2715 2558 2564
157 2939 4321
3724 2578 3056
2854 1751 1008
2751 2690 3707
3314 434 631
3821 4488 1147
2156 112 1983
1591 4361 4761
3122 2415 903
1949 1075 3340
3167 5015 3467
3818 93 4811
3704 1485 3402
883 3865 695
4289 2526 1865
4864 3776 1133
4541 86 1814
4958 1341 2659
769 2947 4105
890 4662 3328
745 3468 1503
3290 4888 1462
2972 4972 4006
5 3161 3678
1009 1086 1995
149 5016 4205
3907 694 2687
487 4028 4492
4238 1135 1405
3840 1254 3179
5111 4704 2323
56 1025 3007
2424 3190 598
2458 3375 2028
1606 2779 1807
2867 1601 1154
1013 1700 3817
1961 3898 4606
3020 3972 505
3171 3122 678
4449 2341 262
1064 585 2316
2520 4073 4904
2188 2620 3739
555 4538 2694
2368 3728 2979
609 530 1604
2496 3192 2052
590 3717 2109
3843 3271 4539
259 48 2958
3518 2067 1452
5127 2653 820
630 2404 2209
3000 875 1419
1158 3138 495
1156 4250 4646
4732 400 3404
4664 4650 1436
5068 4804 1792
3281 2285 1155
3386 3309 1103
4595 1619 1604
2589 3505 5017
3461 3637 3076
1064 3833 286
1106 3256 3885
4950 1287 1866
3733 2777 692
255 4388 2562
2815 2552 731
851 2072 110
3235 4098 1221
335 2231 2439
2481 3455 5070
935 1788 1433
2071 1955 2363
1425 4230 1914
200 5098 2211
3564 2974 4688
4865 2461 1669
3265 349 4546
60 110 4465
685 1903 4799
4640 1600 4963
3590 3163 1223
1331 1676 1622
2873 1003 3364
4684 1684 2860
4525 796 2069
1338 2489 2189
32 3213 3033
2038 3994 4134
4404 3309 4710
3322 49 4040
665 585 2029
578 4998 15
3247 5070 4033
3634 2050 1815
1881 160 2678
336 809 3859
3264 3393 288
440 1011 2647
3164 1549 4255
778 1639 1623
687 1695 2214
4293 3892 3238
3610 2707 5053
3302 1257 818
946 3376 3381
1867 469 423
4504 685 2619
4391 862 5056
766 2566 705
2888 5074 3859
1176 3138 4839
3989 4145 1186
1079 550 1396
364 2937 156
1909 2522 3329
2522 54 1116
4940 4926 676
5014 3259 3490
1966 4738 2129
623 2222 318
2450 1722 718
3465 4565 1840
1676 211 4213
2620 3352 1969
1128 2264 3725
4557 1591 1141
4755 4625 1059
3025 698 3556
2649 4567 1572
4112 478 2911
2122 1887 1413
4520 403 1115
3382 3309 2146
5051 2831 1682
4132 1890 4281
4000 5134 4947
4381 3062 4161
1024 2561 5204
2020 3507 3103
2008 910 3473
5064 2722 3057
2294 4053 1297
2777 2821 466
3165 1682 2413
2627 3954 2527
1783 2979 3985
105 2007 4265
4943 2203 3081
5246 4004 4657
2916 1463 1064
282 1656 133
1236 2066 5118
4785 3878 3786
686 3586 4351
983 2192 175
337 3525 2386
5041 667 1499
5219 696 3968
1518 2130 3943
4784 4372 4333
1046 2906 5200
4772 3621 770
1480 2221 1797
2818 1915 1757
4982 3807 375
4942 1974 3328
379 4778 408
3199 433 666
3892 4920 2686
4883 74 4397
4338 69 774
1450 2015 4240
2807 1647 2942
2598 1110 762
4112 3600 632
3848 3837 4665
3218 4242 4472
2610 2606 1971
475 2603 2609
1601 687 3143
2338 1954 1278
1031 4761 3265
807 641 907
2644 4542 4154
1413 3060 3110
1924 772 3054
5279 1204 3117
4248 4805 461
3182 3606 1965
3012 2707 462
2812 2450 2648
4896 3561 4989
1227 1120 4323
1739 365 3794
4277 2793 46
3621 2025 5127
4054 1916 1992
3472 4298 1489
4387 742 666
526 1953 1818
704 254 697
4670 4334 2198
1752 2964 5252
4276 615 2498
2585 2340 515
4304 471 893
520 615 5145
675 3917 4235
1661 4379 2570
506 3777 1934
2089 4630 4280
4109 977 4911
2672 46 991
3817 3226 5176
4839 2763 2619
3295 2780 2853
1431 3637 4657
2136 4712 4883
1673 4652 1361
1684 391 3457
1380 2189 5066
5018 648 4221
2033 175 3110
4062 176 4456
2568 1869 2473
1145 4645 673
4578 1390 758
2061 1383 5186
2108 5206 784
4473 5219 100
1003 4131 5291
4387 3408 188
4032 1946 2440
940 2022 5228
2567 3392 2466
1089 4037 5109
5045 5293 147
2774 475 3009
3541 1716 4143
3128 416 3199
493 62 3533
3673 259 2931
134 2149 458
4340 1445 3738
4497 309 3214
2864 2136 2535
3252 3445 1290
2455 1201 101
850 4592 4380
2278 2315 3610
3423 5119 4148
372 5186 4903
1355 2374 3782
3633 812 324
5246 956 2136
2844 1497 1071
415 4505 3758
2809 2743 5355
4426 2901 46
1482 584 3466
2665 3268 1626
2459 4384 1415
1285 1204 5271
506 4545 633
4124 3470 3054
320 1509 283
2076 2621 1863
3527 4391 699
3704 1330 1391
2640 4361 760
1861 3816 3782
3959 679 2307
3455 477 4446
4995 3163 3013
3838 3847 1212
5135 4932 1941
2906 1632 2827
4103 999 1564
3813 2239 537
5151 2522 1169
1572 1188 912
485 5324 1253
33 4155 5045
5054 1286 2708
4676 4907 3300
1465 1475 2865
2523 2150 1963
2198 1782 1839
4067 3420 1874
2730 2243 4817
4478 1289 952
4313 1945 1224
967 120 3291
1800 576 4940
3184 2278 5330
3367 1355 282
3023 495 4249
3277 330 3985
1236 2139 2995
2419 3249 1520
331 2251 75
2199 4556 54
3626 2474 3725
3886 3359 1898
3730 3103 3913
3057 1214 2541
3537 4393 571
3177 1582 2164
5210 4476 4855
1733 610 2935
1886 4683 1352
3100 877 3108
3691 5047 3147
2042 3109 5157
2647 4034 5008
1445 3934 1080
2781 934 1470
4943 2060 4989
1275 682 5374
3933 2380 4580
3875 2564 3745
4203 3702 443
1404 1819 2347
4569 3744 670
5418 4081 4998
416 1265 1635
288 2792 3630
1987 4756 3082
381 3688 2636
1247 5325 4446
2212 3513 5254
2719 1652 3083
2041 5203 3770
4656 1338 2053
265 744 3250
3674 2002 200
1175 3299 2568
5416 4870 3688
4030 4019 5174
3286 3304 2502
4970 1901 1193
5013 3532 1275
4821 3979 1354
4307 2346 151
2853 5139 52
1433 87 2775
3462 5202 471
5304 1023 4738
2322 667 5103
4309 1131 2634
1342 5209 4240
2022 2730 1155
815 1593 2015
3283 4515 1097
1046 582 3096
1221 3690 4637
3863 1737 2715
3006 2625 1795
578 403 23
5265 1272 3846
5234 1920 379
410 4744 4614
4461 1689 781
319 1826 2652
563 1418 3932
3602 5025 2203
1959 1099 3507
4353 2263 3523
3405 692 2289
2451 5374 1186
1982 700 2871
3757 1623 1584
4680 641 1722
4715 3401 4099
4805 2919 545
3192 2796 4303
1453 5398 1561
2488 1830 4179
2249 4956 1011
4906 1532 4760
4998 1497 1685
4612 4695 4414
3992 3242 5465
3349 3457 3385
3111 2135 2078
5208 2721 4995
429 2322 4425
618 3641 271
5276 2241 2295
2782 779 78
2801 2202 1584
1691 2702 4811
4655 3421 4735
3299 3572 4666
3877 3027 3804
4813 2219 1804
1972 252 387
4709 5155 992
2909 5391 943
3846 3259 4128
123 628 2831
4323 2496 2650
1313 4661 3655
4693 2684 4078
1751 1591 3992
4579 2369 924
2268 939 2725
3562 3072 423
2710 3820 809
2252 108 4534
1797 2140 3264
4731 4882 68
2736 1063 2273
2679 2047 5161
1183 1355 321
3904 1138 5212
1825 178 1107
3595 1707 1662
2796 4677 3337
41 3116 3395
5181 2826 1536
2640 1149 570
680 1618 2346
857 3566 2382
2389 152 4251
226 1047 4455
1436 5190 5408
5007 2258 1733
841 1773 3907
5356 240 2225
109 3256 191
5302 2452 4362
3305 3304 2491
3608 1151 2969
534 2277 1930
2126 4694 4283
2756 3542 3806
5127 3872 3236
3030 4200 3634
2431 4159 2347
4989 4539 273
2880 5368 3152
915 5011 4210
3616 154 3402
4217 3504 645
5179 4851 5059
4981 2 775
3442 3233 2839
995 625 4945
247 287 2520
4078 4241 3256
2419 3493 1191
956 81 3063
1050 3873 3791
1998 3377 3609
5524 5150 169
3356 3838 4932
89 5526 29
741 5108 5455
5380 389 1760
2673 4072 3393
3639 3148 3240
2063 2194 2134
3768 2745 3147
4937 227 379
2957 4411 1130
2886 4622 1921
1610 2329 1310
3804 1071 3900
1337 575 2585
4705 214 3767
3653 5164 4797
5305 3222 1659
2586 196 3034
4591 4606 2646
2659 1324 4969
1043 5345 4866
1055 793 2184
1832 3832 2375
1137 5377 3394
821 3507 3988
2076 4846 1340
102 5242 1321
36 3664 2985
950 3557 4797
206 3266 1653
237 2804 5385
4497 1387 1274
452 450 1351
3281 2045 4951
221 5428 2030
1462 2551 2360
1110 3788 1616
4128 1986 3027
3880 2721 748
2588 60 5169
115 5207 2886
3455 4851 388
2946 1040 4737
439 3635 4671
1021 2976 2028
3970 4579 2817
410 4053 693
5362 4853 5541
5409 2131 4748
1263 785 3616
1428 4973 4232
2896 2976 5007
1935 4649 3535
3533 1552 2266
3143 3067 2451
2037 4969 2985
1072 2015 1533
2289 895 3959
5456 5611 1481
5123 866 2674
1429 4386 2948
1960 3885 3947
1281 4319 3896
2159 1326 1181
1513 183 86
2504 62 2436
5154 421 1080
5593 5275 1231
4732 500 2571
2254 4711 2288
4482 5572 652
4573 1404 4759
3962 4799 110
3745 3414 3694
5503 1333 4379
2190 1585 148
1152 3466 1706
9 1832 5064
4927 1175 2710
1285 3714 1859
2760 418 1850
3421 1020 2973
4156 4588 356
2330 2485 3623
307 4048 2124
3272 5532 941
1885 3663 4614
361 3507 4966
3291 2697 501
1932 3542 3232
411 1375 4009
578 724 3174
5482 4062 284
5535 2751 2686
3942 2108 3520
4180 411 8
800 931 2671
1982 1581 4490
1127 124 3642
2583 4281 5575
5158 3381 5589
4583 2560 2560
4884 3627 2895
4975 2099 3089
3273 4003 4539
271 889 4804
3272 5601 4811
2090 4049 3155
1827 4936 4708
4620 1370 4080
4511 3954 5573
3328 1729 3078
858 3979 5312
4634 2841 3243
99 3364 342
591 4291 4844
2932 5406 5312
3802 1913 2786
1607 3881 1398
4501 3270 3751
349 1700 1172
2064 1102 3867
3878 2885 5043
4005 3488 401
4740 3114 1017
1599 4890 5670
485 2511 4149
1804 1987 4816
3054 948 3579
5063 4333 1715
568 1524 1071
1827 136 2347
67 3994 1088
890 5284 4803
4090 166 71
372 3595 5241
4358 3814 4530
2299 4095 5021
3727 4870 1705
3231 5651 1468
4639 112 1534
5678 2823 2692
2637 179 1278
4705 746 3378
2083 4359 162
112 3751 2285
2128 1328 5410
2663 2092 2381
5192 2707 4260
4085 1593 3897
5415 538 4731
706 3336 4191
4110 1686 4544
2811 2061 2159
5666 4282 4489
959 4831 556
1286 4592 1567
5656 667 1643
4162 2293 545
5467 5164 3375
4323 5511 734
3090 1312 5269
4710 5047 4250
1866 2436 4448
607 2650 2911
5432 1516 3537
516 1867 2333
5019 2611 4100
4043 3910 4864
5533 2107 3330
3969 2091 905
2573 2986 3869
153 4698 1871
313 1275 603
4438 1162 4286
923 582 1048
5402 3127 3326
3600 1140 1467
5574 308 2943
561 2257 3983
5007 3422 4816
4763 1407 4545
4397 1083 2438
791 2483 1694
5364 5503 535
655 4316 2897
4394 4815 3206
116 4437 3076
4277 496 863
2038 3684 402
1307 1961 417
1204 3088 5703
4406 1804 4277
792 931 2328
4572 222 4606
5692 1917 1725
3668 3500 4778
1238 216 5707
701 3779 2630
3499 1247 4808
1104 5718 2618
3486 5571 4937
2816 2175 4133
5626 4677 2765
1296 506 755
1007 5576 2472
1198 2773 2021
563 2775 74
2089 3051 2573
4213 2176 5089
4703 4441 4040
5011 1442 406
5074 2233 755
2828 3861 2173
1989 2834 1201
1121 5478 3557
1059 399 568
238 3398 4282
5519 3246 3214
41 2962 132
2591 4131 2145
974 5082 2003
1367 2071 61
4424 1490 2396
1044 1708 4020
1564 4086 5125
1849 894 2759
3057 2505 947
2754 1332 2491
4376 3583 5160
5236 1593 4866
2877 3801 237
1487 1726 5585
1561 5207 1597
3163 1251 4906
3643 4294 1886
5574 4385 2301
498 2098 769
4595 4132 1974
436 1691 3327
2321 1949 1743
2724 2740 5569
5702 400 727
1837 5070 83
4556 4359 1506
297 2250 2279
1641 3184 1994
5392 1440 2695
3606 4363 2369
4257 2025 2279
5676 4831 4792
5740 4639 5002
3437 1869 2328
937 4578 1531
4960 70 3002
774 217 1234
3886 2297 1396
3325 3307 2026
1980 3469 2234
4654 5806 4155
2466 4370 4406
5759 2481 2809
4746 2945 407
3754 3995 4710
3682 2393 4453
5793 2710 3068
3221 4400 4022
1622 1614 738
3020 3047 76
3580 4313 2399
1444 1861 5357
1984 639 4362
4273 957 3352
2190 2172 5516
4819 1464 3697
4530 3892 1422
3419 4573 2674
1924 4522 4014
3544 4735 1256
5608 5812 3444
912 214 753
4957 888 2006
782 782 1290
4605 3531 5237
573 2278 1711
5825 168 1636
5782 4545 1651
1074 167 4106
3199 5163 1936
1398 4692 3517
3576 1326 5828
5772 8 5716
4880 2526 1123
5214 4002 1160
1914 3449 2839
4248 4441 3465
1393 5514 1223
4724 3516 2324
961 3633 2235
4656 5264 2620
2260 1740 134
1908 803 427
1618 1664 1396
4625 224 4568
2732 2185 32
5721 4032 2833
4516 3037 3820
5823 5510 3319
4539 3813 1036
5151 715 5156
2412 5135 2821
1464 5209 3998
5590 4685 2416
955 4327 4202
5476 1373 3792
322 4054 4913
2025 2815 5670
4089 479 316
642 248 5330
3401 29 4775
4755 5039 5532
3632 5366 2705
2874 1492 5451
3778 1049 1009
3822 3912 299
3689 1274 1903
3475 5865 821
3351 2535 1000
547 380 2666
3840 2209 2207
898 1472 2735
5040 3873 1114
3988 935 2340
2153 2874 669
5261 62 2318
5258 605 4113
3537 5247 3683
5301 1937 1744
4910 5646 3392
4517 4782 1282
4565 2795 2972
63 1661 1788
4865 3947 566
2422 3748 3206
2245 2842 5356
544 1220 679
4839 1681 1698
1545 510 5629
3997 4326 2420
4043 145 2964
2505 4849 3541
3147 2433 4086
936 1671 1431
3847 4429 335
3275 5751 1242
3369 3298 4353
4700 4415 845
2600 3542 4160
630 5694 1576
3628 4873 355
5851 1112 2795
5481 2109 4287
4400 3030 4469
3567 4035 943
5686 3228 4869
804 4860 2101
4401 5819 5332
2483 2946 1000
5743 2184 1290
5108 3596 4219
5011 3658 45
5476 3855 3538
3508 1434 4900
1448 5868 5611
4516 3209 4426
1520 3516 721
2287 5436 3417
4275 626 2112
1046 5493 4270
2111 3985 3308
4371 3514 1262
2484 3498 1754
5038 1577 5561
835 976 4623
341 5094 2294
5516 2120 5844
84 2045 4349
92 3182 4439
4035 1089 2765
2528 3243 4304
2678 483 3013
45 880 5695
667 1702 1055
320 4092 2933
2101 212 1272
4539 2800 1185
12 1722 3321
494 4778 1124
2611 131 3783
2041 2715 5208
4455 3009 5359
3933 4496 5440
616 3568 964
5872 2881 1623
4906 851 5079
2796 1872 1893
4170 1905 3880
3867 4476 5663
5402 5685 3154
3960 4398 3815
798 5558 2801
4432 1820 2768
573 2491 4352
1642 5448 5677
5376 4216 4366
1 3292 3189
612 4679 1777
3824 4247 900
5755 1855 205
1544 2061 1346
1740 4365 1263
4743 745 3930
43 1436 4913
3447 3834 3301
16 1874 2270
4349 2107 5043
3378 1182 4108
2003 3126 76
3137 1930 3297
3243 1824 40
5941 4957 87
3582 2901 279
1131 2621 5952
3737 4908 5841
2124 4233 3744
5095 4713 228
359 431 3756
4953 4897 2507
5595 2465 2292
5569 3103 5824
2188 2739 1091
5576 749 374
3175 4487 5119
1560 5458 2071
5310 4332 3530
1177 1135 4052
1472 2334 3482
3563 5419 2488
1361 1726 4216
4086 4594 2810
1137 1895 376
3844 3751 5081
1210 410 5515
2419 1626 3789
5037 3866 5005
3989 2685 4223
952 3632 4259
2225 2399 3652
17 5332 978
3010 4464 1665
1437 1149 4418
4260 1906 5069
1787 468 5484
2173 5617 5397
1548 5151 4639
348 2669 3833
437 5475 2430
5380 1442 3798
1911 5822 5662
563 500 2389
491 1673 4684
5091 4294 3011
5875 65 416
4483 4414 3910
2601 680 5596
1614 343 4456
1239 1320 483
3926 3537 401
5116 2503 3206
4602 4228 572
113 3165 5169
630 513 4642
1122 837 667
3313 422 3613
3686 2419 2864
1732 3245 1214
5992 1216 4202
3597 4689 3329
1301 1755 2044
3898 1743 599
5279 158 3467
514 467 5984
5731 1235 2163
4642 3335 524
4976 4505 5878
388 3292 3352
3472 3748 211
929 2651 4728
1107 6000 4765
1219 997 5109
5302 2983 813
1858 1257 3569
4501 4374 2685
1408 1626 4894
767 2541 933
3793 1587 4566
2466 1799 743
5752 2677 2209
3986 4719 3705
3571 2070 4026
5353 1346 4422
1768 885 1991
4940 3264 3233
3760 4396 247
2559 2049 3889
4756 1430 1800
1546 6012 3045
4101 3545 740
3552 4482 285
2826 1585 1379
1698 465 4960
4551 2492 5986
5292 5152 2346
303 4235 3027
1143 1385 76
4971 5035 3546
5149 1645 5673
4137 2305 4489
4099 4333 70
2718 3406 1528
2988 4883 3519
653 4410 3678
4320 407 2748
4718 32 1242
2539 4758 4106
5398 1281 5941
742 5414 5100
4097 6048 3964
1639 2657 5166
239 955 4396
4522 2185 2179
2294 5260 1967
3425 5801 5396
6063 280 553
68 1790 3754
3409 4952 4718
5003 16 2755
5119 3152 2840
5751 2091 2204
1067 872 4431
5775 5766 4621
1576 5284 3425
2591 5777 1303
1004 4730 5313
5539 2299 4402
3870 5517 387
5201 3312 1601
2186 4048 5009
1865 5388 4202
502 1849 1
5894 1067 5492
4681 3708 2346
3846 950 2645
4852 3385 5192
3217 897 3383
4043 5529 3160
1024 3392 4092
4602 4101 393
3402 4787 3420
3672 4173 3468
3142 4658 1287
4664 3635 5960
724 5835 1289
4512 5624 3833
5678 5597 3041
4345 3286 1780
2208 5184 4141
387 2426 3882
16 4703 962
1385 4586 3671
2507 1121 2517
4006 2725 5239
4415 4137 3284
3241 880 4062
5670 5408 3771
3095 5287 4977
2199 5673 2434
1444 4961 92
1162 490 830
5473 3644 703
5149 2145 1627
2729 1969 3335
1932 5984 816
2582 2695 3966
5586 3665 3375
5971 977 866
654 4252 1060
4829 4197 3034
1116 5478 917
5401 5138 5046
1044 3860 4990
1897 372 2276
748 1651 5964
416 4205 3462
5948 3978 5515
1899 33 6081
5760 3983 2058
3112 5345 6043
3970 1245 962
3563 4722 3571
48 4250 353
5490 3484 1558
2129 1663 5701
1795 4407 5171
460 2543 3457
3525 4974 887
1821 1853 2377
1279 1488 3215
2064 4361 5306
950 4980 1389
5833 2729 727
164 1680 3329
5826 5831 4359
1546 428 3984
4269 3259 5285
3069 4375 1900
2634 2462 3747
3798 4875 495
2203 5664 892
1898 4325 773
5333 3295 4303
5147 2258 5233
819 3860 5962
243 5896 5630
5483 5696 3019
2230 2014 1054
4794 5448 1211
336 3033 4438
3779 3895 5538
5122 2468 5873
213 5002 2076
430 5476 2901
2858 6108 4911
2018 4983 291
3684 3669 3468
4267 3369 3447
2834 1846 1841
3928 1394 1065
5197 4422 2741
3485 5 5585
277 1064 131
3238 935 1708
6175 2407 5811
2140 2006 5830
5956 1256 1479
1768 5546 3879
1132 51 1557
4779 5592 2337
4720 5986 2082
4456 2670 5266
6140 3084 1472
6026 5998 2377
3187 3620 4606
250 247 4831
1055 1569 4890
3230 3638 4907
1926 5282 1190
1974 5380 5668
2168 2112 2528
4137 4947 6061
1289 1978 4602
999 1865 1325
926 470 2982
3136 1459 3507
3909 3454 5382
1129 2692 5238
402 5279 5036
1896 2401 3598
2336 2874 5430
1585 3094 4467
879 805 6193
2009 2329 1329
4957 5521 2958
3618 5543 3539
5766 4441 2305
5889 5696 2786
1807 5434 1519
4600 2548 4483
2056 2410 5379
1617 5889 2829
749 2921 2366
3308 690 4396
5706 1731 3089
6153 5423 5660
2308 276 5596
1784 6141 542
4754 1165 1884
2302 646 1706
3305 1891 4648
3156 5230 928
2432 685 1046
888 6224 2813
2486 6175 3441
6071 5558 2731
4292 3751 5962
5770 4348 4529
364 609 1898
4863 3985 593
410 3024 3575
2693 4778 3988
136 3908 4266
885 6183 5031
3763 5979 4465
904 928 5133
1461 5254 545
130 4184 3523
2488 5576 5165
3868 5152 6259
6115 649 2542
3018 5876 3669
4286 949 3876
5610 1976 4723
2450 5147 347
1974 5190 145
1810 4190 3322
2361 5979 5481
955 487 4425
2123 6092 2760
4523 6211 2052
961 1875 527
5155 6019 3018
224 2093 6034
3030 4042 2483
1789 216 2400
4524 6177 3498
4798 3698 427
3665 930 476
4958 2643 6063
3377 2151 4438
6180 4793 2002
982 4441 1048
1636 5313 1912
5272 5206 5235
3047 4468 5172
3303 3171 2791
1594 5631 2740
3569 349 3874
1586 2397 4858
3076 5593 5008
1591 4539 1631
1635 5514 4733
3890 3337 4622
3484 6228 5147
211 1745 6214
3456 2553 5879
5769 2820 2189
571 352 1371
6237 1166 5511
650 4264 3610
3760 1919 5218
1778 1660 6221
951 4969 1741
5463 4892 305
3661 3572 5913
2316 118 1729
1926 2028 429
4669 885 5975
5305 6192 2543
2637 803 835
6038 1857 2041
774 325 5694
3122 4076 856
858 1770 354
4189 4157 5249
5252 2793 5971
3022 3742 366
143 5276 5211
604 2957 3655
2741 6183 5417
2927 4868 3471
2496 4517 2687
5707 5241 895
5780 5715 279
995 4590 300
5222 1257 5359
441 4974 5460
1245 6099 2201
2756 2587 710
2231 4631 451
565 2125 3699
2560 1139 4920
5547 3463 1322
358 2251 3299
3658 5241 4509
701 5968 5695
5595 3753 4775
4408 5464 2087
4097 603 1428
3056 2298 216
5833 2014 2647
5858 6097 3370
4223 915 3108
4463 4932 4469
5888 6002 6215
4798 2025 3038
5787 3583 5692
6171 6296 3786
3439 1903 4236
3501 220 3809
4850 797 3525
4420 4842 3185
5184 1482 2998
2690 1653 4375
5778 1074 1719
428 1075 344
6104 5051 5220
3485 5642 1163
5270 1074 3950
4387 3494 5498
126 2015 4650
555 789 345
918 3336 3133
327 4613 1449
3056 2488 1866
2774 5344 4692
2265 5175 2569
5392 6356 2513
5576 1401 820
2286 4857 689
2434 2913 1028
5885 1591 920
4943 6175 358
2805 1989 4576
5778 5988 5478
2803 5878 1581
773 1847 5927
5252 1863 3566
3760 5079 6387
6312 5555 6314
642 1243 5013
4665 1644 4273
3971 2816 5260
5804 1771 668
3964 5719 78
556 5840 122
4099 3183 3197
874 3973 4476
4608 5579 2446
4021 1998 3765
5672 4099 4371
1669 1043 3876
2967 3506 1387
3805 293 805
1950 2782 2079
4690 4022 1887
1437 1428 4571
268 2562 265
5973 4074 236
4140 2115 2377
5746 4168 3628
6368 281 209
2011 787 6217
3498 5576 3952
4420 5097 5171
1073 2347 947
1805 3503 1417
4005 659 3486
2655 3758 1287
4432 875 5167
1645 6388 3023
2694 1765 5572
2716 1710 4440
3351 1349 2667
5810 4676 40
1809 5810 1030
83 281 5414
4941 1709 2509
5010 1866 6142
3412 5008 3195
2005 1230 5597
2642 191 1725
295 1411 1156
1235 4956 4746
1592 5830 1925
2428 6234 1970
170 4385 1873
4258 6415 216
2065 922 5929
4862 2450 4292
6443 5260 2862
6088 6354 2113
922 6355 3815
4623 5101 262
393 470 2303
2613 1693 4935
3781 3731 2258
4022 5683 3660
948 4502 316
2890 1903 5586
5904 5257 3533
5046 1153 6057
2915 4330 3316
3225 1435 652
443 978 5907
5956 4025 541
2912 2315 4174
4939 1944 15
5273 5770 3440
5883 1521 1694
6052 360 749
2872 773 1531
4994 1586 3632
5334 2462 3040
2240 4272 2335
1946 4857 3477
4852 5370 1518
3543 1652 609
3295 4195 2357
5118 3775 117
496 6080 2123
6445 6021 1897
4251 4972 5180
910 4216 6431
4760 4325 2815
2843 2901 2571
807 7 6339
1691 1916 1853
6113 590 1093
1870 3510 3044
1011 1993 1395
6191 5051 4496
3097 1208 2905
242 215 4336
5139 5072 5272
6466 6211 5883
324 5914 4062
2933 5854 4922
4012 1044 4805
2772 736 3217
3030 954 2381
5913 2826 4892
1852 319 5349
328 3306 1557
939 967 401
4503 2935 5188
4441 2755 2317
2154 312 342
5299 5532 3342
942 932 2086
3265 6171 1618
1048 427 670
5864 6146 6305
956 3992 313
858 36 6076
783 3199 1313
6388 5858 87
3752 1166 2307
1662 253 3536
2656 2522 4696
5429 1958 216
4388 4854 4970
4320 4607 1074
5505 2080 204
2852 1728 3472
4752 5662 3228
2852 5423 563
3385 5178 2917
2846 2904 3136
4651 4359 203
5839 453 4121
2627 4945 21
3802 4296 2587
4620 5484 6338
1520 4595 1794
5254 2984 2009
4516 1876 2747
3932 983 5586
3968 1874 4442
5317 9 4041
834 1170 5402
3830 6048 4488
2628 6 4179
1540 6420 4959
1882 1573 5227
78 3590 757
3146 1092 1080
6190 1706 5487
5942 5185 4134
1877 2377 936
4955 2692 4627
2454 169 5108
2365 3388 4867
1173 432 1043
5475 300 1912
5766 6021 1566
103 5968 160
3255 4740 4022
4750 824 1623
4333 2502 4213
2289 1669 2701
2053 774 3473
5372 2052 5632
2548 4930 4523
595 5710 5337
1025 2582 4141
2856 1 5007
3870 5365 4344
426 4447 6208
1003 3817 4943
3851 1949 2843
4762 4484 1656
178 443 878
3237 4429 4207
340 3872 3690
5342 5288 3294
741 2712 837
5044 3838 5834
4779 548 1077
5800 5605 342
1923 2136 6071
5485 2628 1454
5760 2692 1444
4732 1004 4716
5765 229 1097
1458 174 2244
3266 4069 4480
5787 1150 1562
6316 2775 5896
2599 3707 5682
1008 1310 5388
172 5847 3286
1369 1165 6585
3119 3994 4126
350 1089 1400
360 5777 5117
4101 5612 2593
3686 3979 4212
2776 4053 2358
4942 2676 4256
1837 4095 6460
1845 2839 3932
4105 4872 6164
1959 1088 1206
2749 4810 735
4518 4866 2258
262 6273 2194
1482 390 2429
1822 307 5564
1607 2007 3903
288 3669 373
3561 3705 6545
1162 5722 4728
4608 2267 4725
3171 287 2274
3326 2886 1192
3435 4485 2810
1505 858 811
6164 5227 3621
6248 5247 2319
796 3318 6073
4291 3211 2503
2608 2656 526
3313 1817 208
2830 3212 3117
422 4840 6151
3820 47 695
2314 2425 4740
5705 4340 3319
5600 5889 2958
3819 6089 6038
4395 1400 409
1162 3728 3160
1711 429 2645
5968 3369 5741
2783 1231 4387
6246 6503 6474
4125 3022 765
3515 5379 151
4147 2330 2333
87 1431 132
6530 5905 3082
2149 6438 1431
1351 3465 2925
4167 6458 1598
3749 2017 4182
437 812 4824
1885 5371 2946
2057 3240 1217
799 929 6001
3412 4580 5669
3272 2481 4040
3918 1175 3712
3768 5557 5761
4680 4749 3732
3435 4792 2713
5489 2825 4203
4428 5423 2744
60 1183 855
6608 4303 88
2456 2609 643
2378 5801 2239
4090 4082 2310
6026 22 77
3900 3822 157
1224 2223 5510
3224 357 3118
4027 4077 1665
5032 5062 3634
788 4283 5565
6550 1237 492
6573 738 4259
557 2958 6046
1137 5165 1071
4357 3763 3724
5472 2547 6242
2560 5224 6192
6229 5199 2333
3083 362 3927
811 1975 296
2904 316 889
4599 4027 5532
2214 3197 2488
2515 5459 4640
6476 4213 1657
4919 3911 1855
6601 174 5902
2113 5617 3460
5215 3007 5040
3001 105 1446
3722 2117 657
2125 3905 5217
4427 4030 3127
319 979 4496
2898 5079 5658
1621 1839 1232
4225 6204 1489
4738 6196 3610
5418 6613 6573
3998 3979 4833
3185 3962 5799
2137 6590 891
2553 1918 643
167 711 3879
2527 2323 1353
6664 1584 1075
1560 138 4189
80 5508 3283
5143 3559 4818
5984 2201 6096
885 1292 3964
5886 319 2536
5077 3994 3148
1198 5758 1666
4798 3885 1673
1677 2272 5563
653 1718 6532
5509 3008 5491
4756 6041 6458
2376 3829 208
4773 6671 2907
1231 2630 2966
4351 6655 963
2223 6401 6303
2351 5353 2326
4924 1206 889
6603 6467 6518
5038 3610 907
1148 4189 5770
2606 6441 2387
2753 409 6035
1513 5563 5460
1451 2587 5582
417 3836 2914
5433 6061 2970
14 1108 6602
761 316 6695
4180 2546 1534
5054 4303 4192
6326 2303 2720
5119 718 1341
4827 3121 1733
4654 3665 809
2810 2709 5156
2075 256 2857
1426 4549 1793
5145 1938 4201
384 3816 6590
5145 1781 6508
6106 5470 2804
4246 2237 4956
1732 2429 2768
1438 1434 3992
6088 247 2121
636 2786 5954
4628 244 2612
1991 2535 5367
2536 2647 3573
5990 4148 3345
72 3127 2834
2723 451 1453
1889 4028 6623
3501 1210 3797
5958 4720 4574
4754 1143 1549
2297 6508 2711
5883 4811 3447
5412 3936 3525
819 4663 2128
2446 1407 3031
4333 5328 1120
1280 2701 6351
669 2718 6030
1465 256 379
4056 1541 619
5671 4671 2877
1565 3995 1757
4395 503 3511
172 4490 2042
6019 1347 1395
6583 260 789
5527 5624 5493
4104 3617 5493
3572 5769 4297
6759 3296 781
4211 1910 214
3972 1142 3123
5637 2221 3307
2625 1553 2215
88 3610 593
2198 5688 569
490 4200 3200
4878 5956 5856
1431 5843 539
2630 6403 1061
1823 4988 290
3329 2729 281
1635 5924 5906
386 2252 5228
1130 349 2084
1082 2182 425
5659 5906 3003
3462 2233 1993
1887 2155 3420
1682 344 1962
4100 2637 6281
3776 6096 5458
4363 3927 3358
6343 794 2416
1875 2064 4488
5871 2076 3834
5883 3822 5305
5290 1157 2292
5905 2066 1740
3365 1325 5721
3097 269 2402
2609 4084 127
5422 144 2605
73 779 5833
979 937 1821
2214 5964 384
3103 2946 5776
1724 4079 5332
6716 5953 5684
5387 1193 4394
3291 1350 5370
1535 1609 1949
5906 3792 5257
5718 4763 2327
2158 2839 6484
1429 1562 6264
5303 1931 45
4885 1508 2320
3143 1575 5865
914 5463 1056
6329 6133 973
4368 949 2528
3972 4107 5211
6080 3222 6001
5337 3804 247
3161 5017 170
1278 1665 2996
4559 1011 4990
6810 4005 2704
4299 1797 2079
2649 6651 4916
4716 3820 1202
5103 1492 231
5744 4951 464
6712 5399 4325
5034 5442 3702
5491 3365 928
1822 3769 3269
858 6447 751
2836 59 4445
3217 4231 3167
5286 643 3961
2250 1128 5731
3870 1819 4799
3182 5108 1373
3088 5942 4371
145 6091 5453
2338 5978 4132
1196 2121 4145
926 3747 1395
1222 617 2752
445 143 369
4929 964 246
3987 4061 632
1420 889 6556
83 1771 6746
3243 1541 5784
1895 390 6174
4971 2908 3547
6771 3681 1448
6566 410 1873
3525 419 4874
306 2761 2293
1312 4321 3306
4163 881 5409
3087 2616 300
3171 5445 4920
711 2097 5792
5421 1839 6446
3372 254 665
5164 3994 5301
2396 2727 6783
529 3810 6095
1188 6543 3996
3125 2072 4055
662 5964 6792
3169 3 2152
4226 5404 156
4323 2946 6709
4169 6487 1882
3687 5662 6417
1809 977 138
4494 5684 6718
1897 3487 3393
5516 615 1187
1130 134 4380
1620 818 448
2598 4794 6527
1629 6708 5879
6673 3609 2816
4650 1836 5894
2325 214 4395
6353 5347 3488
2735 1348 6515
881 6728 273
2579 6269 518
5588 4857 851
4893 55 2393
5169 4205 2878
1569 6638 3432
5247 162 3342
203 840 2384
5960 4704 628
2155 2896 3806
4914 2921 2508
5899 3440 485
653 3215 3626
2125 837 5402
3895 4945 4590
1303 4043 3915
910 1409 763
1454 2586 5042
5165 4984 5714
1154 3283 4957
4066 5146 441
3646 6032 2132
3051 6153 6126
1599 5171 4307
1189 5683 1843
2875 3518 4257
5423 3843 3454
4607 1263 199
1827 5812 6185
5024 5314 3115
2004 2072 6588
2220 5942 4926
1016 642 5543
1886 1451 6552
3672 4137 690
887 4976 1684
1997 307 4682
3265 2785 4182
6213 2314 3723
1668 432 2582
4982 3148 6755
6851 3967 4099
517 5976 248
1483 4781 4156
6510 6283 3134
117 6146 6278
3282 4118 6325
6755 1966 4686
815 3447 5120
1614 2307 2270
5792 1885 5256
1347 6147 5828
1386 5951 74
5614 6901 1371
1807 4413 288
5484 6795 588
2164 2964 3893
3716 3018 4436
1545 5292 618
79 5536 2605
6271 942 6710
138 858 6868
1977 1162 2805
91 5028 4684
1124 758 2443
2914 5047 2461
6542 5233 6655
5118 4257 4820
576 6965 4680
6735 2348 5999
5749 1371 6056
203 2786 4323
1685 3486 92
3971 369 5965
5532 6940 3000
3826 3165 3462
6099 3323 5951
6856 4038 6731
2942 768 4448
3050 6293 268
2886 4121 1397
3400 763 1503
1230 3376 5246
1794 6587 2021
6438 2231 328
4268 1951 3376
3127 3427 3254
1309 3309 1804
4517 3679 3392
2033 1829 4934
1032 4620 3927
292 2134 5798
3441 3490 1516
6356 1989 6560
5459 6651 2915
1603 2891 6990
5092 4619 928
4348 4742 1829
2968 4489 5007
2607 3285 3274
5111 6198 3705
3874 1071 2708
3757 756 6684
5419 1422 2333
5603 6508 908
5770 6536 1794
6207 3391 4995
3060 2894 1221
6535 6721 4477
5417 4195 6160
1352 6974 1433
6979 5458 1678
3878 4324 2057
1038 3518 4738
1524 828 6688
1999 5271 6755
673 2857 293
6461 201 4199
5708 2181 2123
4908 2336 752
3224 2318 4696
6329 6808 3048
465 5975 2204
273 2086 4629
5092 5838 6506
5751 34 6178
1634 621 453
6878 5101 3946
4991 5825 1335
5033 490 501
4415 1078 3662
1851 4139 4690
2506 6702 309
582 293 6807
1757 5726 4189
2744 1686 155
4031 480 6634
1536 1619 2451
5023 3523 1985
433 5442 844
2687 4519 4962
6090 569 1339
1091 6003 6653
1018 597 5576
5741 5228 6733
1636 6392 6965
4606 5404 4848
1320 3748 2301
6715 6733 232
5211 4751 5339
5445 572 6971
6202 3547 3538
2544 5831 6126
3678 6686 4168
5513 6055 4450
5844 1634 2553
3237 6164 1659
1528 5103 6051
499 3469 3691
1953 5345 6040
5903 5993 848
1824 3397 3186
2464 6479 776
189 2435 6220
5688 4057 2605
4963 6826 5116
6317 1985 7025
2629 1794 4186
467 3270 1250
3645 6505 4098
1245 1211 3058
3074 5997 124
4616 2924 3011
4532 4826 1028
1431 3040 4743
647 4823 2791
846 5827 2679
1867 3131 3440
1969 3430 5044
2676 5554 1833
2842 1722 6381
4866 4459 6315
4189 4765 6833
3211 3064 2308
4317 1218 3656
4166 387 5726
6186 1868 6618
6649 3537 2451
2835 3895 2865
2120 5526 3358
2414 696 216
282 1588 6778
3350 2558 736
2967 2763 2673
3523 5072 3353
1537 2911 3228
835 3042 3542
330 3801 3969
4003 2864 5263
2212 6450 1435
2060 3959 587
6150 3534 1722
12 5674 6298
4316 1383 2726
1357 4833 3428
2934 6284 2913
4668 1506 6089
5926 5995 2427
6753 4687 4165
6436 5688 4783
4729 6561 5805
4983 5115 1793
1348 5893 225
1790 2560 4266
6139 5952 293
1707 950 1317
5559 1754 3
2788 196 3871
6486 1302 2268
2126 2512 1501
697 5410 3519
7015 5374 2186
1761 856 4166
2534 6899 6952
1636 440 3716
1763 6566 1871
186 2165 2549
981 6123 3913
6912 5746 3363
2540 3947 5513
296 4883 4177
337 3204 1425
1036 4321 840
5985 5441 3668
1329 5610 4399
3098 3622 2167
710 1302 2319
1314 6885 3109
5538 5617 6176
2458 176 5334
