7347
0 0 0
1 0 1
0 0 0
2 2 1
3 3 1
3 5 3
4 1 2
2 7 1
6 1 3
6 2 1
2 0 1
6 7 6
3 3 8
8 12 6
11 13 0
13 9 6
0 7 3
17 8 14
11 11 7
17 11 1
9 5 1
1 10 2
11 4 13
20 23 9
22 7 7
19 18 2
1 17 22
5 16 5
5 23 9
17 19 20
17 23 7
5 28 0
24 7 11
23 3 29
26 26 11
25 13 32
18 32 29
13 6 21
12 12 6
22 26 10
15 28 28
17 14 19
28 38 10
25 28 12
43 1 9
29 24 0
46 26 12
13 33 18
30 41 13
47 37 44
10 17 26
15 6 10
16 25 33
35 2 11
23 38 25
0 41 1
8 44 9
16 0 13
31 10 46
11 53 20
51 48 15
26 57 48
20 4 27
51 22 47
39 56 8
33 53 13
22 34 34
43 47 16
21 11 8
2 30 22
21 70 12
26 7 8
69 64 37
55 33 47
39 62 56
57 68 15
55 56 52
33 63 59
74 45 57
44 79 50
23 80 38
9 60 0
15 75 3
43 27 4
64 43 61
74 26 7
48 38 85
39 42 6
53 55 12
73 39 52
11 59 12
32 23 22
8 30 39
48 64 24
21 59 17
9 70 76
32 3 62
23 59 13
8 56 26
57 80 55
44 18 26
1 72 71
7 91 62
8 73 15
91 94 101
28 59 56
13 78 57
19 70 89
41 66 88
92 99 18
45 74 23
97 12 107
64 92 61
61 71 10
93 100 45
33 78 3
100 55 91
68 93 110
40 23 27
101 70 66
35 49 76
94 111 54
96 96 6
118 116 24
36 95 68
80 54 38
82 31 23
45 53 87
68 107 18
59 83 51
101 7 12
111 3 40
18 16 37
124 107 75
31 36 98
117 134 10
31 66 47
21 45 131
22 128 0
6 2 6
77 6 4
71 67 30
8 120 48
103 13 33
94 42 58
14 16 102
82 72 1
90 92 140
10 22 127
83 133 71
25 92 16
19 76 121
84 85 10
24 11 7
147 48 72
52 4 54
35 148 30
8 16 78
51 68 26
28 14 87
36 15 91
2 61 125
51 22 12
63 47 32
124 46 144
14 2 83
21 21 12
18 97 72
87 28 43
84 21 161
11 86 30
77 98 84
3 114 49
21 8 75
126 79 153
114 81 4
64 92 110
38 105 41
85 120 168
91 178 19
165 63 10
171 66 88
165 130 135
149 87 53
45 121 38
182 126 124
105 18 46
136 19 148
46 164 176
92 133 101
30 50 158
54 75 19
160 72 25
0 169 102
39 90 117
131 4 105
20 119 26
111 125 102
128 196 91
117 158 170
59 193 94
39 69 117
121 97 33
100 2 138
141 122 155
119 151 160
153 79 30
138 108 25
103 146 40
79 51 201
137 25 136
9 124 139
129 199 181
113 50 38
115 11 150
196 33 67
189 206 68
201 57 84
75 217 144
45 154 64
18 7 187
132 50 52
50 92 96
90 213 154
109 67 222
22 200 159
12 159 203
35 13 158
159 151 93
3 120 170
171 129 0
228 129 137
51 170 163
82 109 17
159 21 92
175 229 45
20 56 123
19 16 80
20 170 103
179 88 13
48 237 113
22 233 198
95 52 22
163 86 178
118 17 150
244 25 149
124 226 83
153 93 187
170 248 77
240 76 242
245 133 239
95 87 203
87 151 15
61 134 48
111 153 221
117 90 194
233 134 143
205 60 257
236 67 124
217 189 228
6 39 158
180 31 58
82 29 3
217 104 37
96 240 43
101 186 36
163 90 256
231 152 38
147 86 143
190 260 78
187 152 103
89 57 182
229 117 128
115 137 213
11 251 116
267 51 49
156 158 54
138 182 127
247 157 129
22 65 233
269 210 84
37 99 78
14 66 29
113 235 276
102 230 259
248 136 25
222 138 29
165 250 103
179 175 169
128 34 131
203 182 4
84 101 212
99 1 12
240 47 129
10 101 40
239 9 76
237 129 174
272 149 72
236 249 196
134 242 224
2 196 232
214 113 126
144 69 157
51 203 167
163 252 46
27 140 6
274 205 91
37 285 295
7 307 152
200 8 79
291 42 48
236 240 242
107 229 240
204 10 107
105 305 307
54 51 195
233 170 38
317 137 6
251 227 157
45 314 59
132 206 207
275 107 21
157 287 170
323 78 300
18 63 221
196 77 167
142 175 109
102 324 195
218 135 103
318 125 21
83 295 191
5 150 192
258 310 185
326 325 111
320 72 291
150 151 68
14 229 156
93 52 252
126 250 244
56 201 198
160 101 312
263 224 115
171 304 291
169 264 133
18 169 218
81 292 83
160 160 300
0 180 23
186 232 10
106 158 162
106 222 26
148 68 180
206 261 314
284 330 71
31 55 334
215 172 203
132 218 141
337 285 115
80 346 27
216 274 178
279 143 218
318 261 45
197 259 9
197 188 282
230 121 166
358 130 14
243 7 92
313 292 65
359 304 250
179 31 333
93 24 183
45 259 127
127 57 326
6 151 136
343 307 229
205 136 49
341 362 50
345 284 302
5 185 59
128 294 69
309 188 88
350 266 203
108 374 359
359 269 108
136 13 12
384 209 261
179 42 56
353 39 143
191 206 266
299 252 313
96 363 153
29 117 110
107 226 257
11 212 243
13 98 309
5 322 256
227 373 119
168 172 66
272 330 117
395 91 373
12 347 152
324 170 174
199 319 15
235 191 278
357 305 300
368 345 400
147 230 334
7 167 44
408 222 155
224 1 370
194 199 79
94 124 19
230 128 139
372 13 48
40 169 411
318 300 364
176 49 86
349 103 31
187 196 74
376 268 336
350 249 49
277 192 6
238 407 322
202 37 302
21 24 349
125 255 66
378 379 265
297 308 358
145 3 209
73 27 262
135 390 92
232 157 165
144 186 278
242 59 235
173 72 318
42 142 316
64 240 276
64 350 402
396 326 44
70 369 107
19 407 9
78 105 93
29 60 318
77 263 234
217 124 229
237 206 403
92 330 15
330 115 422
279 115 12
219 409 208
430 341 368
392 19 43
98 228 365
242 259 140
61 414 221
119 172 131
207 385 371
6 96 12
272 231 180
260 374 364
370 176 222
50 65 101
285 383 219
97 268 66
348 359 269
415 284 114
281 91 358
32 329 340
243 450 181
284 154 464
304 297 40
461 21 349
151 466 417
364 399 432
375 276 183
63 299 32
239 185 441
284 397 295
369 71 371
235 189 330
68 1 256
457 259 112
322 251 267
23 483 287
137 147 27
322 205 323
246 404 84
195 274 245
296 6 323
254 367 320
212 60 398
441 88 166
41 473 328
87 296 140
438 92 479
135 362 393
434 120 109
295 140 133
409 294 359
143 197 192
101 429 174
9 301 279
224 465 410
233 372 177
470 242 275
332 270 375
207 412 82
61 210 142
66 119 340
86 135 159
24 109 420
303 254 49
163 105 472
326 499 129
507 235 198
436 95 25
254 462 477
159 126 59
474 358 1
196 114 334
490 91 428
393 127 217
457 195 522
4 225 55
480 275 98
74 10 281
510 38 480
236 435 215
276 332 190
76 342 282
383 378 478
29 370 305
404 109 135
9 410 427
455 6 532
468 166 296
189 260 249
292 233 463
337 524 460
105 79 216
0 123 385
513 296 498
308 442 306
262 368 236
288 49 328
176 500 244
359 97 140
451 33 5
15 473 455
454 203 522
204 458 340
219 273 314
267 290 223
136 187 43
316 121 515
400 293 187
461 42 521
394 316 530
457 42 122
358 160 85
202 100 558
404 265 249
409 123 244
252 417 445
121 498 175
59 219 126
240 398 337
92 186 315
448 157 432
360 264 313
61 255 394
563 378 8
493 212 502
218 212 168
10 537 251
348 347 528
122 387 403
539 68 417
84 174 349
242 125 550
222 199 258
93 223 312
423 363 14
4 226 357
139 132 268
457 488 572
91 507 51
504 233 413
341 119 486
86 58 288
549 289 265
410 172 61
501 202 303
455 87 100
3 456 222
89 428 147
104 143 386
463 329 585
464 220 194
134 355 396
417 196 564
548 403 512
257 458 486
585 12 462
25 15 517
95 143 306
591 499 293
210 69 107
344 374 169
383 594 588
101 462 576
49 87 148
443 457 107
416 517 479
69 607 511
309 138 113
244 462 344
116 100 3
599 542 489
179 87 187
584 164 351
193 520 335
41 393 515
124 278 463
143 317 31
114 254 379
117 353 51
546 53 483
312 350 619
545 514 455
144 211 0
166 424 538
109 110 408
268 311 356
17 565 329
564 476 147
387 105 574
592 553 16
116 422 365
383 85 305
83 109 476
622 162 100
351 13 206
514 473 250
137 624 425
471 413 2
596 107 547
550 10 47
181 474 176
9 491 248
75 232 146
49 385 60
428 123 190
81 239 35
483 76 337
399 324 224
506 177 121
90 116 532
620 173 122
20 498 631
470 162 384
332 528 314
107 454 370
492 403 228
553 137 356
309 664 596
29 512 395
498 356 432
451 135 399
416 435 35
143 664 110
464 531 298
253 632 515
141 599 652
65 295 345
271 61 349
184 338 396
514 380 73
10 112 669
286 332 22
655 124 32
533 31 494
53 99 145
591 300 69
636 215 430
192 274 420
19 136 136
442 279 282
139 158 0
651 69 315
65 70 125
649 505 669
431 332 235
373 473 125
296 175 180
87 628 513
292 190 596
160 612 3
670 55 471
194 646 382
252 679 417
224 659 1
343 356 77
652 669 224
428 516 475
289 466 183
592 44 216
92 579 481
202 178 612
275 75 97
689 211 298
431 122 333
689 291 405
408 546 206
390 306 405
543 52 543
383 128 655
479 453 551
137 330 48
411 476 662
387 359 513
574 96 148
151 410 98
515 244 110
396 194 494
665 328 450
667 306 468
529 680 342
528 714 163
674 198 640
615 565 579
187 401 700
503 45 452
54 278 526
682 634 388
201 262 16
30 244 58
598 153 696
165 543 375
59 549 409
217 122 462
235 635 410
596 96 359
207 274 472
534 632 455
699 18 620
627 470 198
271 549 585
600 528 484
748 673 430
270 480 316
704 578 16
670 426 469
452 558 348
141 392 480
406 671 263
532 6 29
425 244 252
684 309 197
106 114 57
48 655 92
608 270 320
216 241 729
520 18 615
498 131 422
616 230 206
253 539 712
675 739 751
46 577 188
746 663 641
288 35 294
661 266 409
478 555 723
172 507 411
265 532 589
761 363 498
725 752 51
555 353 646
87 501 654
572 4 407
732 64 543
97 160 159
517 354 591
749 61 411
189 255 338
561 390 587
194 232 668
227 397 332
102 526 431
258 431 787
147 286 546
207 507 528
583 120 106
94 631 759
775 292 59
52 119 131
459 95 727
361 487 141
650 197 296
198 364 778
378 74 648
443 98 546
122 53 230
545 586 5
287 433 167
414 245 116
349 506 656
72 608 620
435 515 676
547 86 274
775 810 802
790 470 362
251 294 321
540 194 46
465 156 384
682 549 701
756 272 762
77 593 36
656 164 768
767 435 596
674 287 711
373 322 793
600 195 678
498 805 648
183 95 423
17 646 329
603 565 231
271 804 96
186 124 629
376 510 204
588 611 538
813 155 376
95 273 689
763 228 86
329 582 509
783 833 78
740 573 750
585 452 238
470 294 493
641 70 471
501 446 318
243 393 275
549 440 251
690 679 47
280 402 707
796 269 299
12 665 618
373 729 239
132 334 265
211 98 600
479 132 654
484 763 787
828 108 400
685 343 544
652 593 766
550 135 827
165 687 851
403 273 177
187 620 24
270 687 183
363 358 65
370 148 739
432 332 195
278 160 787
678 720 683
254 498 124
519 794 760
822 622 535
153 147 478
360 624 530
109 460 411
766 67 282
689 125 872
280 277 412
730 252 832
587 571 369
383 725 800
676 56 836
683 609 766
375 855 294
293 218 791
269 778 320
351 304 98
596 823 359
189 506 792
757 432 253
242 630 775
227 234 139
718 881 789
296 1 286
873 551 482
324 77 615
8 434 849
523 308 853
458 849 701
168 509 12
428 484 302
459 780 501
81 2 596
667 474 898
839 768 430
109 221 515
117 769 533
31 52 507
207 509 631
214 440 525
809 831 810
701 799 412
397 86 331
740 194 129
694 445 285
338 808 461
53 116 224
441 5 909
762 707 619
241 212 277
82 381 235
116 754 436
339 677 60
592 320 325
48 693 715
167 214 657
75 79 572
64 159 257
371 604 283
606 275 486
754 132 54
712 541 791
318 610 29
327 736 610
800 863 803
915 639 408
382 687 470
884 668 128
68 604 129
698 332 455
713 862 147
526 353 741
179 534 820
833 880 291
938 873 704
152 857 323
920 432 623
618 421 246
251 441 728
875 115 416
163 905 939
803 568 885
16 504 343
866 375 445
547 572 551
198 111 309
116 353 929
491 152 397
182 90 175
575 931 92
528 468 3
790 907 393
74 492 213
429 241 747
5 745 957
17 415 553
322 180 490
911 192 537
729 180 206
498 910 497
529 921 925
52 521 146
670 386 958
392 720 521
510 879 379
398 651 653
93 501 595
688 6 375
768 248 114
535 340 705
470 822 763
712 910 567
464 620 642
854 823 902
910 775 166
714 248 627
699 893 621
60 738 978
383 218 920
517 727 943
87 965 253
804 70 964
701 666 49
514 171 382
616 228 974
753 720 29
371 401 276
441 878 87
363 172 954
574 441 353
631 404 763
528 49 792
809 936 850
523 462 225
185 450 532
581 299 420
45 833 159
816 557 301
569 585 485
708 386 615
409 81 804
872 549 851
85 545 564
341 173 498
601 780 643
790 683 565
224 795 646
497 27 145
606 427 175
247 708 50
867 434 211
46 318 337
399 210 550
805 697 808
575 793 100
169 588 576
879 679 916
854 227 499
340 810 655
158 548 747
135 999 641
222 241 425
117 489 622
656 970 739
21 544 634
929 268 139
150 125 895
87 292 226
396 251 851
254 131 635
107 969 533
748 236 152
352 383 303
781 690 502
299 838 440
817 848 123
183 934 391
147 437 110
547 866 917
110 86 596
681 120 385
412 218 180
732 150 841
157 690 551
951 349 1006
1007 310 493
729 309 879
200 857 943
57 15 63
743 633 963
1019 845 708
931 678 378
899 653 952
194 730 399
343 248 606
579 1054 182
74 649 88
521 352 513
826 15 605
730 419 981
133 303 467
868 22 428
260 565 298
226 518 712
994 161 752
869 654 28
494 783 683
43 77 280
1013 82 175
436 690 459
365 645 459
602 957 912
493 365 302
31 669 888
439 300 213
1070 948 430
11 464 922
45 533 862
1012 744 234
612 305 779
1056 95 370
757 1008 577
1084 748 1037
458 414 827
379 329 1068
768 776 755
989 91 45
856 157 678
701 167 321
686 546 144
903 486 1095
140 725 121
741 790 55
695 576 521
581 941 901
365 589 439
264 145 848
268 16 212
1073 12 148
340 764 713
634 256 145
246 849 100
677 873 29
571 543 432
1055 166 146
279 559 1014
766 789 11
1082 463 971
1036 147 327
374 779 880
924 328 325
1086 984 162
75 1092 772
921 519 996
3 41 307
905 676 51
868 475 907
806 568 132
1060 630 1054
109 273 539
658 381 464
205 997 633
262 664 1100
158 62 1086
13 860 1054
841 672 315
564 496 525
877 128 413
45 342 799
998 150 713
548 864 165
402 691 635
802 687 363
618 680 1025
86 411 817
1017 684 349
424 462 183
773 460 629
915 624 469
802 702 1002
996 780 1010
720 163 361
485 982 73
672 268 544
908 257 1011
1031 1141 1010
1100 366 312
125 146 845
578 856 915
772 365 914
420 558 358
558 13 902
370 354 638
1032 849 370
261 663 547
1148 42 997
104 546 247
868 74 357
62 38 87
753 1032 104
656 414 1075
356 36 1050
442 555 567
451 412 1055
643 785 1116
888 935 788
785 896 500
54 4 929
501 1134 497
592 1067 834
83 966 614
165 750 423
219 150 660
25 681 825
213 179 471
348 966 418
758 134 427
741 431 333
877 932 66
571 1088 1041
859 486 1107
500 745 585
88 470 433
935 651 681
596 1017 455
70 281 403
342 967 1015
887 707 1050
352 197 144
868 502 498
735 379 96
824 1159 1115
1186 811 49
291 402 1087
1195 876 403
1054 564 616
348 47 1130
126 764 293
477 717 1003
463 244 88
859 676 1049
1199 297 326
133 1167 458
704 683 13
141 881 1141
575 281 547
530 1201 806
699 886 689
572 110 270
1189 572 683
22 758 850
850 795 431
1016 966 334
634 719 932
533 436 421
1048 782 790
932 783 719
350 1189 870
793 1005 726
821 390 294
1001 1205 1007
972 637 352
469 1072 338
127 795 761
303 180 868
879 47 650
1130 73 453
713 58 542
853 756 999
668 461 1114
647 1223 1164
804 1043 275
752 454 964
190 659 771
540 569 931
94 933 117
600 798 109
316 296 98
21 992 135
275 366 842
1129 753 221
777 185 610
953 668 356
422 125 519
532 417 732
73 1193 377
1209 1190 1158
1197 152 680
407 706 992
365 358 1140
139 551 401
1160 1103 173
744 980 674
375 741 1010
135 286 17
76 437 1085
1179 299 141
345 1164 732
1075 1003 1220
637 211 958
492 988 101
136 35 1243
938 489 726
1027 1039 113
24 1174 1062
391 999 670
514 463 1011
1205 647 884
1263 29 325
456 569 313
567 933 185
1060 507 1269
88 984 5
241 1150 577
724 838 1190
1149 1060 180
394 545 458
833 828 226
245 2 114
990 50 763
621 239 1276
93 783 30
9 872 1034
935 1127 270
962 509 661
438 924 348
1198 129 75
356 751 149
941 1269 763
362 1256 539
276 386 161
192 1014 13
432 829 1021
92 851 673
911 27 134
1230 525 901
939 546 407
903 536 110
976 559 89
1299 732 941
338 641 1239
959 507 362
1227 1108 1187
611 43 1030
702 563 430
905 391 101
56 1094 1167
277 918 208
879 70 246
620 40 279
301 1116 1182
231 900 320
183 253 1282
351 434 1295
69 715 656
1002 200 1080
901 1316 1222
932 264 1005
514 699 393
878 163 1018
711 370 412
235 815 306
162 554 952
1067 909 640
862 1050 1305
364 604 190
911 1040 828
735 430 656
564 933 602
991 600 765
463 885 486
504 645 675
47 1108 735
864 248 816
766 879 53
155 866 784
294 13 934
1036 646 492
805 244 1337
1098 100 701
332 1309 708
166 341 1165
53 1077 967
1060 296 1230
1081 534 778
472 150 510
178 992 172
1126 243 625
886 919 977
432 793 606
809 869 715
1320 729 217
1018 1068 1170
1208 1235 596
1267 171 862
100 820 246
1360 954 1058
658 972 537
1180 965 1340
253 345 379
730 1019 292
47 336 480
286 118 16
659 1021 1054
1346 449 746
1232 813 236
531 494 749
262 739 1169
1294 161 770
721 516 266
1044 968 869
870 837 24
283 891 431
3 1157 44
1210 396 1329
529 340 564
710 196 1031
1209 523 1306
429 54 1056
214 68 881
1266 83 1346
1303 1246 575
1171 314 1021
174 1312 953
1121 1390 740
695 286 755
247 545 710
699 1014 707
972 312 1214
1133 919 121
328 1348 310
915 1192 64
774 281 465
898 1266 710
493 892 1310
1209 579 191
954 740 871
896 418 1359
1098 275 1367
492 826 846
516 274 1347
1359 612 880
127 785 522
1405 28 177
880 526 1210
1062 1217 1318
387 483 1237
105 1053 3
1224 529 625
1308 136 693
443 591 56
77 1364 1120
358 284 1261
12 950 1291
760 1040 1327
284 1068 1356
929 141 344
1062 1108 510
688 417 944
1255 276 1401
1173 766 267
267 1421 371
266 922 13
322 430 370
33 542 860
151 398 1097
1 619 454
1036 1100 135
1361 962 1218
156 1281 789
1252 303 138
526 1030 1222
300 1191 2
1183 786 839
10 28 1264
1313 1256 1052
481 418 65
1050 396 1085
568 501 421
223 1274 1106
1130 1269 404
1343 168 182
45 441 802
816 342 1050
22 798 718
253 871 1110
1385 1404 1313
1343 167 772
123 759 893
1353 75 47
733 1384 466
1091 1445 813
504 944 937
436 1039 684
758 1008 1158
1036 650 488
1034 808 351
46 246 54
544 245 979
4 947 703
1375 1027 978
1286 988 724
934 594 933
1110 751 1060
1256 705 157
1365 461 842
1236 184 75
511 823 474
525 647 878
1396 1276 164
489 1144 1363
882 562 718
494 101 1089
12 323 194
939 1423 223
175 1316 430
572 832 88
1289 1213 776
1047 282 1192
1285 315 961
1201 665 423
885 255 1301
433 748 335
969 632 736
1258 541 520
627 143 1389
570 39 636
312 702 705
1295 318 782
1392 597 1198
1315 961 1426
663 1077 847
684 453 572
866 1469 690
1492 1215 701
740 556 248
804 600 564
237 1474 683
1277 1239 800
269 839 303
1331 862 990
1450 324 997
128 1445 341
1105 492 1418
891 1391 1158
1399 1238 985
270 31 1059
729 782 1189
973 0 700
176 565 774
1171 656 1119
483 1455 848
408 809 1447
1153 193 299
897 1465 966
342 995 111
1462 30 436
1280 332 1290
1133 1107 609
1511 273 36
303 1070 1041
1514 1394 1079
535 1003 20
628 1259 1078
525 333 1307
989 1407 642
1066 112 930
36 513 79
430 628 263
97 766 743
1421 638 1368
419 120 258
501 416 257
1518 1353 863
971 1494 1539
1421 830 954
1354 824 1048
902 26 1037
564 1270 1079
314 1297 130
1009 728 1450
1183 231 337
788 189 390
1393 915 251
753 1522 468
1095 64 357
1262 1296 914
421 482 933
514 794 212
386 1443 501
1299 642 425
1346 1184 1245
1174 1237 890
1463 988 235
299 1271 597
169 1037 306
73 383 20
4 1055 605
1053 325 308
914 678 603
1399 1173 621
1466 878 437
625 725 404
498 1026 1497
569 1017 1546
302 1510 919
915 895 509
410 163 1130
1321 1010 1080
1330 964 984
719 310 185
727 814 1288
607 752 243
278 1080 1513
941 1502 227
1292 547 1504
144 615 938
1101 1406 657
647 1509 1506
637 930 759
1403 1325 1574
1110 1304 1272
1291 498 263
867 425 90
1425 697 738
586 65 1046
590 1526 841
380 512 263
1065 1567 386
483 1356 1206
290 1043 972
345 222 1182
1416 270 11
1157 1529 678
307 988 885
1375 1402 21
449 216 1587
190 1356 464
115 1460 1499
201 676 1335
481 1033 885
523 411 861
1502 1237 1228
1396 566 700
1246 394 57
744 836 1116
682 612 1209
19 1039 1099
537 1426 385
209 1296 180
1369 938 1525
46 452 1387
1526 539 1555
675 369 140
555 793 602
1221 434 877
1532 1322 1468
546 775 1273
996 1557 713
62 64 784
1234 193 1626
679 690 1281
416 440 1614
867 472 408
24 1505 520
1128 1620 290
982 529 606
627 248 859
925 163 1204
355 812 294
882 611 1318
295 1350 754
913 1382 928
1434 1457 1051
15 117 1049
647 1528 419
1177 98 489
1050 504 1394
330 1544 715
119 167 1113
550 951 1273
853 763 401
244 516 1010
568 964 1625
421 1185 1634
1289 400 847
10 603 1398
606 143 942
639 1574 107
1038 5 846
990 145 859
1628 144 684
1186 178 913
1422 1009 440
563 472 635
115 428 1049
748 691 1491
1133 881 1128
224 918 1031
28 1160 133
1490 1335 1268
1646 791 1024
641 491 24
22 591 719
959 824 278
371 88 536
111 1540 95
1584 371 786
481 1230 793
1477 341 1117
1587 1673 366
106 238 1089
672 855 906
1279 856 1665
1404 738 1536
1411 861 1182
725 607 52
599 256 416
1342 326 1434
191 250 1013
1422 894 738
989 738 1246
1389 25 1541
755 282 229
716 629 769
1600 1198 759
250 1207 1213
564 421 919
1662 1382 753
352 680 702
1517 714 1694
133 1553 1316
305 1545 1637
113 1104 410
222 319 306
73 1573 1459
1039 629 633
1485 324 364
106 581 1054
1334 183 1243
1072 933 787
1220 392 984
286 195 1543
374 260 9
640 1310 809
1573 1078 1695
562 103 1376
1065 318 432
387 206 447
1510 212 1559
244 725 751
892 397 27
1425 1686 1536
60 1529 1354
788 226 1625
1212 970 1551
785 1239 931
536 1407 58
639 209 73
232 782 127
81 889 1276
1658 450 1390
959 1323 145
306 614 1045
783 1341 1270
162 961 1459
348 490 810
183 577 1377
983 1032 783
922 469 1522
1333 401 1594
303 596 673
1342 131 1561
426 978 1538
1251 1306 957
24 457 1127
231 862 867
814 1300 592
932 524 1346
864 849 1491
1727 984 222
1118 848 1533
597 7 951
482 1617 519
225 963 1669
1685 1574 752
1647 1122 1549
244 727 966
186 180 183
555 15 1462
1501 859 365
1351 552 292
1643 1445 991
674 552 410
1041 101 1466
1557 602 1400
1105 1255 783
1149 718 241
772 829 305
936 250 741
558 865 1563
1115 334 930
1343 1474 1451
1564 1093 1612
1102 263 1423
1420 591 1684
1715 1481 1074
1756 993 96
14 1719 1737
431 341 724
1352 796 1774
357 76 1069
633 724 1167
226 664 779
1069 456 1588
553 1428 1393
921 280 731
1430 1494 1516
170 43 1610
1327 102 1463
104 870 921
279 773 1582
1134 523 91
378 1131 1692
450 151 990
1119 1533 956
554 1304 77
494 1126 686
444 467 541
1374 921 431
1397 1647 1730
1135 1485 1141
1428 290 1724
838 110 147
97 103 1476
864 601 27
144 1451 188
1466 1763 1116
290 574 1493
1507 439 1118
224 545 41
827 1269 556
343 1403 1096
1048 339 1150
1566 800 287
884 417 238
1720 432 820
1717 585 876
1076 421 891
299 1166 880
1612 1559 1218
1775 1529 475
1441 947 1799
1441 560 945
537 78 506
170 326 530
726 1043 301
1 1701 81
1776 1174 293
584 18 351
1720 1296 656
1166 1446 1359
1718 685 1684
574 1347 888
938 399 1725
301 1427 1016
1103 1283 534
380 1701 1238
324 655 1031
1118 241 1349
1673 444 203
655 87 762
1523 1736 976
517 591 796
1089 1394 648
389 1253 314
219 610 757
1447 1220 712
442 1553 1545
919 185 198
1803 190 1320
1150 1706 1341
1646 1005 1321
955 70 115
44 616 1248
164 1330 789
1297 1580 1552
1798 24 659
1656 1641 1475
1221 1123 1849
1458 1132 14
898 1677 781
1175 1108 500
1591 1744 141
1837 1150 437
1351 1337 1823
1196 1732 776
1021 936 62
1633 607 252
1502 1767 553
784 719 26
389 376 1306
840 444 1477
583 664 489
1035 1016 654
1849 99 331
1306 1828 474
777 1622 636
503 682 1601
708 1796 1802
1605 492 1471
812 207 825
1283 951 356
94 1623 348
147 412 955
942 902 1746
892 576 701
214 1701 429
1565 45 1184
1585 1803 3
1325 906 510
749 1827 1756
130 878 431
1453 1196 1877
1605 1090 1890
1712 336 184
108 391 1223
1368 1022 19
1451 837 1862
994 443 341
1210 1320 639
163 1770 201
700 848 142
519 958 1586
1762 516 414
1016 1315 1761
1150 1658 301
1844 603 277
1577 1450 1447
1640 680 1247
397 239 682
1210 1803 1795
1566 1177 1638
111 800 1068
704 1007 946
550 845 1515
1440 943 744
383 638 143
730 185 894
1056 338 406
584 1882 1009
1041 660 117
910 1854 796
869 1000 1322
1322 501 977
1516 937 1096
129 1024 84
539 66 762
874 487 129
772 1347 727
791 1893 1309
637 1485 49
1518 1640 1206
711 1080 1272
422 1560 1221
1921 481 1135
1612 505 191
72 328 383
1728 366 364
1762 770 1443
215 486 1716
1269 270 440
875 153 1224
1827 1286 439
1061 1298 362
648 341 652
1813 522 1287
619 1308 827
25 1700 1703
1003 1020 1913
1279 1263 1859
1057 1209 1419
794 1252 640
1382 511 503
1003 523 1102
369 1024 1741
810 388 774
857 1123 737
720 352 914
1526 96 853
1303 1689 733
351 1390 49
575 1285 1108
1465 505 721
1105 1314 1493
1105 1750 511
1387 77 857
903 898 173
1332 1081 1483
1746 1608 384
1039 1334 1060
1177 107 1442
44 213 319
1076 1055 1389
825 1783 604
453 1424 1810
1888 527 890
460 1662 1518
313 1696 1195
994 146 868
1449 1822 1372
1744 1305 716
1784 1042 949
160 820 642
1769 441 1726
354 1779 1846
1945 1906 550
991 679 1017
1651 1821 1303
868 263 781
862 1746 937
1221 1978 130
213 1256 51
759 727 1700
1001 270 603
859 206 1698
163 1606 1703
708 1169 161
1372 264 1688
1302 1416 847
1125 1057 1555
1793 332 1863
95 218 1863
415 756 765
1907 888 427
1236 480 569
74 1314 1532
1622 651 1319
215 1416 1429
1849 1756 16
1196 532 675
1904 1480 872
664 821 1893
879 518 892
833 1689 1351
1219 273 1797
1977 926 351
1815 375 1845
1621 1343 1769
222 1623 676
724 50 409
945 979 624
1146 693 1575
516 821 880
1800 1784 477
1650 1149 634
827 684 551
772 1859 185
323 407 1950
1301 1623 1039
898 976 300
1115 793 1909
1608 213 119
611 162 1962
986 1532 2002
248 920 1479
784 1737 483
266 1569 1968
1797 1916 1430
1192 95 818
269 539 639
225 436 1602
867 593 1865
19 62 710
1808 1504 885
1630 2024 1472
1429 712 1595
800 1752 648
1398 564 1918
1315 485 1040
312 508 129
1040 349 1691
1638 405 1312
58 1977 1480
1579 1756 1542
1224 787 1355
1406 1719 1782
1233 569 1390
223 1945 989
1695 669 1023
129 1217 1193
1115 26 486
452 879 1594
1219 1605 216
1584 884 1868
82 918 1220
471 108 1409
718 890 718
1545 759 1217
328 1234 1373
434 862 503
904 849 537
216 2030 1465
200 1314 610
1037 1253 507
1662 1574 338
99 1310 1493
727 94 2047
238 739 803
155 941 1309
1993 599 1752
70 1392 2006
930 1484 1525
959 1837 37
607 1092 1898
935 943 937
467 799 1118
1996 1693 619
1002 1194 188
1725 628 1509
1463 508 278
1074 1457 909
1102 122 348
820 1644 845
813 1989 4
1989 422 2029
179 1114 179
1960 637 1935
1075 1779 1050
1467 1977 1988
1640 868 1819
431 362 1765
487 1745 1218
1986 1593 1697
1780 1440 1565
1832 1353 1458
1671 1746 864
36 873 571
1409 304 410
464 1709 1712
868 1053 9
2082 624 1214
573 1643 2105
1591 289 990
1922 1742 129
2021 1092 995
1921 146 569
995 2013 1364
1717 1154 663
1823 596 854
1468 332 1102
616 1239 1954
2071 252 1802
1482 1772 1527
1018 388 1716
1423 168 1313
1257 1875 109
1770 1581 773
389 1245 1170
1099 1103 1164
1147 44 1945
370 1353 1437
674 117 1415
2059 679 2
1635 697 1388
988 1022 1190
2120 1118 321
807 524 893
1167 240 409
1425 966 1028
916 1715 1327
500 1790 559
782 1814 1892
1871 228 433
1253 1071 1503
754 1349 1479
483 69 587
319 942 2142
112 1072 346
772 454 1448
347 1108 35
615 1130 1973
1713 1075 1246
1384 545 1189
574 1778 1335
376 153 827
933 554 1477
309 950 1622
1293 210 1855
1660 1212 1414
846 983 1782
1864 1348 1827
720 546 1738
1577 777 1433
1952 2139 160
1839 1825 737
1774 182 328
2119 313 1349
1175 787 1382
1313 1026 846
619 176 1389
1 781 396
301 614 1568
1230 313 1496
1983 1726 2090
1941 1213 1332
775 472 738
818 190 1786
471 313 670
2119 1480 1672
1315 469 1192
1399 27 1452
221 841 753
2117 932 655
2043 855 2031
2003 1848 298
910 1144 1622
1245 164 723
939 726 2079
430 2098 1600
1448 1681 1805
386 453 396
1034 776 1305
1317 1790 1798
737 508 27
1812 528 1955
327 1083 765
676 1179 1717
407 286 1981
968 1173 2098
1864 2135 1917
421 1808 299
1271 578 892
2043 1682 1952
127 2083 532
1145 894 786
2150 1997 295
115 1848 59
152 1155 923
1603 1371 967
915 1086 1931
1820 453 1286
1411 79 1762
1558 722 758
916 128 1900
413 1248 1040
1794 111 486
1770 571 1044
2013 2210 1472
2142 1027 131
282 840 942
1461 734 1442
1885 1713 1063
87 2086 1572
1449 1417 1656
1799 2171 1415
1977 2091 1458
764 1842 304
150 1020 599
1200 1256 799
1334 13 1369
73 351 1700
1039 1579 742
1374 1205 944
2192 164 468
326 916 937
1923 1590 1186
1609 294 1075
2204 1826 1134
33 788 1269
615 938 553
1768 1887 2010
1991 765 928
144 1401 394
30 638 67
1679 601 1520
1737 374 739
752 579 833
141 1413 1034
1478 2026 1291
179 561 1362
215 2144 407
192 918 1820
1101 141 1049
2172 1642 244
1433 1023 1917
1607 950 1640
1264 1399 1481
1647 46 602
219 673 1751
541 158 1825
1541 1808 1446
1519 1438 1995
539 1330 968
1410 1237 689
54 1308 991
22 1323 761
1382 1996 1087
210 6 330
1741 930 827
1461 1443 1712
433 173 1793
646 966 154
1461 1416 1599
1325 913 501
1602 45 1619
840 464 216
998 640 1077
50 1944 1875
352 769 174
295 849 1620
1271 233 521
1633 1500 1400
724 1234 1411
710 926 2214
390 234 493
1902 1910 2031
1440 1403 904
1492 2054 813
655 75 1212
966 714 2007
858 1204 1498
489 215 453
2092 1702 918
247 854 1594
914 437 1512
259 459 2230
1563 1978 1980
1880 626 326
1845 1871 1025
1189 1667 1054
338 379 40
1891 1954 2213
524 1778 553
566 1175 1297
2013 663 1278
108 846 2219
1102 153 145
934 783 1966
1322 83 15
1380 163 1931
2251 1396 950
1641 1405 2155
808 920 378
314 1808 1634
1169 757 2059
1967 1317 630
2073 680 989
164 348 488
437 1 1563
1898 1488 2141
1209 1575 210
621 983 1532
1850 1639 895
991 214 654
397 1176 274
593 1358 157
1780 120 1407
1899 1403 1741
1206 593 72
1531 701 378
1632 1733 1257
431 1381 1553
512 1173 31
450 1164 325
1721 299 1911
1161 1292 2198
1725 1676 1376
2292 1712 1445
1444 250 1844
527 711 86
558 1362 635
2012 1542 370
1572 1628 1130
1101 640 1663
2085 1724 1358
16 1783 324
867 784 1482
1610 1161 917
465 2172 1740
1943 969 228
1015 1238 112
1025 1822 1267
1107 2122 1603
1776 2300 258
718 1687 2346
825 1396 612
2102 1544 2026
1567 1678 83
1527 1538 1549
1745 2273 2057
2016 598 1374
344 1932 1089
1542 2205 1939
2283 791 382
2289 2344 1173
1840 175 675
1803 232 1823
2282 871 1691
1837 396 2337
1984 167 2297
972 378 430
685 1656 1991
1820 216 1368
866 6 765
1000 16 982
1762 1897 2135
1975 1766 381
1700 309 1432
716 1153 309
1338 1868 1581
505 1844 164
2114 120 1109
335 571 2240
192 521 1326
2332 1464 1303
843 929 721
1191 1942 1390
1979 1478 906
1726 2069 553
2298 230 1989
1189 1311 1377
1830 2005 2017
2142 2253 682
1045 1106 1297
472 2307 554
1234 1092 2276
1566 307 656
871 2222 1908
2361 2077 1897
641 2055 521
1848 1688 1579
667 1516 980
1450 579 428
811 1698 2189
506 2116 1479
2007 1264 1270
2226 282 535
391 1333 1126
707 811 1075
1453 930 1495
1870 1574 444
1001 653 1299
1907 1482 1591
972 69 1161
718 474 1717
1574 527 184
1075 1313 438
357 1896 1615
1798 231 986
2145 760 2186
812 2082 1344
488 701 866
992 1992 2292
603 1107 781
1409 2229 1152
1068 112 3
426 135 1529
885 1365 681
1357 597 1569
2020 435 1708
1724 205 2299
1151 1063 1941
1973 363 133
1003 1801 504
862 1494 170
471 428 710
148 2085 2279
195 1243 1733
2015 1517 1010
601 1500 41
174 147 2143
879 1081 1638
1002 2159 957
582 2142 1066
297 1681 2248
2414 2255 1504
2372 509 165
625 832 1193
773 1083 2192
332 1457 2405
1907 2128 1899
219 32 1990
1859 1733 2283
359 517 836
1351 1493 49
2399 2109 2212
1130 961 1265
0 1838 1162
2130 1222 1547
1864 1727 330
1432 577 1179
1984 2175 1339
1501 131 1595
843 1326 1953
1386 646 399
2359 1981 1567
1928 1190 1307
1912 831 2049
399 1328 1393
2415 406 669
2057 1209 241
569 1463 1170
1579 1578 2202
1584 1079 1847
1660 1483 1743
2157 515 462
1874 1812 1063
108 1826 2438
1191 673 1892
2218 2395 737
1237 1638 431
1406 1897 1937
1120 850 1993
1349 1967 921
129 1034 1809
1488 1489 721
1275 1656 529
2027 1045 2245
2472 2077 55
680 1812 755
745 622 1196
1927 285 287
1113 36 42
1241 1983 2247
906 711 518
962 341 1708
374 1088 1364
2004 494 1534
1149 2271 1360
2413 2293 751
1739 683 138
1415 371 538
254 2287 1810
743 1986 363
857 2194 611
1807 2150 1663
1958 1655 576
1299 209 2103
1640 2129 1796
692 2220 841
1989 44 1815
1548 2178 1511
2155 372 49
515 617 1604
2375 138 761
1674 2033 2443
1071 729 1932
377 14 45
804 685 1602
1603 1881 890
757 778 2189
1863 1169 2133
312 2500 1948
950 1961 966
1820 1381 1156
1949 1775 1903
1327 1633 1571
420 419 1252
564 694 1718
1088 1870 569
505 29 1000
476 31 942
896 1416 458
1870 14 1531
435 2091 1019
2296 700 377
2184 177 2139
1616 115 1217
770 1259 1606
1516 330 1745
1499 824 424
2261 13 1249
42 1632 505
699 874 469
1645 1257 2354
1090 993 336
1799 2527 320
991 1571 2147
894 555 1010
1486 1462 2019
298 328 984
2215 2135 394
2431 1711 1598
781 1830 465
204 1671 1144
830 1688 848
1535 653 897
723 463 1846
2140 1471 1351
662 1397 230
1691 1078 1601
1208 760 830
2024 123 1568
1911 1451 1858
1847 574 528
2474 2202 1029
2096 808 940
427 1608 273
617 761 347
1411 598 1732
710 778 2233
935 6 1977
316 1656 2142
657 1692 2423
2149 1231 1722
2445 1864 1399
1229 1308 1429
103 850 2492
1550 895 1875
885 1004 1236
2006 420 1798
2247 348 2500
127 1669 2511
346 1145 1454
1535 2310 698
2536 1835 1839
103 2018 715
621 1248 984
1567 412 2483
1485 600 2377
366 1014 758
1379 2309 275
804 223 755
569 1749 779
1822 834 1150
118 971 981
1414 735 1152
2529 1358 582
1918 1502 2586
1731 1531 993
1145 1584 945
1471 1390 1193
604 1072 2509
1469 2319 1944
130 703 2459
738 387 1074
2496 1192 702
731 1838 1660
1238 586 130
842 1623 259
2165 852 1759
1776 2383 1551
421 1670 388
195 1357 459
1421 717 1743
1396 570 1883
418 1197 1592
628 2545 2557
1882 519 1189
2131 556 325
135 1898 2156
423 2603 1532
2106 259 1922
1138 929 1702
804 1432 1187
966 1433 2511
401 2419 1418
983 1374 1665
1777 1609 54
1556 1682 2513
1715 2082 811
256 1484 1937
1832 1760 1508
326 2216 605
1023 2118 1928
863 2176 831
358 1778 1642
2215 902 1966
2239 1215 2324
1245 2311 2038
1171 1025 1830
2110 2532 1772
2517 2472 1715
1855 1486 113
311 1676 648
863 2109 263
2476 2163 1340
709 1473 866
2281 398 1327
764 243 516
969 527 1071
2294 2223 1704
38 956 1711
493 251 1941
371 83 1867
1915 1894 1931
499 736 485
2615 2302 981
2413 2371 242
1126 865 575
2389 43 1244
2357 1196 1570
2353 285 2429
1158 1451 1471
2543 2154 508
2270 1160 1893
393 1175 887
716 1118 996
602 488 1699
1697 886 1178
1840 490 2466
302 1884 1376
1533 1738 2506
1377 627 1584
2361 1674 11
1818 1546 2337
288 1622 673
1465 1274 1853
1073 1314 708
816 802 316
2432 2073 850
97 1526 1621
1330 1843 491
919 888 164
887 2578 2610
1637 760 2339
537 1769 2670
626 1570 1347
2660 1723 1650
422 1524 892
2144 1550 2022
1464 459 2103
1654 1280 343
1047 213 165
1607 431 532
1353 429 1479
1047 2582 673
1743 41 2490
301 1132 247
319 1083 396
1316 1144 905
751 2615 109
1162 2244 1547
2290 1029 1432
1156 1821 2191
1733 897 2540
1921 2193 1802
1578 312 536
800 768 1528
1390 2264 1586
2535 1114 42
504 1826 2485
336 657 2419
474 1553 694
1646 603 2234
2618 1814 2299
2665 863 153
2273 1936 92
850 2713 2144
2548 83 640
2416 2587 954
2541 2644 2530
1700 440 1256
1125 381 1522
1675 1138 188
1933 1936 2284
2001 1768 2051
1520 728 2301
161 1621 1736
1250 984 186
2061 1274 489
2074 68 353
1973 728 490
2260 2385 616
596 1911 2193
2455 2646 833
2188 1052 2341
1939 1375 35
2383 610 2234
2211 2515 2684
928 2257 2282
1543 1027 131
703 1934 264
1580 1582 213
1924 352 1767
2300 1010 1611
589 2082 589
2283 1332 1911
1412 1560 1603
2081 2459 494
1597 2219 1861
2623 1353 669
2445 965 1092
2748 2503 1421
1027 596 6
2244 1893 1790
2744 749 938
2179 2198 2661
743 1182 2547
172 2020 2294
1597 777 2028
311 536 148
1348 2323 1049
1594 674 2684
2094 2391 861
448 280 935
1603 1896 2193
1063 741 2046
943 1410 987
104 286 479
630 2427 795
1896 1025 2429
1999 896 2746
1961 412 2190
1907 1062 1003
201 629 384
1372 672 1577
2039 1515 910
49 367 506
1623 2705 2273
1118 1251 2666
2178 2154 1295
261 2309 2326
2396 525 759
1344 2288 1470
562 670 1406
2659 865 867
439 1734 967
2482 2105 2163
727 2356 687
479 763 42
1960 2193 2219
831 1611 2050
2571 363 1462
982 1215 1455
44 1009 627
176 779 108
2473 2290 203
1510 1019 350
2464 1003 1086
1999 834 1901
2240 450 651
419 2751 2704
609 379 1934
1653 2574 2589
709 917 1440
1219 553 897
691 1480 2290
2068 1267 1340
2154 1026 1680
2593 379 1814
257 570 2291
631 2584 2543
2690 930 416
1113 1897 850
1067 189 2298
723 1472 1520
2777 1190 1592
1519 1187 2410
1814 1775 2186
183 1150 60
102 1747 1165
2698 1709 1286
1456 2240 1545
1705 2218 188
2587 1837 1047
2281 2568 2767
1388 668 2554
2823 906 999
652 1214 664
2474 1302 888
125 2 1854
659 293 358
940 2269 2513
1487 1358 1036
2310 1050 1047
2755 1166 650
1584 2131 1784
216 2177 1485
2746 1543 1763
1019 2543 2417
1804 1539 347
269 1066 252
2263 1476 2004
187 8 2363
129 2167 939
2609 943 1839
1384 2698 805
2025 1534 1730
924 2102 2619
2775 2263 1648
2608 2626 2052
1432 1920 932
457 1295 2132
596 446 1180
1755 172 985
1578 1498 1024
2160 499 1546
1225 858 2363
2089 1229 896
1254 1846 2413
1090 1306 1575
2246 2834 834
2383 1134 509
2287 2384 1944
888 513 1338
8 2639 798
1606 420 204
2483 2569 1683
2369 627 2277
1250 2833 2595
380 2282 638
1242 1706 2345
2304 2400 656
2529 2405 2635
1553 2089 1592
617 336 1278
1837 2277 1974
1048 2269 1302
916 690 684
2623 2513 2769
34 52 2069
2210 1857 1813
1555 1566 639
1503 2876 2359
1882 1020 1122
33 1093 1553
1667 2378 1665
2595 1150 2710
762 1130 2495
1988 403 1753
1023 2385 1087
2861 613 1640
2749 162 1025
1463 1314 609
2535 2665 2883
2842 2823 2638
2376 743 2535
2517 846 1820
883 2448 887
2446 2084 2219
1077 2254 1536
1522 788 2048
119 258 1318
2805 2117 485
2860 240 426
918 442 1552
1429 70 1799
532 1068 1987
1096 1705 1273
2320 2276 73
2608 2771 1544
2808 820 429
411 1025 1117
2601 1722 2215
1953 2663 2227
837 317 2041
1598 1711 1970
989 1416 942
654 206 2876
2279 727 2825
812 722 2496
2147 92 2775
534 778 304
1893 2789 2634
1867 1663 1267
1385 2832 705
680 1601 2525
1405 348 588
2245 1313 2326
1549 195 1136
857 2836 311
1453 1335 851
2566 1445 727
1345 2699 724
1508 985 1129
899 459 2091
2187 2011 348
2877 1510 1517
1039 2001 1578
2849 412 2281
1053 1865 2065
255 1253 1463
384 2791 2645
748 251 1994
2178 632 2698
2892 2766 170
55 1803 1937
1592 1135 438
1451 2465 1268
61 1829 2335
1674 741 2765
1987 2479 110
730 53 873
276 1341 2896
1791 415 152
490 149 2089
2406 68 2299
2382 378 1050
2323 561 1452
1769 31 2209
673 1325 2334
2519 2523 25
2012 1351 2053
2395 2154 2321
2582 269 564
2328 2712 874
2412 2119 902
1540 1731 2529
1190 138 1667
338 1304 2361
2152 1684 907
2581 1067 2493
2858 734 255
2833 766 2555
1647 51 1344
2788 2410 279
1466 1113 2654
46 1338 2137
1338 2684 2033
1725 986 580
391 554 781
2656 1551 1007
2369 959 1734
1525 681 2613
1726 94 1038
1892 2417 650
2273 2643 436
667 532 1270
1485 527 1259
2711 1781 1202
1218 2202 2018
1974 793 2228
1898 1541 2438
442 682 155
1810 51 1108
2289 937 385
2331 1934 2481
2190 173 2736
2144 243 108
2689 2602 335
2270 197 1243
369 2599 2795
1000 1413 998
2363 890 528
1677 186 1195
1543 2215 2258
2646 1721 2420
1546 2282 786
1031 1903 592
170 129 2787
1378 2962 2324
2559 1584 1571
1302 972 872
1026 769 1674
1761 1825 1720
2222 2748 565
2643 432 1864
1491 200 1565
2231 303 36
433 124 1895
2165 885 986
2582 2424 827
1797 832 592
1525 2052 2658
2926 2301 1761
2935 2487 21
1538 629 2312
614 1660 214
1939 1397 9
581 2340 2487
1460 1693 1747
2974 2187 2443
2295 673 1278
351 2258 2622
5 2329 1152
2713 2941 2511
1819 2505 2545
1059 1438 2304
2279 490 2208
2028 1261 1040
399 159 2992
1248 390 281
3017 2906 275
441 2081 2642
825 1876 1651
1574 1179 2360
2552 1166 550
1909 1651 2615
799 1705 2111
1835 774 135
2988 3034 2431
388 435 939
717 1444 3041
14 1988 2301
1602 109 1694
270 1125 2697
1509 1996 2179
424 331 2770
1496 322 2372
1805 1758 975
899 1037 2050
288 1110 659
2822 1119 803
2297 145 325
2315 1271 256
2271 2481 2027
2894 1430 1707
1605 825 2508
218 2782 2663
1952 1253 1917
433 2067 1332
3052 1920 705
688 2247 1746
1637 6 1543
2593 1589 1455
1783 1420 596
2397 46 1131
1953 1785 1598
745 753 1614
331 1685 1309
1575 2034 449
1541 685 2045
1426 1618 343
433 2882 1193
767 2078 1368
2387 699 303
2148 1531 1426
2755 275 635
1142 1654 416
1274 2328 514
2447 1139 2629
1389 1116 1852
677 2379 1724
2988 1028 2500
1572 300 2277
373 603 3036
180 1935 1230
1162 1810 1770
2741 146 2967
2763 988 2137
2584 2952 3035
389 318 945
1407 841 1827
97 515 2849
27 1187 1545
184 978 175
1804 276 1656
1698 1867 2120
2257 2180 214
2070 1884 72
305 1834 2580
2180 147 1507
1038 2675 349
1204 2422 3054
1773 644 952
2018 2881 2808
2949 1679 2631
2990 275 55
949 300 421
679 1233 973
313 3090 119
1549 1922 2216
2193 403 2276
1310 2199 371
1600 1443 2163
2675 2713 1198
2267 777 2257
2779 2423 1433
97 2728 695
569 1620 1636
1600 1774 655
403 881 2384
1256 2615 1103
2683 555 2074
585 1812 17
1812 1056 2748
637 2837 1931
2109 2788 1571
699 265 2421
1261 102 1504
2783 416 1831
2929 2709 2805
2885 2716 846
2445 2080 10
2926 2308 2908
64 809 1713
2963 1961 3063
356 1145 1879
1675 2597 3064
2740 1545 3012
302 3031 2106
1444 2702 905
1860 1515 2548
38 3034 2725
56 721 1647
2118 2091 1127
2025 225 2576
1877 888 615
635 1067 13
1262 3049 314
2247 215 1395
2393 359 2220
219 636 2626
109 950 2493
1421 1614 1036
3153 1001 2509
2220 503 2070
996 2455 2883
2798 758 300
2847 2885 3102
510 1548 1781
2198 618 1776
2528 1247 215
1953 1324 1916
2919 141 1049
1507 2328 160
1714 3157 112
45 284 2745
672 3057 1540
2697 2778 2348
2659 1695 115
389 2216 94
1891 919 1900
2294 2221 3131
3096 1463 3179
1654 561 592
1834 1362 1960
1353 2116 249
501 418 1744
2934 1218 74
2461 46 2336
1471 2231 2697
231 2580 1387
566 2113 782
2206 2310 901
976 3059 2659
464 2285 2110
54 580 2304
3032 3166 2686
531 3187 2026
2056 1523 846
247 656 2947
799 2378 1744
2881 305 2982
2705 358 3127
567 41 985
1688 21 2289
1936 1656 1654
2187 3191 994
1458 910 2169
1770 2559 2753
1014 2870 3090
1584 3120 619
1900 2238 1417
876 690 2281
2848 211 1513
3019 3056 2470
2737 679 1925
901 2656 2970
863 2587 2295
2860 2314 1346
3016 941 2435
593 738 2165
2114 2325 2636
652 2181 2356
1980 1274 1946
478 834 2915
463 1199 1484
42 1565 27
2722 1669 1869
1905 1720 1154
756 2454 1449
3091 1997 953
2666 361 2012
665 2073 744
2134 109 333
594 31 2104
1774 1524 255
1590 526 727
2213 1357 3040
2415 2273 574
392 2047 1264
421 667 867
506 989 1983
608 1002 739
690 3185 3149
1978 745 1331
987 1051 138
2232 178 611
3083 3239 539
883 2425 3058
2573 267 164
1917 1533 1503
739 2022 2847
1942 1525 657
671 1527 2248
3250 2268 2274
559 2166 1437
890 3125 3134
586 1881 1333
1024 1203 977
3192 1119 1488
2476 2597 2136
733 1817 2721
2191 1310 1765
739 51 1805
654 1425 2983
1534 3126 1083
64 1491 2500
3088 841 952
1163 1347 2586
1401 3230 1491
661 1873 2206
1576 1667 2929
365 744 2063
675 2296 385
1560 1465 1899
3067 2935 1369
2323 179 2587
2757 597 2084
1597 3141 142
1932 1610 42
936 128 460
3202 1943 2945
2663 74 1234
2933 338 3017
3044 2145 301
65 316 1408
2189 1794 2257
3185 852 1123
1796 1672 667
2463 3270 2893
1120 336 1948
1068 235 2948
2583 466 1354
1175 2437 834
1131 3212 2304
1589 1758 2527
2397 2047 1730
3244 1317 3145
502 2662 594
946 772 3081
3229 3251 2441
228 974 774
1628 2750 950
1201 1963 3080
65 1238 1592
60 1390 1924
2756 308 98
2243 756 270
2732 1583 2284
1402 559 2400
1154 1548 1253
219 2165 2431
540 2841 1722
2655 2576 1998
1025 993 1876
1469 2715 2965
620 1106 2963
360 1703 500
105 788 1970
1142 3218 2050
2466 683 251
1126 2441 2875
936 2606 2349
1852 1810 3083
1359 554 2826
4 3282 2069
910 664 1449
2403 6 2295
2705 978 2664
250 425 3308
1323 590 679
2057 2517 3215
1721 62 2867
1459 653 994
1097 2880 1546
1729 2072 1232
461 2418 263
941 2270 2288
3313 1669 1247
1801 525 1857
2307 3144 829
1619 2643 950
2748 1879 3330
2837 3341 1922
1396 2313 396
2758 142 1747
1869 1701 1560
2799 1767 2063
2551 214 801
2501 1525 1010
633 1327 2426
2782 2616 2202
2065 3073 2447
1338 2882 2220
2127 1147 2156
1969 1800 2527
864 1430 1924
530 2127 1183
473 2779 2112
444 2871 716
1245 27 855
68 3208 2410
2205 3264 363
24 2160 1935
1802 399 2385
851 2877 1045
930 2469 760
2598 470 3162
387 603 2032
3357 2244 222
533 2009 1624
1352 85 3220
2041 651 496
1051 1494 3210
920 2749 2668
693 1746 2201
909 3160 3334
636 3341 2181
3184 897 1764
2968 1268 3039
2399 109 1404
1250 911 458
2815 2752 69
2091 3243 1749
2051 2924 68
1516 2853 2154
2591 497 148
40 3062 1551
1216 680 2359
2923 3134 2034
685 828 1328
613 2557 2323
174 1807 2363
1894 743 2083
508 62 39
2208 749 1884
2921 1796 1105
1063 1069 199
372 3069 607
637 330 2693
2494 2229 171
1882 3246 3189
2601 3329 842
995 1283 1091
1696 479 2342
2902 3110 1416
1674 1018 1393
2677 3243 2847
742 863 582
2400 2250 3282
501 2653 2090
930 2153 921
1870 3351 1139
2681 1672 2243
1067 2495 2507
3044 1592 323
834 2481 1510
598 169 1526
1607 102 602
125 3024 2396
34 1454 773
1467 1634 2022
1854 1563 47
952 1091 959
2354 3042 634
1114 322 138
2169 1660 527
741 2791 3304
2066 1747 3134
970 205 3341
1997 1102 1341
941 2767 603
2774 1686 3242
1921 2505 2168
591 2752 721
3359 1482 928
2990 868 2919
2440 1017 1343
3155 608 2860
736 2490 2963
3120 2775 1635
733 2018 1273
2921 837 3161
996 916 808
558 805 406
1497 2865 2687
787 3280 246
3294 1334 1028
1717 2542 2007
1029 1677 1522
3348 1890 1954
1671 2204 729
2369 1022 187
1662 2601 467
1100 2189 813
2771 2119 3287
3405 1878 2019
71 39 597
136 2433 1923
497 1381 127
1120 1850 1484
2579 2309 1509
695 1997 1353
756 2297 1705
1387 1916 2761
2633 1216 2610
2014 748 221
1119 1047 1665
3104 2107 461
32 3370 2701
932 3391 2504
375 103 3095
1260 112 1986
1800 1846 1295
3269 2187 2662
2199 2885 3407
2251 371 247
1931 1335 1905
1173 3418 2642
108 1146 252
1207 2445 1354
954 868 2967
1183 3422 2072
259 200 1353
261 1776 2889
747 1963 2106
934 46 2419
1993 1968 1443
1403 2260 3138
1983 2634 448
1600 2216 2103
2353 2115 69
508 633 623
3339 1172 1672
2725 1183 2648
1163 3293 1652
3085 2533 1623
2883 3417 1416
1224 1175 745
103 1257 3055
1970 1999 3179
2943 3264 190
1856 850 2109
1137 3132 2290
403 1487 903
567 2784 2243
173 2173 2651
928 2664 3431
2521 2979 2480
3287 2704 2723
2941 2661 1071
1936 2765 1529
2727 1404 852
2373 1384 2561
3428 1930 2634
1549 1423 1070
3007 69 2691
1359 310 3423
410 1541 268
1282 2293 3392
245 2326 2426
2037 2559 2840
1703 1212 1391
2465 2444 1879
2570 1163 935
2224 2136 617
762 1236 1039
469 2538 627
1440 120 3524
1231 1635 1354
3300 109 887
812 3200 2834
297 1125 2500
716 2698 1798
3186 1899 3486
349 384 1429
1257 53 1244
2470 398 303
3532 2119 784
2170 1433 1509
1613 2433 2929
3066 2802 1519
2454 2879 530
959 810 1747
1455 168 1501
772 638 1925
3154 2304 2530
2811 2566 440
773 76 1540
3037 1207 403
1509 2599 3485
1640 2821 2095
492 2811 2752
382 474 2455
2540 1496 2248
747 1814 888
2635 1694 1373
1787 2830 2755
997 2055 27
220 2306 1008
762 2502 3531
3547 2505 655
1551 1395 1310
2109 3194 1918
2978 1295 1599
2962 3394 1298
2494 836 3367
2465 971 2684
455 1565 1742
986 2060 3121
792 840 272
354 1934 2428
538 2475 2369
1542 2504 2116
1226 3187 40
3211 1345 2146
97 3424 1278
15 2081 926
177 3166 2416
169 921 2776
2707 2664 1352
2247 2825 3462
2556 3115 859
772 2217 1819
2621 12 1370
1118 2169 1725
1478 704 2892
293 1164 1487
129 1222 1986
23 993 1759
203 2014 2901
1811 2994 2070
3493 354 1997
2545 875 3444
55 1508 2938
1064 1630 1137
3288 402 2287
371 1492 1015
3191 3415 2042
2186 2465 1289
3417 1491 2488
948 2557 2546
1054 793 553
2920 2173 959
2538 32 43
2738 3154 2700
731 1396 2126
995 948 958
1724 3389 2020
1507 406 2821
1706 3428 860
2703 3133 3134
1861 1699 2571
2601 936 2337
3070 2756 3272
1693 2337 2770
2315 3226 2044
1793 288 1695
112 819 962
3301 2783 2413
2860 1151 2311
1155 2909 114
1646 2154 706
1422 2194 332
1453 1820 2025
1846 1126 3370
3313 232 3583
3424 1378 894
1824 3355 791
260 3363 1705
1645 2485 2641
2228 431 2065
2331 112 949
2997 1728 3311
2375 2898 1698
176 2565 730
2900 2675 1402
3387 2805 1798
11 2336 2816
1081 1170 2696
1976 593 1189
3535 3017 3459
1194 220 3342
2622 327 1327
1634 2634 2035
3065 1903 3104
2506 279 2239
477 230 3109
48 2474 3353
742 2859 1907
792 2121 2940
1494 2176 1518
1825 3432 1696
387 2365 282
2325 395 2144
1153 1500 2247
997 3424 3229
3271 3102 1184
2472 1601 3478
2457 2613 265
2935 2500 1850
701 1401 3229
2096 427 150
802 1629 3201
832 1485 1839
12 2953 3073
40 1152 2102
1951 48 2607
2853 1461 52
2143 2588 231
2570 633 3394
853 2214 1310
3309 3560 2825
1264 619 1314
140 2571 2522
2779 1429 1454
3564 725 3475
1514 1659 981
3181 2212 1754
1242 1329 1057
2673 2554 930
1618 2345 1741
742 2931 1684
2718 694 3405
2554 2990 167
957 1383 2407
1260 184 1363
1010 2854 1015
3401 2814 505
434 2945 2732
3387 2631 2198
244 3414 540
1466 3692 451
734 2052 668
3366 438 2032
2165 1836 2483
1945 1720 1028
2265 3289 2939
1907 1404 958
1453 58 3663
1568 699 198
702 1941 3543
840 1375 2073
3332 3455 48
2811 1146 2456
3628 3126 3274
2499 2036 2883
3549 2049 1719
1409 655 3700
2384 1274 2519
3066 1945 3067
3195 2350 2552
578 1775 3066
443 669 3562
598 3124 1536
1206 841 2817
981 1371 3465
204 1839 2214
3304 2001 3546
1004 3083 442
2889 3464 3590
3323 2818 1614
1452 3188 1730
3338 2879 3444
2766 3245 1082
2729 1542 3425
831 3081 2732
3296 3374 1836
227 3265 1298
383 3224 903
762 1572 1569
1992 3544 73
3424 316 221
428 1630 2062
812 394 3594
2464 2900 1171
2417 3464 32
597 170 3234
147 28 1714
2041 2544 475
899 738 1712
2755 3160 2085
3638 736 2858
1387 1816 2457
535 1534 1925
3189 2103 2609
319 2811 2094
3429 2314 2633
1351 1888 3198
3409 2909 807
2543 1188 1739
2287 3653 867
1755 3498 390
3233 3089 3672
277 3152 3654
1266 1375 3135
1838 2984 587
426 35 1267
25 3267 2075
5 1565 2401
3652 372 65
3656 1910 974
2369 2974 1369
494 161 1807
1674 2319 2043
1270 2152 441
2707 1121 2604
3048 2994 3524
1906 3396 952
3177 3312 1038
878 2343 717
1649 2344 1170
3264 1093 3533
1078 3234 3622
2897 2557 1272
3645 3554 956
2702 1089 2438
2579 2679 1930
2997 1376 3685
1242 3306 1218
254 73 1586
805 716 2576
1797 1622 1501
2539 1514 2261
2146 952 70
969 3607 1603
1699 2573 2081
2425 3379 1617
440 3322 2977
22 3244 3126
2680 1546 1865
1963 1868 2472
25 2793 751
1376 3221 2488
2856 3629 1741
929 890 177
442 1278 3112
617 2466 3043
312 2199 2306
1981 1384 1828
1013 3712 1230
1771 3604 1152
1902 382 2991
3290 1873 3443
330 965 3387
2371 3706 1489
532 2120 3716
2380 3187 2695
2831 2722 116
2713 3515 1172
1279 3013 1475
1679 993 131
3158 1640 1313
2086 3253 166
3361 2139 1263
798 1472 3630
1821 2786 2676
805 3694 614
2535 58 2941
3346 2168 803
3580 1991 1755
98 3565 2465
2556 803 1697
1622 1691 1186
162 1482 3377
2021 1182 2032
257 610 3239
417 3232 3384
3232 696 3815
2574 2574 2660
2739 1029 3091
2247 1407 815
3109 369 891
313 3676 1971
137 448 857
1763 913 644
2454 2036 3651
525 330 3787
2756 376 3797
455 634 3184
1142 113 3749
801 2713 1402
441 970 584
2796 134 510
77 2090 170
3704 2291 3404
3231 26 783
2496 2626 1414
3630 2439 178
2309 1125 1343
753 2160 2262
1294 743 523
2685 601 316
689 571 3852
640 994 2643
1669 1920 3742
2164 3444 2429
1967 2578 232
321 2808 72
3425 1004 620
2081 2440 3553
62 809 1437
2998 1869 1359
47 780 1341
3267 245 2811
2660 1669 2350
173 144 3296
3217 1748 2556
517 2822 912
2762 1719 3617
3727 2771 2509
2341 3750 3050
1244 716 3669
177 3181 2524
1299 1749 3224
1835 674 1402
3359 3237 3189
2902 2702 1405
1145 3150 2757
3449 2309 1195
3370 738 980
45 3368 2240
3432 2543 2909
512 3820 2008
1141 840 471
859 2070 2743
3081 3653 2353
104 1248 1652
688 1598 1193
211 2429 2064
1421 3433 2211
3769 1057 1922
2541 3155 2618
704 2199 1496
1869 1087 2290
585 1406 96
69 104 1019
2762 2957 2533
163 975 3534
2134 2973 2672
607 997 3668
2106 53 1538
811 2450 454
3349 2230 2618
324 3224 2335
3438 1053 1930
1902 2464 1764
3666 1889 1901
1142 931 2950
2221 696 1636
1963 1669 448
3165 1848 3103
1445 2224 2436
606 2341 2400
526 2006 3827
2763 629 868
3627 2735 1934
595 289 354
1887 1677 273
1369 2749 2094
2343 2423 1117
453 1970 2749
3332 1813 1301
2934 538 2522
2951 983 57
1269 1699 3421
1992 1897 1646
2306 3239 904
1743 2687 897
2152 3143 2861
3485 2524 3354
274 819 1709
3242 1390 1512
431 103 3283
1317 39 3180
2284 3216 2526
1079 3576 1654
3531 2027 79
890 3111 3103
692 179 3590
1636 2697 1393
2861 2139 1446
2110 2533 356
3033 531 3199
2358 3650 3154
1358 1454 1413
720 999 2420
2070 3056 981
1404 2503 602
2632 1093 2432
2609 3942 3775
1676 3359 710
2900 3364 1044
2097 3822 1504
573 3061 240
3342 2643 3287
3956 946 1645
544 1178 849
724 3291 3148
1602 1044 1345
2614 2394 2861
461 1827 2523
2036 726 2142
2544 2688 2876
1192 3436 3674
123 3125 1465
1063 3902 805
715 1005 3479
1657 2444 3219
2536 2390 3431
2620 2407 662
3058 2535 3740
2221 631 345
3676 3455 790
434 709 133
3945 3733 3176
2590 1683 2021
3521 3417 1654
1101 2811 33
1132 1216 1375
1371 2327 1046
1476 2596 3798
1497 3096 690
3156 91 1407
2151 223 1442
3555 538 216
2809 346 3413
2486 3724 2773
3679 3451 2670
2135 3940 1146
152 1721 1282
1656 778 2186
2917 590 1260
1712 1264 3780
584 2399 1651
785 1526 3206
1159 535 3820
799 1796 1739
2756 3878 1260
3365 2397 942
3066 2704 739
1015 1828 1756
250 1347 151
1553 488 1832
509 727 3177
552 2620 1855
775 1825 416
464 2680 3540
2553 3257 3171
3426 2692 1202
2247 3130 985
3835 664 3237
3724 3531 3277
2402 2888 1554
1514 2875 77
3774 527 3382
3380 1257 3764
1998 3627 126
3657 396 1046
2874 1808 3644
3444 2612 2141
2058 1575 1050
2310 1626 843
635 2661 176
3878 2754 2879
2683 716 3943
1164 2574 2662
3240 2041 1819
2547 1244 374
1163 2717 1285
1872 2064 3014
1694 1079 1639
3960 683 661
582 3996 1343
3979 2412 3658
2219 2838 3207
2968 1487 2886
2905 9 2300
3311 256 1164
1975 514 3943
526 877 1329
2715 29 1990
1106 3856 1844
1315 1066 2417
2532 2793 3003
3794 507 3698
1249 2490 2070
879 1648 1002
1930 2496 1918
3373 1266 1680
3414 2564 1036
1605 2152 922
2364 2979 2618
575 1965 550
121 1322 2873
3063 311 2740
1451 3559 2289
2610 1222 3734
2598 1319 2544
2890 1631 3992
2228 1261 2259
315 134 324
2247 202 3393
1752 3913 52
2118 584 3209
2242 3915 770
1529 3726 305
774 3762 2798
3844 3100 2856
614 501 3236
1650 1510 1601
3694 3813 1935
1886 598 187
1980 598 11
2835 2758 1800
2104 2245 105
2749 889 4032
698 798 3517
3643 2150 1312
4035 3017 2702
107 1768 3899
3905 194 2689
976 1829 1109
1782 1398 282
1909 2308 1214
418 2623 1800
246 352 3876
1581 3331 1079
1245 3650 2585
3959 1640 4045
3604 3880 4017
1755 3916 2783
1137 1867 2569
418 554 697
822 398 3216
149 585 3397
569 2214 2264
3311 2902 3182
2419 1162 3390
3050 2310 2287
3941 209 461
2518 917 1499
2171 3037 1987
1527 2508 992
2485 969 1391
2425 3839 1892
790 3668 1962
2103 1279 4084
3489 1135 418
2421 3590 3309
2882 1124 908
1290 1081 1959
978 1540 303
147 1496 739
2875 3495 3928
3248 3523 927
2648 1823 4049
3155 1290 2246
2951 3036 3536
2833 2015 3387
506 3224 121
393 2661 410
4086 2906 2265
882 1892 575
2542 2853 1287
3942 1057 2190
594 3453 3088
596 2594 3721
1888 1589 2126
1945 1227 1356
200 1324 2031
1876 488 106
3870 63 2604
1231 3875 2909
2289 1661 1583
1593 3153 1126
3071 740 2095
465 87 2693
2760 646 3151
4054 2981 3380
2360 974 1361
340 886 3789
257 1033 4097
3142 2638 1256
2521 2248 4065
4095 279 21
3636 2129 1889
3722 2240 374
3362 3664 3635
1032 3331 2264
305 2581 3399
227 512 2547
2129 2421 2653
2029 966 1474
14 245 3624
485 1505 1445
2948 2405 2669
2532 2631 1823
3689 1132 3295
856 3210 1059
3744 247 1773
371 2989 1284
958 1111 3964
213 672 3340
2904 2582 1859
2989 1235 1247
2937 2753 1843
2495 160 1177
2434 700 3894
170 2143 3225
509 1351 1395
1307 3132 3954
1624 1115 2723
3261 1370 3109
3864 1822 2761
1796 1525 3212
198 2815 2224
3622 1439 459
3108 2416 577
3357 2578 3892
4064 2333 2374
962 1795 1332
362 1047 2825
2934 697 3026
2199 1168 3557
1755 3521 2321
70 811 958
3262 1271 1517
2546 3326 3915
2491 2524 3622
2114 3568 1464
4111 3161 2782
2243 6 880
2520 3408 606
889 368 674
3422 167 3695
3719 2848 3343
605 3139 2060
1216 90 2008
3498 4137 561
3596 142 1524
3358 3577 3621
2996 2803 1135
1694 1440 530
1476 929 3029
2394 3901 196
3634 3104 3014
1185 1123 214
1416 978 2678
3374 2896 265
3331 557 2381
440 3477 1397
1103 657 2054
1694 3854 4190
34 1504 107
2858 3204 1152
2932 984 1131
66 4139 1362
1093 2025 2916
3157 599 3957
4063 2674 3267
1925 4138 1904
545 1098 3685
1348 3503 2535
2434 3732 2964
3174 2281 79
3997 1058 191
454 1184 2339
1689 821 3935
2680 86 665
128 1977 3798
538 1550 1130
4124 1680 861
3275 1713 1814
2888 802 3507
3966 772 1067
1537 2875 3293
4180 4044 2143
655 273 3122
1364 3315 3609
3117 1425 1947
1474 1033 1772
1465 4215 422
42 2855 950
336 3188 1137
1572 4027 844
2384 2409 3682
3678 1428 339
1517 1296 440
3009 170 2000
1196 3669 1684
2324 1161 1379
3982 2894 226
265 1048 828
1138 1399 1729
2011 2421 3483
726 834 3262
2930 683 4191
824 342 336
3511 2742 986
1102 3187 3712
1246 644 1415
2236 41 1472
2586 1076 365
2231 1543 690
171 1030 532
1531 554 1259
2431 424 1037
1281 1300 1816
3815 3365 4235
839 1845 3312
1311 926 4065
2167 3656 887
2902 1780 2060
4103 1466 3401
3433 1008 2931
1821 848 4
2174 2968 3648
4091 931 1424
1405 2538 3283
4073 3623 3450
1398 3895 3438
330 1796 4014
1592 1207 4166
2486 2245 3023
1221 866 3879
1743 1928 2386
685 2659 3878
4105 613 3841
2512 406 3959
3306 984 1333
3496 1331 333
3553 866 3708
964 3283 1760
660 3929 3632
219 3469 2451
2055 3705 3796
326 4043 3061
2285 1188 3435
1463 990 2841
2795 4121 2900
3426 1764 571
2951 1224 2256
2796 368 165
3852 463 3206
3626 3815 3676
3204 3785 579
2140 3997 3019
389 3839 397
651 1895 2970
1955 3656 62
3399 650 2766
3646 3587 821
3063 3424 4155
880 2350 3477
2040 583 2430
943 2631 2089
1962 1146 183
4237 3512 2636
1132 3177 1129
1418 3412 1968
1217 283 606
1122 2359 567
3684 987 4235
4193 709 4076
2878 1658 2375
355 1332 2519
605 2602 3843
4290 2168 4259
1745 2814 485
862 2111 2699
2420 2747 2363
1328 2357 4308
5 2684 2046
4200 3884 3387
1830 4331 3072
3636 3071 419
2036 966 4325
1007 403 504
1792 217 130
61 3146 149
1765 3581 3722
1621 3204 334
2122 1155 1124
1854 1494 1666
3244 97 4118
2403 3484 1393
1711 1989 382
711 3549 2004
3748 4330 1817
1087 3179 3912
4013 468 1532
2010 102 1992
2614 4191 3106
149 4161 2394
1811 3927 3238
32 1665 1218
358 1364 2124
432 856 4140
2226 311 4337
4113 2154 413
1567 197 4037
1101 2020 1154
2381 3189 2623
1029 3190 1860
3455 1812 3304
4121 1753 4232
2860 1651 2018
2216 1671 2648
2435 1824 3993
768 2901 2694
268 3480 2385
679 2819 2500
983 2559 3874
826 1331 2760
3655 201 2361
4151 979 1232
2080 1669 956
2563 3408 1479
2914 2570 453
1054 2797 1175
2366 2519 3937
1100 4253 87
3952 4040 95
3899 1784 561
3394 3326 3049
2955 4013 2393
1167 1769 3279
4116 79 1801
1338 48 3001
4143 3245 2049
3345 853 4200
2369 366 1828
2068 1033 158
1363 881 1177
491 1550 2805
2014 2106 3443
2091 681 1426
3347 4380 3216
2083 4095 1508
581 3702 1223
1316 1695 3934
181 1206 1622
4362 4393 2832
3962 3763 2821
4078 2454 2137
2499 1406 1933
170 2155 3947
3436 842 1787
2273 3711 2262
2551 2583 2541
3528 3364 135
3442 163 4054
879 3494 1773
3922 1411 4346
2750 3511 2998
2742 1307 4134
818 669 600
2361 2968 4189
1608 3230 1259
2993 491 2789
952 1305 3634
1005 1875 55
1793 3760 2357
806 1783 3281
1969 1869 3896
1806 1124 1406
444 49 615
2124 616 1372
1738 3472 1679
548 3609 2462
2203 3864 3406
3631 686 720
3365 3327 2769
4163 2872 4301
2728 2505 1182
2355 2225 2703
287 111 3014
1589 3771 729
4415 2099 4291
3708 1737 2192
1523 3367 471
102 2663 3584
349 3219 140
2140 784 3441
20 1483 31
712 1515 4188
881 635 1558
4242 803 3397
343 543 3844
715 52 976
419 4371 1751
1207 3119 775
1416 3020 3148
1257 3612 882
3100 3230 3482
376 2047 1008
1445 4128 497
524 86 2792
1046 2249 2705
887 4181 2511
3967 3717 3305
2667 3139 2409
2437 1123 2852
637 4196 152
4228 534 1769
1470 3227 958
3376 2356 2950
211 1853 2770
3651 1644 346
671 2633 3188
843 1434 2665
3712 3752 2390
515 2339 3563
1245 554 3119
4327 1313 320
2909 797 2531
2100 3718 1641
651 2251 4399
2720 251 3157
3616 3781 4300
3352 489 1301
401 52 2552
4088 2921 3921
1336 2775 1793
2638 1650 4268
3576 4023 822
3092 1272 4087
1918 2786 689
2362 4213 2772
1653 2073 2652
3040 1066 708
1830 3260 1074
2791 3581 1377
4231 3598 1709
1612 3534 3936
873 641 4274
709 1262 2721
2330 1431 2944
2569 4365 2123
3162 3940 3869
2184 751 1703
1002 2890 977
1939 1885 3541
222 4435 1114
4207 772 643
3989 2593 4199
2020 1224 504
2598 1049 3725
974 4052 2377
3842 1941 899
3875 4483 2371
1103 3016 1808
1624 958 3483
2769 2744 3825
471 1704 2843
2537 1081 4259
990 4379 572
2580 2762 1276
1718 1624 3391
2577 4039 4009
4420 1367 2798
4283 1203 3951
1749 730 164
3737 1243 3121
3780 711 3948
2377 546 825
3200 2693 2359
605 1307 513
2177 1138 2820
103 4195 3738
1329 3058 2771
1570 4436 4191
1077 997 3330
2339 2364 3142
4098 3745 3186
611 1848 1207
239 4512 3711
1948 3272 4161
2170 1605 75
31 574 1992
2266 2330 2687
842 717 4194
1049 3403 3361
1363 300 3157
177 3363 2018
758 113 4004
2563 592 4240
3300 936 1540
1046 3439 2577
3224 4450 1315
3275 3574 1347
4329 2606 1675
3203 1693 2933
303 3220 289
2713 1437 921
2807 3430 3573
1533 1601 1524
3654 2886 3378
2633 1952 2840
4352 3637 532
2125 2106 1765
4038 8 2624
4437 1120 3489
1602 279 2984
2999 2595 2276
4253 1996 264
4412 3754 3160
3501 40 282
2128 2907 4075
1781 2188 1289
4009 1529 1168
1166 4400 4460
2455 1234 4125
454 2171 1532
4435 2485 4451
4563 22 3892
1627 4494 528
650 2671 641
1216 1623 2852
858 4106 1969
2921 4371 3754
336 1436 3139
181 2766 1576
3690 3805 4243
177 2473 3693
876 3572 706
249 4235 4180
4452 2522 2756
502 4368 1923
3523 1008 4086
1516 544 75
2470 2560 1960
4271 3469 292
1708 4298 2916
4309 625 2886
431 2736 1036
1452 3642 3852
118 235 866
2726 3753 2862
4124 1071 3531
883 790 3955
979 1656 2913
2561 2540 3943
4529 1064 1484
604 76 1840
1415 2650 4483
1971 3369 2309
3253 1206 4
3984 3602 1701
777 75 4567
2777 4094 93
1282 2710 911
4248 623 921
1385 3467 552
2644 2021 1371
3095 1867 2734
1516 536 708
3486 2379 2653
812 2826 2217
2078 944 2920
2926 2550 2682
508 3613 1303
3024 843 1734
772 49 4185
557 2383 2731
4232 3027 1488
4393 3459 4522
4172 931 1503
3648 3906 141
3794 16 1329
1955 2746 4530
2760 790 2914
398 436 363
627 320 85
2616 3232 1672
3999 1356 3608
321 3688 370
4219 1704 2659
3690 2121 4102
1678 2655 1705
1936 1982 3188
3347 2529 4401
805 2112 3514
3437 740 2997
935 2848 717
2474 4626 3606
1107 734 60
3395 3476 3353
4261 776 4629
2804 3722 250
1606 1810 1578
719 3429 3301
518 3538 106
117 2829 1130
1769 1311 4154
4082 4544 1799
218 197 1745
2305 1815 1978
0 427 3919
4179 4210 3684
445 2497 3857
1945 2343 3840
3136 607 3571
3093 299 2615
332 2410 96
1591 2615 1691
2739 773 3571
1795 413 950
1686 1955 962
3871 4095 2640
1554 243 2704
3629 3617 3140
830 4141 3636
1349 1628 3718
969 3856 2548
4527 646 2335
3755 1551 4430
452 602 2400
2911 2151 3520
698 1035 3741
3181 3486 575
564 812 1681
1854 2418 1333
3961 260 7
3961 1202 4545
503 3110 1466
28 558 2709
1421 4680 3409
1297 661 2881
244 985 2737
1577 4509 1004
2475 565 4389
288 375 828
3972 4610 2573
499 574 4542
1277 2973 3686
3196 2016 407
2525 1011 2261
2473 4002 3835
2080 1998 152
1708 2793 1884
1638 2389 978
3056 4483 500
4104 705 3993
4598 2466 3150
2686 80 2367
2030 922 1995
415 2990 2721
4315 2868 1273
459 3729 4478
4169 4364 2421
4031 4565 41
2983 4345 3405
1846 3427 2023
478 898 440
4616 2546 3687
3781 4306 1916
913 74 690
494 3395 844
4184 727 1321
3344 2886 4586
703 2406 2849
2954 1606 4111
3719 3082 505
78 1361 788
4314 243 1334
4627 1763 1326
2942 4467 2014
4456 4082 2055
532 1798 3472
4205 4534 4300
802 3707 4097
3784 1722 3583
920 1404 3167
3367 458 814
4512 4036 71
628 1968 3752
2251 3842 2235
437 3908 1875
2225 4034 1555
2660 2802 3280
2096 2822 1695
759 2319 900
4701 1353 122
3882 848 3366
1897 4125 3076
24 2992 3443
62 1256 432
2192 4072 7
1375 611 125
1589 1727 3930
3388 1236 3847
3641 645 4600
4611 2516 456
3841 2944 4657
2615 1244 3980
4034 1548 1390
2116 2324 22
3854 2514 3795
2089 4439 1589
3429 4668 2532
2930 2214 2970
4 712 2984
4264 3126 2973
3566 974 256
2101 3327 1079
1895 3534 4595
821 3680 3674
2141 2601 3762
2488 772 2318
2320 3247 1553
1255 2304 2473
4695 1438 1621
738 4232 3636
4763 1534 2957
3523 596 169
2543 4178 3344
855 461 2493
4361 79 1089
1208 2755 2558
2507 382 1181
678 451 1941
2882 4511 1901
4708 3055 522
3630 4172 3416
3976 2807 4445
3517 252 3713
3844 1512 1636
4490 3704 1281
4568 3064 3674
2203 4649 2490
1128 3128 2715
1320 575 3862
1833 2224 3294
3476 4136 2559
4253 841 2066
186 4622 1516
2588 2958 821
794 521 1009
1117 4539 2226
3935 3893 3404
4535 2224 4610
432 4430 3664
2605 923 4799
3122 3662 3940
2655 1565 380
4555 3485 1381
1240 3470 2592
4484 1045 1238
4292 423 1286
1377 3317 2621
3910 38 1266
1428 3974 1846
3051 4595 2017
2486 774 2394
4530 100 4180
1268 707 3510
2043 3895 3422
2656 2970 2467
4738 3567 3681
2856 3307 435
2740 2700 3083
619 4719 1589
3455 63 808
56 3449 4549
3227 4739 1998
1362 90 3654
2302 620 1068
4685 1129 2203
958 3142 1343
123 681 3090
2645 2318 3992
2537 4596 4406
4144 1739 2990
4417 2760 14
602 2970 2813
1828 4124 4829
4039 2033 2175
239 4025 3882
3573 1290 620
1727 2239 3303
717 176 2230
2659 2052 1113
1535 2166 4281
1801 4178 4036
722 4236 4011
1712 152 87
647 547 202
2751 729 706
3448 692 1770
1692 4423 1580
2558 4409 1210
2592 4253 3602
557 333 960
4490 4217 1690
97 2101 4479
2522 114 1446
4205 3176 706
1276 628 3210
665 2355 1950
3712 4857 3578
577 2817 1157
4403 2512 3345
1033 1224 2529
2810 2139 1975
3054 7 2219
223 757 3818
3546 555 413
2547 2527 1035
1133 4207 2180
4221 2138 2819
866 2269 1636
168 4217 2459
4758 4691 81
308 2038 4440
3935 4398 3645
4362 1900 4005
2380 1988 686
3214 1046 1162
1880 3643 3287
3680 2973 567
4712 3782 1580
4337 1346 3771
2698 2982 2637
813 3422 1461
3566 1892 2174
4715 4432 2079
1864 3834 627
747 501 894
4223 2255 2110
4320 1976 2748
3797 662 2867
1305 2677 2712
3854 1537 2730
2 747 3597
4229 1350 3829
3678 280 264
2276 2956 1721
515 3712 743
4536 2467 621
3070 1645 1341
809 166 4853
2678 4723 2320
940 3038 1234
2030 3479 3186
402 1348 3000
208 4010 2977
1564 4052 2044
1438 1436 4365
1614 390 297
3757 898 1847
4656 3894 3802
842 2341 2703
4745 3434 455
1281 2499 1555
1716 2276 3249
548 3399 2471
1424 2281 4891
4087 2357 1987
2194 163 4729
1097 2851 3509
3311 2390 3785
2274 2915 4648
2521 4894 1193
2559 313 1648
1842 615 641
2970 3703 3805
1714 2324 3575
2503 2627 2846
239 1119 2379
42 2054 3855
3222 1568 1931
2991 939 3651
1217 2360 668
984 1900 3994
3401 761 1671
2377 1545 2433
399 3037 3300
3492 597 3311
4835 3431 1658
2887 116 4612
2706 879 4296
3588 1299 2446
3403 4452 4235
4918 1445 2375
480 3688 374
4806 492 4914
170 2893 46
1958 4753 1164
4443 573 1029
1186 2794 3576
18 1500 286
3059 2889 1451
1611 2643 4037
3186 1564 3699
621 3558 2542
1878 3355 1869
1135 2284 319
2198 226 4187
3774 776 4091
1083 93 3423
3427 641 3825
4058 1457 1509
784 4089 616
3642 1979 397
3627 2938 1930
1415 4755 4849
1974 2497 789
550 2996 3358
4865 3155 3822
613 4699 3988
3947 506 2503
4110 496 4205
4489 1910 92
2496 1602 2667
3131 1551 1273
3906 1289 2553
3561 3725 4612
2025 3560 4023
1815 1039 2113
1832 3203 3484
4580 4204 1960
368 687 4237
3604 2475 1404
609 4108 3450
3069 512 928
2917 1348 3284
2797 195 643
4889 3684 1148
4849 1298 3104
3313 3599 3069
3271 1631 28
736 2601 1392
4774 1646 3718
748 2599 3188
4905 3781 3983
1537 1351 2964
2736 3457 1546
4865 3078 3394
2002 1664 279
435 55 1680
1725 2490 1426
951 1768 4790
3354 3725 3394
4306 4034 1859
1218 3523 2391
2317 2077 4632
3752 3507 3794
1853 2017 1246
3706 3963 4459
809 667 3826
481 2142 1347
1328 2060 3870
1852 1995 2447
1670 1253 1523
3500 650 4257
75 1698 1181
1103 2510 4505
1495 220 556
303 3737 3513
2536 2476 1336
508 630 3658
2532 4950 1075
1529 3224 3806
5007 2906 1346
893 110 2957
2126 4598 3227
1701 1528 4631
2100 2057 1365
3118 4510 1917
4704 4624 2072
1914 2639 3213
1588 4770 896
2323 1575 3731
1106 434 1365
4178 240 530
2197 2743 2591
3853 1175 1346
1218 3576 4488
4455 3841 469
2547 2397 4365
4164 1872 4101
763 4738 4329
1645 2365 4938
1094 4359 4613
3143 4649 305
2703 1848 3037
3695 2144 4162
3471 3083 746
4661 2383 1057
4132 3351 1193
4315 4009 4301
4125 4463 4330
4901 2539 882
3043 3047 1811
2081 1282 38
4488 1201 4770
2176 1511 1459
2452 3714 1121
2453 4378 2361
847 4869 4666
2173 209 4608
4723 4478 3849
3153 4682 272
4657 2904 1010
3616 2049 1735
165 1156 2517
1469 1071 2879
2387 4620 2346
4589 2288 4559
628 3191 1474
2868 1172 4694
865 4711 888
217 1121 4250
3671 2331 437
2857 2759 2601
2968 3421 3160
1180 4295 3409
3811 3774 3814
1044 3423 2189
1224 1348 4154
4205 2557 1224
4473 845 1224
1446 3529 411
4126 4040 593
879 12 1143
4377 550 1520
1725 1739 3048
3574 3172 2412
1502 4655 431
1632 3562 3493
1855 3125 3083
2260 1315 674
3016 2646 4436
3880 312 2393
404 3249 2409
295 3379 3511
3164 4935 4363
2532 317 1952
390 3539 3276
2735 1122 2602
2638 4243 3771
660 1524 3600
3899 4026 4269
1710 3494 3650
3186 15 3099
4020 669 3429
3984 3720 3802
1683 2674 4983
3110 4901 1457
877 3602 706
3000 2711 3068
208 915 1007
1608 4304 1732
2669 4069 514
3420 4771 846
2790 2352 3725
2340 5098 2940
321 3301 4568
4583 2759 2015
3994 1737 772
1991 3405 958
4802 4472 4090
3889 2450 1791
1814 3813 3155
4044 4296 415
2748 5030 114
3636 3559 3033
3058 1358 357
3864 3237 168
4871 290 1918
3659 3875 367
1543 1541 414
3459 1801 337
3157 416 2684
1261 940 1844
3833 1126 1786
3116 1230 2764
353 3424 1934
18 540 2803
591 2712 1778
2835 4890 5137
1501 1150 1438
4471 2750 1228
882 5075 3131
2034 3130 4092
1824 4564 231
4194 3131 2095
263 3946 1800
4219 5072 3107
1577 1437 1818
176 4233 3489
4805 1125 2414
3731 304 976
879 2152 1684
2457 631 1411
1678 3994 1238
3220 839 1164
982 3451 3089
4349 5012 3649
3951 4088 1713
4546 1639 3373
4470 4763 1993
2007 4639 4649
3782 1051 4096
3369 158 1255
3523 2576 2334
5 1125 3218
1352 3031 790
1634 2586 4717
2048 3709 4438
2578 2232 4037
4541 3069 2570
778 653 1583
2952 4839 3769
4827 1443 2305
1582 970 35
3750 2238 1104
88 1415 4618
4936 2483 1122
4057 3354 4794
4356 5072 3439
408 3407 939
4324 212 2419
1086 4415 3432
2198 1672 913
4355 3837 2901
3031 579 2664
4412 1554 870
1852 1373 4194
3869 2929 3754
2781 1346 625
3122 3107 1518
1293 4772 2046
938 2512 4400
1373 558 4746
3423 3721 2421
2951 576 2564
1571 1534 2607
3033 3309 1214
1779 1917 399
1375 2570 3395
998 5149 3050
3951 2077 3586
5006 1998 2491
3818 2476 1266
1836 2323 4846
4391 2279 2877
4068 3390 2449
2676 2561 2957
1045 4893 837
2558 3376 1547
1592 2486 2301
803 4238 4109
5167 3900 417
359 5185 3570
3611 4590 1648
5026 2323 345
1888 2969 2530
1035 2020 4183
439 4717 1942
406 546 3983
2662 2724 3956
1353 4199 348
5109 2565 1647
4488 3799 1815
4381 3848 732
4463 310 3811
361 3702 4490
4218 1975 1145
1830 77 694
1231 665 2472
1177 4966 1150
1474 3551 663
65 1561 3388
1375 279 1830
1323 2587 2561
3826 4727 5036
689 4680 4762
4483 4027 2456
3391 141 4174
1763 1920 576
587 579 2174
2977 2170 471
3878 4159 855
658 1455 1124
2396 2641 289
1844 5124 2847
1734 1851 4568
2241 5203 2559
755 2511 1228
2378 61 1807
171 370 3785
4900 1962 226
10 2585 3103
602 1171 304
1222 376 4206
4576 1264 1911
2398 1430 1592
756 1512 2334
2253 573 4585
4671 1734 837
3264 727 2263
4852 4270 3448
2404 1065 5157
2272 3421 136
3331 1491 2950
2464 470 5239
4851 4561 3675
1178 116 4499
1309 211 5060
113 3417 388
1263 889 3207
3941 218 2298
1579 84 3010
3512 3890 4959
5155 1811 2974
1316 4780 1072
3283 1907 3073
2771 455 4852
4564 5269 1242
4008 4370 711
1683 2535 3623
1482 197 3481
2453 3923 3765
2784 1007 680
3005 2987 4362
1289 3210 2562
3421 4142 1163
1265 4243 634
1671 2073 1512
4602 1443 4288
811 116 3413
4430 3666 133
673 4343 2336
468 5142 3477
1097 1994 4422
2074 220 4262
2591 1031 2909
3436 2350 896
335 1555 4002
1231 2858 4714
192 453 442
2427 1902 1057
21 564 1886
2395 1783 2204
4096 1624 5290
1569 1343 5149
4440 4778 985
5289 3846 3863
3184 282 1658
2085 5030 2992
500 3237 352
4331 4338 4856
819 4472 610
3493 3642 4462
680 878 3415
422 3329 1358
1213 2500 650
3787 3905 1682
4313 4821 217
2519 2390 3169
3753 5027 5128
1807 3335 2232
2512 33 714
4191 4036 1128
4059 4495 1341
3553 3866 1402
3856 5175 1902
214 3230 3149
136 3900 1699
751 2606 34
247 4834 1419
501 2108 4809
4918 3545 4980
1820 5 3006
903 2824 2230
1409 4209 4542
4309 2205 3074
1106 3388 4548
1337 3488 1863
4386 2966 1873
2617 1929 4601
2396 3908 4870
1281 3929 3681
4272 2199 718
2934 2412 2480
4762 4565 695
5064 51 4178
5082 3091 3083
189 4311 1492
4761 2335 4265
1918 4935 2589
117 3649 49
2549 2804 2095
3586 2843 1046
3158 968 3034
5165 5235 281
284 51 2070
1859 298 917
302 3435 4599
4176 1942 503
2745 5024 87
328 1757 290
1444 4373 2195
1043 3452 1831
4260 4731 15
1217 411 264
2020 371 5201
2538 1706 4876
3558 4263 1910
2111 2195 0
965 1142 3930
1893 5085 267
4040 4815 561
2749 1556 991
4164 2734 363
1183 4724 4299
2978 681 2471
4869 3389 302
935 2276 2774
4159 315 1110
4486 864 3217
402 3334 4439
5203 1623 1591
1591 1786 1834
1950 3658 3650
2392 4828 2090
1972 1531 1934
1643 2013 4072
4900 1730 2223
3598 2089 4790
5005 3449 4099
5186 1376 3215
69 4425 679
4811 4435 3421
1508 655 300
2968 5065 1617
4580 821 2997
3027 1004 5083
532 1688 2351
292 1345 2389
3051 3963 2676
1910 1319 5309
4939 4931 49
3656 1856 316
1313 2885 541
3622 3795 2317
2203 309 4949
4333 3044 4334
424 3803 5296
607 202 1800
4255 3557 3637
2048 3747 4524
1866 4152 5195
4107 2454 4918
2471 5224 3726
1184 4329 3730
4495 3895 5180
4944 2187 934
3020 4486 4936
85 5061 1571
867 2652 1273
2584 330 2595
119 5035 2290
4095 520 20
2862 638 4424
4055 3997 3743
881 2982 3743
3146 1490 4135
413 858 3802
5427 637 1566
155 3972 3982
4428 4978 1218
865 1379 177
1379 3125 4614
4847 4940 3635
2325 3323 3909
1308 2982 4549
2651 3693 2102
84 1101 665
212 3011 3767
3175 2647 4462
5332 1753 113
4476 3298 32
3907 2451 2750
4168 111 2787
5047 2988 5411
1801 5080 4024
1904 4717 4084
587 2203 2297
4478 321 2020
2484 445 159
2129 127 5054
3802 495 3440
4696 2057 1793
1615 1187 1070
1214 129 66
2859 4183 144
1702 2959 3573
1477 1120 2192
2023 4864 2802
3322 1590 2278
3097 4913 2000
4725 3172 4543
626 761 817
1276 204 5184
4848 2938 3293
3011 2199 4101
1493 1078 403
854 5084 2588
1960 2815 2194
1253 3436 3939
5200 2267 2272
618 512 1212
411 4658 4183
2985 3141 1338
5151 354 4088
4216 222 408
5241 1322 1366
1885 4400 2212
4711 4441 4746
1475 2586 2540
5364 5153 1000
5019 2872 2206
5445 1137 2771
4630 5162 4480
2546 3859 3540
789 2259 5087
2813 787 1273
4243 5020 403
3253 3897 4772
3614 4872 2440
1104 2960 3591
2298 661 2872
5076 160 2729
4420 4882 1444
4747 4472 4204
5123 106 1485
5356 3588 353
5494 956 1063
1054 2534 1668
5437 4058 276
5159 1388 2157
2861 4718 3527
3026 2335 2599
1752 1743 1151
1680 1959 904
542 5457 1892
1322 3255 1124
2009 4820 4024
283 3417 629
2637 3361 2630
3739 4335 2486
431 5134 2111
4687 4905 3436
3040 3019 1041
4628 2731 5472
2182 5132 2003
3102 431 1521
3596 1833 101
3407 2899 502
3440 4570 1158
3604 5318 2243
4767 3432 737
110 5332 3616
1544 4165 3062
3974 78 146
4120 1638 2949
1180 2814 1385
2637 2793 932
1801 1397 4255
994 2997 5144
871 1108 3907
1418 3704 4974
1855 3838 1316
2469 372 1685
4340 1171 1125
2512 237 1178
1531 548 4082
340 746 586
423 3951 2770
2447 4691 3835
3641 1695 4303
1504 2430 4029
3936 3876 4771
819 1339 4966
4188 408 1872
3137 773 2427
256 1977 2525
1769 99 3410
2115 3306 1609
3555 850 3599
2293 2078 2412
2038 763 2954
4196 2737 4945
4951 2180 4108
1219 23 5250
1273 2639 3287
2840 851 1431
539 5530 2250
5426 4452 4464
4319 2820 2293
5092 4704 5108
1072 4007 4322
3576 2858 2209
2273 5170 3631
4557 2407 241
1603 110 4530
2050 1990 3030
2222 2757 3104
349 2842 1506
3577 1374 4284
1918 3704 3196
3684 4388 1225
4302 710 1287
1509 4140 2182
3276 4222 2152
4998 1925 3333
4775 1503 5034
167 767 1581
2433 4218 260
1114 2989 5568
5539 1999 2298
164 1967 1901
5293 3489 75
1457 845 2400
4521 964 3277
2428 541 2144
4224 410 3956
21 1267 4647
2483 2437 3452
4586 1331 5232
4240 3032 4110
1928 2723 2067
21 2773 2695
2562 1145 1760
2509 1413 4764
74 185 3059
2129 5587 2937
2793 4872 876
4338 361 3656
2456 2244 5390
85 55 1583
5513 5535 1727
3501 5171 4939
1042 310 1676
1281 2654 4846
4854 1534 1874
742 4591 512
3085 3528 4927
4225 880 2409
1871 5370 1849
2979 2468 386
2537 221 563
3550 94 302
3432 2396 2720
4941 2398 746
374 3285 1986
2993 278 919
5585 4991 474
3011 1610 626
2028 4436 5385
4126 163 4836
5468 3004 2426
3747 3305 2327
2613 3165 2563
3960 3959 3463
1025 1033 5541
2266 1078 649
518 288 2850
4748 2800 2150
2976 4001 1099
2769 2343 3030
5170 2838 5234
4430 5352 4828
4154 1793 2437
1798 3872 976
734 638 25
3868 2040 3292
458 2717 1601
2762 363 4432
4541 3700 3246
2828 2686 4329
5643 2212 2366
3559 2413 4108
1439 3502 818
2765 3057 4578
4654 1160 1780
2780 155 2681
3045 4612 2998
1010 2155 3309
5352 5614 1922
4558 2091 5029
981 3621 3049
3664 4294 1248
5148 3697 1606
5269 4701 1745
5079 2975 4723
3785 3867 4892
1793 84 1013
394 1767 3303
2365 1026 2259
4260 1072 4056
3956 4808 3818
5515 856 2991
3385 2935 2436
5561 883 2888
3061 3877 4915
2676 424 4696
263 4272 1546
1028 5374 3063
3601 5118 569
2017 10 288
1135 3267 2357
4433 1556 5627
2342 2661 83
4216 3340 1199
4734 4522 779
4941 1107 15
4989 973 1290
5321 3121 4426
1396 1131 1688
4230 1742 2276
4521 4843 3339
4200 3671 970
300 1053 3884
1407 4746 3708
599 3537 2964
3382 2977 1978
1116 2115 4661
1669 2739 3357
697 1709 1080
1466 3193 4482
4056 1503 4514
4711 3124 819
4300 802 695
3584 1540 1041
162 1468 436
1577 4014 1244
1566 1409 4741
3090 1989 2530
5302 3027 4555
5001 289 5125
5478 4907 4996
1389 197 1276
3526 5543 197
241 1886 271
1958 569 2263
2505 4476 3165
3700 5 4044
951 5703 5267
2458 2891 4035
2577 3140 4250
2796 275 715
5007 3775 3310
3276 2788 2054
5469 5354 1124
492 1633 844
4273 3936 1230
2312 3261 387
2507 3492 5078
558 5484 3037
1791 1420 5193
3841 4535 3886
782 311 5463
433 2417 5228
1478 2351 1265
5271 5440 531
422 2780 4609
190 4164 4989
4443 4543 1841
459 3857 5566
361 1057 4394
663 2669 4828
2373 3348 1835
4902 59 4950
5649 5472 2091
1585 2770 5101
4943 1107 293
4842 1273 2052
826 449 242
1608 2373 856
3110 2685 2251
1382 3660 3245
4361 638 1921
615 1462 2381
106 5402 3541
216 1924 5207
5134 5638 227
3134 1725 4213
232 1867 4082
153 4870 2562
913 3863 1032
1848 1273 2000
4842 697 3014
24 1044 5252
270 361 3083
4724 4319 4629
1568 1955 2759
5024 3756 3569
3911 1891 2469
2062 2100 969
5495 3129 3518
4170 705 5529
3588 4815 2556
5274 1576 4860
1420 444 3102
818 5472 3957
5586 189 3131
4680 2264 3086
2170 2295 40
1375 511 3702
1889 163 5085
1693 5602 3
1733 3174 4886
1156 460 5041
4035 648 4594
1319 3407 1820
1974 471 3862
5050 1737 3057
8 2662 437
5723 937 1173
3192 4206 3834
415 4597 3136
1296 3313 2529
567 5732 4415
2577 5296 4268
4793 3394 5563
3586 5102 1641
882 1607 4409
1168 3477 5358
4267 2089 3172
1441 1760 2631
1862 3357 3364
1028 3012 2942
175 3788 3887
3603 5171 2880
1958 1841 1970
5200 878 4487
4193 2858 2860
4277 4778 2386
3848 5027 2991
777 4669 2149
4389 2627 5294
4460 2633 4262
3038 2004 4766
3468 5261 1376
4436 322 4548
4389 4270 2860
3527 920 4471
5404 1250 736
1180 1701 3267
1806 2858 947
286 258 444
1796 4527 699
867 5773 5136
2934 5599 2285
2209 796 217
933 5152 2135
4849 2698 3680
3280 4414 2141
151 4599 5016
2636 2472 1029
1683 3125 2873
1385 2233 4396
3255 2690 3417
2466 3687 4305
658 5767 5630
4240 3227 496
4520 1691 3055
3154 5156 1794
4997 4744 5501
3688 202 5534
1382 1968 1874
3307 5797 4976
5807 5366 5361
2914 2604 2257
1027 4385 5757
1721 3875 5025
5698 2529 1173
412 588 2208
261 5339 1527
4742 2726 5050
716 2783 1566
1923 206 271
4375 3993 3685
5387 3660 5520
4952 5805 3920
3586 1667 2544
1873 2807 1312
2021 2502 3488
5147 920 4788
1086 22 4910
3421 1925 5748
333 5190 4957
1417 1706 5253
677 5195 393
5175 5064 4739
4263 2318 1714
5750 489 5120
4956 1205 3082
5054 2347 734
1439 5839 103
2744 3106 399
4064 848 4168
853 4130 802
1372 3983 4337
5513 5158 2230
4862 2430 5768
5419 328 2102
410 3592 1374
1870 478 180
4598 35 3043
5109 5625 1573
5778 2089 779
2715 2078 1086
5277 4778 4643
4115 5159 2471
5426 3050 5290
2217 1490 785
4921 2134 1767
639 3845 3759
2945 4705 2213
4353 4022 2107
163 4159 1715
3858 4876 4716
4754 1329 5430
4624 4377 2458
3116 1394 1036
5183 205 1376
5718 5004 4547
810 4703 5348
1358 3660 131
2824 433 4472
5320 5828 3717
4145 1844 1325
1258 2122 3343
3375 4290 5392
533 4767 1534
3415 2659 1648
1893 5785 3744
5712 5584 1618
2244 4998 5404
5893 2691 1085
5363 4117 2612
3845 1784 3581
2519 825 5764
170 4578 3139
2019 2209 5808
4124 1393 1106
5236 2788 2109
1854 2002 2439
2420 4519 5607
4838 3476 1243
1511 2846 4729
3428 1522 706
4878 4606 772
3231 3132 4654
974 2090 2995
4440 1527 1118
3952 3684 5487
4902 3656 1806
4938 5387 1088
3792 1537 668
1059 1540 4657
3069 3996 4498
3720 5457 1818
563 3806 2945
2182 18 3623
392 3754 5553
643 5549 4781
391 357 2892
5540 4524 1014
449 3476 346
2187 4648 5046
3974 1291 3324
5012 3582 4530
2974 4770 5607
1949 2652 4655
929 3632 2014
3637 1185 2263
325 1674 979
3872 3588 2097
4531 4694 4200
4184 1280 341
1799 4944 5381
1037 4106 1573
3446 2256 1560
4942 4990 1672
3840 5143 3443
5532 4895 1401
1827 1527 4513
1354 3383 5478
2475 2098 3388
2121 3270 5132
260 2557 5008
3525 2462 712
2262 1344 261
3848 3345 2891
443 2659 1939
5265 487 402
5057 5932 999
3274 4005 3936
1309 4418 67
4233 5708 4572
3248 1264 2519
3975 593 822
1922 948 555
3967 1700 5248
4147 3873 5509
4509 4855 953
5113 4480 2810
2514 1040 4076
1712 1419 2624
219 3716 2240
605 4955 1572
1099 5190 5741
4977 3555 3396
839 18 5881
1970 5500 1549
5932 3725 911
4875 4949 4492
4201 5434 4483
3937 3708 477
1060 2629 4570
4994 4927 2036
595 412 5530
2472 4492 4781
575 883 2158
4675 5309 1312
3607 1893 3168
283 792 2761
2722 5948 107
1689 1331 1534
2652 3585 1133
1569 524 5491
2346 4664 1694
3309 2160 2829
78 3037 3219
3680 5257 5250
5615 1184 2058
240 1112 3492
236 3464 729
465 4713 3736
4664 1306 1870
2387 2906 2774
533 3840 1245
4420 1825 449
1723 558 3861
3426 518 453
2768 186 2373
532 1701 1884
1525 185 1016
984 5842 3413
2394 3320 2055
637 3637 2797
2374 992 1588
1738 795 1018
1549 1302 5653
571 1160 2337
2841 5644 164
2360 4811 5094
2576 4050 1373
4189 880 3924
526 1789 4821
5775 5500 1050
2088 3736 2041
1622 2541 56
5105 1312 1400
1562 5980 1310
1551 2556 5549
5845 5775 2499
802 753 2862
3774 457 810
1767 238 3088
4884 1236 4177
3773 4350 475
4169 1154 788
4638 867 1309
5636 2188 4074
488 3230 3474
4737 2150 6020
3968 969 1647
5911 4485 1727
3755 2956 5003
1037 5594 3253
1743 286 5014
2598 5461 3949
3377 2231 3349
1171 3709 4591
3571 2722 2965
4301 2546 957
4540 3557 3903
4596 2738 4825
1491 3621 1692
1735 3600 228
3931 4854 3978
5675 3720 4623
128 1668 411
4894 5465 4066
4722 3004 2176
1457 68 673
3934 3179 1785
5785 4027 1577
2547 3436 5158
3747 1823 5920
2115 4053 2923
70 3325 3169
1585 1763 592
5039 2410 4825
5493 58 5264
431 623 2317
2357 4971 5267
3755 6060 1622
3218 1890 1985
2450 307 207
862 2751 5359
4295 4415 1958
1152 4016 6023
5579 5592 5080
4704 4581 1652
2098 449 3363
3902 5603 5987
5691 3287 1023
77 259 1324
310 514 5164
994 2670 4318
3118 4254 4134
2081 6078 3638
295 4361 445
5716 4620 4592
1295 2463 889
2684 1198 4436
1448 4231 4583
4094 319 4537
1338 2632 2449
3142 5534 1686
2791 2979 753
1648 1584 4139
1428 3792 3215
5968 5769 1315
1030 3773 3498
3706 3776 402
3911 4847 4772
2163 4419 5890
5703 1564 136
1235 5073 2234
4696 271 372
232 3924 811
3466 4226 4801
5267 2983 5052
3015 5671 1779
503 1173 5529
5253 3425 1116
5529 1843 2737
2847 2629 39
5757 1830 4296
3959 941 3277
1957 885 5996
1233 1811 28
2907 853 3540
2444 3728 3893
1545 2342 4710
1572 4700 1697
4239 4666 442
6070 3746 1160
5965 3689 1236
2011 3293 2821
1814 1819 1258
2405 3770 3454
1639 1816 3737
141 1051 1266
4284 533 5955
2989 2608 1285
2044 5999 5804
3694 3487 1615
5166 3753 981
5654 1439 1647
1915 1401 4823
2579 4540 3080
5714 4812 200
691 1776 2937
5790 1570 4268
3134 105 1985
2800 5580 6061
3271 3196 4171
934 55 1561
4799 405 1938
5985 2305 3282
5537 313 5526
2364 434 5479
1327 2196 4757
5517 4369 845
5157 3150 2616
272 1786 4798
5922 825 1724
2332 4564 3575
4698 411 5295
2557 47 5588
1799 4752 1344
5383 3049 3323
3692 687 2648
4384 5429 386
1708 1507 5389
778 3617 3460
226 3996 4088
2150 6046 1605
3402 5689 20
3789 5501 4256
4118 1088 4125
6107 1228 1497
700 297 5946
5694 4688 2125
2385 4626 6022
5109 523 2696
3794 3787 2637
4764 5400 5110
2732 3799 4594
1800 2307 2816
3347 214 4918
5865 5077 3704
1682 144 2453
1113 3577 2358
1829 3052 5539
119 6069 4804
7 5857 5310
2307 784 3598
142 4289 3909
2408 2272 4730
5031 4152 4430
1378 3835 1204
4290 1203 2067
1501 1035 2157
4497 1431 3890
2593 1693 1449
3955 6046 4610
766 3110 5007
4779 4724 3625
6002 2461 4919
138 3326 2234
1577 2425 763
4424 1864 5357
3308 2446 4242
5557 2858 5705
1743 2799 896
5790 5310 4597
1181 3970 3326
4323 475 5777
5571 2996 5111
2758 1762 1602
2463 5155 1891
227 3324 5499
5133 5718 4360
4438 4745 696
1759 1313 1654
1747 4331 383
3454 1104 5434
3512 3095 2042
3002 3026 2867
6101 1205 6160
3670 2122 186
4906 3082 2068
726 868 2455
236 4003 5847
5748 3939 1192
58 3782 1375
1736 326 3747
5125 4763 6017
1608 514 2792
6141 4076 1599
5508 1347 4456
2791 5589 5759
5258 5911 5437
3601 4879 2549
291 2361 2608
4554 2379 525
5906 2267 4993
2642 5474 5802
4974 4907 1567
4973 5535 3913
2863 1164 2746
3599 2645 3640
3634 1253 2556
5764 4223 3341
1439 3865 1361
2813 4700 6116
4953 2549 243
2666 2790 3850
62 3024 6191
1631 4996 2942
392 520 3141
3021 35 715
18 4204 5043
5808 4166 2231
1053 3401 1141
5378 3854 241
4311 2861 3766
5263 2542 4634
3449 5878 5354
3988 2919 4109
6240 4401 5796
4216 5209 505
1390 2696 1933
5323 4238 1140
732 3884 3950
908 1533 4698
1470 490 4036
2613 2930 2055
2722 4358 4781
2272 112 5603
4108 948 4767
2594 4396 3355
795 1451 404
5725 4850 6058
3157 5566 5251
4031 138 5714
2733 4202 3754
6068 3382 603
5071 5652 84
3519 2943 463
1490 6233 5348
4831 5240 5348
4741 1142 5714
6161 884 1726
110 748 4715
5121 267 5159
5326 4185 207
6148 3976 2830
5730 314 1517
2157 4064 4250
303 2674 6268
5147 249 5460
5445 635 5213
3195 1315 3143
2389 4244 972
1469 110 4107
272 1751 4578
5777 1422 1767
5991 1492 2776
2416 103 4230
5584 5118 1102
304 5140 5257
423 4838 3102
5686 5880 5254
5343 2245 3680
1122 3729 4357
2905 6081 3429
2528 3812 232
1655 4762 1379
2258 3848 3299
4094 6091 1272
5783 1327 5746
4442 6174 4568
1257 4341 5516
3474 4303 3874
1780 6257 1444
1673 4491 992
3186 2901 2907
2644 3313 2896
5783 4925 1891
5301 1393 3329
3798 3157 805
5000 1963 5889
1047 675 2033
4994 852 2112
3031 1107 1675
573 2547 4637
5727 3425 268
5546 322 1455
596 4364 417
795 3678 6257
3428 3621 4561
5955 2029 393
6024 598 2853
1473 6040 3989
5464 5920 4569
5490 5677 4920
487 5172 954
5240 3368 666
1318 3921 34
2562 1951 174
2722 3247 6343
475 5595 4855
755 1203 1134
3058 578 1021
3807 391 4605
1992 77 1461
2632 5088 5506
5634 4900 5251
1860 3598 6321
5477 5043 3583
3260 5923 135
4911 905 5605
3429 5185 1567
2064 5789 4598
2813 5893 2453
3773 4847 1783
5472 1984 1103
1980 1296 2272
6005 2242 2971
5356 6212 2740
4347 1265 4920
2311 1004 5128
1931 6306 417
3330 3371 430
5067 1791 5475
3019 5020 3142
1928 4769 1817
4513 2128 670
4960 137 3323
5616 4004 3812
5090 112 1200
3594 1784 3607
4790 1064 2524
370 6136 281
1701 5754 882
4673 6247 6294
5191 2226 4343
2539 5979 2000
3515 5574 3835
5614 405 4275
2473 4713 406
5773 1445 4529
658 681 1778
2538 2162 5726
5362 5173 5876
1625 4352 4152
4766 6240 3799
4384 5758 5739
1778 3174 4921
5201 4858 4504
2060 4247 779
4026 4733 863
921 5698 5780
4245 1262 393
3660 1644 693
1955 6131 2515
3172 322 4104
4492 1636 1773
2861 1170 4151
2252 2193 3468
5420 4069 3502
2893 1000 4870
2857 3729 2077
4729 390 3744
3215 794 1129
5846 5215 2524
3269 1363 267
6097 2952 5366
4035 3933 3505
222 6221 5236
5017 6137 5426
4761 3088 4706
3548 6346 446
4340 2553 5358
1881 3897 190
3764 4362 5409
3438 688 2531
1732 3139 2961
3252 4740 6029
2939 5111 4816
1506 1511 5403
5737 2240 5406
768 2020 6020
151 5088 1746
4402 6194 4212
2374 1465 172
2123 5917 3158
3447 5249 132
3032 137 1120
444 5056 5822
1908 2803 231
2572 5635 3339
1423 698 2568
1240 2866 913
3916 1367 1488
3436 823 907
315 3685 1576
531 5864 4487
292 3330 4420
1209 109 2677
6182 6103 3612
5119 1015 4915
874 4332 1408
3044 4147 274
2951 2295 5381
1541 3155 3151
4982 6404 3862
934 3178 2118
4959 1891 6298
4056 5312 518
6161 4843 5776
6190 5269 2890
1666 2171 3045
1593 4679 1921
576 473 2882
3008 3979 3303
483 5225 920
2119 2118 5668
2757 2272 857
4422 6238 3152
1866 6291 5370
1804 5611 912
6113 3842 6142
5391 2531 1294
192 4435 2241
633 3637 1899
5917 268 1853
1956 2329 1132
4805 5023 1101
2492 3472 1069
4788 1240 2158
5692 303 231
253 4359 3870
1038 2633 2644
4658 2717 747
4042 5179 4852
6011 6133 887
5019 4896 3908
5952 1672 2824
1587 6339 2524
4283 1353 5302
6437 4165 3946
6234 2894 5138
4926 6288 2719
4540 5293 2273
785 5011 5886
144 1300 2822
4974 2414 2727
1069 1256 23
1652 501 3350
738 4832 5849
3498 5228 1674
3352 6189 4227
6088 2719 5254
3245 2027 2230
6248 1980 1448
208 4307 6498
3991 1117 564
3462 3420 4213
4031 4849 34
1656 3571 2646
1142 5488 4855
5644 4560 2402
3414 771 2748
5335 2851 3475
1124 3350 1390
502 4990 5069
2574 4601 1422
5311 5445 1861
4292 4091 5465
5075 2447 874
3570 5188 6154
6412 2032 2774
4652 27 1777
4202 4600 2243
3696 5002 4998
3698 2067 6232
5442 2038 3491
1911 1961 9
3471 2060 6190
6326 1859 5888
2825 1612 3522
6491 815 6483
5265 6398 2508
280 1035 3916
6225 4224 2288
5051 4614 1488
1404 3621 2706
6393 5062 4147
2259 4295 274
606 303 2993
742 1878 5125
5591 258 332
450 3662 278
2793 4375 3180
4649 5008 2183
5072 4324 4132
2191 4500 4409
2355 5172 2934
3090 4356 159
5374 1357 4606
2227 6417 4797
244 1806 1460
4398 5664 5250
5040 2454 2951
6310 6481 767
5938 6059 6067
3224 3052 1660
4243 751 103
3395 4298 5241
1181 2408 5482
3037 12 3997
1411 3214 3946
1619 4607 2376
2438 1043 2122
91 5865 2189
1201 1183 5603
2734 5372 4004
4265 3199 2422
2389 1870 5067
4737 1151 2733
3496 4761 5037
5066 2144 4817
2431 5891 1741
678 359 4031
6556 1162 4331
5761 2595 6347
3345 270 1151
5452 4132 2770
3464 5370 4287
4901 4425 4344
4104 1485 2103
4390 5638 3956
1816 1319 3283
2818 117 2803
5919 5687 1762
6230 6521 6090
2716 1942 6413
881 1009 4804
601 1555 3120
157 544 801
3868 2276 3025
2962 1161 3395
1818 5192 73
1779 71 6316
3160 4577 4825
1658 3170 1755
1715 1687 5783
3749 2484 3731
5371 2354 1101
3145 4326 2317
4233 4833 4601
1438 1439 2584
1277 5912 4381
3143 6394 3704
3925 2004 90
1816 2810 2362
3094 4650 6323
4715 3145 6012
3188 5742 6593
75 3593 5244
1028 2074 2963
5204 1191 796
464 3432 5228
3165 1120 6415
4333 6449 227
1167 2777 3949
603 678 3593
4069 5555 2724
6607 2029 368
882 1201 3334
2683 1515 4877
625 4747 3183
4300 95 2037
3272 5798 4251
1970 192 4119
1257 1880 4599
5093 4278 2890
5877 2418 4594
3801 4020 537
1222 786 1527
6522 2305 2961
5697 3339 4532
3986 4407 53
2543 3335 2115
4278 1804 4674
412 957 2699
1409 187 136
2547 5397 1466
1530 960 590
762 6277 3243
2547 4543 662
740 4775 4624
4362 5708 1351
1584 482 5583
5100 1211 2986
597 5038 2410
4444 4857 2974
4470 4652 6484
5667 6226 963
3773 3783 3084
1786 3809 4460
1118 4383 3032
3472 2428 3204
2096 5370 5665
6398 3433 16
4823 3059 1618
157 3866 2126
1365 1851 1001
2172 1322 5553
3989 1441 4754
5711 1112 5673
1009 659 4840
6081 5164 3158
3732 241 2446
6195 545 521
2564 1106 1796
459 5501 735
3177 189 1414
2406 4734 3867
2622 781 3256
6265 3047 47
5485 3013 2348
2753 4729 4570
6650 3921 3861
1743 934 3795
5972 5178 5261
654 3574 5799
6576 2169 812
2997 318 6039
2204 165 273
1516 3943 4551
1274 2246 4998
2381 5869 5790
1720 5324 4142
777 3199 6309
3004 2677 5289
4957 2720 721
5903 1122 3100
3457 5397 2102
175 5506 2565
6095 236 2749
871 3288 5497
900 5790 4728
2343 3757 3662
5268 2617 6313
6602 2297 4211
3431 262 331
4646 5230 3518
894 1713 6642
1986 3534 5198
5682 2689 226
6601 5427 4213
5187 633 13
3418 5227 4837
4480 2427 372
5640 703 4667
4572 330 3151
688 4101 1623
926 130 1086
4387 6581 6688
6341 2127 618
5079 4225 1002
1359 3762 2764
4168 1457 1670
4516 282 487
4918 5258 1621
6646 2905 619
957 5754 2309
3736 1700 1615
2268 6533 1946
6623 663 5259
2180 2881 692
2538 4147 5630
2880 3547 3711
3833 68 4271
1804 5308 2938
5938 4237 4641
2716 1345 1445
5657 2719 1235
1073 1685 4022
1821 1987 4107
2116 2495 1021
3859 5988 3368
4624 178 5205
5367 5862 2070
6423 5428 1280
3184 4070 1597
6154 5821 4905
1042 1481 2164
4620 5046 2896
2607 6103 3423
1384 6483 723
330 5809 5008
1888 2214 1333
392 37 2226
6307 3451 1808
5085 3211 1695
1806 2586 6164
6395 2537 4782
5888 6323 1643
4701 1466 392
2661 4380 4310
6342 6059 3945
624 1914 5490
2111 2049 1747
2953 6259 2117
5141 6422 6054
2027 1928 1387
4674 1273 1168
4546 6176 5049
3106 3074 2541
4501 5676 4384
6267 3438 6537
2671 1592 4443
1437 4644 2779
3278 5891 4359
5830 3005 5260
2693 4332 148
6064 4950 5716
3450 76 5637
5618 4904 5917
5891 1402 3203
3020 3743 2583
5785 2191 2057
4690 1604 5120
5464 5183 4355
2974 2811 4405
265 5783 1430
4553 3259 1547
5713 2279 1304
4907 4305 2337
4764 2743 6533
1808 6532 4651
2193 501 5545
5573 4527 5161
1292 4912 4103
3776 3609 6
3887 3359 1460
3055 4621 4515
6084 3259 3859
2688 3269 4027
5473 4961 1987
5304 4433 2849
4370 655 4460
6627 1527 4613
6681 3382 6643
4142 2619 2475
69 3047 2250
1345 4847 3108
2214 685 2323
1705 4357 5392
4472 4373 5872
3492 4777 1186
549 4299 1995
6204 2944 3579
6014 1103 3946
3836 1844 5711
5865 4366 2445
6223 657 1085
805 3038 4677
1672 4598 5341
950 5052 4524
896 5874 267
3524 651 1237
6284 4356 6167
5460 2556 6094
1176 1508 1331
4307 854 2120
3005 3368 5618
2257 4337 874
3548 513 4634
238 3459 1465
4035 6676 2358
6529 4760 1475
1477 25 3796
5937 4648 1836
3775 5507 1656
5576 4609 3400
3010 3746 4765
1504 5992 5294
4633 6642 715
2174 4435 4866
63 5479 5334
3985 3456 5910
4737 5961 4687
5444 808 1773
5127 4583 5458
2132 1313 3339
1547 6177 6026
3742 270 5378
3466 589 2895
2001 6698 284
1497 3740 6591
1592 3200 6685
2 1615 1594
2130 2172 236
5773 946 3615
36 3921 3927
2143 228 6257
4393 2702 6487
5417 5288 3816
6491 217 5857
3265 1125 5590
5971 5097 2896
6113 1502 4605
3711 2926 5975
6162 5337 2992
5870 599 6088
2658 6849 5643
1076 1151 1292
6831 2560 306
1603 4069 925
5839 5597 6049
6306 2860 6614
5637 2885 5751
868 5319 5409
1677 1022 6654
6701 5386 4899
5224 6496 830
1139 662 1403
5750 3149 4865
3688 2327 2963
5691 805 2708
2956 2208 3791
3023 5404 3310
2183 6521 3117
355 5006 257
427 2105 883
4569 2826 4250
1259 6102 4819
5227 6354 1518
543 5319 5220
2773 6618 6062
3732 2083 863
3959 341 4428
6150 3464 6552
1839 500 1461
709 447 5543
354 3643 2580
5192 864 6658
227 5796 5206
894 6229 5955
3117 214 918
3645 3008 2083
412 4611 5308
6190 1694 5325
4029 4043 1494
5493 4820 1638
6704 1821 3894
2868 75 5033
1702 4779 2679
2992 2256 2808
5258 4284 278
634 4454 3826
2874 5866 876
4625 169 1333
3916 330 5364
6253 3263 3699
4526 3233 2452
3374 1543 5446
3518 79 1004
4544 3769 5877
4424 5156 5349
1059 2983 3273
4813 1703 3609
1248 5639 2579
3493 2166 6659
539 1889 432
2931 1330 4813
4536 6450 1858
5508 5381 2091
2705 5055 5125
6261 3266 5737
1898 2921 5451
5636 1230 5309
2682 4598 929
3540 4376 6093
6329 394 2055
1496 5307 461
2925 1696 6686
869 4012 857
4162 539 4478
151 1148 5723
1485 5096 4674
4451 239 2827
6023 6548 4296
3470 629 1599
1549 382 204
5107 2391 1665
5588 2336 6647
2577 1533 6716
3304 886 3657
1750 386 6104
3924 1225 3716
1368 5780 3103
2540 3332 4383
5668 3944 3737
4475 4248 3007
3604 1151 4857
5444 2903 5024
5421 5739 6940
740 1486 300
5910 5428 5765
1720 944 2846
6552 4938 930
711 1753 2056
1239 5412 88
2244 3199 3097
1710 6852 6662
6914 717 3975
3463 919 28
3605 2604 6467
5256 2169 4787
5913 2497 3380
6923 1352 5294
2278 797 181
2933 4791 3510
5210 2083 3416
3969 2885 5479
6069 6485 5872
5260 5613 5221
84 5256 5170
842 6926 2866
477 2486 6100
955 1792 2905
6024 3792 226
1417 6131 1994
4453 1454 4856
5250 5483 4903
3842 1865 5239
2162 5484 4881
1318 1845 4357
2934 808 2929
4976 245 1087
6371 2579 6484
1504 2099 6116
4332 6079 6005
4988 331 1101
6673 4415 3700
2950 414 6170
3688 2453 5592
3154 3476 6340
6230 6245 3771
2790 2383 2125
197 3493 4637
6819 4801 4484
3871 3839 3493
2047 3217 61
1399 1540 5453
5563 5313 5036
6490 2202 6473
105 5461 2501
2951 6782 517
2904 6270 2437
6643 2361 4995
810 705 5399
3357 6816 5339
2243 302 1774
3794 25 841
5842 6541 561
747 676 3505
1147 5674 2719
1697 5583 316
5585 1210 915
5899 3106 2981
2526 4871 6285
540 41 96
1293 6603 500
6312 3269 4488
3065 1748 6415
3305 1944 6316
67 893 3780
3506 2297 4216
6375 5117 242
5729 1978 1805
3602 4683 4469
5155 5204 5251
2187 5783 190
5443 1360 2267
1190 5618 6038
2400 5552 1858
2150 1498 2031
538 605 1608
6583 1712 6916
3236 1223 6228
5152 4216 1074
5536 632 5900
5625 2708 661
904 6426 6496
6267 5208 1436
4731 3257 2740
2351 5299 5917
4335 1824 3908
4327 2553 2826
382 5407 5999
3316 626 157
1791 4347 4460
1283 5972 5294
839 1335 4379
2352 5464 3415
2186 1071 4995
3608 2046 5768
3019 5438 4148
1173 3665 5323
4855 2549 5637
2179 3277 5532
4885 6289 1163
2658 7041 4140
5578 5887 6784
6618 2310 2657
906 6830 719
3311 1239 5316
5578 1517 5368
2842 4815 2688
5127 6105 5023
4298 1208 4540
3425 1606 2294
5272 5926 4256
3138 1767 1027
6696 3583 6304
5924 5638 3154
2667 2209 5404
6475 1616 5883
1784 6862 4186
5081 5135 562
3619 1257 5285
2308 2682 4674
1718 1690 2165
218 1484 1570
6644 3630 4407
6270 148 4810
6692 3626 5917
6757 2184 3506
2013 5578 1376
1163 5992 4069
987 6009 79
6666 3319 1809
338 3757 2782
5187 5719 5040
5449 1473 6450
2793 858 3512
5675 2522 6588
2087 40 6643
4681 6409 4061
6500 5845 6651
4572 4542 5100
864 4994 3767
5897 4945 5433
5050 6003 1665
3571 3582 1420
1356 2562 3936
1897 5567 1397
278 2376 3325
5093 1967 3984
6566 4068 1733
1664 1649 6556
3041 3766 6375
6899 6530 4883
332 3491 6144
1270 1051 3519
5181 5623 2692
5485 6524 1851
1973 1614 3597
1442 1253 6719
2018 1968 4537
1747 3493 1647
419 2669 925
2366 2895 2274
1592 5842 6711
5209 202 3418
4524 5416 2868
3646 7115 6951
5410 5041 5505
4663 2808 5894
417 3718 3465
1535 3285 4235
7070 194 5843
1911 5420 6176
1364 5942 932
1862 1359 6098
5179 6047 3727
4889 3302 2548
2321 5895 152
5816 4054 5397
7039 6362 4384
7049 6144 960
2121 813 4193
1234 5244 6385
520 5766 3334
6650 1797 4952
1804 4934 1588
4404 2662 1093
6538 4483 5258
4953 5430 408
324 2947 2272
919 3610 6221
5557 4477 239
2972 5484 6173
2581 6540 773
3014 586 6539
1643 4149 627
6099 2148 5968
458 1841 3224
5442 3857 5703
1706 5183 486
2393 4843 6627
6171 2660 3255
6292 665 3959
4167 5993 2744
3742 1979 5403
5950 2057 6329
3515 4390 4643
6347 6043 2442
4000 6085 2964
147 1321 727
4649 5769 1413
5150 6464 2250
6595 2240 7003
1026 6352 6137
2174 1165 6504
103 3941 6055
2223 3897 418
2442 2151 896
1688 3965 6054
6892 6267 4552
100 2965 6022
1590 4591 6242
2987 228 2429
290 1167 3806
373 2435 7053
3629 6966 4
2312 6479 424
156 6534 6889
4687 234 2317
2934 1981 1399
1151 4932 6835
6574 1036 2828
5391 627 4928
6048 1446 3488
6594 879 2661
1181 5414 297
4432 4421 1414
479 2186 3529
5592 4658 1910
4461 4768 778
5189 6360 2260
5302 4199 663
5746 4179 6960
233 1201 2988
2288 2878 1450
4004 6327 920
6333 4400 6785
1902 3403 913
2179 3280 4784
6456 3171 3057
3245 3837 147
197 3566 7117
3597 499 7014
5675 1595 6286
5611 6059 5518
4793 3708 5644
3829 1349 2016
2009 557 6970
2635 5604 6255
4583 933 7097
427 3304 6361
6217 5742 3806
4654 4357 1086
1153 4234 4870
1604 480 6322
5609 6295 2312
511 791 6697
2888 2511 5063
2268 5491 5934
1583 2480 6722
5494 3222 5185
5221 4409 3289
5169 6663 1373
2860 6623 2738
5240 4526 6495
5717 5550 6005
5449 3583 4893
1924 2865 1227
5757 6867 475
3458 1153 4590
2083 1965 3643
6184 1183 4164
2926 2244 3758
3319 1210 6951
1239 1310 4451
6768 5551 2247
6948 4189 2363
1688 4106 4152
2215 898 171
158 1606 413
5166 2583 6466
5858 82 1313
2311 4186 4208
6866 3193 1117
3736 5145 6538
2880 2988 6314
2000 2367 4704
6212 6250 6136
1560 5800 1615
5621 1924 1262
2020 2177 2397
332 2851 5383
4989 5884 3356
6777 4863 3299
1239 1596 1430
5156 1220 2180
4529 3135 3068
4046 3792 6923
1027 6877 1492
6957 4268 3585
2880 2969 2890
3516 5689 5070
4649 2869 5629
7169 536 2295
1473 670 1125
1756 980 1465
6533 727 4881
143 3058 681
562 2092 105
6498 6687 3981
4489 7209 3346
5253 1101 1235
5823 6430 1275
2210 3237 3928
4807 5008 4624
3976 5698 6321
4969 2526 3902
722 768 2519
2924 4840 6355
2322 3035 3307
4668 3718 1306
6830 267 6952
3527 4380 2994
3126 6792 3654
2945 2656 5899
2806 6682 2977
3397 4853 744
2155 6491 5698
371 7226 3423
2034 3485 4183
4421 5490 249
583 10 2426
3306 3868 411
2513 4243 3553
6774 2717 853
3045 3079 6425
2190 2635 6477
1246 3125 2494
6244 2379 2294
3718 2605 4026
121 4285 979
5542 5982 1279
1942 764 1151
2767 1130 1547
627 2197 5655
2579 2052 4452
2465 3511 6385
7277 3485 4105
6281 1669 6689
7199 5560 4254
7010 2418 4370
549 1433 5539
1386 1871 6552
4526 6622 6946
5673 2933 5237
4792 4726 2435
3500 4325 3520
5366 6031 2323
841 5937 7172
3496 2926 5898
2609 4179 7005
3442 3119 3079
4402 4313 478
3901 54 5372
1074 5852 5576
1382 1743 1979
2061 429 3624
73 6422 5314
1039 2081 785
6793 2387 6872
3974 6959 320
4490 4126 6818
3990 7136 134
2016 386 7312
4931 220 2256
2842 3450 3038
3491 6160 3385
1350 5719 1307
7029 768 5679
3533 1119 504
1805 4873 6909
6996 1227 3733
3856 3279 2160
6548 3055 5225
465 5851 5707
510 4764 4172
4215 5368 1376
6394 2036 6240
