2041
553908 733101
719695 835571
855963 954080
434 580783
24390 805742
540065 610003
611252 46102
577409 831968
167037 971541
773624 211325
125189 760820
844178 102714
913021 105734
932478 120079
857653 979791
176828 695540
883430 189114
67552 535372
776199 570173
267438 684665
412176 608355
848096 596956
150094 451350
765917 6400
828637 466663
188181 855706
383332 396287
431827 587984
207389 154918
45731 289392
736557 166779
586311 160694
158405 570556
219087 908475
888771 640380
879567 282898
265107 953214
175419 342374
146910 181566
14825 991680
186153 856644
389438 198687
781833 741887
75031 186821
65288 843831
141365 315962
645189 926209
212322 983251
124181 385519
741408 149588
821634 276389
263148 241991
505130 949637
420999 187027
790066 572940
289261 981830
356815 647859
34409 535866
884260 255447
891955 29433
618259 633148
303958 94476
480498 989996
428881 266061
747963 78764
155712 378412
372261 954213
348510 272540
675545 974285
251083 173211
1582 217393
311848 759189
407751 759147
340527 139943
421965 689147
54807 744211
261326 309882
43620 751430
642065 682005
203161 195229
32125 900506
428588 3148
586937 828353
165144 288555
24448 735637
460300 331807
195955 459924
323709 484790
854303 125999
788362 310124
78369 978265
693888 283452
759999 333878
947871 727325
405425 419504
922497 74181
452193 774111
366994 508274
961112 772465
832925 956640
454612 679656
465523 922217
292571 232866
4623 835411
366981 564838
566460 360677
279210 659748
713632 629855
202730 967324
265009 711162
980240 659643
715230 1826
464150 705077
681523 179439
233390 267612
904648 763132
943438 281528
362379 489927
782485 310470
761413 879275
61221 429814
490046 68986
44441 500840
464463 629219
957055 863532
970418 755117
811749 944277
191854 747076
30468 276159
375000 419322
556044 445438
126342 974463
544645 895902
107735 116870
551281 291927
823810 15198
711934 774623
370673 209725
789281 300232
779803 841187
631778 123117
730585 303612
176164 464369
466118 405973
862132 468562
789753 2278
823802 546289
643004 534825
979798 939558
884057 243476
778382 639417
834906 897331
297076 185600
49702 116049
233622 724508
284621 947270
13342 465488
113885 189177
362742 815564
801217 425279
628391 397773
768645 211371
758667 440560
800922 949374
723374 659556
114652 642234
819532 641272
663450 152306
330686 64502
532976 785552
331567 664279
158254 289644
125867 185076
471833 368731
621166 166087
380468 477913
813936 705405
54374 471376
537049 90207
950693 98528
857436 481726
708909 489555
759442 174762
611404 85210
619003 201052
20641 268401
739608 682011
10574 835607
77423 203242
988274 657113
790686 713348
827138 541453
577302 455557
5393 767210
89753 313388
849839 565162
24120 210091
535456 464703
907021 800556
633428 860191
474547 302992
110208 215699
564885 599139
828685 605802
74963 358244
716710 30710
303072 780574
118374 680862
974033 111566
897133 307152
27547 616635
911256 179951
914634 594219
920178 363977
152655 854174
667687 27873
564677 52733
73964 715335
55452 706818
297329 624282
50266 724280
584080 627621
630799 528813
601161 278854
225982 889802
516617 624259
871057 358063
803767 49832
579725 62295
159105 952844
218003 74663
811852 42919
10926 133370
615278 806611
107473 396841
548812 206817
297964 913677
892050 910768
916357 578080
742674 7546
600945 112453
153271 588949
443343 488213
116227 730059
729433 943376
997542 873289
243611 667183
790371 9287
97896 846186
614052 323848
853027 645859
959952 953337
18996 964215
120638 663419
946913 384741
390850 779575
425240 408736
929409 670932
827352 491641
10274 290879
204107 932621
582705 594869
41224 827851
656027 710508
524191 865276
554966 284377
16003 296025
950395 178047
408020 486506
79189 63097
604814 428448
757533 310611
750109 814538
307942 698942
141354 688983
153241 212695
139904 329317
180053 177408
62661 443782
493343 354777
661728 909562
839173 858830
143694 78003
156445 13932
457084 58370
443314 196168
123212 63619
352072 3079
868030 904284
39050 27915
615117 885561
723933 695651
328936 360240
342422 685709
454109 840739
77755 648431
843990 321442
559247 747448
481825 544153
800400 542195
722383 109164
574792 718508
232307 795258
750971 263995
791436 263136
852151 540418
91945 297295
777036 295728
886292 793824
183040 257698
163745 195139
857622 187728
747620 418260
440202 827329
388928 979497
899907 123299
200582 750942
912027 713610
494300 73024
316021 857033
172764 941291
495615 292153
363051 499910
234177 265150
172066 337638
943731 469845
319755 46441
378509 659357
752687 290465
838145 116700
482508 131358
247865 16888
942907 167195
495009 519542
854553 112826
260810 415573
654548 320344
818276 866459
200926 553284
227458 929993
937311 920897
601834 117122
555500 782646
482005 705383
490438 664544
220062 99790
686311 282684
567525 423136
132854 667595
676296 356204
819514 846239
753965 714457
885768 711313
965147 888277
695812 447859
256129 964548
286263 857372
722746 586694
701198 320129
59874 283301
962185 705082
231465 243712
338389 594267
392409 94323
718207 368919
169886 482926
414295 38481
131412 220140
218265 558922
869240 169996
800329 76247
380695 495753
9214 930729
571537 763449
417725 452102
139608 777338
929492 59290
75793 520644
173034 671234
212026 625799
665697 50594
38994 365898
10410 982265
232814 568272
663764 498672
52492 613755
777849 107607
825644 81348
558672 613060
389633 651194
582960 567424
940173 228684
538154 569831
908892 48058
185808 984440
409309 108433
727257 824991
99521 660139
180216 35528
944211 409773
245986 441971
257791 315015
757756 710379
881277 915916
351968 575290
794561 89142
528527 274161
734959 930042
25149 279936
408958 635425
719456 238153
373068 732561
336049 881234
708680 10015
735895 403760
114079 799778
41556 829163
107753 748284
765436 348539
922385 691343
976784 710338
682520 870743
304822 995610
256530 311878
363317 395025
752750 31359
572165 672404
979214 778905
562621 349028
843385 134735
158108 184320
853466 955157
774426 899691
777020 992259
651069 955090
369155 39765
501537 636130
677684 709889
574872 203673
4760 238064
565554 140926
240728 824751
256094 737294
18723 838965
985660 830205
516854 170402
39596 7379
304663 959789
38013 882174
672062 369568
640770 7601
870523 32237
349819 70151
385630 472685
354270 632949
439807 851705
52890 697216
523256 563945
346491 731923
522511 8568
881535 410538
938277 181178
219328 676095
354165 474306
529903 833448
780619 541821
25462 984812
298549 686271
901904 266077
588991 885532
894332 289165
986581 527324
719167 578714
766435 87650
370557 683230
844292 401810
19122 855807
997192 311012
812537 373936
373667 788860
249242 226655
859834 118443
827144 484921
130266 474020
837607 806642
683016 145551
138038 682114
222971 556167
922522 361460
501363 127530
294332 53457
310201 80722
415334 265438
479848 742124
901207 162378
227285 295900
498988 687688
327364 960735
254824 718614
940242 397943
742610 451548
444978 358250
474997 996727
428136 435938
712921 897097
102029 857037
374048 340999
495376 21108
708425 670316
405621 534236
234748 615118
261091 92058
872447 485434
733324 125811
761286 193024
669145 702400
453556 538464
86226 283817
460235 424996
801634 133835
14023 763259
503484 906666
944157 502791
319490 414308
173638 266629
698275 876495
883857 155108
738509 151462
140281 995345
630545 415200
224031 89966
859511 341268
76501 336526
436947 24029
381654 57144
817407 999801
293560 244335
769885 877619
634316 481544
571221 290058
686980 841884
943869 136010
529655 70931
103440 520743
638230 662766
286208 890818
435052 404332
44612 984589
393181 494901
941070 158590
188499 911121
602389 731065
910232 87920
951701 554213
809183 460266
47998 366140
304381 635556
512373 698036
377925 693817
87100 265892
483781 723703
990385 544320
845607 91403
487244 872271
159063 843205
400012 529652
322579 519140
919258 889318
589817 550455
420846 407465
863604 649245
243528 774943
66701 579950
283708 438256
750194 979806
869020 616753
708452 277901
968766 18138
895541 969064
681287 820726
224640 66386
396585 564444
480872 220918
234261 262193
205871 352525
908316 289629
998792 297407
81400 227732
644 621918
354420 202991
745635 861368
520199 974208
500009 703736
964492 787767
362459 456391
877133 519960
534098 381935
172337 489155
931657 328916
629016 362761
513528 284300
417053 169201
336085 880435
967010 769926
411686 510914
599802 938085
251464 742462
972719 889480
618975 204490
751114 366336
137936 353424
159255 485436
997526 967293
656345 353196
866065 128065
483216 25255
750797 779225
760646 201246
151858 41252
684280 317048
838529 908189
562195 936701
185344 603978
438814 561864
693957 459854
677645 842100
461709 983742
480889 359751
951381 68750
605069 853201
126053 921422
818490 18062
49151 237162
282701 816621
394832 343547
430337 768747
531938 84718
670802 937103
342735 476809
104521 328766
352749 237602
553628 586267
162502 717810
506798 318161
924382 151384
979458 763809
60958 596874
319810 488595
789588 324820
311896 5753
510205 194659
435673 845848
204507 250747
65639 467004
806149 849918
60162 763936
207333 866456
420746 771865
311013 416100
924896 820840
124924 830867
789653 372298
216372 891111
673528 567461
671369 928518
351150 330699
108267 297917
881436 217020
108206 440184
468972 159614
322612 211386
251860 478973
973119 105079
421259 183086
225343 854082
951236 307036
820055 731781
871210 476348
36212 101607
497368 428824
816602 938228
553947 147185
666662 247073
145151 645918
364188 355026
856439 483765
832370 391351
737561 623266
861773 186318
513428 298875
491103 268670
24589 168077
734276 604975
373314 679280
326577 142778
861956 978998
277098 384780
468771 15523
893568 642720
142992 361683
302562 711030
932547 771242
899906 617917
418751 876592
194547 34458
43307 224636
804984 698387
375277 228198
841510 497574
638051 289492
252947 679497
869533 929189
570730 490545
513820 612999
553896 487991
939450 502700
799230 212174
765656 705440
604380 314440
584415 846626
292051 946506
330333 410183
537005 156366
820151 309095
722268 995600
114587 680531
617243 384447
793489 587047
36227 788782
10279 376659
545094 439965
277976 692366
308924 942258
782859 629414
682099 705239
112765 159913
350911 764360
481809 459351
361636 290067
586351 450324
64992 332120
816471 25676
749269 491387
920036 499503
775330 789450
383460 362098
295072 531126
630989 653627
28827 33388
719132 372238
219966 602137
593158 559909
837433 405927
563157 321921
620013 770610
102480 950119
985955 662576
769785 746802
102486 377230
288787 348296
528327 777786
569046 891316
261504 210806
582003 301489
762529 612327
688650 349113
927625 33753
570462 341687
491571 717309
784661 297193
587929 118146
12117 401580
134323 616082
769652 865954
645937 993963
408158 300552
650857 425270
633881 325324
678567 721711
162288 834376
635478 526388
983602 19108
801396 785880
444644 229342
110000 722724
49109 921684
147718 394677
17179 279298
731279 590684
749471 48167
833551 544989
216964 655883
398672 9765
174950 785311
517477 830682
381317 557335
598061 332335
581484 595428
382789 903420
86486 557460
898893 364169
703579 666901
311488 660614
572811 882487
297429 187804
2338 522563
196470 612230
495378 898723
842451 897932
972454 178741
699904 871429
84389 713444
59511 919322
425299 799896
158842 398734
561635 320693
369630 272355
412368 904034
340178 414768
654831 883884
383928 531991
500702 115406
15939 851310
154119 665341
126217 986253
124834 408835
22974 142633
171944 109341
169954 271605
950918 802960
453773 461826
631578 277696
542372 950618
283207 354051
193594 101200
269368 53681
452269 942858
580124 494033
69036 621898
861434 631205
729461 155723
622167 367487
39771 370008
909289 416997
261635 871791
554046 35113
481633 4947
626455 488856
366791 588125
12244 141444
446907 898747
737951 522562
543074 764850
674569 852004
381283 696683
492689 605880
74797 877470
184104 750572
332218 611131
835544 558605
479172 433213
659961 449140
924222 478115
615160 271992
210954 847912
788283 872635
908999 107052
357015 774226
669025 456211
153168 62550
261669 27503
990252 372375
90056 217618
756780 915933
491658 834118
771661 705489
466979 489257
421878 163557
436808 561877
183932 396106
497915 709228
211857 929037
835098 861584
432112 399088
741885 600379
726466 933695
531533 766707
273825 652403
74157 433476
679504 738365
129126 496859
423482 349813
817557 305202
125373 729606
414074 705748
858692 224243
466946 659422
938193 403631
136384 662170
413697 968670
765518 396807
274339 17027
576522 888829
894223 790886
96146 678588
443547 189903
259206 508792
3022 485880
740572 654478
231601 639458
809685 837168
126177 691308
79080 206484
312910 199619
100912 338258
823400 62728
476720 249316
663045 782964
442231 561833
752004 435338
917810 384068
519484 931143
676233 694565
212641 425217
473252 202136
716935 196472
768434 244520
981104 770820
206348 825948
33580 228814
136184 735657
875335 97124
781647 436493
966865 968398
596492 414174
425704 232156
38943 682615
299582 92776
525954 684602
800124 828008
628789 285722
862754 579648
349492 561732
492271 149139
322922 239738
283961 108855
118589 696140
591836 418359
885215 81839
846673 334446
846257 214158
623386 146002
758491 123824
456761 168705
484459 943090
800618 432052
568031 814564
654828 575160
745112 319933
988505 282699
758018 786627
362885 556381
570512 472659
463334 160926
320383 896490
168314 565093
879279 760895
721473 430861
488018 555868
834213 880547
915085 703321
52488 504161
949991 722413
192355 817852
791636 441864
700306 790949
706652 182451
328606 493975
505086 459872
476776 943540
20534 113743
276393 881774
437364 450396
920853 692608
879977 445931
371505 351608
408530 289199
434027 570784
760555 290527
851493 726759
51210 713377
408906 327045
451679 437740
718012 696921
892133 713987
661805 111645
777560 884764
93167 459561
337138 969834
138330 585754
114998 702510
170296 522197
250538 965242
35892 913343
901262 143423
620398 376857
556661 835545
996020 663546
24167 176404
143854 683015
495025 500551
230835 418082
420457 203306
298093 671249
879989 999569
493998 847110
801538 635371
434636 810171
363923 169543
670347 275333
932122 609784
973309 806811
859497 455696
91506 280741
485614 618485
292485 179051
22615 449292
895021 745165
510894 816716
442834 709938
887855 945821
323872 568638
69288 305932
422108 166676
471768 420210
466027 513574
804255 901046
40088 327737
136312 744698
972865 34877
884901 621908
144263 382397
59901 385723
298810 172059
242171 825623
272965 41405
297435 924933
17284 888192
331512 342034
188099 267430
930035 640066
29583 445611
233401 849308
421463 646751
989621 602070
198767 170202
925403 941894
160380 820836
433001 132290
635616 622821
365237 207344
910684 394501
567918 502596
491390 362965
960706 193637
680965 832856
926454 370074
426270 274130
62148 523015
828261 943523
404215 867991
727703 765317
784 792263
574990 423042
530489 43464
990666 965540
877836 799445
449061 848618
956081 74325
36126 101021
999785 586827
797891 840748
892345 565884
682548 698732
995450 803933
823930 18609
387300 995851
817246 796400
431295 372989
245110 691892
912070 842651
452019 25767
345220 138724
134921 848234
258339 331815
953612 700539
705867 578184
627310 175499
203003 313740
422978 135911
539233 760695
472989 124687
339710 451267
452941 636630
464714 374872
381433 740259
894257 727903
49655 436297
962631 379829
650682 308965
60578 341376
530689 163620
339890 947000
62296 270075
541666 137749
496822 124037
821205 802556
3446 848506
994535 582723
831498 774256
848131 194317
641527 207796
377298 978750
660204 871024
818353 282829
265161 628882
245642 190441
41685 667723
755143 908093
577276 659094
402899 576164
160931 650497
718017 880190
795475 260134
457758 712984
263295 685883
23906 509338
145035 917188
918922 647165
842379 994784
315151 833153
68811 901377
700816 240059
386202 959015
148942 49798
392934 644070
352987 421612
637094 393911
698620 791294
809313 256554
289861 188709
548461 914901
328704 44504
707558 431398
967720 901191
935464 429382
3626 660081
748339 502881
400053 516598
403603 415420
388475 226139
54743 14483
510165 56039
274458 403019
337165 919733
451178 527121
907392 575484
11465 450025
972024 712640
999603 523514
815903 674133
771578 546206
367833 363498
905470 804100
421524 520472
1365 702676
72727 909018
363998 842140
422346 178162
785903 608434
54395 691222
322411 982502
449993 159132
873808 394739
558388 258650
589850 648044
714439 357279
980977 998768
484926 950350
335539 177095
455791 6611
422240 528502
998242 729064
481437 184315
856248 147607
365813 735603
746216 427063
894733 433515
571334 451167
329201 772712
821642 375931
562238 944177
169880 859060
945210 582705
601245 544898
955700 44858
81742 836979
181304 954531
921329 995885
497805 177481
213268 776137
614848 603814
777271 481076
625447 799444
313358 113684
262828 255343
28799 699988
916058 148866
401740 89209
62001 739921
24363 277135
979691 631704
685291 493027
206325 538728
804687 816640
546071 12215
17899 397780
353402 923973
508373 313975
408632 74717
18327 547742
499495 692922
182928 494021
216281 830256
972852 61598
708638 74947
706686 697477
568792 409306
324431 32971
827028 290401
763191 727905
916958 913253
195852 958875
11055 459856
31069 673332
433577 701234
644977 111008
670456 835848
553602 970304
710031 222146
535137 373922
43182 96480
59093 323359
711079 592352
595319 699435
646124 139509
551205 751972
522967 208184
178141 38087
343111 18443
704116 194473
500495 561257
238988 651255
612573 527610
463330 983567
878188 167980
989800 944103
130818 890106
13017 604707
41944 240477
838135 117864
501021 376215
310601 191743
693441 668347
757589 235804
368593 636915
989271 651770
609077 707466
170875 586748
112055 95504
36667 892693
763540 208817
455500 829459
567285 854784
780426 475310
623735 749953
190066 579367
124734 992021
722521 506350
452058 579216
570543 183488
719953 360084
85289 638701
506578 528786
763087 269163
733286 707741
731919 17987
967913 643883
250958 943132
545436 35944
880069 13738
175364 742366
574879 127160
724828 422588
817227 152178
304764 806962
135768 299609
529815 639084
585941 267242
837207 220234
170563 152470
866903 920528
488503 801937
897559 921322
644298 950053
222870 172556
514746 282710
267889 835435
894223 152776
369574 545231
912560 368422
994936 27447
463436 456681
189392 3770
320076 213348
708584 215505
848044 526079
671752 555380
546145 105236
982417 600477
648534 507919
850150 311473
663994 544720
68274 636938
186961 519652
685243 877061
72626 809307
333704 788389
439477 118060
842563 411399
81016 695462
423307 130133
236157 672571
196180 164996
875015 353416
355117 594505
520019 948800
735070 427693
735067 295367
949404 478560
477881 15417
301174 23453
725738 185266
782815 569227
21340 363459
85980 6080
318558 24926
605286 309454
609728 687511
615317 452364
260822 598363
694593 470897
480269 881285
558154 135646
702928 136357
821377 251687
174655 315342
853468 405669
741153 674261
225375 407783
915873 279084
851002 422415
226626 153655
58005 724677
135350 792268
608562 702809
610039 13354
498011 489431
836489 420859
8059 218219
400134 650783
262775 843643
722214 468061
832024 826572
837129 33672
662474 384689
215656 979333
108294 760273
369453 437623
999990 19544
163626 228217
324658 582110
652571 339204
144691 580521
700154 509219
383994 538741
976680 210088
709895 691503
374739 500710
129031 923169
681289 996385
759005 722387
676258 62138
432455 102082
921634 793709
570322 429
697217 583517
529418 980170
373621 717922
443667 823994
939614 779678
174331 43918
477181 678506
673947 544122
569604 458665
950270 253982
483552 470658
447095 742598
509052 326917
252237 976947
499822 926120
933041 537495
913698 74964
16230 489358
992416 381818
461668 686239
46999 418145
920435 451541
939947 590718
784634 229689
78179 391716
982848 384956
897465 881996
607889 847447
626680 517677
393795 428571
413216 995001
387757 407369
983234 160947
466104 510044
918007 424078
898657 546813
453734 570269
582249 973243
704591 852261
629099 638544
36803 682655
352389 804356
964130 306162
184978 217740
311957 596933
956504 890825
776414 410116
448999 500459
875163 594378
1744 828908
697904 82695
317541 679316
705143 967007
916893 773873
690215 262281
516648 588113
41785 756171
669058 22238
597199 485717
436750 847856
383711 938718
90553 242919
404424 960620
768000 834056
878604 763908
599634 548894
786997 348882
488861 901907
739389 421524
529874 528073
810385 176351
258621 767634
461789 605227
387637 143774
47325 471722
614197 482699
327208 975705
994219 343345
659697 181528
385339 412201
499601 519541
618332 729074
524540 37358
213071 438802
644879 551230
447111 452645
429725 104605
267605 602413
229077 428622
89353 507561
329791 121973
567840 202663
503548 860920
740332 852829
293877 209837
451934 67400
813232 575867
680318 400356
71800 187814
762844 176337
19708 928393
905812 594630
264094 283102
471463 810952
893528 53632
719405 940077
902857 552305
709085 62704
195864 52296
208523 550693
148634 916564
363483 632718
318902 362265
987183 158670
584120 845723
470859 847028
383022 297415
672678 67584
52102 901891
222806 50582
771427 152239
765794 602103
496500 980031
667873 299987
45047 231707
10505 544973
590560 752874
820492 893997
249303 624704
421888 701769
756733 725008
242652 502595
807020 550282
699359 839059
892288 438177
408528 570656
145341 177400
949418 685634
713611 13136
462528 509101
741794 263738
504553 591421
550388 740249
603137 496862
281700 270818
571803 482736
659747 551744
98230 500996
201018 304947
574641 58636
93804 895498
295643 136598
389970 273675
246246 200593
607041 960600
825681 718409
561528 140678
585507 594550
313717 255161
773654 75030
678864 963308
17019 719138
704959 766035
791874 240234
315745 129026
754324 213174
671631 232735
807423 537364
454578 514647
686347 979861
325630 762603
421755 982477
771850 510504
961947 199369
614718 997416
690732 449801
894654 598832
751243 706679
657160 843326
151050 518085
597442 303722
245602 811099
603261 987021
924796 796277
217350 878444
376925 291380
219045 520072
174205 149175
778255 520558
790955 428709
767725 649620
405210 128918
694500 157276
950941 270641
989328 971418
785604 509003
7953 584736
84793 395039
962853 116010
377942 353037
117022 582749
538520 119912
954784 597691
266245 343012
594783 731900
998007 774979
264776 36160
673239 812928
518618 878321
204975 115661
415457 851390
189177 86955
685560 513580
491033 200639
246829 552666
424870 582026
353200 491867
219696 381589
621832 377493
602156 43553
225006 220347
848654 348395
870964 263878
676543 761171
72119 430408
597142 563961
918971 392039
597014 17810
847701 400732
789319 781131
195785 782728
236128 121694
668149 124441
736388 589143
176933 830666
39169 668756
702805 659585
562507 110978
284105 763105
626432 118379
194381 321209
211043 308660
723645 712032
933820 546556
74155 370310
919124 253937
448873 656055
676375 841185
337185 878844
511627 370357
209781 765538
126738 714610
933789 547469
947782 100703
148301 330373
306706 240159
225646 88980
920583 789761
486745 78755
636448 567267
687135 712383
554182 302851
872955 769766
278773 55513
858004 516260
96644 596684
850573 411492
728666 813795
29794 853748
962720 607980
501990 530330
544965 527691
810868 927155
510875 808395
833694 796218
54150 923913
43983 124604
419250 117126
468182 589991
476559 418853
983883 957295
904427 653499
783249 878176
710125 674005
93402 532227
878801 234373
776459 15626
565436 691703
826778 394593
614635 811078
457354 251661
401706 596824
743080 276087
913398 49177
999459 524938
532956 764123
627525 781098
483914 360683
544296 878897
592579 269519
938750 101810
346192 980007
684125 804974
6423 126381
691828 814843
664491 761960
580043 68294
842503 880488
200715 14264
263478 754691
511319 605192
506515 785252
476538 941605
235934 884306
821560 271728
72345 218925
55683 268097
186470 936252
521421 785263
217420 755218
16030 124787
728940 365334
125924 601253
194409 380068
286779 437258
733746 306723
600016 166442
733197 252758
160983 115205
784802 561157
540745 250757
375991 398779
684596 991797
468864 698709
725662 122146
539801 84698
293997 561428
3237 95887
91124 920790
921545 426412
465270 16323
339615 367654
152263 933689
894338 155243
816729 750887
818492 298859
360824 589984
574265 115694
89872 799552
427706 963205
135479 641708
88255 951893
509331 164301
51776 449137
528360 905948
310793 336022
925483 249669
241644 950117
490997 741053
74468 668026
621153 853217
489366 4059
506999 50156
581086 799200
84979 696910
376542 498387
773859 460682
115368 902846
27234 191425
409438 598184
222278 942538
398756 872190
99281 490462
246178 251570
780575 311175
786224 314337
554915 236484
970305 954345
132205 432999
618428 648958
431163 290161
231735 692018
58515 916524
130551 463534
66093 988146
133783 282877
136183 873358
670304 879301
388233 782623
673469 989728
205297 234236
147784 338538
914369 584670
959297 503597
538819 775645
518270 288645
80581 658431
494190 814980
520869 767555
221673 737146
794608 996426
860767 316831
136718 469290
804005 905444
731690 500418
6357 252391
482919 620801
210103 332980
744731 682434
164459 66567
819214 614606
646048 827963
480914 386402
620456 157561
655903 812104
743312 19424
540460 603519
774632 88303
540096 468091
102552 850161
632332 826949
300736 812032
702466 853224
84212 693980
981774 726712
520218 430458
37393 778965
429678 759472
678897 583618
320715 613514
976052 113914
330627 669068
583440 554708
441331 37722
182686 236764
897228 438244
126577 500232
323126 26185
88302 901791
566195 81523
219962 854672
227945 991974
495068 225777
594536 801249
384233 245809
252445 583957
265464 232553
386981 951812
946216 995450
494330 212069
300768 421032
796480 86631
768994 246651
248721 555836
817471 829868
507158 576688
193005 802342
398022 790580
497637 202005
390755 276455
817635 980157
728857 180998
906514 560226
281074 509683
405579 355976
573238 476371
192643 93630
831105 67934
189025 106410
190165 875201
487315 269072
681132 354439
626817 181954
659268 767941
199112 184817
547383 817602
199867 491387
428897 513849
933677 148123
926006 649780
113935 111963
31341 582323
655872 645169
881299 238763
312203 840640
481240 460012
37524 253122
500455 434483
409752 238869
274377 841329
955263 239401
733597 323117
300020 770004
757169 462424
593875 895958
367312 719395
13240 181605
453156 75105
73810 338633
80678 865082
995655 643767
989163 710700
854084 147406
814642 99196
401215 847676
508588 4510
972355 947823
18308 947881
814266 108675
898838 216500
138967 718213
638340 691875
775239 941977
447682 987670
900373 507010
817145 784803
127331 662474
908011 585348
794878 301351
4315 468696
155921 528169
706235 346549
752877 883956
211776 144895
56247 136828
636464 486412
475847 333112
455113 848667
638219 71198
624890 687211
17528 681866
385229 397170
79869 159377
297638 763570
157012 158137
739055 697300
450188 915627
155517 267619
178826 932163
35397 77335
271128 382153
258872 891361
859526 450493
831291 42136
122358 590816
483484 955853
881936 321380
772564 442441
984069 537703
989037 406493
728511 606016
21594 496432
83347 198557
66183 578401
880974 194031
392950 885347
540642 234048
712590 707378
918315 407548
130856 568546
744414 133470
502475 620295
962873 593622
302135 410014
543268 917042
736205 809895
824094 640424
695176 305900
182457 866326
52533 457975
660936 284676
320386 398175
648558 709695
56499 39646
867762 31735
466752 642624
838413 730980
745222 357360
41514 518921
59202 901299
241696 702676
858181 706784
278327 810807
957626 718580
668766 715693
578280 460861
428438 890304
544396 716346
316659 400297
226192 902968
921001 100184
957383 581610
171221 481852
973799 159510
694333 530325
926718 296806
866251 995558
748794 169618
894643 224356
489593 731593
800259 101722
220843 538519
519608 709365
626500 433359
116885 210594
432481 442940
764424 254004
418860 424375
114901 92313
885913 87347
542857 362781
533280 132514
106633 772132
840199 18100
436195 928533
73635 126354
681388 901297
832036 828013
470403 886973
837364 92319
31022 429729
649711 732378
377153 555811
456100 108860
686991 91158
897954 664352
278526 162533
470749 229387
831807 277906
385609 463868
931068 342223
273025 178003
753404 247985
219116 926786
121555 288722
