4082
953831 182884
196430 711266
988243 957960
739678 468219
188384 95589
528098 301587
213680 21284
387360 862249
270146 738343
922355 717885
890414 996650
103097 962622
317187 366788
972583 540414
409470 274622
437345 846729
945969 966935
639277 859212
935463 545900
444294 56181
347471 517388
985409 593706
481074 490312
7775 774145
948316 552640
908817 101893
387060 100615
17854 634476
860225 832974
385202 541840
502093 94995
439742 629916
256840 791952
713587 26710
918359 493149
737851 360434
56777 220703
371750 479652
223543 976927
862644 748362
204443 660925
274258 501001
109062 603281
913638 814075
288482 168017
877248 170061
393810 361394
838567 440560
880291 275723
582390 999875
978964 483837
592078 177651
405197 957028
573819 39502
124273 900189
926709 779359
195917 805647
22553 494619
181282 418651
498497 523875
834043 840082
716273 113105
723802 866039
237802 756341
147670 433260
702179 628025
401311 993783
708670 145428
197060 581828
153296 769474
329640 954026
805610 257272
79575 340032
408091 345881
89216 7672
308512 940690
336335 942517
832340 486959
795408 305350
865189 362257
322083 168802
21599 865999
606996 78045
319399 889824
205370 842943
507620 854186
665942 18920
456301 256638
172686 347646
920760 654400
116680 483706
76207 281227
711769 423536
692384 928104
624548 961116
684739 558858
564689 115336
48344 416462
124636 708025
944499 6532
317949 564354
129783 787457
702156 466041
812106 446373
825547 679527
735497 179642
189025 384696
313946 354913
1258 669359
298771 323571
494729 871981
469959 163832
465387 144445
729183 30648
525088 170702
390519 625166
865216 843080
815187 499461
577304 200085
767403 947745
934682 870014
390883 312951
813810 122272
217124 307680
631911 335167
317535 64710
529975 147827
852327 169790
186209 337228
236908 124626
631941 902125
577970 543201
877335 82854
837616 796962
345810 980208
155992 278730
601269 313825
273764 769803
352309 956574
971989 215937
146322 118677
359256 931563
235753 23039
869382 632303
272748 274531
251713 212972
255811 390493
309008 199374
464714 583853
890590 586657
80979 840840
689063 815630
495460 518768
415282 957985
986209 323100
496522 945410
221349 511963
678732 435178
490272 842816
814534 782892
225623 141539
229606 234573
45274 822046
404468 314384
379643 556045
865341 719182
276615 88652
934026 325749
350635 332126
508779 706354
825808 663449
359610 646563
723943 146961
410895 32893
18367 632601
196299 23312
126176 466063
800199 670084
332774 767073
745745 826133
317734 910767
584812 571723
313545 841211
645436 779719
804145 506470
760659 338880
569885 998006
457109 392915
599627 368466
205920 460432
358165 613189
356986 682499
942477 705183
850339 85665
981737 289913
137088 915555
896135 383426
254140 598184
696520 992870
788903 186581
30332 233400
311260 618655
978691 372390
121797 343854
181483 994540
727231 992454
143235 999558
233782 47174
460326 154489
928700 282265
371602 778217
785013 742236
274485 303329
762771 797976
32820 106410
252677 82997
540396 160585
232425 121731
474713 304439
739058 354623
221655 550433
270520 511228
338415 337724
399105 14153
391583 728157
406048 252186
375419 247246
817812 554701
692054 706822
556293 766364
65289 688707
308242 903526
47361 220111
689036 471595
713050 838903
617749 561914
163976 40325
90310 445770
531360 971280
144076 332102
516817 774977
453167 803919
309934 988063
671505 616436
924010 559530
551307 338701
536848 894178
369968 709462
212868 599826
107542 240917
156014 6319
317116 425416
259758 313825
545612 827698
85646 388894
461591 229389
103842 475635
816511 14240
652033 310205
705274 400344
867844 17216
184573 636289
679395 386681
746875 675388
926682 947273
831071 612428
331208 419051
536239 629414
409814 972858
146915 163612
446709 781874
87421 410442
559700 566891
999431 746471
103887 638074
825672 551170
434746 43571
362979 337728
642058 975380
783490 668867
669275 175726
316197 984735
957153 567983
822412 893796
591520 714426
341100 732725
395498 697185
719208 606599
74679 871882
807973 647210
196646 57248
825284 755716
841323 635212
45036 561262
445577 87639
538481 454633
984895 242076
291464 772632
270197 866094
390240 407141
889646 40183
523289 607643
55514 833109
449724 622677
820205 922489
771276 699263
904480 992115
646158 387973
19176 880030
460612 137646
943209 245662
699055 379508
607178 148060
475510 324069
490204 966185
680084 590130
730733 494724
602754 197916
84684 313392
253548 664894
542402 566696
309375 1682
884321 508784
86484 887169
721521 168876
226037 793278
144543 578420
361741 199830
95277 556504
356652 588539
401057 891064
36013 171764
671970 461595
517708 445657
982527 60929
446200 580094
463590 776133
432624 772855
362924 960863
505220 302209
367834 262144
923876 965450
460366 798087
409184 317932
728435 505087
99770 604453
174066 613004
498955 98044
87495 106538
830968 171129
979264 349363
894109 165729
279561 776744
114591 292588
261952 295861
611213 787296
188527 719030
991535 128614
850558 376532
103876 898234
550642 502215
648327 113688
362693 988401
479028 452234
554494 152704
257175 996994
473310 247533
858854 71953
436391 438747
749152 686526
920049 726971
359890 13471
631106 224058
674661 413428
855857 148673
463581 790266
429245 616308
160809 469561
638164 357229
548834 707518
24591 249494
834385 845446
876836 985718
527910 650598
367400 449226
33295 259255
531393 754642
361587 532357
651784 154469
339841 246629
529511 856433
365540 348106
35557 237564
78760 517033
538756 313943
785009 721552
53664 203764
794806 561705
484757 125083
410208 341259
889629 912862
721251 806786
800625 319333
706631 93737
826272 427245
839038 395869
108884 16271
203683 971146
453807 450242
992453 597345
174697 839024
826144 169484
254383 636442
486448 685233
712990 727616
424753 337399
765001 232824
697816 916363
554005 687473
867468 691766
256846 55225
111765 338132
409917 150601
422301 872911
559063 231536
124977 231857
806099 724569
355361 987380
591956 19121
462547 10332
532894 635451
888111 320154
59966 244581
826411 785978
415374 461967
612296 771060
597557 28538
423818 433421
557833 216036
769681 333244
893415 355884
127573 596556
565255 787862
228003 790992
205682 991286
593806 718618
827420 188609
652208 938877
781653 801230
85201 993746
649419 651701
943885 767903
464640 614765
216576 394888
964107 231293
434050 800908
742057 48719
628057 674292
51302 842779
458095 853083
491314 561515
175456 221275
859453 598231
737935 207628
809036 693633
82496 357466
936767 281011
102232 142480
670623 771271
378689 149856
181856 488341
783822 819208
572508 74538
111985 233524
345905 129497
550951 287717
639209 670434
320795 325586
871008 35
480210 535228
827430 11612
90682 177870
161714 545351
129875 200877
821357 214389
137042 100815
857504 212857
772583 2045
852445 771439
507459 604387
934391 460430
919689 893741
369902 401934
190423 813142
452181 45654
138462 792391
264898 970823
437407 386198
791660 294646
128487 679574
200469 101386
901757 896733
391218 616649
845693 75261
44607 571551
444339 402838
675898 261042
821421 598517
215447 16262
642150 244336
522920 604110
545365 246613
428182 659589
439212 658009
374044 817405
750137 918280
937682 79998
670354 371807
342386 971904
498911 45987
545909 854641
755749 784771
449923 262252
651317 499608
164677 20708
142187 19826
220454 686612
790482 974927
744460 432773
173516 395562
7822 103020
487308 745306
742365 792282
110005 282624
113073 827097
219646 697226
19522 184824
396159 683799
584528 363422
341432 705453
235323 688054
12922 345397
583545 533405
135133 610050
204788 745789
466929 168316
291116 333859
669809 825725
783445 897373
242556 976299
422632 290613
696797 678091
787585 754067
585707 695520
479367 280356
355086 922473
266910 754427
380992 589548
543070 242944
136074 772260
467871 67353
514882 244760
68002 963264
353158 810665
620651 230667
400727 262755
954587 488403
172284 741445
757448 274412
615168 272212
136431 563039
577386 855598
583347 556090
550393 123647
135329 946561
476203 545145
154995 653275
764019 489799
724616 241242
688889 409674
14895 156808
499454 126182
701101 830039
609890 154092
153855 37293
502157 658352
770961 294969
490848 451268
346713 122150
311853 315054
471073 906956
984001 73884
865477 335448
660289 896668
721219 463625
557352 594636
678167 790506
489464 869586
514257 318632
650165 636419
783695 129795
508623 697341
733525 273342
413128 988295
849672 89561
567819 178843
679890 230326
428751 917521
585658 981535
640757 777277
877664 942122
148894 180120
381383 341335
904182 922384
627070 110033
773397 880811
86286 706794
310074 11822
838426 171766
322699 764029
914738 613841
951140 282643
807540 901701
896196 775591
340858 639664
278695 759736
860914 682791
498760 822751
862238 641412
39688 481853
744485 515020
95212 552748
374220 485363
55171 690301
113077 815790
315802 77041
939037 975162
77696 291801
902542 607866
436343 645664
710335 637660
760670 969040
792403 967268
631904 178789
204630 539025
939017 575095
267239 610618
627620 502429
96617 934958
661162 293025
669014 141488
765383 982302
997491 673310
286578 35030
609952 232349
486940 344168
97955 729062
867935 673956
36902 723996
563312 530665
922036 24917
485630 801877
847535 158244
619906 774406
644115 723845
51322 839844
953172 189530
892891 623947
340513 443563
628944 389791
522799 527163
820008 738114
736948 8693
344368 289360
157065 988280
473527 411273
987807 160216
673504 201945
244126 712064
645525 341148
85486 162291
799538 909180
253802 649783
97695 26782
233088 24311
732977 640440
499059 645179
9001 552652
319732 829183
488601 702637
991765 404748
173006 495628
127310 152522
445721 668683
597726 282352
313932 753008
73240 896885
126882 214375
375532 62370
891612 892512
938054 860214
584443 564178
778734 696231
171618 524832
258787 630543
70350 255068
165520 312135
44362 438608
258876 803893
49651 679864
498934 428032
597991 217248
626141 112017
334869 109923
513434 228933
695938 452311
241162 7003
228452 568142
344586 145423
530200 428973
527372 351076
777817 456405
899172 746699
701482 872409
637533 90637
996987 257234
180917 108679
163324 710503
865382 728137
646883 991663
36685 720444
312156 14989
633612 620954
656437 689243
258605 800711
419562 738872
512481 970249
472439 372923
649918 896719
617858 487136
342884 334721
126991 172838
972907 358632
539664 36312
867449 393890
623096 696793
496446 828150
381932 440913
200737 34657
819303 604661
37477 723903
573692 858582
293681 160427
468968 737175
292114 893355
886863 682681
59725 293685
932806 765508
566696 893457
466561 70858
44389 926492
601324 955152
575275 642089
860680 519775
265769 271173
968242 654980
193182 584985
504828 684350
234150 230934
201119 142073
922707 38774
909507 233220
107406 175640
580749 583714
386284 531228
530051 350351
771640 462696
412213 902271
421288 541616
186762 861980
456899 6838
160164 576216
149532 941158
120066 42946
125615 893699
884888 970340
293173 680331
562416 919524
580696 525372
2769 609062
141051 500518
973703 140555
925500 610061
214421 941930
95756 441635
846104 251647
825372 604499
274241 493563
785016 220075
384205 147362
752696 687829
986663 524875
933976 699266
840333 425991
236998 546488
245451 642215
910938 121031
844706 448400
326245 942191
473945 318071
842894 239183
470457 154737
504980 258711
249443 641350
124364 836264
13104 645940
82799 188691
272538 489409
907620 588545
48898 753836
93188 927829
532073 730958
705759 843312
971690 29248
692772 798601
220881 892997
743667 896186
625332 956392
485841 527803
87527 229003
384020 42723
870607 147675
337159 429287
317031 380241
549673 760104
846635 282898
43918 105418
515598 858682
380936 63164
736821 567962
970287 232229
709203 657785
836864 455699
121522 183979
158135 842234
840298 634932
691870 419179
612381 583834
220636 272606
933939 318160
617125 910833
254125 46858
833432 920651
246224 980304
988215 557304
881812 541001
173282 249523
684170 652265
63787 896581
421910 255105
462956 799394
19650 829668
134377 819460
184727 249880
787283 560708
536138 195925
215515 606950
837498 806394
80058 748450
624538 79381
783670 331666
874181 147232
52544 897826
556124 408882
210113 268562
488028 486246
217218 549358
221087 989685
496113 767490
748848 307227
879198 648143
850713 748224
64637 526188
322534 86027
992969 452419
404584 485872
994194 613006
541150 56092
834596 765329
207403 166956
124376 487523
666930 637887
274610 444613
504863 953138
579 969784
134243 664356
787489 514452
816011 298081
38222 671345
25610 122342
62385 362395
944484 331258
770610 42906
701946 649257
613480 395564
441253 116700
217400 700625
934652 901727
292413 174970
880117 171332
863084 132122
478539 758785
868075 689059
514408 768243
161368 101161
447810 650555
80501 856835
224215 775279
262937 2405
859290 609238
156091 945156
523024 696187
387478 724002
553169 968407
767937 28239
77587 760676
12747 603313
94416 191950
514037 822995
180531 479053
471659 734313
764467 71152
189507 399500
400706 400908
344785 565444
64613 808261
970167 998436
207376 48489
55379 648741
20356 389970
602552 750336
89796 643982
302659 155819
365750 994765
334355 728880
692782 214420
595031 649469
284200 157942
381193 29488
793080 360584
438034 787433
168774 809751
786983 532693
121761 234771
419405 201232
553488 962073
77810 351207
972041 842976
315087 271300
837702 642359
221764 302304
456852 376017
254061 410519
522830 135452
572847 414099
129263 729316
855215 892553
918144 392411
711814 295285
449514 523951
17585 928055
983368 540749
512521 81801
118668 346962
546968 336739
563665 664093
731870 437569
867519 159465
429242 567183
649176 741697
684392 333666
49743 940311
852249 874983
524536 219175
655670 603077
832256 183882
819720 704530
209602 788670
385388 610412
574750 793171
384602 166335
82766 860341
747881 922905
924255 553530
243956 487414
589139 760200
270133 405899
520290 17542
105314 338905
234872 288759
114244 227892
437521 154279
728110 97505
500569 574139
863269 458499
713058 138830
288029 824786
351127 313244
43256 176965
957232 897682
681908 320224
815432 339886
915128 602132
394616 823902
93243 669941
357743 504025
97571 952916
544434 725135
931789 112548
932434 728409
543658 68773
769350 110109
417624 327844
150233 459809
85875 94971
256168 972891
662550 420613
260931 51416
381878 812874
427004 800429
868387 656957
887280 802850
547346 710325
953833 489834
640393 912782
748210 344053
157678 257939
251396 809404
634688 887716
967143 155957
779433 964401
470247 430957
917799 910475
691874 47590
38331 862555
710577 131682
943448 368782
153625 864691
98829 84005
638865 563006
427293 867733
708696 825626
850135 142261
16488 337315
429131 51756
23306 766798
739564 585883
791511 407461
15795 5363
606692 964964
362992 368715
915591 212994
84497 201355
939672 828230
372507 65856
725987 201309
470245 866439
397450 280304
604023 639906
47851 138632
982029 816864
27855 417675
911352 16135
911692 644029
726509 114824
872975 445201
414661 36832
167390 403942
241234 497017
645764 330899
753031 328260
684143 104233
800356 59935
34522 22084
220668 515971
504164 829609
290885 943192
886214 602383
704847 240471
303419 191467
929560 562500
629256 135602
368388 425584
463159 900991
37536 460372
768434 802410
382469 855324
862 210757
854135 802825
5857 809190
11469 401441
909438 25600
143010 476696
885797 808825
139259 546248
35675 928800
455313 29976
714317 515860
634920 808839
263650 466319
954132 545406
719844 876837
591162 88815
176108 42026
379851 492565
170218 272726
68967 785656
57749 518185
522267 19721
11968 602109
871127 190113
526486 741999
735625 515052
919462 365782
83845 24850
203528 112918
563444 181943
2311 118574
653351 361412
540740 896395
570339 229481
134422 139977
455629 1111
999167 478628
632529 221433
160120 867557
68415 940831
602014 45851
847065 763978
342871 286951
419152 188223
116993 175385
523424 54325
129704 820556
127559 383159
244973 363596
119447 246970
361616 991744
796123 152589
35189 144403
486188 74264
608993 182439
730225 629152
659720 640594
634331 396182
116128 538025
711644 952712
841906 277159
381630 555778
780373 311425
715731 79489
524621 788151
101610 371409
623572 382342
41866 751293
6699 654125
189157 580319
79404 316429
158065 185690
314560 820532
770263 222203
460871 119016
723416 702221
118051 169873
473881 769182
537612 141752
76996 533095
729109 895312
492883 170944
780777 458470
187152 585432
378901 903255
944806 835167
35977 691748
760070 581016
532144 746070
430467 275986
919745 739453
315448 929323
851439 747755
529935 556282
621490 683634
888669 993071
689939 303310
520427 251583
668803 642615
296343 33691
772371 502334
636544 642677
780682 970021
968683 75184
277907 870351
604677 416472
698371 379318
148970 210736
82321 973454
708364 926413
991244 176444
73402 486210
187116 671040
841879 257652
948387 83238
477524 985924
349203 876750
343504 258226
107025 681917
408562 675565
51648 154566
267978 5741
740346 192911
435242 629316
394108 716167
207487 102159
328031 179146
767112 558668
142477 234397
546839 157138
843696 546495
133485 622848
641189 280422
39829 909421
167857 23538
715620 305098
342822 563552
132178 457990
388340 184422
983838 316564
660148 218863
336404 454621
125524 142562
597917 850612
80794 340010
656827 569017
72684 440625
981204 977779
579377 345695
233574 61463
925337 535206
569226 412250
97397 588686
205253 271529
820949 931373
595258 964342
359615 378265
537690 487205
718592 388931
867073 920669
744392 309860
199454 291967
34954 653863
525734 150122
532907 576235
257355 34243
694826 650034
433088 294056
430096 446622
19715 169480
89826 315896
311153 563718
870471 681084
993281 623957
823958 690638
435326 223555
690207 998224
893278 756370
193429 378009
78043 728339
121974 62260
117365 374631
321851 604051
784987 358443
599698 208127
124283 394235
353677 235777
185756 148016
92120 949138
147358 262558
6066 962653
394450 347187
402685 247013
985704 555551
35605 757323
669986 912399
775889 377002
626193 357811
464470 790052
816129 430361
325819 388040
164241 475833
800943 455685
570131 264794
449999 442550
27219 890232
765854 796936
828998 445249
901789 901720
832373 188539
412818 508964
174569 526829
157174 516112
174727 716147
38327 116311
249206 370644
699740 485187
482539 68085
893586 130625
273671 992150
21813 887657
797053 479938
76499 300889
619250 987641
18066 375760
540514 946992
852554 783232
175976 757239
442633 279350
830385 780548
879455 944300
542178 950190
979438 637938
311422 534047
423669 843212
542714 429026
16694 196235
662259 367320
835090 192681
803010 200716
723126 926583
305692 854981
494298 13296
983676 949782
248690 522478
641097 763834
403924 558400
490142 991783
5954 379239
190431 784719
615961 488284
678086 266472
91682 930010
246958 541107
713803 879089
699380 900914
783054 512272
693279 320487
893925 355254
33640 128580
519726 263487
106563 482256
840791 534129
948925 375811
190332 651968
24113 75963
594018 137885
434520 624742
958648 222304
691781 85383
69734 83032
134334 755104
498852 549847
429962 339776
606013 103788
440389 333496
763785 306089
867021 30673
301324 505910
869704 593479
96406 871412
250094 830052
236015 501742
754999 696334
140828 16141
168559 799435
374783 776706
158677 844228
986203 846876
768808 379689
489838 663725
556477 310311
891960 377235
412838 473544
957730 116844
516716 734471
374087 435287
345906 650364
149305 970790
565802 150908
895181 127207
432594 764093
177962 4888
334614 451114
445358 102750
801105 577525
325349 47259
147667 36277
4826 786933
293225 500962
485872 200611
801991 184263
586830 970735
112319 375807
653515 968915
400555 451907
712194 575495
141509 63105
235173 728863
800390 783227
379065 942111
13457 903303
387414 33536
662310 930847
68671 903657
538654 510688
314875 429361
824046 394901
299093 856623
777057 274106
499957 226101
152109 923776
549417 427221
194736 664213
912920 990803
398477 406903
172584 569531
657517 622844
973046 809095
902706 411011
263147 212794
808255 963926
732547 326159
225471 273532
133346 629494
372711 113078
755741 823494
847504 948037
316802 201299
600423 865174
92012 598542
218378 295381
830323 840239
88233 269515
985224 510549
263704 512924
873221 20334
15004 570380
532245 848855
584234 492263
131122 668776
169921 643611
17857 487931
583459 422970
603485 987222
733884 420228
34062 318205
510359 930018
26815 145213
770462 582632
569699 895256
546655 632026
671623 832878
616090 774011
385615 253112
221413 221941
962770 733760
779544 506443
655804 39428
604628 786798
326663 454240
6871 596673
679576 528321
88545 83599
431609 190338
572687 478043
901007 118770
581567 710136
390667 997720
176322 180046
787851 736179
727898 653351
652113 748306
940579 727997
862379 489874
483265 848856
855233 42253
65504 552948
17844 599878
492740 999741
586339 410912
789197 807504
902421 244410
328184 922379
153314 832708
875304 131634
333339 166938
879837 303321
993932 963775
472848 580276
405793 315603
538436 123933
279509 18685
118862 738992
448677 25479
46351 217047
691968 437189
715737 366428
522919 624379
455402 449432
990207 950808
795463 783512
602912 164613
302193 739829
17539 286848
424400 585140
26537 441543
90634 712431
466578 365835
100267 246531
362323 491140
54702 277406
2768 371943
385013 448932
597911 597669
829995 851162
425327 668116
64067 858465
444542 742391
88024 31384
434072 179767
365536 711160
438554 345934
488513 273977
504592 375620
537625 653992
120303 822381
900877 697687
176921 245679
666887 86496
990045 879669
15446 499875
131900 435564
282230 587548
281426 988731
342699 455170
624133 367793
945362 940
156805 675883
814465 164777
645068 6274
508518 101139
216481 718970
83155 532879
290016 157005
186404 856597
1942 836370
460539 664968
559698 394820
301032 681833
665187 681382
921044 48353
946864 557911
59164 772628
797387 811953
610666 39501
326374 419935
424170 529742
47445 221424
354599 382522
655451 428680
931568 907842
265236 967535
926476 150200
4595 643841
529471 404625
251020 954052
378 718298
414965 867520
5711 741564
451184 27841
392057 303990
731907 895549
87004 828533
332870 710675
873859 895315
284485 515657
682235 328591
447429 105939
529920 488762
376107 361641
965587 367436
291336 1752
733928 708837
707925 955015
127442 564725
153658 743637
378838 261740
438135 454791
220615 886693
218052 92744
617230 267993
743154 617773
477340 727703
597785 75828
152372 628727
799411 309181
234352 233552
484798 690819
177680 948153
63198 617499
829462 749101
409219 370320
89123 10506
587871 673612
392035 417030
289541 715461
918179 932656
814835 943420
566303 878732
334647 415568
290500 325095
542125 992788
114776 881014
223991 552863
469549 994698
802706 169740
294214 669723
185956 582184
398340 250127
874743 502240
147108 195107
143552 550528
966386 373992
151083 477882
893130 69528
591385 563928
701296 277106
471023 556207
254268 933424
593778 55469
438468 215521
194271 237315
133506 897213
932780 833858
2849 474743
198042 491051
238000 29546
618789 193673
716121 641790
663984 648560
412542 321112
809251 363109
462611 334202
357931 109108
463139 184575
913185 608685
947867 574299
298705 633684
162098 867131
590892 685113
237120 803529
909158 557396
436359 656951
811691 683035
18796 784734
662950 756144
641413 61471
983390 269019
694885 424240
735494 86882
115816 747045
399139 138264
686477 411098
281517 135762
833768 82408
376991 715808
526239 250641
851787 55733
456 828293
689234 348725
699373 710473
871578 647641
325481 387098
968974 984991
53951 213823
350565 395646
340111 438329
371686 448724
153345 578213
869721 344341
829948 476748
42779 685120
173575 603519
418389 255580
69485 873995
602613 966055
771261 950725
352061 836924
888543 301784
845883 51505
609813 113070
910093 897654
949552 716794
44303 57813
738203 254086
370261 100378
705390 405195
135560 853268
699658 786250
724231 100330
366229 941135
695212 129488
160970 968822
711859 487996
531328 455220
89077 346608
842757 829290
510753 607337
748981 165993
395028 418865
583200 962448
364114 922694
429713 17059
568478 7513
964147 483108
524032 191349
711618 648736
126236 692125
327973 560065
606577 251977
306871 829371
78168 848202
953251 789311
89293 567145
268645 469307
296086 678896
839043 284958
141991 881962
656253 636520
398452 57636
305825 729203
959326 131844
491960 276982
905453 222373
426819 656348
514633 530038
998838 15759
741869 391037
119029 74408
101694 352416
524052 525879
175052 703428
492233 842309
642317 686690
14338 774539
468209 78750
676053 703502
852061 869718
386295 407209
112637 894468
670375 866211
410728 870713
104640 938329
366974 480811
671659 717241
868628 581377
188137 845696
67236 299055
689501 545184
47171 295519
61509 25347
311617 473563
386448 397288
861185 414515
841145 591605
263964 331692
722794 430234
553569 753114
178680 364865
210860 17335
613649 694542
276909 388604
513800 703662
788528 977134
384291 304355
672657 272005
34782 55837
842679 823279
892904 211891
444703 808359
762837 722965
385102 602997
783199 693503
437536 203118
907950 582337
699947 767873
297440 192087
393672 489489
113470 959870
193555 467802
201715 519412
785597 372449
931006 187502
333447 217572
855013 614197
134015 994662
317446 396835
94948 114030
116234 587848
508687 106149
9654 96425
962857 215386
624281 505223
768798 905814
613948 857966
590626 740038
599308 217899
246960 524627
453089 614194
770552 72069
70187 643021
994530 896750
787285 356870
555994 317229
645852 952170
786954 426969
181881 128757
277015 849247
603841 478042
882716 152724
648909 127314
945711 619652
345702 801506
476757 967663
991485 736511
837159 929050
83919 556948
910952 176047
594751 878575
188553 525737
851652 588293
132365 810427
566856 790700
341117 904829
830653 794440
728995 746273
922815 255130
213002 566371
126967 345246
796247 905343
961852 218547
68035 414966
597674 159420
391938 154428
99733 223677
640692 606861
622948 250911
258710 354807
795278 896265
734362 79949
710658 410120
702403 290152
35275 160719
676002 588627
524558 990435
552215 818212
789687 805098
84456 17257
243387 49716
233747 316
387203 638969
360746 605412
544152 593034
27090 988200
210878 486636
135204 850535
353971 656715
8359 454518
820181 534430
514546 576880
65670 425834
492463 290606
951503 845165
196895 891814
632430 646059
63169 539325
934197 417919
81450 831322
611029 711679
375079 15826
173855 855212
715104 703572
995963 876953
935808 630140
309604 10845
345825 59894
46283 496119
293803 591480
490243 790928
909329 971276
716273 987220
174624 127810
616701 765226
185533 299839
270825 942651
485161 77077
418210 629151
746188 716619
688709 742999
971004 56057
49851 660427
37105 978333
993189 655693
14971 485402
381920 158904
688981 701632
382106 77772
393748 681113
640779 622146
232035 502682
838881 902587
21087 251882
960528 607492
577159 490656
473606 86372
974188 564859
427060 123947
442619 943533
885421 417126
807512 925614
745343 413372
142756 433555
11887 693159
856515 76434
826578 542971
423913 101061
378837 908049
543716 528660
641040 616937
985224 992373
395083 975843
533434 779395
51374 497592
283323 921360
308080 415966
50811 103103
119003 136552
630602 974389
427762 549130
963028 846996
621701 247365
361993 479559
100097 956508
707950 70663
161800 939506
887468 276483
600188 560632
481692 562767
425814 389528
635381 549874
818945 312220
170665 395808
528690 28170
824686 610132
934315 493902
793532 310934
265717 877881
731441 372129
652744 501762
491574 83614
930397 854671
895914 536868
587800 155345
511597 328120
840672 176058
617670 910631
682875 675412
473310 693204
642405 431230
699333 848430
793567 299002
276634 875734
165840 74487
394351 217946
723697 623213
776714 496432
801023 544734
928051 34540
837677 67263
318592 231230
690302 539098
408022 283052
447927 185618
925753 351074
378562 966322
128855 80741
107179 142013
124519 51385
819348 826728
117911 782290
695608 658489
112565 891399
612490 339117
802090 103883
685071 201904
946853 86228
794410 330626
413177 292818
594127 320115
965667 616635
361523 538518
12013 308568
96068 311719
828875 730281
783565 334903
702236 357262
830870 347224
75430 92315
157353 293685
418338 795213
116061 1756
115703 937116
489452 490218
923572 452472
26104 361490
679858 599132
702484 512156
772842 627596
328385 957389
630189 764094
928975 245972
618309 300146
202704 76061
911646 680721
908432 80511
277965 634069
116329 282672
650012 28382
106506 758689
528351 224663
602529 913464
906187 507835
699115 44717
554519 543158
810075 791552
489654 229959
416576 147577
957745 753429
471420 315118
345838 807662
856272 59143
531642 937193
388607 882440
881464 145680
328554 526483
67533 695950
172428 469368
683836 423289
281160 178568
27731 438189
844547 548322
807903 704780
168603 836373
374315 957912
917080 861132
526317 207660
891369 559295
78276 191312
231358 686826
227269 443915
942941 60188
938513 356402
157821 782791
7019 19905
529080 831129
141635 642104
867971 72710
13911 982753
130550 429112
738086 781937
326991 16580
614757 125294
138567 401223
466630 626447
246357 789893
808807 531663
694321 522209
618066 680807
862080 903578
425123 121710
356593 511411
716545 772589
76142 642274
505710 562165
7955 760540
118265 774551
43307 1009
771379 889499
947041 564289
411067 774299
51921 370718
820446 119393
882440 667222
802593 774242
463712 82101
712952 887900
844121 383350
440334 912702
223656 317259
490311 226461
263825 170054
88858 912033
790064 517169
807341 710750
472319 987199
485396 319800
275017 716369
191029 93410
696671 586145
384332 75426
523966 437509
814576 747452
360050 494211
96735 413273
327357 422968
379684 855926
531477 77197
922408 217290
172797 562399
919899 537426
400856 589110
382087 28078
985794 881475
873768 199866
713727 881068
985692 100089
579870 723684
414502 130137
65319 961712
966412 474729
56136 497257
893577 555242
46271 805494
278562 429215
943085 126559
93340 421448
445714 679449
210951 958009
825723 777018
664791 877069
950644 391397
927666 118662
960336 475082
283341 644088
132826 939618
203323 217887
61451 861582
511299 876388
693574 134362
375742 534556
61000 49181
250830 925618
681044 606987
196275 290704
198808 702747
20575 835333
184994 767737
557986 445004
99543 857078
474570 596789
223518 982897
633515 386042
92911 929134
794340 907015
397911 612786
971703 137092
396710 811169
873966 673650
418142 832518
312617 904790
817648 893033
738933 864194
74174 295811
40694 576810
65518 205141
294493 270109
990589 317549
262367 320014
786258 809468
374649 740698
473039 607669
821489 260701
622231 512509
578800 637852
620164 323682
471142 969172
784892 140376
268822 234680
603741 976370
985807 681473
139070 305562
347711 631824
639058 562240
588846 356788
809708 49739
950475 116193
466938 660911
293959 144247
695191 876869
474242 407244
233671 32910
927697 604105
988021 731929
271292 757451
902788 234116
169323 359854
430938 844318
561137 154156
339364 902305
35581 190170
567113 613698
66752 489005
174069 331549
694637 870441
160030 964213
190822 515606
815168 9656
770123 211742
331039 952010
782591 339850
437399 958196
1674 149887
850007 107714
579768 576827
980910 846012
395096 542938
325246 957569
966814 570352
52748 354288
604749 586727
540719 810089
275238 237354
517397 655207
960485 359836
851862 480756
378655 278188
690218 560259
737563 547791
864314 498618
682399 467935
488298 94023
647205 426695
43004 535895
964933 229771
888545 183512
322387 419681
988796 604193
961992 593278
187177 908597
285577 302425
309700 457998
208787 78120
100819 728582
446040 969096
522199 627752
171314 825484
920196 446354
697349 603914
534928 22645
244578 167623
814343 866806
681988 770440
513645 528270
360413 280910
544445 261010
431449 330493
669264 22725
302382 950113
126589 39927
894573 336925
446196 611421
472905 737980
55841 172847
765647 512472
749239 190181
948364 970567
334927 971436
469453 523236
758407 154136
321111 326487
896028 955562
324993 988516
784682 588046
193986 389154
181360 436921
417587 664029
657099 654010
367880 207351
336579 475143
806982 302923
334439 500717
178213 846032
603643 211802
326772 822958
441108 383739
22547 371366
103004 14903
476075 325058
519446 561272
843186 257590
851956 720170
611268 335349
126211 5166
519044 944437
265079 912015
38648 861509
922546 695321
578815 883181
741926 994953
148133 953208
330610 440098
482612 183264
710592 866577
76749 654906
193508 454632
65515 720029
728185 345608
711623 319063
586366 490861
277966 365839
623343 421432
48789 585437
985484 625802
889161 356374
720569 833005
112076 97359
757600 815974
524146 232979
818145 850472
131058 439595
159989 803830
121182 646860
856153 280582
749758 437240
607011 879397
678355 194792
800949 455565
470708 645360
25905 805907
802056 673911
30307 156539
470801 276016
742817 691698
743144 975227
661591 890059
673928 77165
160939 773289
431500 261378
524469 393498
72550 933700
962907 361087
777022 368112
966462 70169
586422 59317
880298 548700
408117 820397
554613 525989
567284 800767
655701 543258
305554 144212
687627 380261
930842 58710
918268 815875
294403 283025
792443 200159
861033 66892
973294 679417
366849 596756
927822 359054
188290 222773
835498 341737
903093 433300
686585 81306
670053 562022
735853 992300
647320 428612
475182 778287
465492 410775
440000 789970
665759 854261
378616 561252
941933 593356
242678 39480
810732 168828
217540 689459
867284 791021
168661 98223
455183 982632
517963 214690
926443 566907
832456 993701
925340 128632
448573 562786
13815 186087
740735 86362
565248 812983
836911 170349
393896 974642
934959 594045
955384 685783
237591 418996
670064 646242
617024 684561
578646 427232
968105 773790
973270 335500
209650 636521
619221 100221
462651 243526
135987 858467
990615 538748
105303 759822
163345 877932
269284 274236
443191 673751
861462 625467
857635 739143
59829 267409
940795 532141
390270 5545
835685 740213
948946 273972
366426 138429
919443 723901
619224 159653
436176 776866
793803 592859
737700 24482
69284 518957
29642 348324
127212 389118
468942 235724
674086 660581
5485 86471
989537 886613
857121 494283
597695 667866
589017 485382
95460 511286
479074 747545
788005 747255
458972 85144
88795 830976
473274 708265
981892 99874
872136 61487
453851 214746
564474 875714
880695 997686
399052 603815
154288 422955
301584 618223
502478 136321
521426 611353
872841 766628
801641 413036
951606 685015
2638 580827
688292 222695
153383 42707
395913 488717
151619 853650
452064 295782
230607 36218
535253 646657
965023 997458
233188 850925
516593 407600
665742 184032
405548 595629
313133 786791
145699 277052
678740 821872
658263 435237
476465 426728
234549 383624
554600 593010
396368 450778
723000 90536
611137 274955
700137 93980
982761 174756
568155 433462
219016 389535
311845 120606
130799 634953
704431 141560
176717 755229
642387 55323
534038 393701
645157 533036
260902 511206
640538 945355
55180 621000
399868 732570
338693 28691
731349 799848
401059 698813
516930 670660
867165 256821
198037 559393
334032 619056
964556 676221
979748 360969
281038 54240
239022 217533
81487 370628
38881 652251
986622 72195
406487 567142
107379 186507
897916 533718
113516 825072
588928 298813
862891 549345
256817 276391
113688 624850
781757 177235
694935 883393
110648 469625
733988 576772
522966 258636
315081 926525
391110 171722
584279 652910
7606 75839
350611 576819
836166 40901
382569 970938
253740 58571
42925 65169
311156 691860
149547 957576
847043 137223
406180 669872
927367 810877
80686 578726
318723 368903
21452 656536
748634 521706
69798 117972
206672 539695
981866 366151
100423 624064
794213 137817
344682 740036
190753 866695
944163 559337
269966 588244
836279 631833
128910 113167
290611 999975
819864 920783
165836 110499
663596 318687
882271 891811
402340 920055
871058 47359
765263 112942
917620 770726
944783 754973
445942 269482
702372 173194
185248 824156
866315 645198
761489 527918
202053 279325
153981 766820
144072 161840
770619 255001
542156 133745
181664 476755
449670 852647
296583 714238
467614 380169
290723 913868
970456 626409
541509 49442
979639 852996
854934 594274
185445 867855
501738 112848
657153 325559
156662 26998
670739 557819
397011 732794
690057 824338
728286 428763
209528 536093
596664 327921
259980 993408
678981 376063
402200 934641
264485 356724
78169 681777
864486 831784
421240 84456
491625 830355
163165 820531
773356 455376
635388 327213
595101 234487
636052 150671
668335 482379
130900 910724
696797 528751
165995 176058
241468 836308
854275 750329
45580 710329
247724 698000
350944 545850
50446 861774
11640 807970
930694 895789
507932 329260
592873 708803
860143 288012
142322 262443
11929 167918
316731 553271
425767 673795
871626 122175
803602 380223
278170 80686
112529 42906
993748 739551
933760 789838
802797 684701
943080 699354
646882 851706
148416 527470
431904 827950
77520 68712
131777 851432
249872 545182
839279 255935
260735 819109
481011 180872
840842 323445
686236 196580
967856 987328
560643 597753
880148 291742
488873 772532
465076 965132
235955 624585
783384 816087
566129 282816
214431 410306
168563 515482
66290 918377
835733 497475
34475 747750
440651 254899
423761 975786
751496 174759
692439 389187
850065 743641
430084 192457
958798 726600
854549 852386
847732 206708
287733 626045
120373 621310
215562 99803
103138 870553
294125 921149
819328 977541
254703 518997
445047 131752
885613 512984
75239 655337
26034 661341
395772 482015
974732 813330
874075 317451
667626 482735
117371 718690
456887 740480
724546 2833
217261 451609
396044 42832
937523 318646
774839 879236
313411 625295
264976 401060
434819 344262
452143 527867
120229 989923
381093 326420
609054 394332
46477 483744
74110 359807
803794 903371
682030 959276
372788 431745
420310 323118
309185 89764
589462 815468
739902 396239
576257 293511
451657 336436
909904 701125
171505 858175
837849 721536
445197 951120
597301 816494
546002 605535
361846 752638
146645 481885
647188 930435
875868 622826
891604 723948
571564 641165
257350 212701
315895 582298
409264 684148
346819 296526
542371 308020
49862 227487
955466 519942
345244 710824
313198 631795
176788 950070
517509 104695
540892 833784
450747 238595
433758 49122
341057 73348
509393 483081
843894 677666
525145 501953
459940 727682
959502 648362
327344 415114
361349 844509
69808 133908
632845 525828
352300 357271
300225 556705
48844 502517
735738 840092
510775 238871
542355 548160
401069 285104
883188 560008
512678 597671
190623 910553
617680 314915
621846 142799
976773 520469
956895 251018
781386 263991
415061 210017
357087 134853
348123 129393
212704 542309
622628 768521
562547 284335
450819 868798
424060 904645
391314 447746
217859 158038
761335 103449
937158 558957
997476 4507
107929 696934
526966 956421
390425 573952
441873 997248
164905 350657
133767 622601
824793 363512
516176 774962
552093 90364
32608 974940
206945 260491
37973 292416
786765 985757
819359 831577
477874 93637
255929 13191
245780 779056
617688 497119
525474 868215
575559 841737
339396 650814
750524 743699
614131 805562
917903 230003
49376 537441
614266 151391
473332 71740
590999 672973
836721 150248
574196 930189
478198 845187
704229 908485
141124 475711
889757 394631
339219 348506
484382 652579
881503 823037
429847 175684
650471 748639
650092 559197
550981 498942
642275 569362
187539 129432
838464 416299
24624 809627
376631 298604
339996 192758
67733 187855
230636 482735
713101 895426
996157 479401
798561 404025
729863 507807
140313 515547
808892 700414
729027 92045
570984 499873
942963 765730
236069 280997
568136 779216
24361 357976
865799 360813
459488 747753
388467 376104
715026 136642
454016 733529
703356 727667
762973 71583
718736 40074
269413 656868
554475 816130
564802 572382
494628 594235
276104 705576
361245 552472
577397 768171
720991 932037
987520 157798
577556 100235
388727 739540
927802 786597
418228 156593
935745 143552
734345 520422
779460 693108
650486 174319
649163 344859
640444 138432
196562 432252
36200 201236
689189 399128
963318 155331
569689 710286
736493 454140
324057 900756
525729 174372
548350 59321
252376 560586
92047 272735
870950 493141
986042 36642
101768 215709
312516 508604
618155 297234
298199 535674
420423 120337
704472 346835
254517 290183
245300 553038
149229 584083
65713 278513
861894 476985
452904 945698
609202 847101
912338 101748
210906 699883
327858 433749
903304 338120
864226 802328
782220 816302
191896 612164
389620 227428
584998 944109
142486 147781
461379 83154
763543 994162
991489 525377
178329 177369
642114 244877
312437 758184
770144 552839
694757 859938
709718 200919
731995 34063
506457 602172
581525 722500
258707 659548
657794 990405
666897 660986
134746 529223
458248 302849
345143 384122
193109 730221
847769 188428
37961 917173
831598 90649
647726 59371
139896 548036
891754 973401
593046 418605
681523 477432
394679 229341
694878 635273
533441 436971
321182 604748
858466 933466
963782 31362
362398 937209
277819 744855
145372 492513
897615 441011
154182 848468
63397 101622
614409 307756
789545 925309
398642 317685
906163 46026
686138 788653
199937 133792
564132 177710
529887 183341
202572 878971
659631 192463
113013 926803
717641 252010
522779 856835
961210 905855
467543 245544
921176 841448
622329 467441
400055 935299
162053 181912
821851 858441
130870 819082
895617 356718
540284 745838
289997 89714
881587 542834
157642 6362
940999 721445
521185 645350
968513 438518
942323 391963
9194 61074
214721 315407
577151 18353
931745 593960
820909 631975
196473 9902
45872 98311
344335 435477
173039 766646
363532 15237
200463 196767
100845 973205
552377 525005
961524 964220
323195 177127
891786 733567
890417 609510
8093 816942
846323 861070
424447 185753
732378 167320
439448 694324
309808 261062
602559 258367
226145 67326
99699 445609
744645 318718
751365 822339
512858 598546
661886 413190
712758 137460
663321 919375
784573 271462
925097 830249
973425 963301
460784 832201
64633 579545
771637 911328
34874 166165
649120 631729
640551 344585
992206 674697
576892 359178
74744 504115
794226 381028
22592 474313
207537 252904
647145 433761
841460 904884
672621 699141
405963 36708
997982 61474
81955 888956
631948 31256
686334 101091
9134 688672
312908 47879
144263 564620
364731 681528
917718 417215
819519 335539
320277 206428
990896 150204
17700 734143
964848 670251
4913 827617
603034 707843
376403 200217
877602 547822
524376 545882
788184 85356
948745 442089
26985 421165
552371 725034
724651 828201
937594 519178
162440 3470
929861 880799
262434 730952
162967 140507
328172 993669
197485 191266
512981 852101
326480 882402
211451 385073
562748 735700
995988 729804
434292 783885
507045 228305
318321 723280
242445 940203
701681 741305
856486 430361
335270 492520
133904 112052
619563 775002
424188 924552
705510 387787
669319 642976
487587 121111
156229 680950
909205 488602
388400 643104
697804 114200
432875 804710
797056 329742
214982 914695
255976 237746
897242 285462
100876 610041
587078 589421
241367 826971
205808 3373
484426 573860
983039 6636
61146 372305
172484 60460
501034 718906
17870 716230
806655 20091
474156 343145
926877 946052
404198 597459
916657 686006
622769 713931
141986 625653
907980 224084
159873 538261
358745 132440
403245 274221
477029 450757
288578 734512
662054 624958
481776 147765
778948 135951
552665 552090
572652 717695
371119 51228
100685 556619
965551 821014
389656 852975
943570 390988
361506 558063
556959 662055
180288 596361
524032 223380
281707 493592
821861 841600
280 476190
868647 189946
917274 92787
166370 685581
927571 10859
292325 254138
34447 459300
261197 719409
447303 526168
6384 336284
905254 982755
426896 831113
752521 775340
719708 627730
949529 602224
774768 287317
581188 473301
27546 573016
713665 147161
260876 307712
658472 175775
619156 371138
795196 154889
268862 880357
90449 58268
78055 381992
668804 866310
4858 163947
300076 745820
874828 896007
470077 831603
247149 851511
545963 354210
68728 238353
789005 63639
703553 415568
722224 849836
153162 981371
639053 612468
472589 822394
787467 387467
43247 765074
564778 189996
666537 11299
999704 223267
782458 313572
136398 642235
892715 29911
682856 733551
340785 662785
169259 125317
586420 276109
443053 801726
60081 605112
672434 648589
673225 990821
103135 237212
748010 491091
587626 631449
607194 386309
316298 243360
75925 367210
951455 703689
932271 986967
751453 164693
598774 539747
282794 311326
495375 644668
378847 959524
439390 597116
848322 708993
361357 745960
352105 701580
215626 773674
338922 402959
808372 551700
788833 203768
134572 983711
3946 357719
349294 327536
699734 259368
310964 826888
390085 178580
343382 237980
399258 20618
190124 211548
977907 145453
844158 717719
650116 263880
998891 327397
378776 369561
436375 946535
651065 220208
498023 417606
724685 183438
686058 583424
448667 942034
912244 359768
980292 633711
189955 693964
896889 362502
184179 970718
287793 912210
64211 305781
580188 383361
795210 495279
682238 870601
212777 525932
107515 765797
736262 739125
268328 123066
808382 379300
88777 136854
981060 244937
511521 257585
248421 585272
562213 76480
665628 871498
174663 789089
470481 240033
733529 378043
302185 429101
916423 778786
241590 525679
367585 255479
433145 532998
600612 771701
655790 672370
109140 17402
134520 609918
265697 734748
695302 928019
299622 733610
467473 412901
411925 899776
209396 98473
217040 433488
71069 854523
688713 182811
210495 495649
430109 579225
52539 891300
958312 123344
631346 730084
973697 953613
576357 602317
261747 430498
702108 667605
831740 48051
555686 327607
375531 60959
459406 638334
931652 69669
925914 331642
340955 263292
794621 462734
503020 926793
910739 215221
405891 444102
52314 864502
389593 669223
274613 998540
820954 280382
57842 228670
211746 726450
484530 236191
931964 267768
599731 955698
361290 987077
72506 251784
938610 176264
960549 780287
883326 594226
470632 662065
799882 800765
254888 782443
169255 540619
360533 785980
423501 176417
54107 873423
238071 7570
421325 200403
941700 295902
476730 888995
639893 262842
338095 787624
768496 451080
736682 69748
434701 708862
886491 616484
543060 872306
394842 770854
686455 659066
791517 811347
691931 934361
901203 123394
59971 676217
150783 477667
98850 674536
561897 501768
713054 378611
127003 317393
958966 876443
25330 992049
879164 733720
490761 609724
317867 712489
34414 548742
425793 547874
350399 25025
9332 661090
346683 54270
741113 376688
625979 871017
849487 765102
49047 136390
308360 241556
510396 133859
301972 301143
616710 691823
752401 118790
715297 781442
574078 85006
429676 618251
12668 613762
580724 261824
6099 357018
471037 324908
220128 90009
863468 948583
999992 934490
829710 197558
80480 925356
492090 577328
483298 234169
415894 962889
23014 271436
130586 83342
797975 306381
633966 331558
812302 941132
589636 779472
876503 487155
87885 91177
92306 435351
352858 81384
504943 900461
269025 882251
577449 63037
444504 804011
614073 724553
544351 244886
256053 356541
774262 977455
761619 89284
804946 216629
736173 232490
648334 326964
620932 583321
58822 31319
731202 519972
232164 699097
113548 393725
622500 272151
323082 599727
827383 643268
683911 322652
941087 997877
748093 79348
819438 138276
974459 676595
616412 831257
154694 867352
600255 163677
788998 640829
903593 70560
318398 743310
511029 223769
192683 133392
492596 217029
200616 798168
997288 194541
890482 309653
671776 501490
366281 42336
29035 171566
61300 263076
852388 449082
68515 152018
610082 662082
518245 354431
545495 563226
792936 735206
755941 230125
112075 59442
337308 996802
197096 57129
283520 30794
298052 165663
139081 795779
874083 875531
918455 102256
345305 380861
423651 892262
795449 401605
365173 27866
778442 655839
904152 952861
220039 838942
347163 786717
756237 786027
273047 17731
349826 160776
113692 466058
379803 201010
942546 541848
460125 284797
802828 55814
280235 333730
325170 588729
422396 391853
695956 433926
548041 167402
981153 867880
24646 545983
225851 75441
131827 817329
616554 949391
374180 322822
314965 724630
478458 423677
725196 807049
57108 143041
207088 902731
148710 141373
647031 133399
119572 205113
392930 182418
138867 422960
309621 879721
991612 817801
529624 87256
750726 392150
107 182511
277504 133563
280500 932509
37535 617546
612908 239063
622208 122872
337240 874523
905830 167150
960662 925540
345219 213477
985743 238208
708272 902190
997205 651958
544781 282565
100368 805478
345320 542694
207247 162024
141468 734699
360792 304006
360145 460508
351572 450951
760858 35562
608596 21036
21492 659599
211401 276462
265884 749586
878327 335005
126069 488869
720929 166120
189003 609065
702587 822302
308139 96228
910312 361531
413723 307205
940655 385328
597939 39718
787882 705672
760589 88214
70233 1229
528628 573413
850736 711616
826414 508628
138539 827290
996207 351309
346525 881404
281844 251408
260431 112128
981644 596400
2716 904850
835480 898173
341944 276198
470733 986150
736638 724147
158583 367254
257785 156578
266732 988629
236599 137920
885906 657698
927474 434552
863976 661681
136224 826138
835265 951247
977945 399315
849439 782259
673743 478928
420905 491020
196731 156915
918095 16726
81274 912877
740481 192513
670693 76325
608201 598655
945719 419875
292940 299547
694398 538929
549395 711253
350363 934975
669524 649496
42690 972322
8510 881018
8460 279760
186335 7755
904932 96060
897176 72570
520102 690710
706791 778173
99886 187950
724534 464485
280155 52367
47722 755389
57503 229428
992338 435838
204401 123804
466473 229064
855464 249521
33245 753107
603020 439714
421229 589203
632882 106576
484171 246936
102543 599942
15240 561042
474362 250665
67077 684384
87832 64204
923950 545815
855560 19564
246845 528856
221188 953270
15879 98259
805129 552391
338362 275629
396406 289709
773989 101557
156223 982707
369408 339201
228536 275418
944544 424542
960767 411923
33147 904337
687371 212770
476752 850701
874119 726503
746077 249227
933733 617542
4198 367746
984759 550362
293107 829939
759015 369611
425491 930397
406256 368244
543994 871812
548814 45555
742505 541581
993531 699373
70286 72415
614504 552842
639284 615085
512221 860652
27332 600016
465285 565427
312793 223394
613581 289131
881921 403461
915827 258865
189291 179196
80657 19982
655291 529297
814435 429640
992282 644896
889451 747236
7748 465090
807911 555116
891444 234861
745664 321538
476440 588400
927957 494852
179860 212355
502693 586085
556963 756177
562721 209501
230834 788781
335601 146634
489679 706405
120153 662608
938808 672456
633129 263602
824250 302462
386306 191172
831169 822139
510707 6678
92447 931492
750128 458001
143720 818371
665554 927897
784818 388593
448454 758388
710492 618682
40900 600751
756171 110444
761595 174321
492862 172642
969745 845011
487563 95624
845746 965626
347437 834124
727166 542945
755318 289736
314250 58603
277636 457882
638821 261018
92292 357538
928242 408180
708551 665872
556687 712571
929823 674219
959010 795200
168098 258462
498742 96334
414644 961196
612070 985702
513589 77664
532567 183367
234771 628768
3865 878172
616857 341210
746913 965669
655196 719808
622701 332936
383701 660907
115090 883612
864845 65106
813262 25179
810305 597134
153286 778177
467942 452116
650028 292558
217424 480670
330689 764137
904280 363024
634383 798132
480991 64646
472745 831515
992551 236499
937877 997107
882988 189319
325197 673784
2390 659210
481402 596239
207029 663549
695763 771742
243475 62946
731726 22720
209422 11429
575125 38266
217208 847533
656084 76407
122809 446018
23374 171284
220756 287879
959304 718270
648124 735811
556610 276979
692245 985690
446648 871507
345778 894133
407939 88236
372606 55268
747855 43375
208127 256618
473158 852197
568197 715419
454593 988712
491420 93945
803077 312157
528563 323197
25693 168207
291642 161856
130236 833614
692759 386590
811066 268555
809676 730184
96095 745828
288748 203272
893395 860166
121101 910767
88597 742806
316226 68690
869511 187235
39125 686760
15590 264672
886038 989507
788564 598387
859401 418618
162906 614938
528016 403261
3505 384421
651129 468410
932714 587452
847503 851039
946356 802789
404165 202105
306454 833491
574926 807408
197433 993461
29960 72333
326561 479197
799752 129609
31598 776423
100309 409683
540216 947335
499688 617813
744441 321657
411712 908377
636925 233600
187380 675257
318738 467153
506612 676773
528537 411583
204987 572562
282115 381039
11917 787740
328689 563635
249862 153645
107155 676262
17339 490638
499853 69967
187792 858283
473015 437920
450475 535908
556610 912803
115983 696326
170044 785311
572013 324823
804805 679371
460405 975791
927263 280678
837386 905276
362225 295705
910112 187624
837827 889140
84318 635857
475590 858569
23734 635930
688987 413056
848446 898732
565996 379490
418486 99449
897390 666415
116713 974784
233373 535924
912293 555588
341889 661475
753614 814374
609975 91921
751647 496169
753982 159311
341926 326503
974916 475479
118488 320211
61708 193168
600576 724075
832700 610414
889281 562290
257012 100508
926791 141820
986068 636156
380522 731567
452618 713667
156444 338451
386255 191546
59118 152502
967641 879761
435373 121677
190969 7744
671708 368017
489362 255208
8444 836129
573821 642172
888460 453874
327293 869868
262913 478308
46473 940398
984220 550609
256772 750744
404702 208360
964824 609919
681136 517967
533733 107004
699826 493473
564056 403261
237042 297860
678973 187222
445701 264958
920426 782363
580886 473129
464357 433868
204858 519379
971600 829150
602912 400735
129712 527074
786350 437501
783921 695768
604980 831276
712814 680556
23919 669729
453407 392259
552590 17948
445848 571113
421260 209154
661673 786396
128221 234018
627871 183843
354780 972234
294528 240383
520992 751331
805329 476178
847838 562972
963117 613969
623599 443466
765386 894565
318273 286514
645727 209147
712688 716023
469057 312832
421552 566065
725097 365830
934501 770962
308529 667607
42112 99930
993136 926668
253990 334836
2435 917596
199439 481172
328115 860818
29955 778570
694414 753538
240630 992892
587994 721357
777638 301017
580858 662911
416477 518648
678089 329427
514698 556992
570811 987252
82725 943667
469382 712338
873628 733563
521916 475918
455652 896542
593387 63602
610821 135536
568681 963052
606841 235096
381917 658324
268514 894037
820563 686625
185226 256093
183967 22520
836549 414159
399911 800663
772735 7102
752385 433683
571703 570143
402071 503303
370875 920107
952293 667343
864993 400186
595326 59622
212339 887011
390418 136299
475127 861231
24597 165766
842128 71428
272472 823002
973160 743110
689334 827775
923737 965701
714528 340840
812226 531811
671875 269990
261500 916020
157618 560836
643573 953348
692245 576316
963962 335628
355618 821787
825591 564769
782535 982403
19530 69273
689815 771134
49285 998843
670573 816266
974411 34472
339387 147947
188123 831914
978389 622246
244946 691358
415363 425017
471832 409514
250456 654427
620431 519016
492450 756065
104987 533556
842626 935175
884973 363731
240072 666323
249724 872346
244265 233880
425900 82044
718924 108250
573433 852184
844340 639928
275614 678842
999977 184608
830463 141673
109737 780062
824330 179670
109233 80055
422747 576015
629058 985839
971598 559242
84416 599177
365166 212398
632877 928471
786620 236177
2149 76444
450699 834959
84733 950723
157753 467904
164130 655710
995842 335785
780688 337002
255434 545424
861300 442538
281391 955842
734361 566719
137741 581281
298309 609384
749635 384080
629103 720658
462038 464185
828882 832427
586918 322894
52215 572398
825911 105613
268153 668164
252661 194752
218828 353928
17197 253591
870057 394426
718911 464981
13167 46774
681474 415910
853990 879207
347665 162672
987189 266361
691051 164676
631732 409792
428598 67553
897408 144677
208644 874231
585675 916829
169904 924247
115595 881442
88898 129717
675042 365159
955503 61251
71477 750814
40337 152020
990336 404389
144752 480322
420873 607108
562760 892135
131932 397298
362186 652736
801848 384088
181809 870454
489368 201760
188427 847527
506521 52968
962326 841745
431697 886612
41664 437007
53492 589844
601803 603183
743506 163749
577040 289139
776800 343543
103424 977358
287067 11648
115688 43675
60253 576033
718489 195561
267668 459803
930083 578735
117574 591160
689765 348816
934299 316695
223818 722238
303842 105662
892177 508358
597130 31332
554799 281819
628241 484726
172948 760350
580500 977998
813912 772311
49756 992688
143378 606217
166245 222004
188860 211473
389045 376380
452436 402558
723562 750092
559488 177890
229809 62901
356406 732084
63253 532959
514968 655702
761493 246139
809638 4192
204273 56869
936795 869504
417796 670037
951406 486028
550517 914720
425217 256702
90943 364389
202151 554460
324382 139488
330845 416223
638637 855605
