6123
518906 572352
415841 530079
140604 52043
419466 770187
977193 46352
743656 27215
294093 218225
404005 141839
386282 749390
629340 815038
316991 705007
90491 370363
438397 349057
312374 530402
731603 998604
93649 617206
265353 465734
895849 882727
661214 193641
157805 32987
955333 448204
849555 344180
650315 161004
195985 736617
272560 733727
455559 15646
814134 304034
585569 909933
343704 33558
508548 839598
906033 775794
861148 867112
813761 931569
873772 654775
155680 137268
376823 406033
159637 296563
486497 328862
826779 204505
401262 471323
746996 647424
954721 94650
697184 356006
139121 775473
317878 108001
117016 481484
458589 636743
567393 865455
483691 593657
414017 842895
71493 224007
430841 300819
943243 182937
176744 912645
362966 849344
981228 13155
930456 996476
277553 611852
889587 549090
606549 939472
713135 456309
937694 211425
485226 175486
412454 316359
263414 466053
895479 420906
460838 818167
180259 359867
878761 639092
869895 658807
802689 340655
542498 114451
155794 27623
725921 858556
461120 484006
311625 669171
649590 854683
67274 672144
879654 62063
259656 813989
993299 256658
165948 482072
471816 509240
164109 989795
69672 563345
308023 330750
17925 824002
402362 647769
595084 319358
632058 876833
880636 61583
213439 732932
367562 732614
846287 984401
935651 236926
226137 169533
805366 356122
476669 569202
933205 489488
589902 241983
431325 476343
788154 358909
516049 157669
951285 516583
125894 678848
433129 856416
63687 786555
874876 578174
214613 8891
34784 764084
206463 814507
558678 263285
995238 223375
164879 961475
462610 863610
957270 786781
927625 64908
450464 839272
978023 572684
665017 847125
305876 206456
586923 256687
574458 655941
595514 564499
92773 879184
795722 945483
606775 276992
272400 68785
811096 638995
935827 982432
665894 814361
865211 691183
764914 432732
56434 884040
419015 442091
650741 722664
604801 135475
960617 32070
754029 879457
463198 474544
421343 564038
515750 445242
71949 29682
336062 459070
170408 101055
487582 212361
582738 280321
591313 960843
353513 746000
988020 100374
222725 237471
987575 314266
160467 957158
425267 699910
97323 420222
294279 857743
561936 688004
441705 998492
843640 67183
481242 451214
137100 417764
481959 504194
31781 34365
328448 955474
601466 981474
604528 57940
938352 761575
419711 158475
812534 767613
557037 227059
581102 443834
514230 435532
694330 926453
855961 331567
226990 514262
818132 716267
701061 502700
413344 176016
189567 347355
228212 865263
185252 933158
143683 106790
375610 989799
583786 485460
676778 601406
574411 80504
856192 67036
822615 919595
550579 113771
142515 786169
433359 718489
655081 464375
489880 292063
515892 895742
63702 8208
749390 678295
904018 371401
740719 629385
509804 767022
166502 26152
844517 10993
330111 461017
26119 430568
800984 208764
486603 588714
876035 404576
276622 850476
567143 768768
401627 332043
807116 283844
923276 910522
839838 141159
491116 272041
367703 235743
840864 853689
815647 373000
706969 519524
794079 313048
598155 808980
744533 426637
460757 678870
409010 229533
233213 854797
626418 688979
549887 449362
580396 110703
623942 224859
825595 733557
846905 143281
610961 664979
834609 336425
283950 97969
703568 976638
234043 366907
722750 33234
32082 150377
80209 459740
998129 541897
663845 176305
527053 795524
81736 45222
846878 429114
441495 959723
937680 515101
627980 505552
47030 795697
104187 369326
85012 59522
425959 341085
749779 469380
902371 610780
278189 88215
747661 575075
716246 260340
380920 621027
303672 588862
156493 95926
715191 192296
919121 149062
447207 569026
94565 610715
706035 243683
846170 56450
334456 902625
463933 271324
895796 226157
493462 446861
584418 176589
465768 827298
912764 92996
421109 462362
487982 794330
904269 595147
853182 359053
47445 889159
902394 409013
100316 71717
613719 59152
895150 356671
718099 124737
144570 588937
151510 178240
67658 156518
484199 448037
718057 503577
230238 714158
832330 731561
45748 901733
960098 561561
367590 169841
666907 492234
653727 790143
893613 328038
387925 41826
592596 859577
557316 767152
399064 225411
893983 171288
320538 774728
159075 177800
71999 39854
618055 351603
667732 564061
642824 409669
633892 29160
109697 203266
85346 921559
366372 987761
314237 842690
586790 988784
620427 704206
184925 646665
165133 510772
976903 788354
240797 279363
228691 654008
750560 955117
540443 185821
196230 612665
905133 248135
788263 642509
206297 390849
170799 325698
425739 653659
594032 365103
3053 50606
288211 447640
183519 775623
944817 500299
433868 419969
255224 263234
452862 731904
992200 154167
56282 734635
434480 658338
361669 995220
182809 519190
717590 276834
27247 252915
870357 736735
314732 198709
268138 992025
454212 508913
468930 440120
789207 133134
503576 250417
575957 564667
148418 208754
87938 415598
329560 709515
976644 371530
177740 890237
952305 675245
803690 464886
391351 916209
909807 820426
82739 877459
188425 630113
916355 424019
766728 930352
953214 343927
664824 163139
641326 492075
667838 322468
614886 956160
465802 601668
95427 417921
979383 590578
17078 199752
905402 494024
462175 45061
107101 905416
360796 756624
780702 890830
421638 3450
822059 92156
479436 273650
247144 104026
351403 49694
641709 723673
283309 114119
145714 442491
731120 716958
223197 473062
820685 297507
526187 771080
360606 396850
996527 818789
134151 392561
129098 492894
250284 292821
204180 189766
860687 850717
209464 252074
748058 757222
562165 299686
920759 979316
381435 221509
913743 207308
427509 434179
180374 471518
311157 378628
452329 246815
737413 144969
119527 539483
711292 203248
101385 112361
203005 511012
666645 24429
251936 486744
859661 498148
475791 489770
908084 639867
225245 47849
804534 254608
213034 701307
441441 460908
157727 25732
827623 541975
511189 366853
762787 290342
679932 896146
507827 254168
183867 230341
100930 154296
919480 350146
536468 225071
617325 565498
964866 663068
798695 482996
846833 627525
945979 484861
19342 459985
175816 822573
504265 222910
518179 216748
84540 122264
422435 395460
442706 457303
252955 75550
723361 572426
885124 729255
975229 111737
957670 233390
635086 505722
600285 4252
19072 774431
61979 309142
760975 649329
251919 108237
94259 622808
638157 616476
593703 894390
66866 494450
110601 449890
382022 556156
58924 420426
138177 341277
100264 916842
881661 890581
990260 94847
607014 99939
93585 490888
494181 939332
303415 898458
295167 94091
468585 528316
514511 534447
247699 388393
709809 612008
704398 515779
946626 62466
775741 941237
36604 891243
480911 812722
740874 2320
173421 52633
404896 140192
447208 961302
800126 271190
181629 265867
741044 119326
209136 998574
979824 494956
22952 651575
747724 193452
763567 632801
999825 163019
694870 906336
184533 906018
673513 175219
768481 733600
820512 755344
835806 470068
349136 807583
393952 695222
863769 930468
964718 513771
114700 771182
572029 484064
554706 696883
846949 712024
237879 550418
528605 699162
366677 586880
409352 783924
935825 326145
313492 619259
758117 331056
769809 103272
881820 862592
827415 584692
596444 77069
204400 404008
914982 650695
718039 281789
814224 191490
518980 404141
309087 330625
12540 641153
325510 574591
165122 418401
583953 449468
92402 171320
26561 610160
411176 157102
133033 304466
536517 312488
904760 948089
67368 713977
658913 158166
578777 459463
995099 207535
166544 606619
530273 258951
517354 503842
940791 217138
887729 15911
797576 453676
644113 475617
475973 255064
743449 25246
429051 634061
851814 593182
299682 184396
576975 310249
316699 647955
452201 815031
34263 292599
206853 813362
262254 912894
886374 722681
323975 640141
707627 503246
757415 435646
655253 423353
59726 932956
337078 986218
368847 807142
117953 599670
74565 138191
793653 917705
874472 112559
118017 828791
361254 704486
721647 574933
573840 535086
902283 736684
55342 40939
866321 374980
255417 522377
844583 969492
88839 686413
128308 866699
438829 509179
978712 147434
708802 210945
988214 936802
844479 80745
890829 74555
633623 594791
649685 880699
247990 820058
750310 805686
318959 296672
912176 782705
98542 802094
555265 375105
913055 586063
407089 895887
325232 294891
95176 536620
206610 511198
915034 296783
370653 472922
102233 511607
863783 455801
865141 357524
849208 817546
399031 81816
516088 252182
858259 815617
17120 776337
401401 327535
153233 737079
155280 976237
639699 121495
187593 384060
596128 194033
296899 268484
595021 285416
444698 490929
668458 67116
241394 361007
977567 412465
779539 895339
569689 58159
310954 211581
401949 951611
880734 909063
83938 648989
10809 741535
581242 881766
704215 922221
118407 294456
948168 377966
389072 340735
279599 471631
986640 42282
309783 212544
644206 827440
47963 188065
466401 709133
599278 890268
385481 140042
840280 927766
312251 589165
426849 881069
367216 795822
508163 559601
352832 142681
371550 166421
350501 796653
813591 530167
445743 740564
508479 358358
817188 230555
741839 157806
947689 682293
969368 580234
128617 605061
745706 240250
778540 537963
364919 469937
922746 162921
888080 299776
597424 801003
860791 844257
366424 742452
842247 420950
407389 703564
455329 428244
641912 327191
324294 779316
639964 220230
753956 267905
116319 300607
385866 436526
399051 83215
259518 987435
836647 944215
792196 577430
205341 357746
646730 829895
675882 685950
311706 427830
557210 778006
727329 199532
931373 978731
72334 721475
341081 899586
186053 827726
724365 220721
778391 957351
249930 201468
499852 944939
928661 835124
626017 226735
398554 96660
856639 557016
496429 540061
240413 827274
606144 183352
774670 903111
49340 562840
174697 258199
13341 606589
640304 222075
666014 19102
625526 46456
971586 144307
306976 688417
96690 133102
470631 56712
775683 925024
933402 91954
787445 219511
192655 889639
631376 606193
303104 590541
15301 633057
135632 284826
821298 998358
895618 553236
816045 526913
293461 421865
897323 26620
679589 870689
511334 439148
656326 147670
333806 234922
98 870189
686517 795615
668036 46700
590016 116557
779543 260825
166244 29783
284674 72672
944770 131221
417983 211860
843137 390782
979129 302477
738007 44643
634651 34169
449840 366674
6106 834776
828611 633994
476428 860877
164451 59153
924669 211286
203279 632518
703770 406463
28648 243083
470887 403915
573155 529479
223859 157649
574401 600500
801868 760199
846734 44346
290368 83194
944860 875738
521965 576918
36551 4513
2510 891516
164562 872276
209094 838141
211663 894262
535513 928247
583074 848996
593115 784934
154344 577454
688592 495114
110154 214587
65387 720290
338818 614480
210310 93602
463136 297627
244944 707420
514871 379982
423839 24518
589533 52875
141454 646184
383184 89499
97994 240743
804657 345596
558119 77762
394631 806036
595531 661715
635185 155619
477439 772818
471455 291241
454296 295870
683597 458627
567061 994475
564859 641961
246477 975200
94064 685188
16026 88040
628468 340938
511239 386794
318500 294976
163841 418745
187019 679492
846981 327027
193081 175109
261927 151795
824450 75608
54198 100138
572466 30050
511535 166307
840015 566504
450758 596015
230110 248356
570399 634474
117420 224384
809525 945406
828179 103485
961112 726819
501663 570933
662477 188586
53632 785417
354451 364175
774870 208569
507054 481419
280663 558257
937338 527940
37080 921860
850555 494133
385194 99909
868620 258215
409271 228896
877345 533555
486924 180583
844444 686315
365562 476708
678531 192045
928810 758771
409109 784249
605662 859217
541192 363797
327691 678890
737156 631634
485421 127688
888937 22110
478910 611208
768781 475854
282363 618079
348059 374309
416054 760847
180812 344041
224219 505715
779425 263991
414403 410591
748166 879358
538331 472004
658315 754104
246397 194358
745890 606306
942889 289133
162390 95280
597173 577403
534251 135636
54548 88579
933326 651814
115850 499503
360955 459796
758184 316020
918505 527181
249757 595400
80686 797764
96427 905552
23026 961371
817524 515840
277603 763998
546582 3633
612474 310697
677089 765091
829030 522909
121653 146212
412317 390758
125842 621740
126913 727736
175065 909540
669162 240428
837716 993877
649276 994889
326533 75171
685766 172247
335002 52076
834631 699828
30915 115652
268200 594581
534588 24186
797314 863611
813108 692751
874 553064
554034 765038
274685 382754
881844 444456
279348 225575
22855 3632
401386 296553
492643 914418
956763 621883
38699 776583
243677 503639
251579 176991
212500 237497
568415 387461
858247 294071
648037 192646
637773 327736
664404 317315
552179 731911
429691 163440
859309 663475
904477 909191
645136 157586
248735 154575
105688 736316
39051 109920
679526 124683
695335 96246
645785 727151
82638 119678
429634 199287
694823 736064
537291 7789
601458 651130
750743 959406
202921 58131
734173 491089
473618 719148
639746 932163
139267 745737
708227 153902
209921 979818
860620 781799
346199 62579
977307 4237
639657 489766
128388 870093
383427 955787
488051 165960
64158 852778
957381 657844
79101 992035
333053 30974
295926 77646
694471 868100
192614 781765
903565 745859
238218 807899
185180 831577
995504 95906
537794 800095
684510 690046
758637 110155
918560 573033
341532 426537
367418 4682
766780 479829
850793 979209
762524 924144
394464 662976
552404 172255
578033 596483
328797 485959
525698 255756
433528 269205
781283 609368
23716 615189
91660 706314
256175 721072
293631 16674
696034 354974
773879 170300
861173 688404
122137 493262
722338 920521
722381 587009
64702 652177
386426 554672
636637 572357
374463 647712
481810 284543
705460 662349
783816 316706
331176 353122
791319 850652
917152 868113
501058 464755
218497 52235
157608 854435
906543 151058
497641 760323
579120 374932
255284 579672
159177 380183
247703 53304
463568 446796
764592 162257
240203 728633
533362 366158
72950 81075
766195 5529
602379 35040
140574 479853
284297 402230
947913 476444
12914 52078
522716 535765
221306 958817
530260 558012
300816 151345
621929 15096
569265 615635
926147 167929
960115 293373
841447 602625
632993 201575
973153 558992
825745 892207
345110 506049
81673 984963
679003 281944
87066 704130
649371 303918
836815 856644
178376 122525
417321 941956
905364 247433
837582 126985
145197 641501
857191 122817
575291 859035
19655 968511
435031 3945
625202 292184
301552 963518
291236 338914
774512 433199
174153 932894
663874 375571
450201 797288
855087 618713
102393 338946
540326 621671
79437 623581
318936 446310
390467 113157
682660 25646
111558 269359
633282 751898
93115 756365
633547 502196
618938 623416
883420 575287
125582 590648
421286 546472
488290 768915
819804 490415
262814 886133
256108 164895
921863 972771
300137 64650
569671 791822
689792 287345
338111 786667
106949 893708
918957 903570
719084 650285
257573 724594
452600 74795
935419 330502
963043 690694
483721 372600
561821 576019
306273 834090
587039 426296
444777 534937
916653 916216
949506 570709
25257 684990
438629 79752
427880 74885
241981 759985
86719 933668
520873 908592
590291 565023
906171 178041
136558 575368
595330 87060
747798 58897
46656 977135
340809 828764
134064 31184
152500 640053
99158 754476
683732 139407
887388 656679
802854 229435
229004 36827
933946 129696
244558 735240
168746 862047
225513 543739
224866 255357
170935 66869
122453 470194
971175 484114
957083 664566
497919 513133
418369 116277
413242 851048
314455 66512
290966 605853
520634 764978
380480 110040
669338 903199
609958 431399
801458 562615
635123 191810
947712 529149
555547 587738
32477 959235
251954 764486
839808 635929
914932 943794
702652 566824
803615 859404
99598 760453
359935 135858
365322 405379
133050 16112
493703 440363
289407 872563
798326 394130
44566 71282
424563 201783
206757 417697
248853 778530
394002 419868
52477 487963
351983 931179
362250 237284
150183 892184
307931 717797
384949 253593
942852 824487
46036 657591
671633 164327
863752 73231
27838 562845
588724 911495
844522 43685
163201 264619
1381 768724
926482 2647
965335 19794
446141 365183
980086 485922
566019 985801
341646 420939
241841 28783
980191 405635
699862 794150
272174 997020
942838 496350
207978 909979
465960 921018
17422 308755
714393 753636
450308 940188
576761 132867
43159 741252
523840 726635
589690 597422
379600 101028
404441 291418
864992 870607
302776 478049
32445 675045
922151 927257
360415 847477
242240 703115
105833 674847
62609 900052
217419 548104
267944 775961
217482 319610
398015 454018
691988 94017
856971 476878
28839 16606
517800 887992
446553 32721
952048 476979
3994 576853
644657 743964
493084 484375
409037 889163
557913 547248
153629 457275
248616 621935
864291 621909
116482 665272
426777 876676
577693 845180
197987 806501
380792 450282
428556 220449
545307 754443
968421 659935
140942 187535
38684 871305
905925 807668
316991 990057
543046 236656
826007 396909
946832 882889
271128 805071
216489 161129
743305 797
13559 116692
459809 635223
613220 490891
160966 619778
988366 735477
924700 21505
370790 706007
514388 103201
416665 899355
96438 982416
602658 832907
767080 622145
478071 604895
363123 641270
552661 310226
667131 887250
501632 736685
757901 593123
662903 160839
96298 315151
739502 274781
387431 558828
149030 814747
338541 832035
447682 749213
420256 380927
675898 394030
683795 226867
680790 423023
770614 929256
807521 95113
52867 161572
219518 691648
264116 932070
433694 189172
111610 972690
234508 494088
91905 810280
608722 109197
265721 48749
285864 704289
234877 516522
969533 960146
827144 997178
846124 950587
881462 481359
349136 934786
275481 178729
492402 722801
609794 880953
536536 325670
772641 432452
790365 876170
726075 17998
441899 215382
192897 251644
593421 929496
426884 525637
93090 868790
389405 542289
377216 418521
511498 573278
369659 851681
390333 921985
330113 171015
841310 571898
279268 930418
289994 173078
154289 668185
926201 401003
358192 814266
471720 132613
844952 794648
38599 329871
989699 792519
619665 412181
816014 788716
328878 353043
748429 897938
190641 519432
489716 981966
182184 976494
836308 729558
944125 436715
334995 620075
322618 727491
412560 932416
250967 444306
49253 339662
456755 201823
836562 257253
477189 642335
408504 413146
424715 25392
227196 642878
885117 93996
16754 285874
659022 980089
222764 267163
345590 981251
767899 4262
77947 144258
565354 480213
528342 110391
119247 917469
698368 25806
373666 248544
696596 366356
543756 33761
909642 555130
106304 3026
429004 924227
571895 422111
282358 31151
618083 66252
968867 404598
790464 743516
145801 375817
185915 978907
74210 727545
532570 864181
617333 822295
580456 807000
67258 92044
600634 573088
732 933617
368574 107725
914593 818058
916941 611300
980210 300821
835267 494454
428846 613885
250788 183974
88013 228096
457468 435956
655586 123317
140136 831881
897953 773153
522963 20737
636689 655604
338061 497730
469516 55293
442108 898832
825195 455935
740924 620848
28817 420794
822870 309434
882221 864084
664449 836525
451039 585550
247816 663809
71015 987835
448226 235175
528688 660012
144997 745877
490951 250968
380141 21074
382094 111100
872572 423170
361458 439818
97162 279633
575895 363911
96725 8305
373184 648056
141806 441076
118573 161206
569131 592424
208618 390915
101544 835676
613623 98534
930544 301845
366975 836035
200706 95406
523626 192993
484081 154894
254767 461909
827331 609997
166281 500782
537368 676940
308787 313658
465106 477888
372158 620107
367576 774063
556679 495933
350825 985925
176540 86119
707741 288477
266344 740137
904935 871829
748486 948017
966125 494923
587306 243655
996145 497804
48235 243529
353743 767424
598558 695343
41659 701907
655945 322485
851369 281210
651468 984221
305951 80222
673126 504793
625084 808547
909975 48854
195714 11298
435033 322544
183644 283083
358782 189908
627982 657234
181027 171668
886383 898562
819247 206898
592294 614235
942854 67355
522557 401874
848823 358000
123455 611737
536941 200325
7537 439380
590138 375003
186536 191370
144778 773426
748037 534957
614834 992656
506056 386964
23352 976887
791443 272912
181990 568551
228049 413626
441704 222314
408277 634430
458358 61864
863720 946109
951430 907812
470265 156932
460097 318314
912208 153143
12210 79689
523497 137936
828535 965538
434431 748573
87832 269920
370633 909921
436677 446686
766354 253423
820487 319411
791901 455255
550108 13819
542045 67041
780517 368590
412629 140689
585829 101102
250946 998243
232218 361740
331280 970147
675431 684513
817464 317277
450065 965259
571305 58178
451191 383083
418024 388554
445382 70187
46684 274297
187248 905727
978436 552650
700348 853331
599555 785983
840774 959833
325009 445180
605347 357358
242503 975943
785477 892941
320352 847537
496829 781064
695973 884190
28457 591905
511329 390648
219699 392176
994190 843968
870314 833101
722790 902106
864801 851466
851055 362336
164952 661238
257903 681077
289615 371912
368997 193075
737823 135784
737917 184276
349605 710710
817040 116795
533452 145242
480833 717368
690286 307340
598220 695552
956470 621198
516714 173392
806150 664151
978164 684079
262766 352448
601932 206929
425546 875680
624962 758947
550231 145046
704282 383036
813931 551473
238708 46361
326816 905586
575676 157782
358004 275630
675403 802355
138802 711813
683835 720861
602754 606762
162433 402427
369936 480070
163917 479889
76820 947384
838421 273717
384866 802313
1943 910097
326307 917742
795473 626033
53266 535722
197764 775839
657981 431623
466645 783865
744511 750383
841033 14782
258327 524633
953724 944266
883963 445356
231585 869749
794609 186214
266963 157360
845605 599683
681806 807989
71992 303637
363719 662825
292287 867212
617159 582158
723461 641841
822596 967433
758703 667434
585639 366449
903884 913033
44617 611009
213663 643915
434280 583230
438987 640569
393103 118444
981297 993384
514009 747879
547839 661717
297565 340877
548649 989386
444192 587198
810728 309678
169033 934668
846489 589026
146605 293229
281184 528690
906901 203889
241736 166683
173462 390267
684605 392781
318432 391013
719447 773301
642757 702851
543356 191006
772553 983990
401645 36247
555338 273797
194931 568928
873627 946102
318934 851108
551660 959933
504284 191485
315295 256332
182495 5915
786397 865649
325726 50316
939283 359695
870464 168098
990306 807001
552841 573104
409651 491096
435177 161950
58418 410919
568932 213760
568935 230315
164838 922540
141672 832695
377608 918582
456248 872397
29630 60826
914599 920389
364008 263863
734128 420427
341708 761016
922658 217368
362153 796577
546282 273159
354443 623180
540939 659972
915731 192396
646282 431077
875987 866254
384401 221014
364802 29939
591750 888691
193385 837481
677786 786792
9503 193352
839173 946178
208388 913957
826858 612933
50455 488809
178007 230041
246717 747455
30441 855584
119587 333189
771770 168300
772081 939074
325077 36603
211751 760513
564157 767680
433372 907196
95048 309228
940855 412842
372912 361793
298382 905662
3971 265268
598251 719316
738369 659796
240558 81682
96990 416880
756955 427667
676413 758383
767082 140236
826296 449893
915272 46632
270361 382485
940482 993093
593231 517653
802870 394084
464428 818867
816017 541008
229685 134994
523861 386992
811546 821986
963863 314253
177801 751935
770733 378681
473822 513270
815912 416870
229231 909898
813792 755916
158087 1081
899490 576209
28869 282102
781549 831544
132611 279452
829467 937830
730045 242710
271331 256943
706660 715977
131682 21517
764364 131718
126670 599117
951702 135237
575206 472013
334710 803799
227101 780932
839016 5901
198260 364385
612118 684448
934688 524863
847001 714959
708187 391555
176022 102060
126072 688820
533626 340092
636339 730169
531291 360014
585785 846826
109465 82648
860673 88774
366629 714103
288181 460732
426691 782059
547763 601644
780766 394738
494629 957968
976777 85867
234084 561482
808273 517533
400686 531448
75760 507647
927113 268690
390789 397877
335383 157023
113127 717263
259917 768086
518635 189552
203331 754237
379679 591561
643377 302882
779783 55727
492511 975396
345523 668773
689835 892216
331593 143822
228819 616623
25352 722653
827109 598662
726362 652324
174148 80863
650433 904409
509012 647717
521640 450015
244946 246494
324839 1494
929819 523535
473316 168126
578100 517544
16402 291972
341993 768180
204956 160850
632081 634012
678307 908774
954538 469578
481301 336804
949276 222494
727824 446893
927198 482422
136770 355684
107000 786962
899686 942807
624730 158486
307980 243042
476912 432823
14881 72210
124416 806906
77 886316
967824 147801
515383 102438
165377 992814
540963 663384
168436 49996
355305 18037
90675 123299
973807 602409
872628 309421
900961 383987
35671 563705
105256 755089
399262 711341
175941 992576
662596 425959
352140 928343
613599 871537
506130 132954
610671 184764
759984 773192
721492 948513
939591 424500
889169 632994
86941 236584
930512 177380
889093 188101
812638 602116
28470 798356
640132 350391
617456 996891
78070 738668
820853 905519
121478 462184
998439 381023
399887 389266
789375 980285
235501 137261
251410 601275
610824 760321
320510 597655
339562 36239
324726 314021
694722 522586
179544 205637
626702 204935
110560 790454
287205 91381
478592 816022
73158 725284
551586 313207
132947 779986
299655 233168
55950 491980
25037 127845
756612 710128
329938 680867
326164 633151
663313 185867
41444 510397
370967 903869
6729 978009
20603 268133
935837 851439
4999 932921
678739 108779
980745 880575
494597 981282
536071 122185
197665 474790
759750 104322
259924 157869
263176 899613
235771 985923
415567 23778
616782 101184
454777 378863
370883 236171
883517 201054
363844 779888
170369 512785
501949 764828
819147 895305
416916 983561
907994 897674
427879 146040
699741 635656
374809 232492
449530 187599
496952 889066
664197 249809
725059 590186
277156 746744
428772 199796
862534 88410
318367 608297
673232 100985
245163 530836
350724 261967
701528 620779
810822 889624
605149 141436
856881 51468
589291 611180
642860 606414
183306 770752
925667 612767
310273 789420
675613 371825
149102 994908
2576 502450
922940 199355
331107 305605
213517 138455
324924 987336
674151 995647
913599 866021
176350 631897
328989 442891
703716 409455
93549 63446
503006 847844
755785 341995
987038 648737
41600 208875
157410 821128
885071 255084
569703 968288
840726 876834
298776 62984
799984 722552
731888 952830
681836 888935
468648 233495
678884 544509
751109 696855
848997 262608
73006 731294
204947 258021
708334 864396
372403 145772
329001 647297
684592 851644
7709 279452
599211 692899
944892 698453
984550 790921
490712 969784
442891 153573
813841 901036
595214 368733
989976 636724
589499 222120
570954 130892
448431 521968
992691 416262
582803 423953
872202 77370
188062 456248
674384 656302
744210 853102
564698 272385
920286 973390
802955 623057
532085 454792
492831 819927
936981 792237
379643 453630
800467 100281
786239 388565
69753 384993
539121 441552
753022 788978
244274 669062
325792 812454
912083 624833
19135 780224
812848 418909
294282 598234
417641 726638
554939 943644
158235 988262
192735 57316
100789 880432
130535 697786
180681 682298
498014 437051
22538 494595
528488 299481
486541 711686
148384 384737
892273 971669
3424 114221
44910 547557
27815 715280
101362 848551
146258 751843
387558 788368
292358 56450
347323 959678
727865 350880
679033 977129
55387 4632
990971 876504
868106 639563
166164 603589
872368 296766
257976 706419
528662 496452
883071 866783
876832 378956
617770 204384
325849 612259
848739 459886
448841 891170
841253 275546
625261 590031
580470 8243
552001 537851
56482 322899
897253 153937
991891 395319
559260 704644
314761 789940
557608 398162
670148 631497
999425 912998
933321 216523
520732 896058
297695 581531
685040 485857
536816 94049
922431 392699
558712 924170
705545 400040
338847 290656
626026 293203
214733 298301
236511 31712
613302 126506
45323 61846
898692 802418
152093 128216
71646 516340
882619 479437
90583 754578
10746 660167
239057 174539
461510 742813
588323 428456
536077 134745
501914 341492
881911 240588
569714 89968
441786 639785
275371 112531
378912 527671
697149 489222
440029 748969
489138 470316
766986 362227
533586 36981
540039 130440
205891 159736
456065 351492
123791 226528
505368 195441
118288 676040
897609 142502
984623 697339
454010 352625
236273 589374
460556 782014
55251 264800
261646 126534
614558 419532
633575 488610
491662 818894
453601 194284
807051 433299
514981 852622
281963 496394
402865 674545
522591 990541
543265 243526
691767 326385
402940 115528
157263 299888
769353 960473
790580 71440
302868 478832
168047 179589
379220 593844
624650 748075
994697 620030
613783 220425
325675 284536
699027 750808
29488 215792
45047 127938
879610 548236
932955 341162
967342 113983
62453 968568
330807 860240
117468 502260
74266 857638
386983 740331
302470 838267
980856 96268
431005 162690
188500 166861
507846 738312
88873 806164
450723 346078
946992 77104
155065 79523
157386 952728
669890 539450
765106 536402
596803 460871
183402 908445
370792 387743
469988 930707
880553 355401
862620 161300
24449 640205
235466 493784
966148 174888
777640 311702
941054 361681
474433 301570
786647 863053
265675 37707
272101 735740
154172 447877
564542 822349
388131 942229
718850 95850
689975 144982
965312 40146
141312 711959
402236 792606
539589 609402
158585 857956
579832 400288
171819 319490
264230 526412
739041 180566
162450 177183
111081 768544
171548 780666
46595 394873
140649 31974
299726 709939
795963 449963
154019 557483
557628 42349
859297 19367
703567 722740
459534 549755
941548 809876
436127 625663
602732 829892
510037 641099
141885 432071
712436 207083
234109 303143
651113 652088
916476 139737
64075 742483
530712 757012
340283 224217
492575 692665
534490 326558
733947 740082
181077 362644
879140 589596
690311 886991
290849 43369
119899 959041
341779 869887
908175 598105
182657 495119
234682 933816
865954 359477
498338 592953
218821 63394
18321 497005
966257 761672
319861 198345
172044 17228
653541 176845
625996 397257
5385 284421
29461 31159
657455 877915
732111 74243
615712 661514
769282 896004
453003 471250
855644 762533
183877 316171
525157 346193
454315 104002
516575 217145
932780 288105
679771 454313
831834 734613
756187 298457
89746 229840
925901 693245
81945 372531
938948 196727
475223 680993
21606 285715
106844 577770
399992 236563
756197 364684
367859 444238
307508 871516
994633 893525
529400 664947
180376 953242
797139 396138
257345 711310
442846 471518
195902 535730
948148 695036
357726 166903
632763 966317
317198 456502
246118 902142
921003 800280
970957 363098
237142 897088
935740 244525
989081 776764
892827 847947
141481 924898
181514 321294
133245 682975
457264 806742
481700 825791
421067 712416
790072 466331
736974 873470
85717 438880
243728 393029
755110 731067
640799 977107
875745 106849
373304 761975
815244 950808
419135 900153
377551 38190
32739 939799
67278 991321
792746 849900
891211 272097
683845 101639
854669 816506
743831 752454
391201 793951
669202 104402
209739 593211
273740 328694
525458 282731
331159 10684
879291 951847
886182 243457
735286 962844
691326 622902
261153 893956
949285 7291
913711 140486
47647 684572
429427 607644
402135 973504
946373 736654
536349 520456
164828 164536
782312 886575
132375 956131
31809 527860
894680 467552
508761 713818
606013 747950
812434 858411
821857 373399
841523 342172
947810 902475
331208 33074
281966 757882
691975 502480
551208 469616
114888 900660
564830 798713
881951 195659
402273 800767
619279 62607
660267 368058
68031 48179
427239 408176
567467 494516
72688 811459
970981 32949
504076 179885
837297 727129
440356 264305
980900 178771
100597 952303
186801 311107
454659 412199
391431 248753
474762 812520
264637 389850
633085 699397
930083 258555
262455 736309
650356 43612
610049 224906
744529 170078
350296 729458
840211 699057
191778 286404
913050 877232
422315 323109
641040 813446
727713 421602
882504 33484
502128 131196
560077 12654
746732 326232
784654 364071
76832 45922
713891 244044
902760 324819
159831 331749
961017 335014
322329 307924
403917 66649
299124 126206
305019 679848
733235 901587
521474 266367
670139 992790
776456 284907
671126 301624
949266 580419
265966 918245
570157 521900
476266 141321
705248 794406
664221 951377
946598 554468
629863 587685
516013 20034
591380 758655
732548 669261
777755 772086
494582 630022
658720 119433
396819 135219
2302 530185
442653 724909
361945 776838
684955 722266
739159 364504
104120 541751
376262 182901
563802 151725
746049 501149
434013 295368
892816 45393
945156 926841
93304 169137
734436 245906
792795 406139
542935 773441
734140 30436
757402 784626
264062 15170
694500 14935
751063 154638
840672 233346
446144 435093
746209 286301
172627 317340
886932 495076
973064 206662
627571 544724
269309 295308
84530 47132
538316 548643
323652 941100
422480 809867
867479 691558
647221 145373
381856 213641
573398 545100
564997 905598
382196 917511
621191 858551
61382 125625
642943 741601
158037 90357
973595 150022
235313 445182
840937 399828
797823 580348
901796 909038
773663 3236
926593 264923
794320 271133
665316 892082
795748 962503
171252 189344
923243 535146
376132 644456
225259 561971
150281 550557
972280 332143
233118 357185
774562 558209
76476 446403
57845 894778
17579 717282
230222 755251
664142 323063
200428 646448
493299 213804
199481 326519
66849 939675
101690 986633
183059 821914
715964 722822
798040 84789
50244 609477
512729 822684
12033 525546
554825 685790
889809 192310
195521 117824
358417 66868
194328 207679
173340 906825
897971 182141
558081 892402
289262 604122
259662 12830
945372 979975
464359 541527
956813 962490
281561 73593
434761 874175
23010 533000
104536 709929
50090 295155
913458 697725
629309 972046
94882 595135
421759 612662
39578 691413
738661 57580
37552 632502
771214 925024
67348 217083
415668 89129
180664 770545
842691 104230
399436 292012
716663 598619
67902 325754
252544 280293
877459 624700
200659 426167
673183 824377
106629 875027
96838 678746
472360 555263
83339 32909
488493 956495
593619 48730
425524 607591
223944 74271
347260 888335
406991 511961
395144 880356
268901 533543
141179 922284
914243 268238
70740 75702
830587 384547
29782 341991
182806 649982
841247 109176
296060 60526
346865 269905
623200 883753
198237 834810
443607 994663
698636 948998
466290 336062
370062 168931
38487 853450
199945 975698
606056 68500
234957 250247
947622 878086
716497 16526
938040 722641
871737 719813
597367 798034
199132 182542
549261 750443
635290 77353
831223 890434
378079 401579
720904 298362
903800 969556
371527 112256
551316 805033
166525 970011
759306 5445
253597 321313
240519 863145
703452 558379
222093 256425
937246 790413
625376 685358
409491 81723
347122 152315
170334 221373
686826 366752
986416 360161
566591 2515
727692 670167
110973 48642
753176 519685
948073 345798
914468 197931
115712 972866
405796 505672
789977 302387
763585 440146
268650 128226
708200 368302
664207 614297
153380 179040
34048 83770
839756 752843
192258 627456
62202 860900
111588 103301
926564 101828
379947 764594
923233 421224
906594 887393
717233 507565
965790 766787
62813 875964
674256 416249
59488 456620
188330 491926
248899 938647
322704 898044
932088 95420
219984 34512
469504 107229
372047 951406
178306 51239
342977 227833
444169 664538
488111 314503
3784 147412
62718 843761
353837 334184
402862 71789
474291 102395
246663 435899
810373 418997
521948 515861
952317 177943
723364 989466
654931 281307
22339 774139
117480 951110
754597 384970
747228 407697
12204 665114
959469 740964
922507 761932
285788 681546
143918 326050
748066 417050
739320 484978
935141 307661
151374 867385
259452 29611
101668 438805
23681 942564
639721 870303
871401 406222
645201 483370
906117 464790
780090 977250
939534 39101
362041 310473
62636 591298
40914 719498
605147 302444
30255 478562
412310 484327
257674 410712
233657 251531
228985 390614
814447 906564
207985 206938
283959 331166
639386 61980
328703 246764
999521 299688
483374 826757
765285 244249
962954 720463
836143 358277
681587 370795
442751 326195
448444 780026
763473 483359
304562 248917
269451 258480
52190 83087
876394 236517
611192 79318
886760 884976
294522 931693
245374 509083
844030 378205
996808 113803
165054 921510
780502 464161
560714 708383
210930 827541
680814 589194
577289 181428
168463 502028
886779 233776
235573 458960
161812 440636
666647 234946
175065 968247
615715 780823
353381 302669
952273 387456
962121 320008
338031 386470
652150 974183
701282 991616
360533 357740
628447 53872
159426 48192
527170 556874
369864 324536
305582 586819
902477 657158
723424 505469
977802 73916
830482 13524
1380 709108
562846 226603
313881 710530
626979 60775
127473 545866
607541 541364
259141 883379
864 250307
248607 719588
36181 96531
365561 668939
582096 798339
154111 354088
330535 220794
245742 871767
86772 398583
981094 440430
444861 596051
705044 596510
728849 48326
279190 949374
928878 39099
5528 420628
972379 300652
614202 248575
776153 396636
311684 818343
8078 145787
852768 304828
655976 992200
784059 818627
130287 145985
329043 551249
471641 253674
972589 129120
933880 519726
293941 53393
413127 2318
92547 763818
984362 933697
836034 434578
755556 985922
348499 342106
555759 243292
552092 192340
587127 364104
719682 941316
70437 459942
889224 909532
836066 685032
264596 595194
820378 270367
164932 483667
956043 756357
448359 653148
915167 482832
93381 307932
317668 710186
636245 332785
167598 911105
4812 408091
239076 785023
745108 757221
987666 981379
332158 93469
6816 22457
127726 811816
53824 703265
533789 179756
662851 326507
31697 677096
210039 715863
422898 437040
402115 38250
24238 773393
777762 415809
903067 67398
170830 791113
155909 21067
155135 413272
28915 801586
708995 296179
437050 291679
576902 526446
507240 927673
938414 891929
649795 327743
384292 632859
361530 143907
38404 71230
618533 360331
927004 289279
289287 37315
288963 453760
328503 998460
834046 207279
612181 396152
163935 382624
460243 142302
607140 351873
771504 68615
792948 931109
751200 683924
472964 449204
620199 759910
741267 394726
757873 648062
936667 566804
64136 641677
273588 774268
448252 923256
610531 417134
879972 47448
674855 697091
589504 362658
502322 393633
874646 76201
625180 913596
504650 743131
140345 52602
197704 710323
802962 869250
612063 131270
900435 360048
243331 700594
480802 391296
611158 216423
637121 122980
794881 871324
663105 163666
779112 730659
609925 951695
656961 297699
787283 605422
877484 26531
700938 742501
217456 375916
606694 800112
158825 449589
910665 361749
955901 276342
196320 134797
538461 466077
189138 297950
662890 4401
844057 581193
787398 148541
266619 4465
740215 633142
180083 897007
756800 351216
261236 547747
463653 700966
345540 789119
665544 224048
674336 298021
412910 35090
175873 677225
289382 987641
415228 402589
26600 485922
95404 499140
423539 97366
418824 104051
700823 294658
571617 280813
242996 584694
333045 622170
709871 793659
855623 807327
186995 292256
345533 662819
70565 139089
424949 365807
297250 725703
264105 450722
872465 459058
902242 771116
275125 609892
724826 882644
722425 870395
880538 695365
398552 879300
165721 655910
651071 386083
194500 812483
708172 659343
548561 235253
231585 273838
68724 773906
945026 332407
9441 890520
926100 396344
397910 292138
336843 97018
826056 883818
970342 456607
794836 76369
198684 283901
27606 163212
129298 531867
66527 688033
287628 934699
935015 996991
27666 91988
136566 410552
236074 69234
595600 108509
885307 666119
160511 424996
538399 141436
698445 40683
928776 127257
999330 805817
342251 841263
99044 439196
234807 155211
372547 745245
760714 293760
416404 602600
206951 439507
936717 312232
999845 952378
134724 257354
151735 444112
119078 569036
615036 40150
406044 1196
25246 1221
51484 810291
845505 43730
394329 74
582873 355595
547455 170862
143573 117404
450055 932110
376139 718679
389861 560823
829248 866482
770081 439916
901132 430560
846444 51270
820999 383404
48917 938130
882113 226642
991713 721045
469869 690119
901288 167235
91930 449219
199290 6313
482339 335254
85422 320602
365500 439277
459286 405083
583041 719351
62829 335812
532218 282825
422931 381967
939094 620035
164776 892393
78146 544450
347338 720970
586652 359869
625222 696955
270236 394247
152812 693693
456954 252308
343763 774866
886717 540287
891976 494740
651000 706885
360858 305016
985393 601169
179886 485892
358906 604546
711735 341317
180567 823900
701315 159049
321900 547125
651114 584804
706948 282799
221518 106286
316349 896894
616557 935846
341553 150107
486171 441778
737972 217680
740284 385183
954868 418035
841889 565332
262824 618086
433793 988842
150813 510574
100333 851053
249968 236138
445443 151369
489995 626848
928712 905431
286839 663870
455078 387696
157290 932955
500105 558163
545543 606788
420588 108016
76676 175225
822293 794240
107414 727061
584652 36570
111797 400663
561357 476760
94479 625977
578298 655654
123926 606175
819812 579830
489723 17142
154268 224859
926800 627296
465124 586890
960601 88861
494447 816095
136605 922169
536262 888400
864770 232523
391999 54310
248747 302085
775135 539423
332630 869263
102630 745033
549769 408133
29627 283849
217402 916569
248284 952111
970264 436000
215196 755056
339050 670785
344552 249389
308246 737621
837736 402849
425827 233230
214194 229452
688599 993747
779553 750972
569093 767789
359966 178606
586029 436370
863974 700743
423515 721525
768526 951169
821250 598175
842179 225935
50557 697140
157154 558395
442788 128478
32175 795513
297072 537248
536390 837433
874652 976341
343202 929257
529187 771132
435507 701511
8786 422817
151307 862741
27538 117829
374634 655784
672032 328169
938529 713548
898602 857866
686849 500993
195081 947401
984559 453993
718932 828606
698573 929485
636649 185371
903666 650524
168645 450669
642430 523245
509194 145492
933872 774266
937813 244073
558208 813177
601778 531590
182952 174679
799151 710062
756842 461110
312863 910733
163568 442413
219335 316381
403450 739199
773744 286097
468274 675319
680402 447987
453828 741002
903099 169111
284512 410370
866852 406889
801427 25764
320929 366561
247353 699110
889695 391464
533270 318215
469062 767118
548309 754966
673923 650017
365699 52498
983316 219403
214178 153394
979923 983813
610926 910272
107947 838412
958659 576788
520787 903116
582817 43932
224611 432934
668375 171998
451952 263018
334328 186905
675991 359315
122658 42403
762051 851200
774140 734374
648050 678644
980058 291900
641940 527669
968444 355645
117847 628561
86844 591038
810292 864796
853194 19694
500161 451509
904698 711394
856836 586112
164356 702649
44002 11068
128083 309635
108812 879507
543627 247265
841091 456056
279472 460583
806447 537949
43036 854888
408749 757676
796537 469720
222802 884649
851145 856008
525107 92723
124975 283124
81728 513513
566131 526818
342655 757209
26674 814637
794048 180663
921350 253343
330288 875517
924657 391016
121457 165612
406568 525164
540279 221955
750083 251119
418697 713921
594199 179506
311201 493953
925224 592183
555345 970106
602796 985225
323123 86735
428540 999463
990670 110431
982007 356310
240843 665095
154346 886598
414468 43491
17093 968097
687686 479711
233392 153058
882547 880861
926807 609375
633454 628307
99404 93898
996159 658110
247791 800360
981065 783203
310122 965
149741 848944
981032 530405
891287 852952
761858 907306
14364 915123
351018 272773
433900 977704
315255 121442
915564 999853
461686 552641
797050 669636
460852 709094
378161 72041
450828 701802
682194 533594
863744 374811
317210 812765
982074 13855
175088 245987
948031 857991
692531 484054
723248 872360
98536 445512
656985 326673
710159 987525
838644 668442
408920 541870
495149 79954
491173 49350
325604 871705
258896 740148
963125 820771
730179 831548
607100 107053
559653 641373
182084 200646
671307 666549
43382 349676
353158 973322
505774 197199
182816 718285
821201 628357
476325 955722
144952 294846
880147 932156
713349 961209
119408 286456
277324 654259
424601 445191
126483 865798
739766 863845
866012 817700
190502 15480
717702 449839
442049 963597
943109 497103
852967 901558
429 563459
362467 833202
386652 335576
609387 952125
652628 884328
364931 780938
786961 178565
173985 396973
570875 645084
375933 30893
534809 100021
4732 220715
623299 330888
618313 452310
484372 961473
311172 181737
578252 911121
134508 158841
606671 401767
272143 635348
23927 274427
877700 54959
481655 32736
873014 234921
222662 861785
430144 361740
959005 363586
528791 493288
81690 191977
262736 144286
111873 254035
269708 722397
992560 468585
934144 711212
461631 310482
502567 412774
938808 71941
696625 467811
903136 912864
136563 531169
214830 138826
833865 646392
550101 604159
480928 105826
356292 395383
263605 952235
854317 674309
159794 191689
768488 854016
429457 859333
875723 595160
808379 417928
281435 192823
856060 843520
665586 651059
132201 571975
726723 87940
638192 419900
362227 273750
817156 181626
502491 523799
184442 328863
183402 844927
878857 767220
918304 808001
668739 530580
662754 734267
686782 266399
783331 174137
861705 374420
418090 96528
165684 972194
443176 594780
81260 612285
149965 204639
543527 825779
647449 936055
237798 479401
226518 196751
286568 386403
716313 62609
147809 251070
862336 773099
519738 5003
494262 815683
406415 744337
56590 779233
324070 268184
134635 781986
581740 870462
935095 569298
116582 574207
722758 496975
120689 662594
142623 188509
604881 246263
233013 589785
970514 275713
377903 313568
879012 575833
300271 4552
535048 739315
181411 944584
583257 521332
55937 960051
351989 888995
398579 766321
84499 900294
396541 125306
156699 232906
174514 849322
731732 445219
34114 148302
107600 138616
807114 734209
50246 449586
528280 59955
134228 204209
234863 875731
582474 534653
294628 541999
813606 515933
114577 174299
303544 692009
104019 111280
954620 433986
284463 490357
247023 601958
578930 836875
216894 810639
502262 457289
318745 181967
498297 206276
401732 105486
623738 101602
665688 717024
46518 573914
855216 451732
313801 238060
906027 461415
885294 623882
897449 938122
134479 938156
922376 747730
256656 184711
949872 141427
463624 672157
729363 318305
975652 250316
933132 560956
109355 204785
419778 819819
759339 629172
586096 823178
317372 138328
60054 975838
148343 708795
863294 554492
375804 4494
406862 573279
134204 119894
123 159002
152045 527955
708645 218263
535591 861391
488264 902197
724876 307375
63443 756461
581782 565464
827782 395222
284076 488739
475060 437694
414625 470170
659442 286460
706492 3296
738951 155043
245491 391112
945661 574652
978449 87462
529864 957939
198229 318877
637678 963416
664473 688827
17685 806518
686962 354921
643773 18999
164845 548491
341668 779085
78300 530336
188176 236887
391827 497623
121540 945922
949265 417937
496826 789403
750166 283136
745558 740182
698453 144785
16830 845686
421890 592149
753584 910536
22590 677537
282874 462816
577714 33805
548848 480737
599593 270876
237957 340327
151565 991397
210644 170064
280851 251356
414855 755280
234825 272134
285769 893576
96067 464792
116820 479047
557792 889118
892205 2004
956047 583014
565250 440497
336391 680417
424835 138885
497989 375266
114086 287088
820588 965629
711063 188731
850155 334970
372377 756848
258628 713164
768854 352076
6552 429007
18541 387451
281789 172411
742643 185856
463105 829973
664140 448798
421214 304333
995900 590765
189780 104672
414803 916576
974324 495399
78215 952224
613684 213407
421098 708588
311179 907683
319144 751601
168815 538408
973347 271851
785212 884096
805222 705058
431052 995804
608916 287195
545078 441066
514740 856976
233600 510359
778096 228057
594102 14677
929956 286026
577804 161472
560286 285880
619967 279301
773036 412083
682204 700620
556416 476337
205524 102493
549293 164788
422710 738392
282973 763194
346650 883354
775105 695775
468727 680139
346238 530508
756376 865674
800206 188009
895480 989474
984891 708739
522100 963904
232433 806427
700079 389083
476320 783588
303256 791327
261808 917538
508784 779961
999239 104026
802622 260609
522601 978751
560183 529647
392374 608799
830790 670117
430422 724132
313281 105989
217899 492073
333998 814247
449990 387
703903 81867
334659 95421
245340 443012
478623 713893
61360 792157
463631 948739
188668 696787
540448 58301
224509 237210
824970 60821
416399 524194
793696 198383
136875 479986
700270 903202
631123 452262
780872 140781
534597 392395
802202 128452
298091 537542
468137 199820
689901 83890
665183 735406
85903 178844
137194 761814
63710 582679
185830 212435
672320 462307
894236 396840
107898 410198
611581 926263
615534 883667
891352 237496
341947 556893
996326 215327
299010 24187
110075 67345
679111 15206
958003 583587
196813 516934
271139 53525
744285 699168
84694 949826
903325 69416
653800 759324
297528 100336
9158 790215
901007 569529
653168 998832
299897 63833
649800 590082
107167 10842
59846 358180
331486 473026
831457 640216
751034 729825
830504 826234
278339 392227
321495 277098
626969 415242
756202 630300
872048 227049
98049 410619
752977 259472
290418 481180
152402 416497
455471 453219
8669 839056
73980 722088
282064 869497
707836 255639
24957 405730
347504 527102
90223 332638
218773 949813
116390 252861
231536 471729
516866 729824
659451 543012
192275 226205
705633 120915
124146 720029
897832 131298
937705 988080
810496 909173
790767 119755
260722 264650
305371 988287
827987 776418
41510 735303
321940 832592
360551 126694
8724 768930
29786 783328
756228 209558
772151 76905
298917 507534
251848 619444
153162 355280
689964 4774
887496 211290
701032 530413
628765 48144
37309 525803
889410 280588
603487 402433
24655 960105
662722 354859
907506 488691
833577 147491
963172 71906
187389 318868
222419 791655
949917 524765
859945 601717
216507 113346
896317 977599
720542 957299
911313 319188
701296 773488
489458 213637
149368 505510
239405 322618
306873 879262
751210 204413
853445 696749
673238 692488
721142 150056
960572 261244
384061 691857
576152 253495
857534 123030
415379 301523
89031 911894
879949 44125
922787 562746
363614 467851
624971 108004
837000 563747
296320 278724
222884 457465
749848 192749
284180 256834
564920 95399
831588 227770
38188 277008
601940 582414
814322 828399
560018 402310
213226 597175
709893 594359
963893 707843
640566 110739
977378 9857
269495 861962
364821 128160
972284 546754
523382 544237
703838 177315
304658 964157
992703 548352
454000 67859
248327 808009
33769 886348
347802 45686
618363 438641
417513 160135
516233 514324
877535 16038
165571 169973
809540 122178
459339 932483
368958 848193
935831 669703
608977 99444
183777 196778
449597 667902
280467 216989
555633 342596
823146 505940
30098 48925
456639 672955
408154 973899
411775 259890
724895 44902
986644 487370
611575 151847
820235 363617
42241 194113
871192 66085
467636 995739
686352 290163
345837 259297
80884 199934
379099 101083
580665 553187
100848 930301
380554 227866
982132 604793
788245 165836
493798 453600
620430 294437
323180 882565
355489 604039
865143 31048
357328 774920
835819 172935
390514 221809
601811 774685
361966 820577
491917 609908
635606 887721
64175 393992
483243 633680
82499 801327
597727 163816
563730 2413
396691 160813
35095 146843
722243 293253
222699 251093
188133 140283
584760 787741
463096 197693
75228 682215
691669 211285
743622 949766
904273 227143
499626 349789
660879 239782
858674 784452
142567 188826
112212 734255
804672 572751
799892 31274
200486 723461
217424 153145
246744 272585
72448 450274
641223 657649
192739 714683
894645 586209
978846 536505
810250 232167
486697 250722
687628 540441
480113 773386
404898 851355
349135 121608
478996 279370
961284 785509
99172 108839
835749 762360
858070 122779
557729 445855
172079 461878
186752 776781
835924 501163
437562 390613
162095 872511
93169 529686
168196 405546
877142 720433
455511 367608
867563 517732
488105 820073
497862 169403
465723 75776
997526 622126
756218 767939
80030 975515
183696 247995
384483 705616
295879 248149
450419 542833
257772 42128
821067 851233
143545 931737
564867 618213
606044 170791
621363 648002
434843 326083
70491 897762
882857 108582
915489 287913
544411 623986
881804 729361
38628 737392
773679 396340
359163 759278
944557 151802
49499 714610
364422 52335
935334 708782
454209 7479
211719 33962
644578 522907
792181 46772
531345 344830
84513 624789
474818 98090
100271 575590
860039 601570
136777 584317
798782 733812
746059 295062
220716 870685
470809 76480
411215 106677
228381 563224
951723 471051
1768 956094
618427 725572
733460 198651
147533 40781
705590 660994
810070 594863
241128 968517
74599 577691
718482 128298
193211 613198
964358 549053
770042 56916
505145 210994
682879 955120
862897 243453
929444 415866
868398 626796
545517 991560
783222 892916
378658 384684
835341 699369
371029 803455
907865 918213
109095 618463
405315 791047
240582 830869
292372 725569
26515 18187
882958 905365
954878 245508
94331 1962
953976 727926
809511 748269
6348 578732
886946 889829
591911 659570
931551 232090
751541 979413
62688 909661
178745 777152
862713 904742
222178 713553
299090 984764
12384 711783
84566 65956
157858 948599
23226 493201
989125 34054
139373 800743
788746 338076
478493 377579
419175 337907
241196 15058
300748 157088
296896 790869
630682 825703
652166 262958
416045 557850
819603 789671
398362 576093
416103 894332
449494 568621
809384 330593
361769 443941
937637 387547
978941 664197
984224 220975
512442 5593
518877 60647
914560 531522
821555 706668
734288 936266
850262 352304
14018 989841
766214 232629
645526 935505
99057 529277
882959 137077
601707 397478
599924 209766
315645 776234
453917 248687
486864 697334
512770 402447
556273 77818
467337 699788
332793 304097
371830 529168
361312 601361
945121 210657
989115 125351
91954 197352
87274 371191
618582 263920
131182 914255
82669 309183
793970 644223
321227 522258
99193 411548
820851 608852
507916 71200
60513 416443
281219 8052
187568 99702
413345 626252
546710 987170
709505 143662
445653 431308
107313 789141
783205 507330
692683 749941
975827 795362
973804 510817
30042 728748
753832 113752
325168 236554
996745 587474
653092 184477
87761 738089
624260 479668
233236 938064
577140 306843
803059 741976
486756 225608
284357 374382
513140 186889
248633 218832
37059 143709
690222 290026
484779 953333
394961 50803
676463 71437
748997 285452
515958 117491
945461 756653
123082 386887
132025 189072
240612 741536
177529 884255
876122 18273
884050 253704
769670 179355
929731 691972
532931 794813
770282 946602
550711 481070
193905 871276
302107 565520
912925 620564
567196 696230
833861 331173
682150 972695
260987 133546
561886 516632
602580 762801
822481 239428
376006 280488
322411 1434
967808 227342
198346 872635
600744 416465
119906 500138
792754 233943
908975 147004
355105 906335
249119 384220
651689 558625
896530 130757
669461 109891
284422 461823
907492 120843
493296 594717
958286 445680
249097 318796
832099 253150
425761 665749
357484 559738
446304 545560
195492 765519
923067 643937
4168 999326
135814 108152
762550 628291
605979 520211
377413 302397
53732 200519
351432 765884
559143 556468
194204 669879
530824 518107
576337 535478
812349 381425
12435 837137
487527 833057
690065 328840
711474 803587
397826 430030
84519 498406
151803 907752
139422 984815
148903 881890
836479 584261
158106 752902
236855 433169
675149 457709
606781 336389
866286 822709
348677 885540
454904 986645
577641 451020
722054 559324
492065 104488
936899 256212
396219 358587
888133 176723
704973 976315
84985 912714
853806 961551
101497 916491
890957 109746
986982 803283
837521 873294
121661 401357
613709 778291
454113 65345
190959 83420
995592 380415
570086 441460
759382 980147
738079 398537
261142 740181
363854 866155
889160 297971
387551 269577
833289 865570
699227 454073
475694 656416
495966 878580
521325 218956
727851 261384
976422 422296
633779 309558
942890 813352
393447 864709
63797 16312
643044 191533
43022 726914
908610 620107
748958 538722
470093 739541
400608 380833
954962 799546
727940 576950
657918 445364
449734 107841
746042 45387
79678 685061
522914 131135
985810 320094
68222 311979
496824 53526
535081 327161
162038 522970
86 790296
717010 84911
990190 610728
831135 95077
939249 200376
799723 927170
103550 714729
774740 547932
756731 208750
509628 393084
412168 951890
941002 538060
693539 806586
871418 603079
86385 328422
233711 427682
564804 797974
328582 574815
680394 627701
615015 481114
625982 818275
823291 210790
84037 792720
917286 223714
150060 999909
615493 414927
47700 154536
44464 10728
324042 805989
369376 946560
69923 967609
930445 703649
676837 284987
629264 64940
330881 315107
731052 731941
440961 496947
333719 589522
528550 264009
47012 290397
35419 24811
948484 591148
717688 457627
422019 470993
422337 400949
683526 379653
87821 573063
308371 853387
738413 83386
158559 897093
939960 411247
985926 375003
30781 761508
351774 528600
41888 434487
986288 45326
843772 834629
334634 283428
179490 282934
946563 732119
277959 376187
511678 77768
444350 453352
128896 317162
406569 794900
311043 187345
217895 111475
994312 720352
42730 348140
884928 122134
889437 343571
117478 199401
960607 672078
74225 360493
566774 533877
13608 455153
549077 67005
411608 673479
680389 793181
987096 802387
553871 825813
348838 259315
156412 942229
486606 367153
291146 327001
300418 119723
273905 617079
379230 932331
400413 358754
753468 745088
181866 489351
853467 852523
499444 282558
806294 967843
760797 132894
104611 192064
715515 545635
298059 755241
205206 657
577581 378987
566648 98381
592752 534962
167594 674034
11322 997847
377041 105352
51269 855699
764653 292966
378069 526892
589687 950223
452795 492765
967218 354171
874762 363180
561059 884891
677067 690827
129617 557954
644041 891193
703152 462608
695881 28824
401891 573353
979077 7114
652358 883309
653097 123180
775578 142304
972533 896928
305887 664851
867038 428450
797985 80756
784441 189687
489506 658709
549812 762580
639388 127346
746860 924384
547119 651096
791245 664856
294955 819652
406835 746072
733520 356917
799744 347915
768880 521977
419835 667062
590470 16125
339343 55058
530885 49544
669162 701034
680093 158011
186157 759039
157370 887132
611095 648513
78318 16954
557087 999171
89888 242229
376707 381989
960380 618530
253882 798828
874233 443621
956978 909210
12667 675900
725113 729357
388384 15781
862003 650089
826151 867641
340132 473038
513536 53948
666701 404206
441197 514265
247623 350527
692145 597137
996991 28858
767857 537359
311769 585965
944977 760371
565351 660217
906798 791296
635569 186150
7523 533306
457029 925482
699928 804370
925331 128353
932580 801203
569029 799152
305082 680899
114639 870209
709169 602743
922816 513352
814596 366941
536566 196039
680011 719425
182872 951299
853689 970955
773420 961446
252514 783854
715707 618573
391148 316921
75928 44466
295256 576049
939444 174350
783074 683733
585796 532671
494484 922292
915930 540175
841383 648646
115133 697570
813709 710420
768988 566722
30488 674436
346676 611544
464755 563141
331743 585850
480404 326341
354160 844594
426102 266710
189547 995844
260239 550546
52320 652752
596314 733573
460371 254787
267178 287036
120958 511936
330231 415419
747470 659480
56438 270990
618027 971875
442888 717607
534166 962064
444968 452015
804628 916446
489294 992481
314110 645405
203875 169046
433648 868198
818476 909044
80779 847991
606021 266532
871074 391432
684539 484832
176175 274177
981912 299883
99342 816181
306269 998721
230371 7415
655841 825570
516758 162064
806518 80501
830218 889431
55021 315959
996356 726013
760182 458447
502412 780062
322542 130551
265629 205574
415538 958864
883974 231221
951579 921003
352579 14064
202918 398067
589293 634288
104728 99872
435673 860272
662700 333287
349633 146391
646393 204607
521789 299339
279950 531176
769397 361491
168526 660992
20767 620859
813885 673360
976644 876804
64186 845813
173300 494450
267022 983758
303565 700845
207105 823234
421793 915270
75050 630890
913864 112070
326028 153917
643637 258259
790796 811014
381283 267880
646281 233647
439449 246775
304385 100491
751966 245231
371588 663532
87182 318937
836170 392296
76654 438781
924537 522203
309524 228988
605229 97511
870602 421465
75779 596844
920981 301272
587793 27150
667481 636819
278723 857736
22520 944635
344963 468894
530186 517277
868479 465074
556065 731405
949989 974028
859586 608285
452777 3831
39078 272228
847008 978790
891488 716906
482898 264168
174159 455745
197590 537686
496908 778459
556267 899962
572179 852563
950697 506721
639940 205400
729481 442035
760842 182302
256913 633626
23125 347317
946602 6299
828975 798100
434490 863031
890607 463489
829047 901524
313851 817281
246299 462918
898919 231033
482453 566510
402841 365428
225526 710850
873398 776814
472779 943278
453861 844198
904102 885616
960213 206237
363758 444108
339007 300528
718648 478242
706801 66820
646978 77252
326916 398184
974689 297379
256568 630523
960325 490195
272866 71917
999313 830530
147512 989366
885097 165265
212271 145522
263564 49164
583522 488629
50482 315249
716633 888529
827574 969299
494117 77415
544339 8095
235924 112560
857876 727010
687315 784658
992345 564863
904101 818501
150138 812411
530894 552612
391115 369923
808590 61656
635028 884746
749273 6146
149850 150671
35986 935722
194328 452519
876844 114579
880604 426831
814138 729380
586645 426885
767288 365994
371273 34227
57930 796837
19470 446221
837841 789274
612684 576976
120072 841881
641124 731931
667946 970522
980696 513091
607970 539629
884785 999735
11239 251996
71102 126503
535030 582618
138933 276520
628321 966722
291523 322400
339432 975389
532018 784799
520372 601770
538843 457076
683839 975348
536899 247574
94310 210520
46311 390558
301465 361242
588859 377500
782654 312498
2325 969705
456006 245328
619376 812999
749297 493461
857504 753928
563333 57138
903542 999768
226014 288000
685834 700786
229788 783566
109524 603952
501875 232212
951599 371558
488276 323541
566178 556171
868218 370684
202640 193956
355973 785838
902603 507464
961709 903627
91372 419169
741595 408551
643619 995247
817178 832270
458629 796840
720868 430656
598107 340045
511792 930349
576129 591187
928735 140252
248424 366657
453614 15958
699596 807838
183684 35135
364608 128820
695944 945789
726302 4788
626301 531546
224349 982320
673443 260637
705979 58172
894184 90167
39571 304325
361786 782341
938443 235520
400510 256883
834392 313962
369147 989213
178630 976812
433851 621424
131957 827562
581175 432530
552544 78709
192390 763963
28300 15770
773548 131688
534745 480465
864511 961864
243155 982759
253691 232409
791437 937115
778178 907782
818324 392985
70535 488381
583017 995467
947747 937602
295308 476355
367770 264499
818712 663967
703672 956767
847451 360884
479897 796634
270393 916336
414294 175843
261572 549494
586916 967853
519656 509493
42127 709271
781564 922262
911161 382366
268815 176037
365482 423397
899010 907769
289911 537374
836920 231738
772617 113983
728826 455449
636497 141989
384586 330580
735419 211357
5575 279326
15076 79897
836962 254079
307927 943278
730487 149759
4565 437424
514186 668238
909819 700559
760749 615742
830767 235274
43268 451169
887333 735013
46192 78028
832390 388332
373540 678927
68488 43675
421594 906911
269126 216464
861326 188307
68557 158670
927419 538047
204933 308149
287592 799490
787752 722167
976693 142753
819327 463593
959933 736102
494415 800389
148861 192029
74886 702617
564806 744615
110730 191651
870646 976783
890763 236076
998829 156298
915053 613314
213514 683435
562475 844290
806273 870208
18382 305823
430599 942984
257278 953247
564859 754250
788740 324091
742804 735523
656008 735247
39141 723024
190977 428539
347719 248473
618424 955265
482832 934031
927796 309632
303486 516073
273813 230013
285413 136474
164543 324730
265753 448843
647185 887096
32792 177450
415833 248564
900510 170815
215792 537794
834900 145846
432248 577704
478360 843278
539377 846651
453689 96697
686708 855536
882055 289613
565093 931398
671392 139972
694193 678370
903155 60502
241711 278367
556304 201221
239478 394089
764819 191832
736927 527375
510819 970559
222782 850773
321135 964410
336778 812906
874048 326902
279249 175381
836251 122801
494013 382906
269480 414316
933788 351125
51435 105314
701462 225036
713018 182243
372915 393185
851802 168841
236584 719153
236180 697035
734380 365510
454961 39349
103717 552657
971033 795412
926441 672302
282534 319223
156908 972821
240303 46226
563420 574661
129654 512829
979149 378654
575073 280638
630496 530555
888451 836402
261927 626320
891238 240462
115048 732830
872437 36608
191969 681462
843418 584245
536649 694270
649906 499968
51140 712249
26107 343535
38813 124480
194106 950440
783375 835576
535371 396792
292242 889740
687829 858017
393655 903193
946048 104201
817328 732455
821130 83901
1997 452398
534884 988748
564005 226582
104723 190567
726629 188577
522995 721021
114691 210780
958971 821018
964741 826448
138942 513069
170903 38335
312435 673657
621435 998097
832106 126404
772966 858118
872037 212350
598772 40319
260634 262110
160938 758654
712058 988747
691712 97470
651324 215208
80326 737187
278003 97486
324450 661309
200696 875900
430384 857385
906180 477166
241794 282530
86434 461302
787994 687746
848079 960455
996388 863719
827962 43397
340121 119727
543027 844376
77393 751283
528133 920124
862201 160822
57514 706572
115070 170826
944285 412478
449925 37238
157241 980834
371895 666652
867397 347779
728240 821596
658771 678135
522609 22699
431213 629679
417469 506954
731345 630418
332196 788979
684776 693238
985587 742536
909991 711183
650937 675433
555927 950668
81474 859037
809536 133291
732128 756279
391975 21682
550281 721948
230646 841583
697467 327628
930545 975786
564915 795316
982548 939873
716867 75946
971931 410365
38342 37702
110284 349168
467297 267829
338822 436714
341712 246072
445382 834283
518498 407122
571888 455222
976404 515801
664547 531573
729727 640909
797665 764256
824504 72492
908973 417013
176807 185542
767698 539282
81550 865736
893609 388239
344533 797961
824683 715881
151694 285812
349327 50132
370822 803800
99851 929350
215219 273389
96959 307958
602720 764242
173495 739995
30600 249542
682521 536361
717160 526287
267509 348036
54073 42734
403103 227168
59809 849813
4210 596250
925230 295016
314189 574750
729888 260511
10532 144074
718093 541582
884863 88724
160349 87512
16473 754951
4508 213287
561730 505252
796758 964001
919036 956326
979369 359616
577532 133581
379984 488820
721979 623341
305716 912825
138459 847397
577090 859581
424666 954418
136271 250405
999418 461406
783145 969735
308331 343703
626548 278953
783234 119216
399943 956994
952095 906920
91878 206206
247080 646675
319116 913462
984109 25774
981318 274781
752910 765264
83770 225418
125975 325903
647824 990222
919496 54496
402671 452946
402045 502835
462754 54533
277501 866266
815955 836166
33990 581109
595428 297851
787785 281331
748169 417307
891462 775807
993914 810772
40195 425564
298880 833081
210212 798182
585520 344365
246410 736554
43988 757508
341531 343689
278699 751502
290423 813739
290330 700972
988315 934988
541269 120070
763507 928869
2704 274500
160987 399820
318949 209890
470552 789857
229192 956054
388855 445260
332215 569468
7728 263359
732672 385115
663501 249559
485013 394794
527641 923544
251428 486611
772396 498958
881461 37575
315015 48510
418677 849336
604480 163029
857737 107992
353265 631816
589319 565617
695641 371570
219759 380490
206495 572197
379202 92118
156539 827698
849913 5100
201676 774995
47628 197676
54480 706668
449091 688153
844253 458520
589046 640860
304194 577375
435832 947329
25251 940795
267047 844847
293553 895848
462270 249510
250679 772179
915472 538896
889546 738142
801587 145246
756018 41977
432941 676131
450497 94783
877894 651101
128984 276723
628874 147244
577490 358217
453092 888772
946356 850608
486703 709191
779494 12504
761285 660684
207327 864249
976113 832689
335392 739626
358432 235704
703220 183281
391425 492298
251252 416564
792273 86348
535732 33856
626697 739929
670850 644923
228302 424477
159285 909009
489800 189412
962977 921807
4930 447004
216937 36376
207896 2784
377619 730540
800529 475558
960994 520631
101947 665442
950306 12922
421783 644906
279352 470469
9264 235719
468732 17594
809701 945623
530063 347137
804953 514024
809425 315718
403877 283995
274049 977241
447039 562895
897323 449939
96901 124339
899843 991042
114646 927099
945707 118070
277310 546744
499887 963454
264840 380705
989202 658806
621154 754860
902351 102417
908285 37124
264130 119105
713325 634450
924017 802671
652042 399518
353245 722042
755061 974191
689402 409138
804479 331043
207231 153235
400729 703233
460237 923889
460862 473868
796896 86747
768277 866105
494877 773378
924779 452482
495994 709647
686558 383301
989258 857316
122923 612302
193479 889779
646201 698747
588990 52941
196827 947440
980021 752027
966558 685323
596753 735733
112167 763178
152176 65673
967277 8827
162785 25056
239562 824991
525329 98877
908972 960516
300231 256335
14130 445867
144981 91236
889289 415030
332161 412230
305639 776048
148772 12477
620393 912551
463988 770122
204951 365971
323593 220985
209078 622516
133347 565742
766070 484538
100300 117098
724503 658122
322557 282956
689553 406229
483419 630470
499724 108929
792254 282455
402657 87778
130668 512295
804339 974522
73334 433614
140408 328225
83010 492407
227912 301010
486471 378947
284230 494575
499029 216647
465958 338326
293059 528134
485574 221505
51984 609583
881181 817708
818495 478820
668393 640736
421531 789163
620381 127143
349436 559525
345412 770521
867858 492659
436998 344280
724027 128640
603917 203831
684521 931360
970482 535544
206101 975610
370852 878196
564471 641585
220635 579420
434764 456361
79102 73035
891470 104947
259440 996101
217397 708154
223128 859519
712401 902942
880368 172957
813651 825445
115970 346058
575505 827972
140293 682683
536251 541776
458332 820959
624793 554959
175829 672278
509060 546843
447662 422260
398757 114554
712167 449622
105607 701919
739985 793567
320291 908947
697745 1431
826659 326214
379931 174218
483310 724784
609932 913533
839318 285021
953985 26425
429713 593134
454145 92510
581284 329421
348660 344375
5827 95957
796973 233827
351533 311623
345476 287761
279122 273994
104500 504949
750922 322970
476418 529151
444154 822008
175247 740601
809675 591255
99023 229736
639738 311572
81670 440553
901224 649306
866400 451853
413730 707996
681945 22096
594399 598062
377131 715535
814539 437421
170103 948009
714527 300485
720806 240652
320868 909679
493693 147834
782446 144185
270518 145183
68098 770011
222637 449898
552883 494113
351866 81004
870649 180309
707081 808948
98975 248567
174697 645039
764220 571908
442063 242131
823313 671297
928044 254471
444037 314080
170292 860583
897611 937076
262030 749125
408275 350706
470549 433134
516664 577701
517553 510409
920230 491978
595841 294547
112368 875865
378353 932378
337412 556076
660977 322081
511158 961705
353323 245286
598895 11607
695184 940651
254260 374086
716718 438250
393170 345376
746175 604901
384632 248877
133663 555736
689638 33607
205449 956243
998694 343820
865459 914372
884208 821400
897724 605680
729543 427077
705679 118466
889528 866079
162112 714931
461167 75928
115883 556828
848505 489143
892637 77704
580259 556885
211442 709821
272372 197427
713987 974231
946711 84130
843775 560342
852276 157285
264625 312824
151561 279593
218345 48170
63961 573972
732997 552254
23765 583270
367288 661588
275738 834164
749884 200752
176143 585394
301036 426005
440945 34190
521343 542533
971458 585974
604187 874613
578424 733568
288202 61596
638611 485238
794710 676303
61641 69041
380745 904063
578660 290589
555209 341481
924574 219398
892091 935741
970799 600131
660049 61802
931127 715205
220596 577223
408960 593281
447596 785347
629019 909148
888452 704994
488080 884084
69702 751663
979128 1558
138843 877871
342760 176595
556367 238006
584847 967312
980460 980245
905923 198250
390457 82362
474527 290150
842813 843779
567554 579475
462101 201444
40842 238768
375915 645296
778297 320419
269963 263745
243045 812567
928134 840082
535326 517912
598886 261182
878712 504205
417064 507301
233955 539351
534169 262446
304398 644751
783942 960582
658476 310433
947741 39836
65991 241265
451469 981201
358881 557691
796931 806090
782078 547187
107527 367596
201475 599816
359497 629805
496779 734768
238105 998263
242976 247628
140879 90429
456447 800813
808740 194748
960845 341902
282703 369330
485842 590545
396697 397274
688538 281026
201325 165513
424520 449097
72210 64097
619863 204316
617069 473779
349626 450409
597575 524428
440791 293392
609923 148886
686400 597546
22531 952182
895413 551659
883263 520137
526396 898020
726656 199953
366243 890517
624229 138031
871227 708012
541207 309317
417333 19550
434209 647377
573673 886491
404787 160528
624974 227197
977015 627312
238385 576664
854988 530261
540051 328895
763729 60411
84985 413555
664619 198749
459467 51121
351283 714324
317390 441034
381774 638585
783359 885402
821388 756241
54493 721287
974444 385200
371428 402011
277359 551700
156800 430014
994285 783998
121185 387183
818367 65477
327692 968974
942705 92800
50864 997283
360373 771392
703346 255416
478052 6106
221596 141890
777298 700732
499119 277267
266860 788855
302053 40784
478600 20695
199082 33
755854 483588
412440 940199
831166 623135
114713 59197
501117 925759
436826 295062
347207 190187
305465 876952
246881 825334
150679 634355
650911 916565
914182 938815
351868 494696
179781 693620
318740 377575
128130 951926
449164 83390
553087 559719
562412 195599
934296 288696
466247 216646
86488 374535
956779 95223
394853 319026
539608 804506
91278 591474
700940 501888
763793 57309
4728 246350
349904 644594
806278 550570
987774 968818
852090 379837
202299 216809
431516 246143
309110 357543
529797 45048
66866 47298
24716 164647
106438 901951
439993 66239
26296 984167
631345 951995
258817 667350
151856 624751
119035 113201
339657 104844
153564 974253
555119 182562
432417 334449
458675 746540
980375 317074
829641 692315
53842 433368
464822 239525
599345 470087
986513 311024
337667 802791
953425 489618
230924 556141
412146 240592
870772 999389
480723 889716
141418 96917
110877 977579
643311 413505
698072 962604
791992 950375
704763 633191
610332 984444
342867 863741
1916 543191
727834 112838
238452 375530
453738 247772
859841 861927
73693 658463
566819 125859
102921 775084
820308 9620
803298 311866
610134 32083
777073 52385
172345 862701
322225 941883
117953 319349
698676 73603
222226 132612
964282 183722
121396 761727
675484 874910
154346 145431
216095 768768
8866 155482
92528 600998
307879 826208
244925 273742
786464 915441
847609 486044
640560 110513
268107 493933
298527 260145
949655 239584
415141 945916
825307 711207
841421 592752
881393 191572
146337 595270
921144 229201
724460 669781
548664 889090
67454 93245
296588 714289
265842 881719
290251 337774
613656 230673
639778 153222
432942 654224
932687 806334
881709 185110
281910 961814
615956 90591
784001 362218
890744 130428
585000 533066
49823 748756
344871 280884
248952 941511
640083 522767
648047 902699
251388 952421
379359 964407
248154 414980
843229 279621
956687 770575
290404 248078
348200 654772
97776 864324
97915 720716
642499 864446
773188 459253
542962 275011
441354 934821
895115 288731
105193 120999
728305 710095
727580 606074
626383 564239
486271 862877
650240 334452
264940 153705
208 274565
77044 115177
652845 528490
37973 138249
61183 954994
336746 942533
608101 928312
948089 205973
753825 281496
174050 168467
949526 494817
270376 848780
682631 406170
675007 331059
977461 441753
351659 945108
726171 700398
377769 511623
493534 927944
466561 730890
974899 192830
455681 624516
675289 141246
419498 148884
229230 433751
915893 517243
944372 540401
701082 992375
57465 389785
888823 605365
448084 945116
333649 404780
301815 926009
459599 821293
838466 160952
667614 513951
586160 828697
338336 298556
567136 953959
245924 363360
683483 728497
557034 420083
466463 654514
292415 102351
840188 531795
355779 24319
30252 483272
383503 915591
392597 457661
922141 368103
688654 834718
43695 977306
530745 202274
330883 649414
558295 216136
680231 521225
455951 709334
185851 1462
19624 93757
327297 986334
851129 978364
891311 78350
54016 424498
154306 491908
488617 116566
259932 758542
343577 59654
751972 779443
47086 218628
780205 354599
571011 863871
734783 868445
984421 255862
29147 950740
871730 295810
826303 147812
233231 919314
866072 215206
62836 744174
504059 240529
916873 837985
327703 178913
736907 825560
428674 936887
540671 779342
808460 432796
68099 15160
874196 36680
367127 249705
858734 41254
636805 266950
972386 527780
615845 518072
575089 803046
520893 277181
582049 569242
418639 576314
802917 989970
128285 720244
378257 845173
815678 577475
938400 483131
939518 791813
795421 333206
75390 984009
898124 754985
91564 438927
953648 844223
398457 577283
227232 419116
943225 369616
893817 320825
995445 664193
797648 898084
250561 166623
270638 608538
251529 104976
393916 898154
500266 633932
294208 705307
803126 476659
108199 79713
808930 495290
131118 962884
179101 797871
577033 768847
858234 99834
701925 296927
186313 631336
840298 454632
725388 393408
553725 207239
666499 502848
629854 681587
945527 924285
463085 482272
537728 171172
759339 665662
325218 660169
465914 120410
346762 904489
47038 763743
528619 577630
544836 41744
754822 876337
287485 821937
320904 243436
848230 819468
777263 741052
671915 182791
885492 437803
187850 270925
158711 392633
436682 545352
94733 553385
556110 821076
711807 596284
881396 61390
834012 954499
246996 404078
686675 371450
595097 269011
764525 674288
363250 382682
887002 257706
23279 203531
810276 974151
679075 996339
816569 827304
258046 894959
876842 892186
711684 837821
78665 695228
731456 334285
808613 889039
767933 826072
416528 212732
451198 617236
486983 117542
873181 298491
971691 181772
518373 629926
88102 350104
594816 691387
993456 331267
419295 427847
372710 494293
365126 430491
276122 137420
344025 735190
92279 905129
832242 457892
500126 936791
235302 505099
668023 439090
966124 751512
879113 276688
93831 423267
22591 793145
828755 585978
891442 114396
434984 340760
950520 854193
224365 700210
438119 520418
243827 947168
839578 37077
878807 11623
638010 721198
964759 555180
276333 926156
75382 861001
658118 807474
645567 88714
457766 700409
713661 860675
265821 657953
226511 524348
287598 73853
480718 301889
207740 526353
88508 133944
215119 256821
300235 544740
781772 472285
462789 339709
16151 739543
22411 279398
434090 50591
188285 911574
743226 905110
316512 680536
288523 716572
558013 90907
172943 649529
975097 144029
1156 806674
842390 325960
564637 130268
541753 234272
938249 843414
274983 623123
627794 82427
101062 662178
602785 561275
734219 221342
748389 119233
318024 695718
36360 397705
468218 790753
376969 944215
985038 808568
629620 368023
647681 360965
485473 281680
453212 990920
612789 808570
646608 595015
318970 138820
933133 344286
980673 706370
755359 884717
424302 673097
580078 754961
459925 771033
453630 220369
954624 436285
559789 51867
980021 861274
342115 897812
695582 459093
113820 127854
353982 45745
868863 743260
232609 106719
368803 645373
906917 735870
995019 796460
559642 678493
446596 114254
894943 432493
188500 438875
284046 299973
111035 252158
333955 405622
131517 475643
224405 973628
949640 733669
595806 82863
219372 781490
978511 203519
8753 450003
813224 264792
955527 759591
474826 707278
140468 887006
349908 211896
862109 532
282738 618437
863619 743847
195052 289991
851957 322405
962753 343485
203990 829319
957724 94892
316390 261121
293205 272596
735361 125434
25788 648987
744574 812535
752213 842204
360186 367047
966722 286484
424452 521455
968326 149911
310722 428170
707819 710636
754502 999019
985817 111103
783578 668226
753894 367986
124627 64687
749050 324666
492788 920079
942601 37557
384673 312000
586558 213512
962863 196535
171615 889736
777309 723820
710954 270773
364465 247102
461362 516522
927589 88180
359767 74383
304563 652935
313994 593936
609343 736283
885842 285726
685218 121309
777132 561234
149051 521710
181850 968332
294661 572744
271140 12741
276396 230369
270883 582739
110853 386880
599745 774451
472904 147241
286144 570273
793067 92095
562335 979206
387618 776882
409872 490763
318371 388585
420467 735851
607623 134811
566482 488454
396220 754128
414115 968005
491642 13599
347028 979604
240612 119729
174535 318704
600062 8026
298039 342716
255257 305146
472993 277038
279853 653659
6888 791017
87085 273288
70861 939459
117498 727969
782610 848990
294956 365928
762738 26047
622828 345164
582856 861771
433466 53303
673100 839609
778147 247032
213456 828709
834860 422078
248234 552342
627039 967096
826557 194072
133659 472061
696427 226052
679179 701601
281012 863367
588036 363867
299864 183807
741624 704147
708872 695028
822550 120700
674598 981768
817503 166632
938523 509295
587886 83663
914403 311249
560888 536717
630055 522149
544174 684891
856012 883578
354856 918846
557816 240357
499117 464132
829731 403834
356232 104813
536125 629889
261701 406707
78437 645316
267277 402192
665112 144181
115948 296989
614527 578133
445144 529897
43709 977801
266409 451899
947711 110849
253584 928770
523335 135968
718781 621473
718904 738166
305441 997575
93155 919572
306424 275632
127860 642681
917853 392001
465549 613440
396463 122520
70666 557909
516761 583157
27414 337906
293454 52321
687398 315408
328806 87424
304479 454457
518393 461665
883713 362024
233213 842593
203190 196133
647757 572969
932990 709023
360393 28869
663142 217457
938887 966155
366993 441036
736517 414393
916595 812142
199039 517403
542408 38940
997294 922044
250672 713246
959083 365494
233385 856753
605010 531560
114138 305728
723952 780161
984758 203479
251656 282556
316868 356131
450904 868517
346240 592428
523337 124457
295645 463026
864295 462497
211726 338158
171960 239825
108667 896831
822459 541720
883523 828987
504595 887466
501508 609479
324399 908804
606040 809152
282516 629231
298639 881243
873646 414346
937448 73522
206566 677021
510241 656424
229286 870872
72978 139459
46828 82506
773652 429287
216474 309067
854640 104096
699391 360062
260020 55330
828336 742883
519657 910045
190303 134
615667 255510
599213 659764
788449 357916
697205 815915
122631 586379
568007 284031
11742 759748
998744 973524
699542 969361
189528 554049
224219 870528
95215 106640
623230 434771
296175 698895
819786 65318
92601 208333
780451 932285
307481 248634
301312 644166
540066 522900
63308 590482
435158 184198
281105 803055
316058 521246
611965 111765
69470 777793
699584 652661
514046 133209
955914 408752
475437 483887
396924 549674
987277 832565
548 727718
213022 730903
906401 297079
642176 829992
802183 395896
123509 201215
902934 692890
464070 565153
721568 569414
876528 469741
224867 379088
823709 690777
761986 894784
248005 113406
938838 443373
389097 968512
328191 215215
757185 102920
374504 873677
790596 245827
367244 817364
122515 619323
625801 101656
713166 284378
929551 678430
876498 681843
906939 304973
83237 665402
175765 451691
111442 786544
609613 368623
280946 683474
89240 445591
578195 842500
306062 878649
15987 414129
73163 426560
481277 498148
151311 526483
618272 29860
320335 954775
530412 969808
14177 22714
748538 842593
779426 824925
269796 34825
490500 171771
576249 867468
966143 955395
465837 359718
798751 617457
521412 182351
338086 726041
698302 80063
97406 185616
721380 242804
662522 92877
270079 871320
961168 324216
24593 548496
785063 413991
669177 655032
340215 728756
42952 179155
229566 947417
650280 313578
81510 783208
865303 45812
35762 1829
492012 103463
694856 841224
608433 558108
297129 760447
64184 329231
843743 504984
228133 364787
40939 849487
613666 439821
317777 326453
942586 298761
421031 776924
543844 881915
480575 596608
744895 52010
81532 369833
270916 476706
218888 773115
760865 210900
602130 371252
354200 386832
658183 259389
145080 742797
64212 184125
926880 698829
250359 514877
554728 841863
291132 3780
262692 38427
78187 704471
808918 601639
916204 301113
51185 552014
805290 991160
598572 261429
883852 652689
971487 681169
551735 821963
260698 579000
873438 613082
71133 489557
944725 459395
743900 956158
335646 813075
68021 398722
143292 386535
252339 205383
835057 961750
466080 788348
86141 328842
835254 260002
415635 970119
860356 985275
783229 890405
142122 75927
808272 544495
962059 909777
391589 859201
357279 223783
706549 330689
717645 213698
751168 352135
559551 592225
876035 255
851957 484977
117611 18268
48011 340016
981067 300363
8590 865820
269761 385170
554026 520435
20720 295566
444812 410055
501465 660102
894335 989404
105900 568393
678292 971166
809787 519781
899498 757140
132077 740285
19175 479197
822714 543268
564510 258031
85199 212966
505384 594193
925446 775039
610074 720113
802426 770011
273102 691988
823292 206709
779604 951459
185467 897503
413670 679812
261762 13245
129048 992742
658461 446507
902439 554800
623238 465843
535491 785208
454088 230367
746878 331998
530832 342955
335962 895564
149768 10171
688855 481233
171825 169229
989837 302983
74174 967901
