21
14
54143097 32749167 -92513755 26222684 -82493513 39835430 -89488624 -25157420 17611793 50054250 27682143 -59212731 -56991090 
35
37883174 -34000625 46933883 31881755 57353860 97288158 36823183 -34863957 -30652410 -54213617 -90819656 -90206436 -78498153 -96510783 -18210539 -97963956 -54059228 71265774 82962833 54156409 -91048449 -70515554 2598950 23067808 -66812759 69711865 61277357 -93795123 -21403488 -52847909 74552465 38449831 -38372362 -9307699 
28
-38779680 -78246042 30917093 -19499762 50390314 -11843479 -5384811 24547810 -16879627 49633265 51403570 -90966810 -22630977 -79594681 78633810 -42202170 -17511674 -76376918 -64995244 50133186 -48022477 -69439806 -43199404 -9331274 94527044 -1126003 50537430 
38
24522768 99163193 86494024 33633525 20500065 70688400 -5139293 27761262 -29893896 -5682385 -20466830 37157624 10773495 77862985 -66491406 -34873419 -87358111 27389208 -68554928 72941134 -51846845 18993522 4707613 12054168 97394607 38735884 -80278764 76864311 68887528 -18946924 -27802894 -2228059 92685661 -73383079 71437566 62787715 93318499 
37
72224749 -59582642 -7143309 -79376038 -95331526 53442133 71506796 14889189 -20542283 -45001507 -66044954 19869595 -97721344 75279722 -72641841 45568610 -51852524 -83225825 12061871 -90502906 -97800864 43631367 -54624356 81130566 58237463 -33624569 -41901309 -78698290 -91662385 -28037369 4066876 5506723 -71441451 64118232 -79972528 -85612351 
25
56982577 -60872513 66402283 35108388 41518561 82218187 -28408471 96176614 10624537 54184644 45432690 50799584 74753751 16576980 -91913839 10013987 36798009 68545576 -62372001 -62510669 19479048 -35969544 57380937 -91334598 
17
80572425 18297669 31914995 77179166 75857280 40178036 11023980 -9147473 -78428939 34923419 -51152000 86719 99948813 -33993728 73123318 37445465 
14
95599418 26888751 -30233404 -91834353 -83868761 -38490412 -78427454 42874329 16359240 -26880425 67182729 -52610789 -14199793 
28
91263842 -94984402 9004992 -79834969 40795659 26924402 -72501290 -65118685 -16144020 61419048 88305001 -45188933 -80538445 -28079892 45209238 -74184980 45086424 -16225213 -76405182 -45390139 31281731 31092261 50707532 -33137784 43569113 1940202 -37596783 
18
-13737565 -77338025 704389 42137364 -83527725 -96584530 -44238080 -29892259 -6691609 -21150601 -45894832 -45373196 4742269 23751988 48081083 -39444819 99785410 
25
-18096199 -95267220 -87435934 -4477808 -88520322 -62628825 31131281 -34438866 -84739561 82844073 -3404519 64710231 -70520863 -55997469 79659088 -11344195 -39775314 3517282 -90800914 -90867602 47606187 62382232 75729330 22676614 
14
9143953 97945766 -83176770 25783631 -40149319 -40140369 -85026160 28272538 -14139006 30424403 46453504 41865748 20103512 
17
8908264 -28376150 13050197 -53300584 -53382893 46107738 9719921 -26382011 -78155961 -51030704 24826888 -4105853 -50886828 -45701859 -95711604 -25188732 
15
-89425519 -44623016 20678446 -55228268 38720903 23601382 -59653065 -59850375 95173467 29830588 13452631 91658480 -91537845 -53881246 
30
10336920 12070290 89350854 2374430 -26435872 38909604 52088659 2453516 7979153 66361130 40619707 78770365 37222389 81041507 80064470 -93206157 5968738 -24060574 -77840835 -88410432 73784726 -49272465 -12914667 27339083 -72090116 -68692722 35091370 -56452079 53765903 
34
-52384736 30591967 10922782 47086140 10117315 -10174827 30789730 95067902 -67739964 -749576 -19468483 54727316 34148230 -31064737 53393453 -6681659 45183495 74560354 26200145 95305896 -33434473 96192351 -84652736 -27322585 -76696161 -73427394 52182957 17922901 -52532353 -75139065 -89241617 79311971 41950422 
29
61597313 -73012578 48861069 43535301 -2771278 -95012633 27927159 -46620207 99347412 7219928 29445090 9215578 -14336258 -51929875 -11110997 -45914872 67813658 11531562 -29314112 31181208 -29186358 72239892 56211059 23404856 81086564 11095916 -29938229 11223820 
11
-95853307 -48863579 35967928 89130092 92574151 64391599 90712679 21143333 -33593413 -63719858 
5
-55928250 13924230 64454145 41185074 
35
-52335447 9680294 46685421 -84141576 -17605384 18232838 57006646 74417617 -71088782 -41184467 -93500581 10372964 65527705 5207870 49156539 -61944835 24259272 -48541100 40206362 -11074696 -76423544 -78638401 -17872099 71619811 -53705568 -2821597 99356314 -9680889 65483726 44458437 75761488 -64121633 22570981 93689185 
14
15990413 71743541 -52164789 24394856 24984330 11546096 75801370 -15622332 -81748876 -53397229 -44012631 78721956 -96498276 
