41
60
-8928437 69864485 50005630 46066522 -86765184 -89670553 -19722926 17834058 -6677316 -47115035 -1848507 -36574196 -53268346 53038595 -1860491 67891353 -54185277 -41963593 -205690 -80100706 -34076348 -57973048 -56176224 -99185498 36911820 26672578 -67847921 -38308666 -87281056 -19653643 -1395670 21072298 91870013 -66711488 -70828456 -25107738 -87344587 -43838222 -73594707 35013309 89661560 -34775165 59873336 -88028794 -37215929 -20621759 23559883 8925068 91012100 -44322879 51762867 89562519 -91719893 -15169676 43900337 96665790 -13148294 6573748 67654249 
65
88776928 -10752906 -32121416 -67991563 -50508389 75456276 28205315 -93590654 -47770526 -14422015 65118825 13193501 -67850336 18270846 -76552988 -73713411 -23393955 -22262030 25032789 26976472 46520816 -4979113 -33865747 58845918 -30026348 -65157877 46825954 380752 -55339076 -75688152 92571368 -78045548 28783410 46371693 -11857640 -27907708 9523683 -51124549 -75334959 99147744 35646714 45482796 86850395 -48546978 -39561347 -31121830 14607073 17329554 -37145719 -36645396 -1372232 -31139934 -61581948 -36447799 -15951084 87425100 32637262 -86938030 -43200856 -33340187 -84781996 -71430966 -83765407 14752610 
39
-90261836 82500615 -47519248 -90333415 58212335 -87733666 43244243 -21902129 -10012524 89849657 89260220 12935329 69575171 9664469 23659053 -24393180 -33152742 43454792 -91684419 -32008483 -79863449 -65353884 9528164 42716537 50735367 69724769 -34049436 -58666403 73096824 -47365407 -61998868 -75697381 10302013 -87076314 -15478192 8620274 -16362692 41953756 
18
-98686207 73635740 53309991 -28039277 75603901 21521995 62519059 -53867608 -13333082 -11125472 -31143541 -65280101 1307994 3740046 22790827 -67014080 88590669 
45
79882638 -83231244 -39335109 25419397 55972494 -84323706 74511466 4304847 -22600186 -79174162 82669934 -33637882 -37568202 26594893 33636869 -17427394 -86244714 -58464703 18828664 -23282730 -57975167 25439664 -30843862 -95714276 27751076 18386301 -78707929 47137893 36355072 -46290313 -77811580 93664081 58900672 -38982506 -16644010 37117867 72578904 -3214910 -87934260 58524743 2609550 39450589 -41842788 3890933 
50
97893824 48466905 12698164 -53985303 -54574103 22792025 -20492413 43071108 23064449 -5579597 94766275 67001404 -86513924 -90347472 53906244 12506809 -8795737 3197791 -50258790 -59652521 -49367592 -90670584 40905515 -81320788 -95536024 -60335040 -3604194 79917494 21160221 16969837 -99040432 -29630036 -51388668 -67019312 -10101681 -19740567 -73491482 85662475 25770723 63209896 -97121064 -46823922 78434723 30741301 19757340 -38204440 52678156 34678566 40569153 
37
-30917432 -93968839 3097480 -37616349 -3979310 -62532570 57332905 -96421547 53400880 -57307383 51617287 19217652 -97948438 -87109796 89880729 -55331741 95133664 25285826 18149740 60612826 88356483 -21551383 65128580 3372988 -91935970 -41915211 8073236 -1213297 -86240071 67524671 -39181965 -9100839 10004055 -60001927 12384184 -18858173 
62
-68165454 -18125340 -26411820 -25046038 28270744 9238623 -95919650 -16350487 -84247993 3271247 -2242390 -60211719 -59365241 -49679628 12122074 -22044764 94191721 -63235963 17084409 -873172 64169824 13319522 19242064 46425414 48218307 -34896542 -60597581 29281130 96906363 2364579 -33303179 58444564 48270343 -65401777 32509057 90715372 13038573 29998576 64846876 78224494 -69664340 -76396175 31571229 10001230 -66193891 32268387 -37243452 34436600 14230018 63974392 -97394128 -12606998 57138122 71515146 86439045 -77984533 76527034 25444671 -59097104 -70111711 -8466568 
79
-21159110 60560530 -28733885 -39469336 -22630261 -91035555 83607381 11872114 77698796 26528248 72280584 19828247 89796750 68974136 -58945226 -22503176 -64913247 11745365 91363209 -6647339 -76360800 -76894341 88173238 -99524092 -49785742 76009702 -18765377 -8588147 -34576178 49568474 -72804037 8425649 71807270 68396363 14545016 -93032595 -26376376 -29048011 -76092349 16814145 -78953282 1826686 71173948 -58508446 47355401 30058520 -9053131 -70095457 -71773068 -41018521 4187406 817870 26837661 91420896 -55562023 23844442 -12354058 80533865 -44608540 21430850 -75796066 -57578402 -88557332 95962530 7972576 15972192 -6965935 74812452 48063149 -42580144 12036972 90415453 47143514 52069403 -15790601 44700618 -11832218 29244525 
50
86627521 -80976325 14278455 82612848 -94607459 39582964 -9051926 -89820195 92985859 97037429 78426712 -31655028 -2528212 1273855 -91941184 41399896 71075200 -37184867 -60430184 -60542444 -35821487 -90125108 -17446813 84736278 60379448 -8746944 8350161 -52635848 -32096589 -30396810 62251875 -22240969 -5598762 90289114 89321399 -9371786 -53759480 3134500 -60321872 -60371431 35852364 61940305 54326935 76632382 91048621 -84457370 27414416 99404237 30749637 
18
64305728 -38906266 45899364 14534346 30490717 62326047 -81354149 -61141935 -16281534 -87310833 94395773 -28932648 61579893 -21502397 87073703 -83986201 -37378480 
50
-87905132 -51479344 -85842153 -70375728 34028375 8262959 -35860754 -39606607 -90986451 -74725336 -33853654 41615398 67904326 21676005 32383756 -31866703 -96133666 70504498 -74491592 68010598 -8223106 -79644393 2191429 41578978 36930830 91849695 23460841 51229930 86386136 86731155 66597775 -46568273 -5810198 85442184 -24926011 78048943 -72382538 90350161 80321641 91605707 35326601 54988342 13089136 20605185 69682223 -63790264 71956072 -43132102 51416299 
43
23160903 -77420405 -89946216 89462439 93303248 -99731158 -40976323 -96881228 -43221939 58052368 91407738 -97596380 -64263823 -21190731 -74637339 91684874 62730903 -6072055 19037629 -16716851 74388882 -73445439 95664932 86433081 5855998 49530438 7038688 -23503944 -4191218 88494598 -57631953 -84725482 87702476 -71204881 33267893 -7007675 -34311989 89213082 -13739007 60980299 -50311249 15216901 
6
-84798038 -22641124 72611786 63343584 -84675541 
15
2849575 -20690278 -86597056 46600705 -1592844 -51028234 -51233972 -33757844 -42599179 -34701548 19930041 -84317855 -64423338 -16413661 
79
6156065 22213882 -41980039 -29597704 -93610679 -92804623 -87978161 71332139 46573554 -71897408 57494695 -50316119 4087505 58991161 -59998870 19351518 95498910 -50587270 -69133150 -14260366 21916371 -49695406 -52387977 5424728 75250964 -94128218 -98980666 -72368581 23294088 91163930 -15529906 -12327189 89577908 42693975 -84511111 99820892 -1806359 -87412522 -91373856 6178553 -10051573 47851520 -62305448 76566722 9405260 -76913854 -48896420 -30724843 -18899403 48485806 86497731 27854631 85739118 -20971681 -98191764 -16234830 -10687643 -20613363 -35931091 15399349 52034158 -19272328 -29518897 5747183 87337039 66638071 -23849522 -95613335 14865634 89729712 73566401 17984121 37825097 47158863 98736741 76138790 6587730 -45344092 
23
-38838406 94604937 4364180 -2248550 -56511049 -4061045 17502209 -9401948 -92742316 83206260 72582573 -9142507 40998389 -12979287 -14204100 -7674906 57605638 13026364 31936212 85422212 -70973736 32997223 
12
-22409995 -35546868 51817488 -46257998 -24494742 -27733864 29700319 35929792 -84891850 -63565027 3948041 
12
-54261784 56906948 66113461 -99340825 -55764095 -71723450 -89979632 6939991 -76595475 -89543576 -8498181 
42
61480168 30204473 -70410611 604002 16526633 -21816714 -76248537 25123262 -32565823 -69672973 -5659315 -14195910 41721282 82338168 78461259 -20981731 73560356 80890480 -89394057 39599148 -9908640 43391405 -45774043 70145182 27786794 -58632796 -55480883 71988405 28948663 -47719545 97350330 60248323 23412928 -12401854 36877126 -9020978 -49580764 -97285165 10658906 -95472519 39677074 
72
35917811 -10583493 -35900168 13168317 85452590 -36901810 59136975 -98925668 5745537 -47700190 18004418 615084 55936771 -36970884 47184319 -86072012 -17291704 47188266 56003145 94019433 -20795368 -12724293 48123652 -68031100 49577269 -93710739 -41534641 -37777417 86376796 -11717828 32280093 19828418 -28233269 -55279454 34436159 -61115466 -46988920 -66950720 -34046744 -5576152 47868052 29131693 -84075330 -6854691 -75108587 -99188273 -83413088 -89451876 97506637 -81135222 -57253562 -85360616 58313419 -41804677 -32477642 -37598058 66459093 -92715915 4359920 -28659548 -81665923 -43468634 -48584800 17558944 -36829845 -73048728 73206830 61357902 68518172 -71301211 66402084 
55
14096051 -62357157 -9836877 -43379964 11184292 -60023901 -20258733 -24883003 82993159 -86875276 62096416 98659603 -21455104 14578470 17766179 -33606353 1464158 -53260248 69395282 78446931 -71401005 -89612136 -9744417 -82257298 -63907352 -56254228 -99648158 5286919 -69441761 72335128 99856461 82563247 -45288700 -3345642 -23653122 -17971718 -11985149 -50666490 11762802 -38157342 90676299 -94989576 -95814805 53529198 31885164 -30852890 81478649 -19465621 -88131528 -5579712 49751742 -23023065 7539288 17188595 
36
-9398220 -43576919 -96104804 63822813 -39666965 15533034 59235507 40928099 -75713833 81707135 19614715 -55940726 30804969 51380597 -36316675 -19340308 -32727186 -11876663 -49693226 -97471452 -29006504 15628607 -76263058 -44340376 -25416901 23260368 -77259198 98180713 14523317 55596960 -49351861 29317022 -73900384 -83363507 60764111 
17
-77315717 43664326 17233887 -76474328 11994105 43477900 -30689223 -5690835 68749499 -75814178 7934413 89825265 -71179617 -13749230 -43852267 -49669911 
7
29936000 74870729 45279610 -86160616 -72222566 10784735 
18
-62178250 63558933 -48622423 -6655834 -47613120 -18022171 -41278340 35797547 88525658 67563578 92406841 93735117 3731103 -19868911 -86340816 -18152191 50525273 
13
40469181 80326299 -56086650 -52439420 -13662967 -44871129 -72281307 34839405 -92872521 -63491782 92742182 11146209 
60
-21685404 -50538129 -46360403 98468366 20472762 29903596 82953013 388719 72270399 42784728 -32888444 56197736 -45303847 30418690 22231713 -5948038 -2398081 52766901 -23549370 6595764 -78888376 -72555610 -56803248 -14414660 -92998805 -72166602 15727524 11933779 -94017017 69747480 61869438 -89653457 77176977 16318578 10704819 48189329 -17926298 -96672238 -32075909 57068028 -93166552 -12409328 -94340647 -37764422 -93642817 28985188 53383268 3244651 83454831 -76485046 79012107 -65845900 -90475998 16443350 -72522663 18924884 77645192 82869692 3296346 
43
-34878606 12060686 66759036 -33566869 -89528306 -58387574 -31771571 -26303042 92741533 -75909921 -85530122 39311168 -909423 47561449 69399285 -64979766 24840262 99883453 -35498944 -48499480 -37066835 5285431 -46942221 -20719364 97224863 -2296605 -77031061 -54658958 -68138553 -63437727 30572169 -14691298 55936972 85842952 95445372 -49172041 -916449 -91206945 32932046 6100737 -7461388 -11515206 
58
-13304114 -84287894 -39876804 73822359 -42512968 -40759610 -89458513 72315851 -33557164 20748760 -14726725 21292641 48012817 91533750 -93889927 -58761555 33036754 2111994 -72054470 63115072 -23951782 56109501 76157667 -73545962 8328071 -43947714 -59574232 -30921597 73353549 -30252667 69297689 -9591323 9760236 1945508 75684079 32094072 -83996574 -56874784 -2038398 64417004 -97154122 7701365 -74932107 79016979 -70144846 75751719 98136567 -20200965 22199332 72103837 73088689 -81520371 -67241242 36849284 -93366247 57614868 8421682 
63
-15711384 22432190 -90471075 -72455249 -29190090 21296933 -51061082 -293790 56066652 -96227123 11558790 59122268 -39217273 6026646 76810447 3194236 2932627 79533083 51214284 82533171 51957811 -96055423 23252349 -10809952 61022093 61114575 -83601372 -77957382 56733345 -84377874 -77769634 40231710 79442 67770300 -83457368 -96916685 -32496847 -69282539 47259654 75849239 88195270 -67091692 50180245 46629418 -65661717 63671357 25315571 -35570209 26093187 88106949 46723388 -50929562 73231853 -66273270 -18684007 -66156887 -39766001 75602191 6763789 -87980106 11867249 41139142 
32
93114888 -51340372 -36116068 6363943 70025393 -2279829 83214469 3723600 -89441928 26229844 -38960351 -61886675 4677132 -11303570 48063673 83791654 -12593351 26972785 -64727258 72939275 29697796 -48038430 -70519456 -10519684 65588728 69795655 80141254 82886393 -37467598 32405469 71564708 
26
-66486043 92616203 -20545502 65911425 42427592 -62150581 73238952 -38284010 63552322 10415791 69882064 71336621 86029027 10067113 -86781565 -35823640 53777109 64893266 16114835 66190005 -41618879 85485561 82003638 -11895926 35754725 
9
-24941334 76214327 39976128 -16508754 -45960438 60438814 16730108 -61466376 
31
86872725 -76046898 -57449011 46811721 -29160920 -82506837 78917003 -35107776 6916394 19353236 -13210167 -84253919 21791842 -45724909 17955314 89308405 32745053 -86174212 -39719763 40293052 78072503 5197050 -34627161 -49473717 -438256 -17130382 58694499 30803481 18461402 -30383894 
81
-41337244 -38602961 36111601 92402314 66280800 5524402 87432494 19408956 62251589 -88651989 42905658 86594178 96600207 88400272 8054252 -4221615 -99172937 82189370 -74114244 68789555 -10903495 4742559 -88606811 -40457127 55782091 90592017 76664116 30086745 32218415 -80813901 -36929995 -79822460 84585007 24539944 76926003 55523804 -65734217 -75901547 87794571 9432400 -75398071 65560260 -43026936 -35171659 -23258479 -42433749 85028265 89441535 -27006912 10993422 18563277 17119820 18021403 66325914 52691964 88731530 -19158632 21626706 -86826871 -25752215 -3173745 31520010 -35461266 -31739164 30449845 -356520 -14360216 9333555 -91493201 13778320 25338805 3474097 29144996 -66471148 70228833 97638309 98354564 -87647 -99285554 -80074468 
56
-84505179 4129447 -45344209 -68755581 93895369 46501944 -92445290 39700968 -17274226 -6145371 55307292 -92912113 -66588232 -63347844 -80497070 20434955 98462801 -41025999 85210698 55541426 -31987830 -71288267 81790302 -79895886 -52542487 -9281793 -25993922 -6594267 37103833 -46191228 99140302 17356857 -92443520 48403897 10335661 20852503 -80742670 3893196 -29525804 -18205839 -20920180 -24879085 -92679308 34807596 -50790974 6224414 80818458 15398408 87130422 -8492730 -5949537 42628138 -12579534 72368494 -54237700 
42
-90591060 9346545 91713968 -42051755 -53369724 -83751640 -54963514 -74034153 -31404538 -5816407 88274662 4640638 56162841 25980954 -67082626 -26109272 -20735899 -76852168 -31470988 -36187159 -5399054 -74592604 51600212 -99791832 -97180220 -90249375 -26386904 -16042733 74154442 -28400114 -13007542 -58229808 -23344854 -26614760 -99585890 11928403 -84784185 1241320 59884321 70879337 56062080 
69
-19886971 87966891 -70093063 5656675 -68259459 -6822475 -16127015 9340262 52700393 -57088047 -44729736 44170625 56019362 -8841400 52800713 -77151358 12645874 -37560614 95668726 -94945797 62270998 -37354870 43515577 -95495648 39366882 -62660649 -40053336 -76968116 34613835 -12341085 52343279 30468211 54864787 -32172471 8511363 1052052 -17231279 61560624 -38750218 47091182 16425561 -85644050 91387846 -78431049 90896572 4882702 -85568669 16195621 -96153859 63776826 90436417 -54917973 -97485635 72843223 88108649 -72587213 -77410813 -31683848 -2568996 14124510 85845777 49885109 10740009 57285937 -48920138 -26417345 -24001821 -54976704 
25
-37074722 -2755266 -91757539 -29144846 -59199862 -48098355 -22803058 10634637 -17245878 86443965 95438344 59346385 -89363056 56143459 -9876776 -87703360 -62656357 14300898 -41371587 88878368 -99298000 26447340 -83457206 -64194871 
17
-19898897 -58006853 34517631 -57807279 7388571 -46267206 21319701 87972604 -11343217 5210812 5491009 30282451 -98420678 34563352 -2953073 -90393357 
