62
104
-23760708 -33979556 98206934 -32441171 93146124 -59834855 6911608 51157600 -94948724 -70808959 81287423 74397782 -15799779 11869215 41535098 -84882317 57519695 74337755 -10446965 96733102 74014010 -32483193 -15132642 95207067 67223809 91514355 39279530 33735936 99031730 -8395415 84873249 76624340 -84826518 830353 79360034 -48084911 -6859226 -88517571 6738274 -26539723 81744949 94276277 53934055 -98994939 -63633889 11740616 -67767126 34887311 95794665 88182726 -92960148 -35812978 -28192038 -55124322 57324711 82160188 31178424 -5436093 -51444814 63106937 -56059257 -20617986 94349975 -25986488 -61106897 52147221 -36231142 -24575702 -96768473 27058118 85870353 98056208 37894951 80513455 -18826909 28843113 4549679 10065672 13953714 97289848 -77332623 -5783365 41380458 -59545723 88674288 54258520 14484113 38059123 -22217679 26512374 88202447 -73286344 -15461063 -672560 88806176 43669693 64279994 33202647 -32002374 -80454086 -88952411 76804521 80974565 
73
64680563 -27520228 -32056724 79183567 60742620 -44707344 75745531 37644302 34618449 9885611 -10155074 32437373 -96545942 -77390292 -25877620 16142432 -56672316 -35730262 59917501 -87291045 91902656 -24807444 -11866145 74528068 12773133 -71052995 80869593 -9932903 -64982308 62000157 -14685360 50666741 -76021179 90431957 66482150 80786185 -9788941 -2160389 3509497 2006737 28904241 -43073310 -91690522 -28225738 39447425 83036860 -13125344 92973156 -84097555 -79105256 1471806 18694985 -68150429 -45947758 1168828 -66094849 2611241 -97622909 99009341 -5173219 -58827449 -26405184 -84005205 69993976 99646801 -51960635 13377292 -41198304 -38444921 70666510 -35357986 -22918792 
58
45207790 -33108693 -95487186 82713686 -66830977 -85048739 -88288504 -65931953 -80775254 -4453180 -89254924 48630486 -97074621 3847715 -12031121 -84616838 -88372814 -31398731 79989607 -85681011 69637631 41007140 -22230186 -50748032 -75478805 13178958 28633917 -30173761 -94245706 25658814 -59608862 -55763134 30139117 -16988582 51854841 -7262294 -12043451 -51771211 -93607267 -24113801 62939048 70639110 -95342112 -69055617 -14497655 89239583 26369557 78917855 13579130 47380870 -37878112 -59530275 60406648 12784939 -88272740 4945140 -89217773 
88
84513505 -45973188 30785466 63390533 15357647 -75645826 -75938095 -86335167 53829992 -65042137 92639548 -40514669 97885156 -24462978 -3249177 -98607864 5853502 -14570861 -75701652 -5443713 625665 -20538601 69978170 59776768 -26772782 95169706 14862469 55790691 4540302 92920920 -52385161 -27259481 -5195507 -54843390 77693502 -10037027 -41006549 44809268 96714808 -89921757 70663459 -97117210 -14704982 -94491534 -79974440 85361507 32333540 96285292 -42189273 19872687 68268115 13058295 -31909087 74405091 12472238 68029990 76845276 82833035 -13519351 50159200 -42950532 -46461698 48063167 22324432 -30161522 68374199 736287 93343729 -27584136 -33135365 61235475 -31956711 37375411 83768869 -83162147 83496118 -94377934 -12262794 -56292619 91953559 52033476 -33626816 -15296009 1508626 -50784918 -50968905 22649189 
40
93701550 -67393340 -6261967 -14030549 -74430541 45542578 -32669581 -58597693 -73652120 -23862813 35042975 70938108 -54575181 -42150198 -39162436 -51603978 70690908 -28792361 89182866 -91467187 9120549 82259812 -54162161 -70672524 -72141739 51887067 80968718 -63727931 -21260931 34727698 76176467 50459206 54361884 37741153 -50147962 -69744474 26212025 85917286 50621484 
52
-32598374 -70985394 -68644615 33024083 -17796119 -47703535 -75475496 -42146166 40483541 -94864940 -35745614 67805283 36880586 -240041 51579650 -38513035 66685590 -98126816 7054690 -65856817 19220324 -26647951 -23737380 10836036 -29114753 45404360 -80366086 19088030 -31253692 -1017460 95329265 38144569 -39582588 -29550416 -55489781 -61782559 -53309327 42479725 77940008 -44359895 -16160219 -1265744 85667852 21630098 37191519 63536645 57661014 34947656 -71576529 68768935 -99315218 
36
-97749201 -77613278 68089389 -35008135 37631132 -18630060 -91320598 23966223 -47496894 -92218269 -77662197 41930185 7601224 76181203 74860316 -37396059 13788649 -44071983 -90862288 -64201813 -64878384 -13281363 72691531 -45554853 -59502171 46925392 -42860593 17437482 27336613 -71238658 -96880952 -28594038 -54382084 -64312533 97796511 
30
-9035518 -25070190 32738648 -73283536 -75747466 49482093 638319 -27228848 -71709223 45114692 -61855744 -2596271 28504791 90543268 -46041696 28382037 -51923041 -5670681 42930955 -60628144 80185226 -35218995 -17307744 -60173142 -91125840 -79784497 17710384 -41687512 98646053 
72
-97705124 18079968 -49340737 -38007681 83843882 67983369 94555955 83733944 37501138 -25634979 -85620021 -43806368 -31869764 -66968759 -29288188 -14559842 -2408177 6990564 1290839 9134670 85922031 -15495517 -71557395 56130140 -86975240 24143893 75536979 -26261188 79348454 15254606 25246448 73367989 26571616 -72217851 -17324347 -62603194 -21702580 75351303 79463418 -85439573 90396849 34687032 90534463 65014135 -62345877 80962318 32022689 96933452 55676683 -71499745 -17456153 -1847701 -97721924 -53653665 69147142 83044593 -84035279 38984852 4384308 27888434 79870412 31273419 872939 53994067 -92021831 -94885842 -73107186 -75643282 66187765 -43517562 67269896 
36
-25201719 84052945 -21233565 10985624 -16397929 26393656 -17683944 42724368 8758175 -36535933 46933840 67997541 78175083 -69550335 13637551 -23773689 -3859737 -94078018 43656309 -43909897 87569013 -54732032 -73624138 -49966288 57471706 -41264599 -84854233 81048746 -96303676 -50700207 67025373 96199405 81436109 -52874971 -94943649 
23
-87385024 -13102085 -5349617 -31125040 -63136664 -78644986 47258822 48126208 -39130706 -67522441 -65429892 -60470164 74269444 -98225998 -22646241 -88157385 -17356415 66363039 -10231592 -19854766 43347521 63124336 
113
-36221816 26665558 -49142311 -74202825 -64835441 -14469901 -55483418 71549416 51568700 -71215075 9998011 -95097522 51135654 88307139 -13873460 -10013819 -88383846 54432278 -33904255 -81222139 70074928 2733470 -87474168 -8974314 43180537 99414322 -2318723 44440325 -42106923 -3920293 -28765468 51647996 97810444 -98091785 23254627 85713804 -78082492 69059985 99592831 -38806632 -43952354 -56601564 -58813204 20155523 -68888817 14787714 61942519 -81135413 916303 14981693 -25995416 21216371 -91547547 -27594876 99297019 -84507444 87345422 62637989 99757374 81560631 -10981602 -18353295 71611565 8401952 2216006 -36953379 59411891 48559315 -13985256 -3500228 66343330 6605077 38511978 24183855 8033477 43727472 29874398 -386449 88351889 -82007614 -70175154 -39096840 18435108 -72150011 -2861550 -51278325 -93130651 75244756 66351869 -73065418 32271981 15128204 18438329 57833280 -58444653 49266540 79989844 -77004913 90002258 -43949083 35619182 -86617921 -23335522 -74430341 -32615974 36633700 78493754 66846384 -89377237 -43412021 -70414438 -96172216 
46
88912028 -48932956 -36294943 -43465900 -44445775 35121199 34322474 -92276507 52916237 51717107 -74323967 -21496497 86129529 52955576 -66526467 -19257257 -12192388 72255768 34535008 58877859 19306517 -37823262 99916326 -26638301 18229546 -77272619 58118435 -98152455 -22793035 -14627961 -94684746 16065940 -2012423 20500426 -88749595 -33990662 -87024019 -66533633 81576816 -85892622 -7541311 -12432904 -50249140 66467022 85927825 
84
-5973481 48228076 -79282746 -44165512 -59349172 -40390433 -13447291 21269094 38366302 78612574 33763656 37248379 77916948 67282730 -65539916 -30094791 24795303 84421751 87750324 96891649 -11437561 -12486705 88547133 -61847747 -10744261 -61105497 24126591 79664972 68316013 87060299 -39939620 -74647940 -14288288 -85841821 -44834139 74545832 -1264655 75933404 -75137386 56929633 -61390061 94962986 -97131392 35858766 -65497059 -81449642 -17812226 -24330323 -40638304 -83603839 -46833332 6125001 68885527 -46174907 44001955 -25233355 59582266 -79265348 -18670774 -87961133 -27085531 96861902 -15475797 60874358 -74136986 6746771 97583555 53480962 -44831389 -2698775 -7428136 -12448237 13655329 -75798569 16362665 -8400511 -52347132 95083087 -87416595 14006950 16875008 -29833303 -12368970 
24
-22638710 5809789 53992494 27435809 60412607 -70019283 -55044 -35425560 -81498257 -3597899 19820704 98201571 47839578 -64641639 39816487 6444167 -17400816 22391657 46017700 22785250 37336507 82309929 -41921657 
110
-16072125 -70668480 -44823584 51865467 -14469116 9896414 54140232 -3857993 96006385 -79405283 49779134 841212 -14899954 -45396175 -86633995 93181804 46801695 69326410 -31536250 -96996758 -61482176 87855582 -99456777 82056415 -25257242 -85579801 25409924 54706954 18928207 447788 65276540 -60327769 -53909904 -9762615 79366103 57290860 49389357 -65477303 49331264 53412334 26780048 35586177 -54738678 38634114 -82099730 13292747 8736271 -24492221 66069304 90206824 -21582891 -32394593 23488814 -7931395 85554491 -7383004 19314648 -64835634 -5070877 -32878161 86795801 97395897 -53639554 8811949 22476846 -42489189 73397955 28194173 -73780470 -37643279 -17159688 -81618182 -29340993 -87491657 -6625377 -76566751 37994168 71045021 -4513197 -47889918 -22974732 -94567820 68405482 -67434808 48842325 -84088080 -96988039 -64206336 17540613 26890712 93785155 -59045995 71618001 -6842881 46439511 -89956382 64477992 -65556407 92772744 32493331 -48545923 -61241994 53391923 56007727 -68226278 99607761 15889251 37166286 -35720192 
44
-29899926 -87425787 73587192 -82584257 -38540502 16032269 -10535587 62802766 -74350025 75639260 -35045672 -59005746 16576645 94415398 -53307081 -33500811 -65082864 -68930574 99875547 -80768059 63814508 -22707018 -66704272 61269750 52123216 68808218 57991064 -37772822 -34587880 92182689 -10227131 -2855653 64306215 96611557 11937237 63994705 26779391 46535887 29781630 20604407 11578623 7408532 -24196087 
35
-26761596 -19494324 -29591518 -16160054 -25751487 -94453004 1631430 -13007073 -53137440 5219774 -14812200 -30928812 94894729 38931710 71743585 34345869 -5066379 -68139720 45095780 -52144114 -13984181 35839005 -52533787 97325206 61537776 -55214583 77478976 51506565 74813511 -28365828 -37153149 -11904939 -89202539 -30593528 
86
80243906 -82774659 51269086 -59876898 -83009866 75127 54467426 14208914 -16052379 71458526 -59230980 32913437 -1718255 -50615195 -22933038 51451123 -98749710 -36978210 -39552447 63145135 34494988 96510308 29216303 -13677143 -95005149 -72091246 -78017648 73914832 9707378 46863597 -40164253 -40871893 -20557937 -30607215 47084132 86985636 36741445 18692080 -12386549 -42544188 -9405381 -12031193 60151850 38118616 -93869506 -49161991 -6516757 -76980983 62784915 -69396034 -9127634 -76888779 50312354 72159578 -69872239 -2007420 17894364 -92668630 78079242 39382895 -92638322 792046 -70677613 -3780197 -62460238 11936763 -36540925 83141352 -32220217 -58702999 43353659 -91827425 -80176128 -12780419 28120978 -67461975 -16375434 -84264484 -12715848 -39386061 80991331 -7683859 -85234915 54872090 32712240 
54
-74664114 -8010249 -63545397 95769841 96719730 -52897898 59607231 -69590040 -53365491 -22692190 91179803 41422374 18099389 -49961150 -33735548 -21066507 -31196103 -86492421 72580641 56865613 -63518073 55025739 -19810668 -7168594 -61382119 -27927551 96184775 10582507 87449468 -97344033 -8817908 81732847 -95661141 7881138 42991351 57172147 -47985672 -78432353 -56803030 -1618287 51082495 -82504917 29041619 365376 -39200143 30030193 25196192 34572866 -27873290 -58060127 85025893 5394174 81818254 
99
99223503 785130 39505070 -16086930 8337171 -54864548 -59871314 12276301 -36742418 24428952 33634181 79609097 -5694757 -30366512 95512484 65896316 77511613 -3192224 1871972 27513390 -64107115 53849737 -83961146 45467382 -10365220 7736018 9345995 -61481443 -8510091 -55954361 -37447646 -81054897 -57155737 -25886420 -85094117 37812501 7644215 -71145449 69767168 -88452451 -31202453 82311332 81383510 42633912 281651 51069677 39396187 54706032 93777461 63171043 -26700448 56724766 71400559 96926111 5664144 38509389 55971724 -87514386 -52290521 -33596749 -54849893 17735910 -68103301 -76086757 69323925 -36003842 57308448 13947453 -10039705 77273865 22714647 73856381 -87509291 25695128 -63378907 30375088 -27087517 83224279 62218846 6352867 -17168207 54837697 -87035028 19262176 -54503740 -25852521 99971967 48576453 25929145 -41999469 23869197 -57975010 -21923176 50469126 -53643878 -12374354 -68100385 -8099614 
72
-46200788 92436257 95039474 -20433750 26298751 78985490 17795925 42146421 7574620 73389290 -72754662 28537693 7688054 -79673755 -2476326 45807130 -84170381 -93615714 -9205780 37812205 -39726166 -29846948 20048886 -21076084 -24524759 -78729478 -99334172 -96238014 -40481064 -91439825 88737824 58986725 -25717436 -78107574 -12100697 69132500 -18480999 91960092 93503717 -57632198 75725695 82148499 92567610 -18690248 -20066776 81161961 -54629111 65900736 -24223894 -22698971 -40591513 53063994 -82694664 52218144 55987616 48930124 -84717620 1442685 -85125305 63643956 -61917882 -99766238 75524731 70677918 -68551911 -16510983 -63914638 -64730643 87896079 83341880 58645577 
2
-75076653 
89
-72225426 -45411591 -15576236 31028513 66601553 -42070337 -53822537 -13115615 -78543203 11730163 84900469 -69947393 40698315 -53828268 -92037146 -71158822 86759601 26638233 -15072348 20108725 -2811463 -47674014 94079392 -18840599 -53983120 44791342 -43795374 -82378704 12826079 54662853 36172401 -86774463 -86247855 69843316 -77830302 83165023 12401593 -49799648 -52875028 24557205 28655320 -32515228 -87921026 87690768 29417853 20359765 27732959 49837268 34955448 -15816250 65650722 -6537039 -33715762 98480022 -76247704 -72370012 -80150924 39253353 66023617 -84750956 40456496 74692326 -32616451 72051223 79782690 6740877 5304346 -41519050 402053 -3340558 35277173 75277467 -65178770 -42106140 -57291115 -67110933 79165287 -67516796 -68731827 -93699764 5199848 66184106 38723747 13692109 -47521107 48445531 54405351 88532325 
33
64830878 29497264 6102359 92111487 -91414758 30904929 -10575097 84125760 53352906 10681477 -76249780 25693973 93402230 -26481799 18114102 -77939213 90527984 -59427665 45800856 -9581812 94923686 52001474 13029718 78309581 45016450 376038 54273258 -39335377 -98151336 60508158 75807186 -33663759 
64
-73834395 -35280194 78356455 17381613 -11992423 8072711 86493270 52877186 18619798 6706697 29340812 -3388378 -87944141 -7366570 35930790 -84174755 32771779 57041165 32322091 -9906565 2966559 572388 -99134358 99051987 27740349 12102876 18704768 55381007 -51083047 -82076636 -81553941 76379283 -58471083 66435781 -6997242 -65164514 6828087 -96506099 88507993 -23223352 -2223909 73664075 95913796 -39264607 -89418722 2413064 81374069 -98456143 11782562 51803444 -26444880 11093786 15999381 15067623 -57879721 25294083 -46419311 42388517 -20417260 -3706303 65244368 -87141335 -80740740 
9
31565885 84708363 72190841 -77490369 -49893615 -68774125 52539945 -84632761 
5
56890946 -8201549 25710948 -55352595 
30
79915205 50345241 55596679 92227897 -32635228 -73626462 15389736 -60618989 -17230083 -51390320 -95338734 6799950 -37903073 62677540 -93424959 -23170885 46892982 12520973 6225453 36702244 43962247 92750959 -21940222 92108787 69342646 89997039 -89134854 3295708 69822035 
31
-88240367 97473858 3272323 29891620 16763787 -61429038 2491362 63755827 -62586512 77755346 -79270442 35447245 65174271 -93649908 -32234783 5166255 -39259397 90964693 56494204 -96455964 -23145815 -74630307 -13784569 -18790058 27530266 54679404 -43130442 67165494 -46562113 43198007 
89
-20772840 1675084 94751031 -94464309 -22067381 48983124 -45972109 19653220 44470055 93534444 -74669212 -44297481 28513220 -19662624 -13100886 -88954613 -90123150 66844270 -36136811 13133642 33070806 -89877282 -86810271 -72560335 43629421 36856003 55697861 -38673110 -83931862 5750477 74231551 -1704977 -81944211 55653058 47756640 -45163549 8704682 -19114908 91279626 -7288808 61364402 10214959 19918262 91052100 31309829 -789752 -50396141 -13486711 -33844413 43248179 28832516 -46276923 -64540017 -22187355 -51804671 -80491336 61877396 -16475108 4604998 13608593 94648620 82014674 29021237 71896915 91117850 95887927 -66631710 53053955 -33774302 -52364518 548445 32402244 -77356383 -16136184 -83834644 35991743 98542892 14368839 10709017 55768757 -62966027 26286769 -30333898 -40306951 -97656661 40964747 -17177163 87110170 
79
-26552778 -92396781 -71523167 79271688 6897346 54528292 -33076391 -67477936 -68224611 20021698 74757822 -99366654 10248521 91386797 94040532 -42530264 -17703911 66977740 -51938927 -72512110 88053315 7563422 -20382044 -21237012 45702937 83771940 48665840 89156160 94507612 64894531 -46768963 20576787 1977435 -32826003 -86402221 51456466 84189503 12622169 -12485292 71936402 14576703 -14600188 -3055273 -29871615 -77270263 71547745 50320758 -31699251 74145193 -58751440 83349104 -35392770 -74756124 -24248317 -58799521 48607992 77552793 -44787758 21179172 44544677 -49421898 -70440595 -66845507 33741267 -33651311 -56024484 11060042 85236265 16376841 -49214077 -35953958 -56420789 -75050309 49070814 86712152 44443517 34942724 81475697 
92
-1131487 -8035849 -63033714 62183942 46303333 -70406890 -28094078 48196075 -55060718 36670460 93202133 -88133924 -89010673 -27561905 17386128 52375372 85485616 37701228 86405175 -73279479 15412697 -869519 -2331702 48016014 -78093252 -17516401 21228666 -31985194 -7645147 6848713 -75185931 -64559449 97160129 21499740 -43567936 -56436478 6533914 58471649 68082048 -62375664 -59506167 90398759 31142725 66270281 -26108282 36406085 85808675 -69490574 -96145074 -20111976 7396519 -9331395 -82269676 20386610 -96322 -23927840 -48979047 -77939916 -57066614 79866524 80059293 91306209 55913739 6150706 65872841 63906542 -5811232 57502058 31247375 -28748407 -662737 17722117 66075018 -98178746 -65800992 73194386 97379985 -43330118 -39319881 20746998 -89921327 -79404511 40806631 98423677 41060250 -92810645 -76120069 -56463792 -91117160 24217486 15166343 
62
-47330494 74018499 -79888171 -51805589 67491226 53118694 99399932 -8255236 54410865 59852668 83393492 -56965467 -72945734 41913533 -73513824 63626647 -56857518 31824509 26955392 19085540 -32571842 97498133 58837142 -18959258 79709482 -96895788 67528811 14747296 55592487 -7904757 -59754385 94803726 -71555604 68323139 -42330627 -85178597 -84362158 89144322 -42325602 -62385146 95012787 -27409486 -94738348 -52846590 -63631400 63320440 -2710262 94420811 62195926 -54330083 -49034975 10866998 13204934 87613280 -55627606 -51953574 -37675161 -41143280 -23851770 65046060 62880451 
21
-82788982 -96792057 -46677192 -71966113 -94538247 50864444 -88002555 -51025039 -33538866 -23992671 -74832055 -13754783 -14923540 94167634 -61528606 44373492 70822484 -73164719 -38054703 81061573 
72
-1839864 80159894 4079297 35704472 -3845936 -22787150 -95103883 -80153728 68266369 -17139966 4384692 21121364 62169573 -5484041 -69046315 31146706 93298249 24636619 -1218246 -21188665 88777439 -10562083 63612744 93775505 -41026977 -74099694 -27373039 58977591 -27310588 67215370 42109055 70389783 79384962 7207955 90606210 -25935548 -11466756 87646169 -34429568 -74501241 70839530 -30270625 -25345294 4707896 -50546131 -69349572 -2190864 51712077 16647424 15879541 -39936665 93133316 -58400390 -70449639 -86606659 29554552 85287693 -27983017 -23968800 -64739207 -53582815 -51143912 99857112 -39260295 9149717 -7050148 78420682 -14150681 -42246859 43387055 -57563206 
40
29907316 98325950 -33829299 -86117471 -44154765 -11848943 -48502041 -66860830 -57354196 45273671 78822419 77777938 791042 -1239220 68765017 87916430 51764656 -66662501 -76333214 83711029 -66189575 35682620 -29741849 -88583010 -74499524 -88470361 31174582 -56462100 -23680921 -23848384 -76921753 97214833 17352815 -78526419 -126995 -134188 37814399 -21227476 33496269 
33
21765174 46464606 96830265 10540334 55202607 41082556 46128399 -57048038 61343621 30480585 -17638324 71199907 40386442 7000841 -45824883 -58365231 -95587543 -96053593 -99588153 -75628693 -29572078 16968436 -4193421 -24327525 47936627 -42953677 -38567922 -23427202 24708436 -64208139 93111336 18044617 
6
74344364 -80081806 81428516 -59271819 -76839909 
97
-99113926 92090293 8213958 56085745 49578616 98322660 34452860 -88206646 -14444548 8310679 -3739208 -84695685 54776753 32476624 -91466823 -88876751 82756265 -47743966 18308312 46261652 26792109 -43988709 -73050181 -74257773 77902428 61262791 49448433 -13428146 18636591 81653656 -14747622 -97690351 93355367 99817057 -68089423 46589714 33961139 17214023 4677704 -71304460 -70251155 37997412 7268983 75889119 77267578 63474022 50731883 84593919 21688280 -43203991 -78954912 68266697 -46369706 3675459 -25320287 54911587 -64268913 -13619885 -19791877 -50873034 72081501 59780128 -85909125 34359649 -45325447 14721330 -91121984 17601176 -38549705 4814099 24781411 -59943874 -90534388 79695712 -43510753 -25716438 19351256 28909781 72386274 20683259 -1889938 -97174915 -14801067 -54963973 85412334 -58776945 99863901 75305112 -29447284 27753989 -34565008 -92027565 98620755 -64095379 -8671384 6828020 
120
-45501170 -30807313 40754809 98804904 -77642980 88586405 -32143666 -57697823 -28830688 60690469 59116058 -7022061 -9125160 14913882 -56651912 89276505 78564282 21806370 -96868510 25126938 -89308845 -74211589 -48940918 59555681 -80720044 44420936 12036945 70462864 -57749905 58241543 -41208524 -29096003 -1513283 -377730 17761620 91844283 25489934 58247273 -35038419 -57300798 -77666552 93372506 91551217 -18380585 -28711396 -14118787 19238177 1472432 -28435821 -94358514 -92826888 84580969 -99292821 -32891733 82407847 64348282 -8444603 70547870 -56718273 17308182 79266350 67093915 -46599487 -77268689 96197549 36274226 -45332451 -61088941 57544816 -64453940 -14787893 -71898617 -50374707 75583870 -54392324 4159108 -71163989 -8123176 88477485 -77306804 -55894048 -90357758 76620293 -90234471 76266928 34921155 97683900 77914006 83971759 -33076957 99134969 -72286081 -30164593 -97397909 -44143895 73550824 -37420276 68425198 -38597942 35511126 -60092647 -55009338 86359107 -58591827 98803005 -11023119 16739973 495617 97940516 57625761 67175729 40495766 -81111800 -73394950 -1309967 -53538599 -83078584 2788073 -64994179 
63
-33054879 65411948 67805214 -51943724 -13070212 83596700 93688615 -13868458 -43669403 70358082 39861085 -23831140 22819472 -53988432 -5814183 16804096 -19512436 695018 -92181743 90459394 -42617829 77742116 37637386 20255650 -8201880 10590035 -42064459 -47566837 2098675 -50866651 -46869460 -43906601 -81636899 16860314 9382984 -63780243 42263798 57610792 -99936571 7372465 -23182795 -5294377 -69314313 -24866879 -50981451 -18434114 -37592993 8205852 22684591 -10826340 11573146 64280594 72941702 34746420 -28354266 37390905 -8469327 -39123971 -28990413 -21315952 -6277797 -59419725 
122
64609029 40692791 -72805490 -75809967 -48244078 -67167783 65748940 -4923153 6354988 -9351778 11077253 -78377897 -75530402 -10663212 -92132663 95552562 46406498 -63370291 -17911294 16573207 66160348 75629132 60478498 23448314 58751199 -34388286 30920218 -10802485 -12294604 9813265 -93413243 -98233119 -67067600 -29468757 56525458 -29242167 31529660 -21290916 55850511 37280867 -50754228 29572169 -98070202 66543505 76619305 -62033393 -58808552 -83594258 -52065156 83973941 -17876186 23682714 -89723842 10642166 62839985 -23778914 -91457344 -91761760 2015550 -1276825 34996855 15124789 -87405673 -25466436 -4101135 -12836840 -50816155 -11852105 81422294 94226737 90156990 -19186656 -65791188 -62494377 -1232623 68229974 1581530 56685353 -36149834 -4197420 -12735260 -41515067 44992688 99664401 -15119168 72385682 75455773 -21427319 72991160 -91510974 -93861557 -6252746 -39748742 66883168 -85374303 -21084198 53564439 57023340 58503527 60673284 -54886918 -84332966 -34854893 75781863 -14527271 -68430240 85431138 35991344 -44283072 -76505139 98507655 5194163 25970606 90006707 79301875 67838690 80124258 -69767813 92549400 -53463748 4302931 
55
92439546 77192969 -90508227 -28925391 -37435286 -17547870 -20530298 28403336 -85660836 55807439 -37511854 -49148485 -59437593 -75415066 26911313 68140311 -13414355 -35457898 63066103 -10082002 -43310753 30174110 -76232276 47140675 -17458918 39467755 94472568 62753685 22009197 41886163 83906308 75056948 61691756 93984777 -26090932 -2754554 57646587 74334133 -30237689 59131173 5667731 95097997 6100599 94416802 -96676737 1403918 46953476 40457064 -70081383 -3027909 25790985 -83829595 88216493 -72521024 
25
86728308 -66644469 13352825 -75124172 -42667975 98611431 33496688 43108989 26668545 -76911195 -68422066 52689478 -43139911 -47579609 -74650781 5053255 -42147054 70947650 -32871174 47421722 -19548744 62564894 -10246112 25331318 
123
32638709 -93376781 -2483888 -74121711 -51206698 -50517335 25235268 64833489 22508331 23846662 -534045 -30489942 -31753316 -33082378 -55478759 79429244 -62217571 42130836 -97447715 77100515 -45786424 -50878333 -79447320 -90526494 16512484 83270121 13512424 -52598458 29860262 -14699535 77716014 -54539321 -10073539 -52539258 88192289 54546180 -5157235 -89943967 5134047 11746446 -60114405 -14605848 78252999 56880423 -9140819 -36313373 74558459 -27960982 -60065958 3620484 -89105021 81407874 -27517975 -66693227 54845345 52559823 23417225 -24796196 -64505509 -85277970 -28177421 -76560984 -39296434 99885933 -47990948 -36058049 97342036 -21364153 97626002 1459577 -67467717 39395636 92617839 -36466580 17988578 51017830 -85354794 -63430830 -51016614 82399953 99865639 85754065 -97325867 79165945 -5851632 30437882 73307590 -26766099 -813481 70437686 83899135 81686355 -91498076 18174406 53244780 -99873133 -66197148 24716997 -12389084 -15745970 4024345 69707593 -99482183 -75164351 85176346 45314361 -7209356 75463360 -19195805 -92589515 40930326 94847355 19036132 75158439 -15567787 -16172313 40529940 65312376 21298215 -27738969 87814188 -78718901 
38
13201850 -19145232 -21164670 -22056365 96480292 -55278803 47178767 66103649 -17030166 52237293 -48411053 88542362 -64245843 2732707 24710958 -90569572 24414432 -41182010 -93470841 57976153 -57284346 68782597 -357645 -62387839 -94523108 -15409499 -54820170 48362193 -90384766 24807516 -31926740 91296048 -16657666 56285169 50834438 93243512 53574059 
38
41942786 72261565 -47740940 -65369861 -18800519 70350335 47856403 -6573984 -88011807 65772294 -94006664 -66836595 -22045993 -85102242 26651711 53477793 52620518 -8942888 -28299197 45025618 80169945 -73138197 -37267941 95187237 -40999353 -52608174 45699624 16636642 -89683101 -31761289 -50772545 -73039058 99227482 669290 53733990 -23093574 -61645418 
4
82867481 86548665 -31848942 
44
2392357 88928979 -47501597 86248802 -8996158 85951014 -90298938 53789488 -63784725 49807617 11220621 -65117840 -76409852 85678559 -17555882 3580594 64865120 -28753005 18457334 -12628571 -20199768 -43024345 44196313 63962611 -75463765 81272650 45872763 -12667293 -70903623 -92957267 -84343582 -16379836 -36672421 75106816 69451500 -19315337 60278496 -75860511 8625775 -3818720 -78155338 1891068 -46909111 
113
78930981 63319972 -23934324 -88918611 -2711309 1384494 40148249 96151326 -48087729 23773359 1389717 -28856012 -7030923 71351921 -28698930 78991719 31683333 -49884425 94335707 20303332 -60651962 30382900 -78593215 42846711 7793874 50473839 -12273593 7975773 -83973162 -74005313 -28885361 -61759887 -48983153 23976850 -25673014 -8111835 55010523 -19148789 -50746068 37926573 38353657 60047984 -32533653 93868369 97066078 -96505347 -67980526 -13086629 -6359386 -5465615 -64619933 57482440 85496324 -63224133 -24105063 6840916 27663379 -67860478 99288748 -36960571 9443819 -41821995 -12477089 -64359587 -48911755 -95526959 -47833252 46049923 -56968691 -11681420 36230964 -7202531 -27157550 71297077 73901865 44385110 -17516349 -3724590 6844114 -43062748 -6713823 29745604 -67430406 45072258 -14384348 87995720 -39971710 -30001469 -50456508 -22784872 52246789 -90446779 -59842613 72787400 18704820 -42633531 46300397 -52751433 95006820 52572746 -68369648 -47730066 -88643528 51311512 -9112839 3073020 -13420327 -62591901 -54191225 58850918 -19686721 17222115 
24
-79660944 -35905311 -16873269 10584795 -29565675 32638115 80113164 -22600297 63447977 -90986563 33317654 -38850924 1925602 50280687 -83288720 99022117 -245260 48775753 11165356 -71155685 -89525589 -46608283 -1298704 
37
44347349 67723725 -6738190 -21681619 22788725 -26675142 50350805 4194772 20060863 32521329 -99056850 -75571696 -83288672 -80029831 -58824263 -87585496 -14607216 -28060268 42607424 -53320617 8655631 -82470363 21048143 43795858 38453651 81123846 -63084231 -84222464 15801178 15156846 -46729597 56303203 98389500 19223635 37910687 -73293147 
18
22626026 66073903 60529920 3517555 70937903 70121085 67847313 -41038686 93993211 -50498068 52587023 92684740 6209674 -77101682 -80853366 -5624362 -34950592 
74
32651047 -15553483 22096264 -23739606 -88368665 -8947313 -51110455 -23425318 -51415474 40242973 -16205808 31090390 -80408927 -10319759 -61360385 6499864 9350127 22345438 15808896 -5423032 52437876 5007983 45021543 85400199 70884522 -46480421 -41705753 53480681 -81416766 10950888 36797048 49278178 -10206096 22163884 30833558 -45347668 -34751206 89473291 -77251459 96581659 -78081838 -71712346 -55896583 16824684 79805462 -53362494 -63585922 -89225482 -60148348 -84151042 -28270080 -98625127 33186157 -60775575 33102386 -27470435 -44244109 -91486509 -1758761 -91538288 81540880 81505657 -23986084 30234447 -94664292 -13840974 41766844 32238802 85356036 53737464 39429633 -1553428 47746203 
87
-76187279 -99714793 -93453491 52295966 44708722 -21814208 -35375847 26015717 -33669761 -20616072 74404905 -69250500 -18081975 -60859908 2913684 -34887214 87041526 -75978486 92184066 29195750 64778377 -99347158 -80690389 13224668 71555777 6201197 16622220 69410169 88671891 18305387 -30369621 -31131709 -15068052 -65615719 -41662641 34097762 -53607909 34728895 50578692 -71165224 83893689 89553111 -63750479 -96514064 -38674174 -14169135 -28072593 86840747 81584199 81204615 96891457 -42840032 -19350712 23989438 57626911 35405433 38937976 52609374 98484852 -8431023 -65969696 -56290627 90713281 -15751722 -34533890 61582780 92336570 -89267577 -34885272 17007655 -21374795 -69914452 56575844 -5604232 -43406586 39697438 -27732304 69809816 -49851698 -63969540 -46015212 -81637026 -91663929 -14456867 76644510 -83787537 
58
16320840 -68222551 28090737 27393963 -74795255 -44611633 63966186 73011810 -52623210 5071504 88103527 1451591 16914052 -12549515 -38452312 53433089 -49733655 25846074 5529191 -84910417 -25810351 -44892159 79709929 -40176091 95182059 27490903 -96581426 -40366991 12992858 28481947 52473596 -96025369 -3746948 -30083636 -10193519 -5388603 1296714 87382581 -9317272 -37947232 -65706122 -95925079 68381483 -68404505 -88648983 -27172617 69689977 -78773469 -67408303 78229000 47738494 87971232 -18757400 56907475 -24143843 -80067035 -11016497 
113
-87850754 -75903309 89571636 -84698181 77808790 -43824153 25310917 -20435118 62557294 92727688 -98631390 30428741 -77499394 49231271 -44340892 -98884668 64352425 86616389 -78255192 -65470606 43989059 -69690031 62052955 90440504 -48166145 -57345972 -93436269 18710387 -76683176 -36302924 -1077053 59250942 72067527 90345664 78467244 72940517 -75637026 28145443 -59416727 23287807 -7667827 -41857916 33327807 31424163 -26583171 -93979718 -14206923 49781380 -10511887 4773499 -73889286 -91721073 -58826184 -87426910 48320847 10110864 -94529804 9491428 76569490 27601803 -53922478 -30330910 14479476 8311886 -68049610 -40951493 90532156 -45618915 85077991 -49738314 -93791725 55169800 43697189 97547673 -56020697 33744266 37688279 -94286066 59001244 -84077039 96660265 -90473409 66786717 -11084710 78366235 -51650828 -70613907 9112423 32153530 -95397381 -47462835 -24722503 -86578069 92386369 80452223 -56551998 -99342344 87386177 28356548 -29617611 -77944903 77991746 16570959 -99076467 57879413 61711576 -61847851 -43278051 -68181536 31723011 -55796190 -78051890 
59
35285448 -67115459 -83243810 45923823 68265638 72122519 69786204 -76494170 -61209942 37068899 -18016905 -94190884 -33731680 259885 58921403 -73639085 -30002218 87718028 31800772 6978087 -23380862 11391302 33376853 4208952 -90744502 -98184595 -82983349 91448956 -22907885 4466697 -75835829 -42297035 28502005 16995839 43709249 32997354 1306637 67611386 -14932395 -47635219 -78867652 17106565 -57813061 -3000708 79860066 2560884 -58741758 89145103 -35043125 -84841138 59355576 62011329 -45252237 -11173982 72530256 44515720 74177 -67467518 
54
-83744281 -84709318 27308147 1367792 54989263 -64620888 -51671225 -15737231 99345723 -92473199 -51297965 -10746556 -40315238 96687284 -43119587 24604121 -41796513 31033623 51443193 73688546 39130624 32019058 24711170 10461710 40026153 36249314 25497920 -94565226 18605549 90806036 -2128035 6666739 -17514666 73986510 62170584 21112084 -16663640 -85022095 84261905 82507455 21309460 -59873651 -48160811 31120924 -98327394 78211995 -73570459 -59939207 -67488039 64701235 -51669872 85675061 10127401 
120
83466376 -13534644 -55417409 32583608 56074204 19410785 24720293 -29553145 71986887 -33674424 83402922 26420314 -9598314 67275158 82773072 -73405636 61531058 -59520496 4667050 -14248136 19806842 -99237428 80939718 -30844180 -69432 -6372539 30513711 23387021 36851056 -89970780 60715280 78656347 -32587618 33592824 -72486520 -76726443 -96051856 -78227313 51498388 -32409662 -14147023 -56104766 18595915 -70648247 -37158498 62458934 -94907887 8180219 67237954 64729998 -55740724 -10903101 31577386 -2267689 3322410 11931528 -62602752 -86571880 66893299 82313929 -22642810 50055906 -4334317 -60883102 41324047 43561357 46224402 -43933566 -79494568 15498477 40674164 9979037 95442687 86156740 57184210 57196837 24632113 -13300268 21693885 80934080 -81248602 -32929302 67915686 -15741955 8562901 -60007406 29033409 52217828 -3431925 80713237 83089179 -71569012 11252154 6022679 -41454117 80925218 75671399 -63014058 13444605 -83446119 33837323 27856681 67048945 44497718 -83021765 -50382455 -63161346 98296592 26370616 964880 -99832429 -49778766 -27569443 67252254 96376396 -9688655 80181023 91103052 -36234797 
96
-49301750 71981938 85438939 -55644475 -49894935 -2572579 -93982943 -4693522 34717467 -4545264 47663705 -15280396 80366791 -43698822 -32410866 91565651 -87592318 -47313285 -219125 10551292 70133773 42507558 321334 -81845483 -38953667 99031282 -11691220 -94659006 52692541 -99526014 74005650 50042134 -40649996 -49292962 86103760 90645145 92548865 -78781670 40761300 -96451749 17338500 64288601 32010245 80686718 -47832303 66446988 59982022 43897711 -88307880 77861272 -57801230 13520275 -686473 93565919 14875376 26746729 7391719 3422706 23787216 55720810 53952620 -59445565 90716325 -34196473 13337314 24340276 72957287 -58060369 -90596117 97195045 79045767 11493044 -71296228 70631040 52992928 63190808 -60416269 54227438 85844338 -59624026 -57178204 94572229 -37374531 44583580 -1388751 -36699440 -13892974 -17862529 -96207288 -25131953 7589373 13966063 -52944283 58169126 -59369676 
