225
728 43
327 159
205 646
774 101
763 815
105 563
538 670
541 705
650 106
212 852
735 826
514 911
818 822
802 224
488 663
326 284
729 825
541 416
62 356
816 172
764 282
483 810
268 537
931 556
199 812
345 510
436 699
858 505
402 35
53 599
983 218
341 568
804 295
437 351
192 691
336 846
74 580
389 696
764 501
593 620
638 781
988 338
209 663
690 51
787 374
272 916
172 546
61 209
354 738
299 915
747 635
774 406
801 222
671 205
304 108
426 181
54 138
187 432
99 777
891 297
770 899
530 344
911 707
104 533
585 778
23 969
763 545
657 400
722 516
818 14
874 10
292 229
531 477
315 277
830 345
813 124
120 90
834 597
553 700
457 256
517 736
452 396
465 292
89 793
114 847
495 821
359 983
434 567
672 809
593 778
163 125
147 252
671 162
468 153
36 438
328 485
963 642
991 711
377 825
934 243
25 264
410 241
191 666
316 834
949 661
54 21
458 869
903 99
782 987
167 128
253 370
70 337
37 410
615 238
704 807
526 869
752 863
844 925
410 231
390 807
788 706
492 897
39 545
996 516
490 954
216 29
919 581
225 883
671 218
118 768
728 116
9 258
589 954
763 780
192 133
891 897
465 155
868 397
424 987
362 464
667 322
645 206
278 767
32 893
981 353
872 143
558 844
224 613
502 197
534 740
51 480
47 335
447 164
468 438
37 696
700 643
525 529
987 833
873 713
174 558
602 276
753 344
136 687
574 858
112 764
167 122
721 727
678 788
697 436
794 530
739 461
596 107
503 658
27 498
86 106
570 727
119 699
185 391
408 8
355 110
260 85
739 384
451 606
543 597
419 131
29 635
437 466
330 192
414 922
414 705
17 125
313 591
811 490
201 40
854 667
731 148
5 447
556 900
477 949
286 695
753 839
714 580
270 453
979 600
406 1000
329 615
697 440
760 335
146 738
868 71
74 909
58 736
122 609
235 504
830 502
301 976
752 509
396 698
628 631
357 946
586 568
315 127
607 685
173 273
27 466
