62
136 755
882 602
471 366
165 937
605 218
608 123
472 889
877 786
371 230
903 319
276 680
102 357
452 822
904 980
224 325
369 719
138 977
621 554
391 83
399 829
475 152
882 399
863 440
873 608
514 104
34 437
788 176
157 753
108 420
851 889
505 326
500 291
819 961
775 166
611 261
976 612
59 151
138 926
109 714
294 803
906 575
63 308
159 658
859 169
341 188
847 447
312 349
276 663
632 725
695 269
380 2
631 155
492 812
701 331
426 513
627 171
755 350
33 841
291 823
10 221
316 709
532 676
