734
419 120
969 213
794 573
443 908
231 541
195 128
114 357
206 930
327 817
181 664
286 597
94 296
254 637
997 822
350 746
468 282
528 394
703 293
114 673
858 406
401 734
216 394
396 427
25 264
771 699
197 815
759 7
637 660
195 418
96 775
122 790
1000 692
92 752
224 623
941 333
569 690
410 582
111 698
116 404
154 804
201 177
764 634
997 763
350 909
406 107
185 636
716 157
870 833
465 256
135 197
596 948
907 933
744 860
902 803
95 900
731 280
734 325
269 330
571 371
99 227
260 427
191 756
208 968
418 253
839 640
688 950
190 57
889 273
75 873
366 135
718 393
152 500
74 748
190 303
262 655
362 239
967 164
482 275
503 261
997 322
846 56
48 376
737 91
743 416
167 960
733 997
702 729
64 88
145 89
654 18
224 277
59 251
84 453
252 912
95 661
277 829
780 234
383 427
339 396
810 499
169 926
824 898
628 315
253 205
372 997
806 392
994 987
682 210
951 754
448 22
126 899
594 290
978 336
822 295
713 989
103 927
884 63
445 857
528 69
605 444
747 147
113 71
435 877
399 304
671 921
861 294
144 140
161 719
602 527
172 841
887 191
896 754
880 967
723 45
829 319
507 609
597 171
40 930
53 877
214 971
32 394
835 708
268 713
425 525
391 613
663 757
253 233
37 807
200 325
795 49
436 187
745 775
451 877
139 763
360 276
666 227
100 691
147 201
427 720
61 84
342 810
938 268
571 345
950 86
971 27
311 570
266 944
461 946
700 118
444 514
325 416
908 180
82 515
332 170
192 137
136 398
48 964
354 837
200 95
197 914
515 501
522 792
664 375
514 534
300 119
396 232
841 898
170 274
236 66
538 75
216 350
257 42
54 110
986 797
882 396
949 313
339 567
547 188
599 733
944 940
914 492
774 577
509 279
768 642
967 731
478 193
769 14
390 203
413 322
313 661
913 452
331 451
430 400
484 363
128 143
146 694
516 883
60 340
116 655
197 139
973 292
119 126
895 765
134 104
551 919
166 548
25 470
853 409
526 101
253 74
813 264
270 232
692 447
69 142
332 629
733 144
940 123
895 301
168 231
913 836
784 571
415 760
768 647
962 564
405 864
299 967
887 709
754 902
407 429
147 521
826 243
645 721
762 687
338 719
534 917
261 133
459 684
911 496
697 893
470 60
441 159
881 480
64 544
624 40
877 200
670 857
472 848
642 821
105 741
203 409
210 98
905 776
190 476
21 880
739 774
712 418
64 885
725 181
310 538
597 148
348 908
8 67
882 975
397 443
299 925
649 198
655 52
916 263
338 632
417 262
929 261
840 156
64 950
11 118
428 710
793 431
737 792
846 60
799 118
529 547
517 3
898 293
133 961
715 238
402 356
833 866
301 89
952 881
621 470
911 820
35 498
741 25
270 882
725 164
49 795
860 777
87 631
574 769
353 350
736 932
622 69
222 322
892 415
967 341
103 387
408 828
243 815
20 910
835 734
75 301
143 215
807 657
600 522
733 536
575 417
712 849
167 405
119 739
767 529
231 596
896 667
803 693
885 85
909 334
39 976
859 368
832 149
463 817
811 991
834 250
281 503
894 673
785 531
903 586
768 989
293 349
957 788
278 386
756 745
799 850
251 208
32 703
600 621
145 118
70 570
57 162
647 572
607 571
752 286
434 113
560 609
456 486
573 637
94 517
21 291
796 992
241 788
706 746
630 209
701 665
867 491
980 821
275 82
849 708
714 581
979 596
469 52
381 114
959 426
620 778
13 68
30 381
930 151
949 42
736 896
532 258
504 449
69 406
205 403
13 683
139 147
767 924
371 177
193 333
746 493
203 609
646 821
118 820
519 199
724 284
625 793
210 203
348 463
870 831
453 265
836 218
161 317
351 313
200 504
267 819
674 639
678 906
278 969
498 535
468 228
8 91
237 914
658 90
303 479
639 716
219 530
727 757
485 17
100 951
365 249
442 784
976 718
166 168
581 124
700 17
957 288
908 853
59 524
506 73
642 276
475 388
151 537
766 693
156 164
766 424
954 249
585 943
392 784
85 565
963 687
266 162
114 463
899 80
736 288
726 866
147 812
43 75
461 372
741 131
221 698
354 391
137 723
623 843
909 393
364 512
598 320
600 843
326 571
268 810
727 304
295 326
984 592
270 25
985 847
698 51
95 999
109 795
541 249
639 776
180 347
858 195
910 130
480 434
695 777
193 873
304 964
3 573
304 584
122 232
77 77
150 458
89 4
498 824
368 16
181 792
526 947
51 455
859 4
857 526
599 23
485 929
227 186
298 320
430 903
861 978
550 785
301 627
204 750
257 239
209 34
466 32
504 754
215 478
64 780
744 869
375 907
992 751
837 186
979 822
892 649
75 586
900 940
894 688
121 601
47 432
386 603
172 405
634 751
386 17
421 695
294 873
648 513
520 296
754 787
198 206
20 464
178 230
925 829
632 439
492 323
928 295
769 343
633 116
610 359
551 814
654 784
749 507
865 433
599 928
980 734
577 646
534 260
313 445
773 257
133 146
728 465
533 279
424 545
368 229
387 330
207 73
730 723
273 814
95 142
73 405
655 698
12 75
350 647
230 890
443 172
18 439
298 896
113 176
428 264
420 452
233 904
223 765
439 287
875 355
422 951
882 591
570 871
215 870
265 417
320 768
257 638
369 851
11 706
31 739
34 435
882 114
857 174
317 709
205 44
268 424
84 765
897 802
519 816
83 834
591 303
61 303
246 358
892 731
14 142
471 325
544 91
6 676
317 718
985 217
294 980
452 686
109 574
803 820
1 611
692 966
50 969
765 139
843 138
139 880
509 700
568 783
738 16
965 436
705 839
64 599
496 131
831 898
271 863
715 788
724 379
309 817
489 34
393 456
286 419
699 159
292 885
571 699
739 854
826 962
424 7
776 533
132 167
324 258
778 282
878 534
12 741
752 130
226 309
52 528
752 587
487 867
638 46
300 184
222 203
853 662
509 915
564 554
533 760
519 893
468 932
376 419
512 10
804 979
979 942
172 439
910 282
949 359
91 398
604 507
568 600
825 695
38 336
575 196
666 728
530 758
493 512
573 779
471 437
585 31
846 247
565 361
48 745
703 813
268 46
738 799
125 482
203 30
841 977
469 551
458 134
601 54
821 704
731 486
292 544
416 506
607 197
594 994
79 509
949 760
593 417
138 726
243 756
187 174
501 393
639 636
958 531
395 542
775 774
611 667
793 983
243 419
455 936
687 622
976 223
122 385
9 647
836 197
561 156
456 328
190 497
656 826
798 676
942 515
401 835
292 197
409 106
424 975
835 27
560 541
