816
0 10
757 932
103 374
836 854
283 603
868 527
745 790
431 381
495 180
678 433
769 607
682 243
838 626
549 650
604 658
358 337
404 700
528 970
773 74
839 690
832 841
825 182
352 513
823 82
137 368
174 186
970 842
959 201
608 840
606 709
132 727
828 743
85 547
970 619
856 382
989 552
111 670
807 107
873 560
367 32
403 383
828 281
242 200
492 129
701 648
124 20
748 911
455 630
442 908
742 548
154 322
334 259
448 825
676 297
547 769
215 203
406 812
897 964
118 975
326 979
56 864
937 94
488 408
622 990
272 338
9 410
211 765
630 549
234 471
436 727
363 725
795 879
331 297
798 248
210 346
923 340
390 574
402 810
478 518
518 218
780 104
562 653
554 524
757 716
19 237
280 570
985 326
651 724
951 164
461 82
930 19
124 710
866 224
746 879
345 128
908 371
702 267
857 853
177 336
835 857
135 388
417 901
757 216
942 265
713 412
464 789
225 66
616 32
115 179
605 490
364 1
405 446
657 119
941 544
462 839
767 493
307 700
753 175
687 829
88 20
589 288
284 847
436 523
720 365
783 506
254 535
64 812
952 392
593 238
494 661
519 851
485 957
379 702
577 858
147 784
626 95
715 929
580 436
275 298
477 911
300 247
731 297
60 458
221 956
50 39
540 706
408 795
633 101
672 972
367 783
395 618
729 109
109 873
343 996
711 417
67 221
294 910
506 808
740 56
170 461
372 228
383 705
930 444
564 404
179 54
582 294
907 416
980 355
852 303
530 100
729 37
882 980
623 173
961 307
324 732
917 994
637 876
451 80
316 968
545 514
989 226
69 179
550 81
329 237
610 931
542 223
686 370
91 176
762 303
689 28
463 42
416 788
328 616
646 86
479 237
924 82
277 317
770 220
94 167
521 178
81 247
792 33
331 552
864 416
196 629
560 934
42 92
44 863
617 802
929 882
743 685
28 624
863 794
633 242
992 637
38 426
118 768
383 695
801 542
632 293
420 234
926 685
252 912
209 501
919 654
994 371
630 522
695 555
351 90
660 946
470 33
953 838
744 700
630 868
747 434
485 942
720 394
231 981
724 690
139 68
284 732
577 281
470 224
10 693
372 291
440 32
209 780
445 446
217 637
865 484
550 954
865 109
921 225
393 373
23 842
765 890
72 528
448 45
106 540
210 178
119 500
512 969
452 583
52 990
591 595
577 124
150 811
221 608
410 550
354 602
979 351
743 261
290 670
976 418
62 589
309 263
752 524
916 309
375 590
364 547
875 590
253 788
42 713
358 347
307 638
159 484
954 592
418 678
745 760
732 688
255 176
435 968
62 348
417 767
794 185
168 463
584 979
688 103
425 135
465 697
670 885
219 985
820 543
239 654
952 460
732 207
354 16
917 547
133 957
386 683
866 978
137 555
575 474
518 956
686 904
152 265
106 307
387 807
326 287
42 747
570 940
255 523
714 403
341 299
992 684
497 232
311 593
550 135
853 211
240 34
562 76
494 70
905 724
363 354
154 307
19 528
276 942
918 534
256 843
579 500
500 882
209 528
896 225
512 930
296 414
843 673
880 306
407 389
647 262
500 825
287 123
240 806
31 869
354 479
556 967
575 855
277 390
991 618
96 634
691 106
439 657
695 659
274 493
920 331
211 784
960 737
917 332
951 466
543 377
892 795
217 995
280 42
883 175
279 825
706 58
954 42
241 114
411 154
252 46
582 424
294 127
561 237
859 541
481 770
901 636
331 633
706 443
109 995
590 872
295 815
188 206
437 972
523 253
129 157
280 849
327 826
943 505
180 921
90 680
705 570
522 333
627 632
361 937
481 376
318 767
811 777
406 433
805 919
334 140
528 77
374 562
522 225
288 213
826 388
25 978
672 484
261 104
756 329
292 643
519 105
456 409
461 256
754 192
624 213
828 947
10 189
844 534
764 444
464 106
431 747
381 169
950 770
826 873
703 687
506 924
116 335
745 764
331 983
953 867
667 659
199 480
792 991
830 190
183 613
25 722
258 246
885 719
104 654
692 360
608 881
353 419
700 806
208 529
953 531
618 149
402 649
630 618
652 611
574 920
503 864
444 308
765 719
852 669
499 741
776 262
455 646
193 865
714 270
499 403
437 474
104 342
805 987
463 483
238 781
318 280
542 945
48 288
952 445
99 524
920 390
232 525
625 330
546 841
300 70
805 266
710 943
82 572
594 374
641 191
709 491
552 27
668 628
627 705
640 180
830 483
389 595
356 994
405 554
764 114
437 160
209 379
421 810
187 617
487 833
573 970
541 622
836 868
69 725
682 770
872 163
720 224
627 524
583 558
908 392
735 929
96 421
479 979
669 221
947 14
52 418
488 6
118 690
494 805
184 839
831 956
26 222
218 290
837 876
267 570
528 120
185 322
955 82
427 949
86 411
609 35
999 351
702 575
770 394
262 224
906 793
258 909
959 892
142 581
237 443
514 749
382 281
731 374
225 940
555 776
920 741
837 462
61 521
83 260
138 997
484 26
0 955
124 240
664 156
600 981
439 65
623 316
97 779
402 609
596 619
660 505
102 368
847 360
486 751
514 116
201 934
91 687
391 168
523 244
916 747
840 680
629 315
444 882
449 897
97 492
250 115
19 647
412 613
17 927
541 493
805 779
499 247
631 240
846 192
853 403
640 793
708 472
156 31
902 134
744 650
782 17
603 172
618 397
839 662
743 7
645 84
182 463
682 171
921 320
639 278
784 374
588 715
278 73
424 336
770 775
7 324
810 60
238 472
927 864
548 244
624 662
436 378
759 344
603 640
549 150
538 610
595 861
487 491
209 936
383 545
208 752
237 332
459 453
221 702
999 908
597 123
70 255
686 193
715 661
430 0
918 122
894 400
533 266
648 924
773 849
806 957
265 562
981 191
740 69
56 849
544 929
38 770
222 468
647 325
936 4
286 184
435 283
886 753
654 886
884 163
328 390
652 486
147 174
964 594
792 317
386 202
282 179
897 122
330 672
697 546
500 465
622 932
684 863
21 194
926 778
53 700
439 156
121 118
135 967
873 928
189 622
954 518
275 822
702 211
102 657
95 100
521 631
990 388
295 522
894 363
699 655
371 668
180 22
935 243
283 687
693 254
481 60
577 699
953 352
834 705
760 884
40 589
857 694
921 841
576 171
198 335
333 809
508 601
957 753
926 505
890 425
576 283
532 903
820 434
232 229
529 216
190 763
635 480
304 448
156 208
1 89
351 480
884 335
744 263
860 347
34 608
761 703
808 58
691 625
308 554
100 640
631 538
685 724
426 53
440 272
15 198
425 480
553 557
347 323
138 875
792 926
509 555
243 737
844 450
364 184
216 634
232 981
672 598
15 150
112 539
276 517
24 151
325 667
190 39
800 997
655 569
594 735
475 499
983 994
323 330
816 396
598 715
797 432
688 187
62 12
864 454
257 423
476 84
103 352
57 582
76 729
244 669
654 897
120 313
493 417
850 582
829 144
930 244
723 536
912 174
99 367
466 154
323 917
677 878
385 198
488 912
70 518
891 536
265 754
344 746
279 325
23 893
251 377
419 667
674 760
756 509
644 701
628 971
349 731
155 762
385 546
133 507
640 988
505 941
635 881
737 290
981 126
735 732
103 782
865 671
71 862
725 623
53 478
823 837
357 450
431 696
348 180
920 248
622 691
703 981
248 150
10 0
