959
0 10
23 893
15 733
812 325
567 348
215 635
767 646
279 176
664 349
355 911
755 901
622 138
859 16
698 307
260 4
964 901
596 726
310 443
669 38
387 705
911 870
704 59
759 754
771 789
431 741
933 15
657 299
515 528
423 979
530 10
565 730
993 399
936 176
35 606
6 312
452 626
240 453
806 692
220 809
977 169
138 183
306 812
497 516
973 443
896 645
754 894
568 842
906 151
560 186
646 810
679 813
14 74
189 870
12 877
579 560
618 797
383 498
257 894
357 324
306 211
539 954
656 338
643 180
246 244
3 363
113 213
953 473
964 248
339 741
200 720
622 2
697 417
279 455
909 748
94 193
352 237
940 696
513 574
144 146
734 938
416 85
691 158
217 836
256 2
192 301
338 494
662 557
648 850
253 467
244 25
623 504
315 92
427 574
299 124
921 917
342 724
968 261
94 498
244 535
69 619
442 172
644 112
294 835
514 893
722 615
264 205
165 707
289 308
454 999
782 562
105 376
99 276
888 435
896 972
870 688
265 782
851 327
755 600
282 906
382 501
52 319
617 404
512 531
1 647
680 830
745 694
888 899
10 370
122 643
262 696
586 590
698 844
988 152
873 489
676 895
339 921
958 947
795 361
850 460
416 97
542 745
103 352
730 503
622 338
869 316
748 297
932 908
332 926
290 103
806 812
719 574
181 934
531 495
848 562
617 817
998 564
337 995
523 608
330 226
894 300
578 176
85 964
216 236
259 950
466 76
899 805
144 331
0 809
567 517
404 56
687 813
445 306
688 246
390 914
505 724
706 456
159 162
234 102
936 346
92 296
21 789
47 593
176 44
809 830
203 789
25 242
86 408
145 152
179 602
651 395
86 238
745 689
244 325
364 929
316 169
59 764
829 218
642 923
872 585
461 997
858 195
293 813
956 677
977 107
9 335
296 624
583 692
50 54
635 381
997 701
72 697
791 296
309 575
222 214
324 381
104 34
382 822
709 702
54 484
914 102
411 536
122 775
533 873
723 883
81 451
856 440
763 950
791 566
923 45
577 77
24 955
575 139
910 878
981 586
317 390
145 788
598 924
180 171
182 786
552 558
128 933
577 137
494 456
394 655
775 380
188 535
562 318
326 75
539 368
396 432
643 903
117 557
793 225
234 172
863 574
862 552
399 438
476 682
916 403
854 640
9 333
713 52
607 486
912 950
417 345
791 478
720 80
1 93
794 580
498 116
520 676
139 912
164 85
60 789
128 165
694 901
679 262
983 844
26 489
580 815
537 16
709 374
813 412
831 404
348 710
239 166
853 764
385 532
394 291
654 72
614 538
837 409
414 506
922 490
983 714
100 124
390 463
160 310
68 537
338 985
15 135
811 817
470 325
303 281
815 904
437 723
321 977
671 969
225 378
515 196
577 413
326 726
595 360
664 941
310 178
328 537
475 803
511 18
509 33
379 651
337 741
482 981
157 354
266 811
346 984
796 65
801 255
571 17
50 806
905 976
382 400
889 534
148 917
503 953
960 529
444 243
76 276
100 801
919 847
124 125
253 427
340 480
302 648
250 747
517 84
83 512
556 412
660 354
402 551
265 919
266 787
17 935
178 915
491 679
892 784
775 611
268 805
341 886
880 581
317 989
861 617
414 493
841 886
668 627
209 202
217 946
990 159
702 373
246 839
278 129
655 497
320 756
890 787
875 185
76 534
145 28
110 964
236 401
8 2
372 778
594 630
59 929
333 550
658 673
39 434
454 410
45 485
231 673
477 233
331 512
693 779
165 739
187 985
936 32
406 442
34 544
777 680
925 612
408 200
624 400
171 677
534 393
503 689
178 359
567 73
208 935
316 930
403 414
288 424
805 802
408 738
743 958
95 431
270 837
894 370
866 295
317 793
392 436
96 829
165 381
460 515
815 294
332 269
382 552
597 23
239 735
165 411
505 388
813 575
815 362
802 443
332 626
10 941
805 74
332 235
51 839
97 378
737 179
877 862
866 765
835 547
474 453
865 50
230 899
137 725
481 902
580 682
555 916
437 968
614 533
169 517
210 748
394 454
190 940
306 573
340 325
97 610
407 681
127 517
282 81
915 686
189 890
69 752
268 944
620 198
153 579
66 112
195 728
916 169
577 845
818 966
72 438
708 341
116 158
638 910
989 237
150 726
472 617
8 753
851 67
6 673
314 280
874 168
235 841
791 204
936 981
549 32
569 416
65 825
34 418
751 698
873 714
804 551
495 863
990 356
688 775
611 322
106 620
611 166
222 375
7 599
62 380
348 836
327 383
364 826
67 841
276 130
735 258
821 211
96 556
960 726
367 8
491 679
995 782
664 625
986 995
742 242
158 553
567 585
729 237
885 564
638 141
926 960
545 928
351 383
286 687
468 745
436 236
363 592
723 525
358 941
188 694
619 237
695 511
547 320
61 392
143 685
57 102
225 888
920 421
331 526
580 264
642 631
506 540
422 435
257 73
692 418
158 333
29 269
970 278
767 362
151 189
303 292
248 168
586 197
691 872
228 108
115 124
867 139
905 849
891 318
597 850
836 103
760 957
93 778
3 251
452 833
342 21
142 544
330 860
253 579
317 307
601 756
112 430
786 465
348 351
921 378
216 739
850 412
389 123
799 768
290 592
969 366
925 569
41 777
120 549
926 564
547 323
731 124
130 132
612 720
228 550
587 783
643 396
373 728
559 60
487 20
277 991
996 617
337 887
958 109
135 540
966 496
292 145
795 691
233 313
407 320
329 680
614 189
912 520
924 296
761 246
850 640
394 881
695 703
316 248
657 932
17 952
47 315
456 269
311 124
397 378
549 843
625 188
407 284
653 441
246 127
744 874
137 841
378 562
747 5
388 103
732 224
103 377
16 429
416 897
462 759
442 563
210 544
91 483
391 94
419 48
890 28
730 594
681 307
675 788
574 25
453 75
275 207
732 593
809 239
851 887
307 895
674 589
792 898
905 643
952 303
260 625
677 499
806 467
366 915
677 974
171 354
886 804
105 965
33 495
942 656
841 869
437 605
537 159
273 561
688 808
264 109
209 678
226 652
572 161
871 383
75 879
708 150
526 692
420 622
373 901
887 253
577 143
715 927
312 864
615 442
753 941
873 243
2 902
148 182
687 996
873 946
813 230
747 585
116 760
353 23
236 812
43 450
904 731
616 617
595 70
200 972
866 142
155 297
395 469
640 619
12 762
207 471
56 985
803 82
431 906
576 278
567 270
248 270
16 369
239 286
711 521
966 902
621 642
888 783
536 299
315 569
492 578
749 541
855 681
712 249
852 731
782 113
666 95
104 580
524 573
549 613
756 683
147 479
54 173
411 669
697 423
853 574
997 411
967 84
74 62
771 720
401 393
458 268
989 992
312 153
835 800
140 503
995 891
184 521
846 895
393 9
12 313
302 669
395 839
368 577
214 29
231 655
384 636
890 50
783 52
440 699
818 340
841 774
630 952
401 3
103 934
483 933
665 297
909 714
67 990
175 316
178 615
232 4
789 834
237 105
295 623
31 456
767 556
363 36
354 502
504 100
775 968
169 304
791 761
377 644
904 702
810 50
477 728
147 127
155 992
560 456
922 889
889 720
347 674
702 871
128 135
526 400
450 633
49 337
82 677
879 470
755 214
544 681
137 769
85 702
46 768
518 426
701 731
65 453
935 1
871 249
841 955
36 315
825 685
988 65
710 621
972 210
670 986
249 969
841 931
169 254
237 832
701 705
475 354
888 9
367 971
905 655
265 364
794 193
990 840
718 913
151 368
52 897
328 211
148 243
891 400
624 791
994 214
971 582
227 538
551 994
754 704
124 250
252 664
621 188
451 750
203 711
305 230
242 866
604 752
287 852
445 493
648 229
903 150
295 86
562 266
525 488
382 321
984 18
510 528
971 943
509 392
175 410
798 534
787 818
153 529
608 930
419 305
826 884
484 426
285 608
501 29
595 137
936 72
669 155
643 970
917 650
2 803
325 441
735 382
201 478
348 912
920 637
435 758
37 122
88 132
390 651
374 45
967 940
600 118
509 858
579 272
92 59
840 257
145 776
956 305
74 179
601 817
11 156
217 575
142 521
216 460
971 571
203 204
234 609
383 898
86 465
499 71
678 188
784 670
129 503
483 535
740 336
698 568
914 604
640 466
316 662
684 182
680 916
945 227
409 335
493 789
4 60
976 265
381 276
414 116
639 453
937 857
711 473
118 55
999 259
519 700
926 815
815 505
121 942
298 14
924 776
475 908
559 191
801 234
525 966
910 160
219 436
922 945
265 781
882 151
566 858
389 622
689 53
605 867
414 3
629 485
475 24
76 502
337 772
186 243
10 0
