1000
5206532
8371106
8144920
1118919
3568453
3873655
2822475
9858665
7047929
4360571
7718588
8209607
5885353
7233981
7806186
2532962
5971344
167619
6816329
4782106
2042705
2363728
6070210
4008748
8829447
1880678
4402261
4859009
3679171
1188575
1245934
7425299
7987416
5337890
8111799
1537629
5627678
9849196
41660
1550355
6796174
5480924
2829092
7949198
7878530
6911700
9762432
949486
3424980
1234595
8566547
7750455
1861530
5380651
6220956
136824
3940205
9256768
4246641
5014189
6557691
5530539
8835737
2675930
3118449
5240875
7437081
5420594
6384920
2430321
764560
8866775
9742814
6082842
2929491
9638908
9755220
2229506
501825
4553301
9726067
9834279
924347
1697471
1382867
8659573
5815482
158106
5446407
6988107
7339425
7802772
1498987
2858222
2522277
4627294
7325998
8452325
3120369
5863676
1466883
7807716
1604097
2712563
376371
625025
9584441
757996
6912750
1813922
11368
856843
5880331
1042525
4476177
470271
2998974
753308
5759414
5015473
1378803
503371
9862032
8208805
6287060
2004063
1423032
2634084
982602
2442670
3961022
3408680
2760511
1186295
5415774
9522858
9695393
7204172
2296772
9903311
5209043
3082028
6400694
1878010
8831273
6580104
2911474
384065
7517175
2174838
3238263
7958910
3832057
8831210
7833680
737516
8505237
8570344
3089163
1715726
1878585
8502573
7137463
2063491
6047319
3078401
7978562
5893750
2555092
2006308
4518019
5486298
6122145
9622761
4373216
1294134
8197613
4479058
4513478
5143691
6465131
205695
6955527
4369692
1803574
327149
8732484
1357235
792296
5187749
1438479
4906778
5878765
995332
1201610
6386569
7484123
5754408
7126088
466907
7830229
5844235
8993074
2566003
2651710
8113490
9893337
9793869
3843632
4077858
6085366
7011779
6570917
7667856
173517
1184440
3359262
8476913
886842
1617625
2593497
6417135
3934994
4911003
1758163
199945
1347448
5691854
5996080
1018353
744291
619535
2748979
8590042
91957
1521075
1156109
707746
9859120
3207898
6934565
8498679
6852505
7105651
8021457
6277344
8404998
8638764
7787227
4519975
4173568
5839025
5231027
6092235
5354727
4622507
1605910
7952656
8359599
3163496
3725826
9929582
8262619
6260744
8962298
3178741
9850917
3615335
2768655
3836029
318267
6965026
1540059
7520990
4784688
3813458
8898495
7799490
4743955
2809517
2694177
5434182
5980973
5037443
2050135
1734287
2928655
5437327
6354439
5693026
9779102
3663698
3507692
7782465
4769666
9214875
7827605
8050720
4229701
323279
9219538
668225
6528129
5038260
6955585
8241405
8688001
903201
1568683
6467115
1872411
1124416
4967958
4733771
6622155
5712582
7866022
8776755
5008497
735324
1627472
260803
67071
2193686
4354987
5704733
3448655
5567571
2717347
5349243
2848982
2472497
3667447
5520033
8028509
9759008
6106447
3039351
7010335
9482106
5698611
9935375
3476778
1594959
4440321
4486758
9732573
7956607
6976120
4361388
641561
1926289
5878509
9083612
2966374
5703662
9143539
5250379
1924476
7591097
9983965
7413389
6860393
8602249
3754992
8693034
2594958
95023
5604921
900651
7182225
9961581
464635
6547510
5410352
9155446
1320682
4003926
2744084
7282224
7901155
6982633
8385965
2168742
8779125
3700785
7162452
1715241
1877894
746917
1617409
8095102
2178321
5192382
5550868
689604
2437868
2344843
159756
5469421
1313076
2028451
7625068
4019265
149837
5938309
2066087
7561283
9835057
364364
4348201
7014680
3944095
5967833
5278446
2431642
4909426
3132735
2714242
6550131
9690714
1132942
6615698
8692406
9295150
4391743
2232459
8417632
4037671
6856955
2045256
6207442
9999067
8676747
1412196
694686
4794983
5367766
8991038
2610357
2486063
9835298
9991500
7525841
322442
5640333
3645165
7291559
3055555
4206833
3722801
5497680
5347659
7512188
4584609
1151496
2889830
4071686
9817596
1137946
9450599
2636547
358592
7211371
8511366
5234995
5717208
3472177
3263601
1030952
6004530
1761261
3672054
7897315
8085058
5478009
6638854
3174555
8429343
6633721
3489915
2958534
5929827
4106921
8907947
8928656
8133167
3705230
8636013
8073192
3090056
4464548
3418290
5451426
7682446
862848
9216342
6220989
8661654
2969112
9853419
4711771
9197584
4483163
9758019
7718396
4049422
8008850
3708490
8757945
9226462
5752455
6095051
7417015
3390146
9003544
3485273
4194074
7500227
7556821
4399383
957790
2116866
5863921
8448860
7472668
5961356
8943488
8456489
4297377
4448936
3851537
3061298
5855801
3717816
8033580
7110027
1805558
9006618
5381268
4394183
1568334
8295129
3534939
2464219
7254464
3127282
8426640
7641487
8719612
417489
4642639
8660028
5396262
4255842
3098002
7210190
6607068
2838634
9092597
9367757
289698
567630
3898001
4011074
9526853
9683448
1852203
4889656
5292335
6217335
7120915
9968515
6005593
3511806
6223233
8932946
2464649
4170941
5685741
9372646
4285844
5343567
123239
1614104
1748572
748568
6570391
4165534
5433137
3634406
2183008
5094292
2019142
3797656
6705234
2757846
7103086
264635
5786069
3011691
4321889
6484822
8131752
9897390
3302971
8035480
4615799
6373389
1893445
7836198
1277129
8806244
4281121
5094970
5582649
9427374
3776874
6293527
3885477
3871999
2160501
6383340
6370745
4414977
2185032
6002571
6889230
4381745
4230572
7907960
2922482
1151371
3933126
2957969
5553697
6501980
9041607
8008970
8188402
9773642
5833125
8567586
9883807
3343824
3427801
9933312
7899598
1703741
8700877
6191779
8065456
9693837
6310995
5923393
8094905
1010391
7614778
7877570
1500504
5435984
8968602
4056699
468590
4383815
2560361
5264853
6571136
4116802
362874
239116
4683756
4928419
8840083
1827348
9273618
8010906
8046896
7489518
4829473
9502302
1489669
5857425
879062
2966351
7469780
1016949
4150150
269308
2174151
7921425
6119045
5127297
9949621
2580042
6480866
3046735
2308931
6737327
4508346
4011035
8947504
2379675
6930188
8499470
3517650
3330915
659470
9424121
6343653
5062802
7527136
2574086
4281497
2981557
7808793
3815272
4323318
4140452
4941778
7708661
4250472
2498488
9106722
9439830
1084185
8875508
9915549
9092391
8413127
7128843
203480
8373679
2097206
8413767
6585014
2031474
6648532
5972839
332648
6379512
1843550
6704057
5249758
1413483
7371932
6946664
2619071
890781
2871377
8918034
7268170
4354321
9729372
6109178
2616849
2861545
8179477
774187
8962281
6667584
1800723
7441373
870777
9639
3437907
1039818
4770749
9165170
8944742
126777
8409852
8771386
4947666
3170687
208231
5899289
1343276
7170238
877916
1352616
220509
9682538
1728948
3607802
6640469
4593438
8784887
5616905
4805817
102684
8531550
6757077
7841839
8074389
6271707
8341894
7054053
6154021
2438209
9474545
5757259
3770812
4785899
4188259
9308922
5575103
9982684
5944551
3450066
6397733
4663543
6025151
7280704
9918100
4769532
5587658
1085386
3284177
1100797
8762033
2991161
3572657
4302696
7834102
1520818
5508673
1720338
633067
5579137
3055404
4334760
9569047
271713
4229040
2212100
7263502
6792265
7479026
3977131
560223
483723
8790461
9505964
2521302
8434539
2311881
1568434
6075035
6952438
8882125
7942830
2605473
4572734
834627
5165357
643411
9338380
95571
1391498
712764
3767032
3603037
2881968
8265788
9453179
777893
1785630
2075662
2788530
3754419
3969268
3788880
8230391
6223535
1794412
7095966
2252347
7812423
3203278
1715623
4677099
2141520
4964304
5295831
2805245
9312450
2405648
4804548
9203644
611513
4432808
6133879
4587856
3070070
6656074
160550
5580029
1968006
1550581
1088071
4489422
5999433
8074841
1383885
5993354
8710085
3217187
1582213
1054249
3435636
3269221
8303135
6120383
8166369
8821424
1606457
5900521
4633438
9789684
9891448
608769
974931
8512558
1887989
2986933
496892
9812948
3953848
4549166
8621486
4112688
8552900
8670305
913935
224877
686947
3748112
9566211
2834057
6616085
6797750
5744825
9941154
983391
5580160
9518429
1177065
3524921
7285888
7084008
8151630
1214712
195618
7437435
1049367
6049035
1253803
7332477
9807261
2864512
4941946
1110996
857648
4635938
4204893
9666955
2656774
1201584
7324345
7045113
4954162
4464
4198586
7061103
1106954
3823769
5159448
2478037
871349
9023496
3400362
9787341
6030778
7836635
8687630
5695712
7206020
7302097
5117473
5196235
3238738
7584641
2635409
7057215
4623248
6391553
5458948
3643708
4736092
