102
338126
407414
430022
507984
374817
869601
617743
33771
444049
300416
646909
569749
1010071
137251
327554
370179
686987
74376
91998
530366
203408
876212
644727
399649
552477
847503
418553
109093
531380
158038
82503
554146
648984
512339
548705
319245
90797
713142
842969
222243
193837
111594
284694
526307
335530
485413
573028
256554
284970
182220
405997
794652
985387
282808
320856
471030
788146
153284
466694
517690
810497
20815
220399
633940
441139
442903
111169
1014932
819346
490862
507023
216265
135797
553463
157567
467965
184311
219232
746080
467814
970291
196378
287650
434646
393332
946509
424124
307799
876375
760420
450845
739379
292036
875532
526632
769487
401003
815408
98551
625900
945420
68809
