123
282635
20544
623687
1172902
676642
213150
1093742
841157
115357
555713
842981
1224082
422294
1139848
998791
800726
322381
517442
168638
263479
15807
970688
562017
518888
1026930
6194
265281
361732
1050900
431086
327686
355951
419386
655457
805765
1153634
1054977
1099753
467804
152676
400025
921520
420141
734624
731484
14837
1116536
270727
563576
669522
701650
1060111
711509
834104
425429
775230
1217819
36062
578221
297540
750917
1044729
334880
1050876
415724
1465
1023463
791872
540846
823681
990109
261749
1140440
490101
405327
685753
938864
898643
332119
1037621
1142394
36716
274500
907249
683446
120683
62577
1085151
532850
255508
95806
489752
527887
215293
7400
904104
1094681
798216
702201
819023
281533
514501
574699
748353
828925
683508
202319
1203576
641929
182603
718684
208078
1170727
107356
903724
590068
468085
692548
1185428
647113
981759
1143506
567426
