143
696845
237086
893829
176510
1068037
1300893
19846
93126
947524
891280
662592
1021727
644162
1028428
561252
1037079
1046234
946052
1217228
490776
359306
443812
427102
1396941
701666
1373535
240615
605154
814040
182046
663577
950768
269733
1299690
186960
1242195
1419249
92513
463947
1275665
817879
9015
265260
1228409
1325658
400112
8477
1316844
85526
464992
1419135
1194758
1186881
50203
304255
1012735
682405
826889
1372728
119887
976044
96292
244889
263794
522045
785640
1074394
312512
122889
1180319
127239
914688
1324812
1236437
936567
408593
414663
29730
1036130
1335900
1188304
1141704
793186
1353024
1122690
1302403
385885
1092472
1092440
349332
1400727
980704
158866
997226
73357
67620
1216785
736772
1204404
250391
1358125
609042
239038
311214
178457
1006652
875396
659049
560093
777981
139610
648546
1293178
1048488
1300080
903721
617949
964879
572618
1424146
1062340
774276
1312116
437655
92618
1245002
375766
1356690
311738
1032335
1254581
162855
7052
180487
97615
680916
330530
1362390
112179
1134062
371748
84778
789912
