164
1432593
384535
1268344
734709
1591682
976941
411039
1006035
199261
221575
1437126
766743
611332
158343
844147
422255
1252470
1316171
385950
44252
593059
1589580
220943
63220
211888
662238
350565
1537074
757950
1338370
1555983
649494
1590145
508792
1617662
1304286
615208
1504891
437521
1099277
912570
996843
203174
578958
1320717
77798
58081
1098987
73460
860210
1543377
610913
291673
675355
977953
1210086
1622793
151387
324525
1131288
701831
226704
1256802
276748
175612
826227
74491
848993
427739
545405
1117523
321922
604408
1056380
1313339
1522284
256347
1450355
415057
1596841
792974
1440900
1360498
1322201
567170
68972
70033
184786
973085
1443519
1427735
1497355
1351130
1512929
1110725
1346730
681762
506788
732167
578230
1410899
250522
1112216
1174108
1516181
400604
1309244
650885
393173
1186138
1180713
1208588
1382992
155441
1236727
639676
1298461
867008
1455523
845957
32883
782524
355771
339298
1544820
579901
596896
436677
1063632
582982
1296389
419720
1168522
1561624
1093558
57433
735041
764445
993248
1559306
547715
1622758
487261
629592
541632
1523260
438036
1442863
334454
643359
1108080
22701
1153884
1112740
1213248
884418
626416
1499256
1324040
240283
897442
485785
1275953
843350
