184
346230
1817088
122667
959148
1079433
791341
422563
146876
1751090
933054
1813156
730639
745331
1001047
504980
1452803
171879
1458133
1814804
645686
902229
549804
538044
985597
1207649
522082
1488977
207059
1486776
1380001
1745872
1239589
75717
1110096
1618960
695510
522186
64038
801793
281488
1110267
1484529
1070240
172203
1293519
1053034
69902
1182355
1041444
287387
861122
1459780
1402940
1496571
1196174
649271
286856
1074545
621373
913125
349661
567418
420109
465119
557286
1387470
270267
1020006
934889
1253228
1507814
842370
314026
1233568
967829
761182
237359
1819538
193966
955931
464220
1034783
592182
1794027
1028697
1801894
557104
249101
1349042
995828
160734
754131
36527
499794
119330
649274
340446
1528174
1541479
1554265
1242344
1515136
178584
1209508
1531074
1647216
1551860
80694
354672
589887
1521520
335952
352880
369201
425903
1513007
1163779
1668606
689251
680270
1405849
716521
1580448
1211206
694
48795
787982
634821
1252488
428353
1580305
1502308
1682564
1342990
72111
1008373
571314
934167
354612
338441
103685
307301
1288429
853505
1730231
1660683
397698
1254390
443667
937794
136904
764021
484208
1550441
885297
952148
484317
534416
1179656
536153
619161
1207872
1236661
914155
1029903
26554
1175271
1395707
1604678
439272
565881
1206210
521761
1575966
546390
574128
6776
812136
1640609
979459
636972
71215
582627
281877
