204
121947
707519
539130
1042670
1647391
333633
9065
670906
736420
1698304
686909
819888
989174
887182
1917514
1408751
1151329
176162
22786
819456
1247948
696597
1567541
486624
1433628
1730764
1791431
2005478
1180409
42569
1432032
1357108
619874
875146
885943
458328
887991
664093
3707
1171321
1792754
1490585
332602
1081053
97749
1410700
1542602
1798482
972499
299278
728708
1773635
1500739
1257592
488724
1060250
1829397
489054
106293
1217224
344437
464421
920732
1729286
1086347
1373338
1367177
1236957
1006224
1537175
1641066
1621550
1466216
1489013
812774
1610827
1711693
1458877
373421
1374920
944183
873966
1884229
500544
418997
208425
2018897
154802
1001041
1650915
1354631
1007076
1440946
387736
1270870
1356778
982795
252822
494959
778939
990373
358391
956041
616349
1441474
154219
251308
541874
1439743
922214
148060
1115640
1973034
355771
40514
1622394
333150
372610
1716978
20849
369749
604199
988013
749827
496434
1268090
912265
502932
1581684
532789
14731
1495189
1784458
1629640
1664231
186447
80956
978106
207404
1910399
1009159
971986
382677
1437353
1001497
937984
2015764
812505
301941
490152
105596
1990094
1742342
593130
1384945
509460
1515057
383191
352228
1375752
135567
470132
202390
534597
1511501
1355324
1495221
813671
1950707
1234314
779675
687969
686404
714397
1007844
976363
973680
861671
1924613
1544128
537210
1444598
1753307
1511937
1150181
243967
1776502
949952
2029020
1100080
1782082
1899496
1239547
1608542
1269844
1156154
343633
198661
557924
1432706
1971664
618401
547332
433813
