245
1459123
2156224
1065267
1532291
1146699
1652212
924083
401064
1222017
112193
1429431
2083365
1644094
20453
120885
806617
390391
2441973
1482756
1127930
1182967
1000176
2267201
1632406
710967
1025771
2381278
1420
433381
1051797
2413085
914827
2006171
850029
447225
1063880
2323842
1041526
1398062
29701
1552474
71867
2109476
1306520
2154853
2200526
2245504
422802
1121365
978144
1797505
1331222
662280
826829
289113
540416
2045037
981361
588454
454468
245474
1816986
254796
274760
2231325
1137604
741035
741097
1804712
633926
567813
1501527
1846305
1011072
1079491
738376
707220
1992596
2365668
464836
368684
827107
1232080
976572
1101958
1110135
532994
1649191
353914
1751835
832236
1704001
1794591
1773649
1296710
2316053
2018848
900253
719234
1279280
2129758
1080521
1765272
1980743
166511
172576
429600
641566
1877519
1638313
371549
2265263
569937
885842
1424253
2974
1458400
962319
208659
64462
330947
833762
172106
1548252
2301696
1963480
1898783
950930
1180601
1153349
1515398
1813022
1461657
1870818
1272124
284703
1662274
1583131
1743455
1213218
1398152
765233
2348953
360211
2119251
2437939
2351522
1776475
1270185
1014805
37425
334636
949779
2094699
1516105
262864
224560
2209914
1860052
544571
2200405
454727
1074001
1432468
1680370
222089
840556
154798
734759
1014029
928484
511485
1666554
1753800
1632282
1261676
1974856
1074224
348120
2115480
1665660
880574
772564
946380
1418086
1284920
35027
348403
1565326
1854426
2056238
1267144
2017490
655549
1557520
346074
2116739
1298020
2309420
2065789
806250
2115507
826717
791729
1837952
1956693
2091680
1332944
2338203
672973
2102590
1434968
706082
2292454
1014015
473672
633835
2424858
2040407
913932
1160197
715320
815879
905262
826902
967247
1156950
2052856
589002
1899368
1492406
956502
1317735
1946776
1697467
849101
2034560
1067279
1075415
763301
821239
838902
1807624
1788860
393584
