266
2653210
1858486
53536
891397
580947
2187603
1580645
2372474
1024457
100330
2170090
1498189
875647
182478
2329199
1084617
1038701
1130020
1815502
1967644
1429588
2368796
1952319
2009924
933712
354727
362107
2004350
1969220
415221
2025177
1606525
758842
1182676
988505
1015209
1032821
883364
209281
481719
1033831
465708
1563
2392982
1286386
2431054
2050186
1206621
1481475
958893
1874959
937988
1140970
768140
1117675
1083459
664844
582704
2188518
1396322
1890365
94016
380049
836641
1904681
156676
99412
2387099
822996
1187517
973784
715050
636287
2441529
1574160
2249466
213303
2117018
854910
2645755
406988
2245784
899694
2434611
2209995
850654
756264
1084529
2261906
2163967
2586977
618833
222999
475259
517119
1504103
462662
235402
1187656
910419
1148708
2328132
967775
1175225
1646610
2178061
2327648
2358101
1954042
2157424
680416
2477630
819197
2594555
514025
1835480
481802
607010
706225
263210
1867867
2104630
63369
2544352
1909434
594586
2068745
2358776
42338
1607615
1018992
243311
2110854
1850420
331760
1991426
281140
372892
1910012
2524867
1569678
304052
719946
2311925
1095683
629672
2218466
1945526
1338318
597142
488961
1121838
458820
485529
1593599
693438
1284689
547095
923949
1567813
2436152
2532092
1773061
1828875
1198298
216849
2401115
2152955
197167
2593561
263785
588945
2395222
1197489
1111183
1765891
2641466
2640713
2089436
315025
1833980
1152505
1556542
723662
2010896
2234954
1204122
1101700
1775821
189045
1349189
1349473
2146660
2063283
598370
1657672
338345
2330874
2505225
640240
1607213
333730
197110
1694939
762509
267587
2376890
1594859
2294350
2425783
204798
427359
1478419
437359
547345
907726
1229414
1516407
76188
1758221
728362
1991238
397475
555449
1124072
973329
2569477
1531357
438934
1463278
2624839
136738
1503806
616070
2385074
998928
627097
448021
867423
1528831
2256060
1637895
2457627
782682
138048
1852755
814512
1151383
1388313
376004
938358
800014
293488
805832
863984
1190640
1346986
372712
1055788
2537986
145400
129293
784466
2515845
694505
1561121
