286
703022
2261840
960814
1154608
316008
861850
24744
996360
88565
318958
1678963
2080029
2252565
303155
1217083
2360193
688928
1634577
1222474
806060
1759943
2099764
1443447
1014812
1743730
1018434
213809
1276364
93592
2062001
2478695
2404834
2717495
1175666
1182315
1673306
2687545
1916620
161018
1354359
1319967
2559609
2690171
1451462
2675322
2399631
369126
2126713
2829377
1926734
2213093
1753556
1218290
2584708
1884762
1354697
575309
1593610
1032020
2267043
2644831
1124806
1093123
1130560
2859453
978952
2596345
1395823
2512424
2499603
1656192
1649193
2132323
2808781
2167630
2856836
2447283
2769037
2125146
828715
2392212
891056
2818897
407141
2657100
1995599
1365265
390685
2429199
68181
2652301
1670190
2220196
2699709
1036527
2378546
2712747
946370
411431
1443058
192532
695193
2705627
252215
1210708
2793557
1203900
2589119
2101095
2405072
2756149
1418611
1490076
731768
1710669
594710
1912578
1983078
2060456
797543
745200
643250
1912644
500732
2309954
393291
880182
2154806
2285341
674401
1782738
361798
1068523
539322
2794634
1332547
2213131
2814711
2685737
1244712
1874571
2744057
489650
521185
806342
670893
107595
1104648
385431
1713927
553758
1273158
1677353
1277563
837866
1204443
914751
1153003
2019812
985836
1258011
2114943
421684
2512797
2839164
1664420
771110
571037
2540558
830378
373660
473077
294144
563507
2545505
1149365
882650
1007935
2777205
2283938
1681745
1427726
2476438
2667587
48817
102308
1094947
2661784
1267805
243555
368065
2394616
340738
1142028
893650
2706617
916460
1431332
208845
626519
922317
2048614
1362735
442717
2626557
2122259
1829111
2797450
2370302
565841
852677
751275
2174385
610115
2657925
2255156
71234
389569
940775
2713867
2517665
202722
748732
588131
1936970
2619712
2570849
1618799
285215
627950
2128585
885431
1016214
95975
2806717
1741205
1691190
110419
2250438
284908
2663364
1286905
1361345
51449
2567241
2128112
1334076
2255431
2725912
1068299
2153497
2676375
562790
1101960
2563392
666440
1121112
1849178
2150917
51401
1307681
1484238
1361223
1352164
1919080
2457959
2717461
2549868
1197889
2059167
1703180
2817750
974572
2267423
950573
2041236
2524602
2440683
748121
342775
10659
1828027
7670
1151964
1144091
612104
