306
2489758
1736587
2647028
200836
2752278
2996908
232768
1102978
148059
2813781
696262
1072332
1298180
677705
729630
1412539
444544
2582929
2381686
2559369
959872
41085
1914268
2236754
1423090
1075551
1434498
2825771
1181859
61970
290443
539010
2851510
1206007
1865414
1844256
1678567
417316
802283
182365
2361267
2951117
2953901
2090016
1466287
2228482
68034
523641
2111428
747961
1971848
334355
2500514
2040293
1099918
602605
2988032
1441801
2151480
58616
1183933
1917781
1889030
1474846
1531511
200216
1124541
1209998
411376
2584098
552099
468813
2010098
2002067
529738
1302170
1492680
1084411
2931919
1254989
641937
926915
1345403
696795
582742
98020
2719005
2968489
1385022
848029
2690146
333705
280521
1283762
1026246
916334
1585108
667927
1869167
1197874
1816298
1674699
723782
1031503
2586466
1130027
782440
1227220
1710593
1555896
2960681
1127519
440002
1261365
988983
1741164
2608693
1345522
2365033
2019174
2522063
840542
68084
2242218
2993637
1933230
1409633
33435
2393110
2542550
2775712
256012
93544
1357480
679414
2302071
2486740
2479316
2622076
1819598
575524
792090
2713673
53838
2316817
1426561
1507052
677271
2946087
3036820
2727468
400671
2364452
1142554
1542257
1012180
922928
764459
1986092
274761
2989679
2994565
909531
2342820
1206775
1519543
2362650
1496941
813672
2235866
1631389
2767817
40935
1412453
2910716
2446453
522130
1014737
509130
1036958
639969
1767256
681636
775259
2033891
381711
2497932
67059
1340264
1753904
1199225
1414622
358068
2631454
53202
2521898
2507094
3004214
1732916
2317051
2902370
1044543
583479
863949
2978171
1861437
1661021
550363
1164671
2176931
9880
3001382
1960473
1799144
1670919
1607419
1364006
2144539
973129
2894231
2538876
1395799
219015
2370270
515058
824631
3040692
2883437
2961141
513945
2432137
2752914
188089
653887
120218
1506920
583924
2141381
2952926
1921905
2665593
1799794
92985
2076112
810179
2799295
1294774
1584198
2467418
804092
2024851
430326
1879534
2183510
2559098
241160
2811975
576250
2228867
2069259
1656664
2924073
2631452
2009339
1266127
2358051
658417
2896045
1703124
405595
1718686
1576506
2777686
1488206
1855389
1387568
1219122
1337364
1943508
2604345
1716647
656565
414271
1151381
2760647
2604209
1833174
1856966
713047
537913
2385938
318596
1426017
2636841
378940
861429
1764386
2252555
1457605
1470740
404254
1190931
1957742
948043
1222940
2683705
