327
3045084
2586802
3080874
2497891
1689691
213794
2729836
1364033
2181105
2145425
1831381
1963860
958461
1923721
151567
1193530
1686028
1059679
406416
1595514
1182158
615842
3140088
2014851
2407632
2272983
2990003
2943957
610448
2437547
1837097
1552665
2174213
1144396
3233762
452321
2388588
336623
1239602
1257746
1602953
1036885
2814732
2057231
1556824
2735751
514956
2767498
1307076
2007557
972181
3165664
2320048
2822867
1740401
2135647
1901345
2531281
1284432
2703940
928138
3242964
1269904
983463
1452587
3022111
30840
1862823
820462
47437
835833
2558525
2245582
2119236
3232063
2604609
523239
3200221
2894318
2163031
10485
2679426
2808326
1259577
1682123
849194
1338965
2426856
1502880
3027428
451468
1318919
2326744
807706
919416
423653
683761
280158
3171901
383362
1763972
3048898
1839701
3037031
1459470
2587417
3091468
874932
616338
884513
52345
2936556
2148392
2791037
1346647
380018
1944914
2568295
257747
693665
1584726
2204511
529394
477698
910947
1241727
2614843
1606861
1963974
1409633
2768477
634934
2588468
3023790
1682938
1921945
852866
1960625
2099838
901675
3018879
1596885
975400
1643625
2172186
3056538
1614132
2404598
1922776
3170193
287947
381785
988505
2046638
3005255
2145466
2583861
2323735
627067
1468916
515517
2911939
295742
940175
2709145
2121760
1978550
291364
1853817
1877817
139742
243871
2798164
962148
3074518
920208
1787585
278704
1221427
1908365
899266
145117
2474285
181017
3212863
1819091
2980237
3053592
473137
643596
2877603
2017250
179994
1583160
454558
2920026
673589
3096315
2820468
296035
1329238
2458282
648297
3011229
2573763
2285801
2346667
1355260
1974370
2460864
878245
1184521
3026596
2420000
1283860
1371927
3174700
952994
198326
1004523
2933563
2276463
2884296
2755642
2370254
3480
775355
2124177
1845882
968497
2784261
1201858
2892194
1805017
675192
2142780
1928385
892335
1432853
71359
2803034
3144104
2282559
2677595
1056750
1836440
1704682
21344
2088867
85792
27299
1377669
2501377
2850234
1333261
1924310
3148057
996725
826013
637656
984281
2515599
753773
3149668
312486
1970995
1705125
1290141
1255859
3106513
2038363
2536764
2508997
1077719
2021164
482736
2554485
945771
1934528
2376895
2834296
1178597
1540129
97849
1841727
2740759
2464804
3176166
2543592
89203
2771649
1774979
2033441
1799997
2593999
1283139
430509
1242088
1450390
1941160
3227792
1137357
1208345
2119353
2159951
3139553
2078037
3003541
1128657
3105012
2780442
2225637
1174013
34147
1919728
1738984
2245520
110892
1306734
2365116
1876903
3233734
2845680
778301
2485832
35118
2423237
