347
3042540
1231457
1438632
1000441
1809002
2041593
1025611
525374
756900
3117342
2673932
2220116
1275218
2460386
3174670
2863535
2497352
117824
2834884
2861282
746978
1800664
2173853
1993737
556392
927951
2839627
3388930
2424531
647798
519960
720624
2618207
596109
1804845
2744648
2138013
2853716
842204
628151
493083
1861404
687602
3110369
424024
2354545
379279
2408404
2541898
635940
2456079
335732
1072322
539135
2742196
1538191
932456
49652
1547979
1811896
511797
259127
316987
2318130
2273095
2650853
1077752
3233212
926373
1890012
1482329
1115520
1072803
3158180
3225511
427575
3215012
147215
2149635
1254927
3070425
410046
773267
1717261
2222285
2631232
1008995
3349565
3179296
1345248
2625117
2390579
3434239
1212887
1924799
3407409
453103
1924488
2881455
2644890
2277919
1863994
2048850
2308017
2462797
918116
806314
444469
3394599
3055482
326225
1342148
3028087
2209848
3441160
1863235
2995091
2385757
2970008
2110066
1468232
681724
2936608
328020
3308477
667476
1736318
1581870
1039222
239342
3128800
152883
1020426
1809290
3332919
3238556
2627345
46008
3108292
596985
1462718
2465012
622383
3311132
1571413
3352182
2917705
346806
2229317
3212253
2150120
1987019
6779
1715732
2934960
3326547
660621
162129
2172915
1272560
3093331
2607207
646405
2644653
242885
2648921
149291
2910002
118890
2231038
290955
2628325
393390
1736862
684923
2243701
2154339
1946475
1779544
971837
3219383
1103336
872937
1061078
1876350
3113901
2649471
1053338
2843912
1772956
1974684
3022060
2184220
1682422
1613547
2866541
223409
775520
1957442
440960
1244806
1632232
589738
400303
1947844
1950919
55968
2766373
1140322
1352614
447346
3062157
3089987
2734968
863965
2659930
138937
1108056
2370541
887501
399662
893338
317207
9957
2726356
2607213
609545
152521
671730
1074888
3358071
1658552
2240352
3228137
541247
3024888
1566289
311121
1308032
2232524
1259695
115819
2835505
1699543
3315017
3063672
1673440
3283563
1442747
1285076
865344
2224515
2776221
667276
1160206
2417566
2813674
2031138
2662908
1673522
457972
1277834
243481
1347175
898936
2380462
2706072
224341
2806322
1068778
139386
2635164
2914830
2960381
1093725
468682
1481109
535301
832454
2207342
1243296
333717
3220912
653300
556790
2997434
1082325
3150188
493286
139092
2616344
1404059
1342993
2123849
531985
2213617
3356654
147223
2132238
3046471
1625489
2010088
2570066
2516166
1749856
578033
3451010
3233065
3348665
807747
313559
2594353
1672109
1919856
1156446
3224983
1564194
2237345
2598225
500766
1695856
3006965
2953509
757744
1870262
3014664
476368
2617190
2558331
1485218
2482628
631099
422552
345140
2301693
2286201
1999045
3323465
2354164
2248414
1071676
2454815
2713716
2135947
3280410
1373983
2332900
