367
2509740
3480520
1816582
627503
2549672
3441203
2119798
78847
1070169
1852070
1349083
1401859
3028
817915
619752
115414
2471350
2187052
1354788
1322943
430229
3508897
137837
402671
3262656
3061187
2966083
1625622
655521
3359619
1275638
1444299
1643896
2093527
1509529
2810462
78254
337430
1526581
1401240
432264
1521814
2584504
716151
1943952
2038407
2765711
1131549
1049121
839297
870411
1221638
1846389
50059
3263355
2985817
2936349
3023086
2944696
1801099
1445962
2666902
2944368
764126
3197430
381675
580328
379850
1731132
1847860
2598987
734568
1967315
826206
1339972
1548991
3153457
365524
3239599
253955
1133935
590908
1418499
2991736
1328102
1385836
1984639
3478800
1369888
436939
505268
631483
1373114
2955690
41342
2824803
893202
2555966
750453
3267710
1832246
46549
2499699
1554160
61021
556576
524694
474402
3626698
2418069
1696607
342032
826332
2507082
862112
2888819
816794
1542559
95353
2738101
3592657
3630280
808196
2569507
123550
1512479
499227
2103769
21081
1560547
1688928
2257929
1650585
86699
2612253
1721594
858855
3353577
3367419
2262200
1771261
1428559
1577864
2853583
1375296
1861707
1494992
2103124
2463460
1114106
1420355
3656576
534025
2215625
1097335
918895
922464
3066077
1108244
3172035
2806847
3539241
2850683
1513223
1865531
2786397
117643
762607
3364801
1636418
898028
2755961
906376
1474508
1088378
35349
476103
965086
1445541
937246
1974717
2875381
3205648
2214276
524519
334075
2131931
1038244
1657978
2260112
347747
2907
3483723
2284051
363765
2699622
2023020
2766650
932116
258675
1154921
297266
1292226
2738601
547264
664167
1799536
809458
2987238
3342807
1006317
135611
2340220
2271540
2178567
2898009
1630071
827405
1644595
2565961
658445
1572272
1521657
781616
1292472
1237019
2312520
1910707
1351749
1892173
2536747
3071462
2018828
841821
1480722
3618752
2325139
745853
445186
1228658
2658152
1173312
2183343
2736267
867856
286493
2405412
3148333
605826
3634429
2346410
2726776
2298961
2341595
2423311
1087627
1847521
2718488
389949
1827566
400071
3099637
463151
2953642
1880983
1246266
1980646
1031572
3359019
1742785
945229
922434
1803535
116448
535999
924130
1753639
775525
976300
3260566
1529
3419040
2799505
90985
1126137
663484
701531
630585
591205
1402817
3275896
2768180
3122593
2994697
2102739
2757211
1788230
3611129
2401749
311609
615994
3385852
2378849
3078484
1542464
2793116
45635
2385544
1422366
443606
999856
1794898
245003
790553
1966953
704196
869484
2170311
2146898
1472364
291074
3099925
1787321
3486397
1575727
3366193
945462
2564445
2969101
3216161
2043989
270686
3082281
2725218
3382385
35032
3643252
1383294
3141086
2427067
3101641
1597155
1214183
2153743
788741
2979870
2818955
217560
108374
1067557
253610
2903803
2019517
1217727
3210347
2669716
123107
957656
2445484
3262878
1792777
395109
3202169
3022993
3041601
2606113
3000798
