388
3571970
761224
1157360
2320448
3261047
1683927
1513295
3175123
3258871
3685773
3759277
242830
298685
686722
2286591
1299554
2308885
209162
3796026
1962315
1907698
2525190
161675
2111524
2332011
2146025
1018540
2980591
2789330
1109457
3760348
3831930
2302962
2496984
174500
3104017
1458708
1329960
3608856
863399
3396672
638805
173849
3055625
527487
2818814
3078672
1795175
641327
3858028
727862
843807
1947596
1146580
1793885
2596828
3625220
2231254
668510
625306
207663
3652553
1159769
2875932
765689
990585
269424
2552808
1043045
90837
2618533
2411786
822820
3434598
3068566
2336415
809398
2253312
2622768
2099913
811475
537673
1435787
1742944
2679441
1648277
3178719
2614308
2512419
2802069
3331949
831021
1198146
3787701
1851164
809083
3591766
3604195
2780917
719024
1771861
1384160
2756081
101327
840280
2610569
1455771
2187459
2565779
2920809
266973
3295300
395329
986241
3113279
2370269
2582652
3382670
3297248
255703
3869794
218598
2367964
3814104
2844233
684816
2513125
109852
1247327
2275673
3332503
3450281
2515240
1977999
3619545
2987076
633155
1789160
2788068
1609672
1416373
3061849
2923306
3185217
3829071
611520
2845727
403756
1813003
400398
414795
1408410
577431
492709
3677940
2432404
822322
272928
240556
353686
2780713
2950066
1467422
2768297
472464
3088642
1883406
1100847
2077783
842276
709863
2698430
1420592
2011458
3669575
583780
2810117
1510681
580900
3284553
2166878
2916785
1720616
2523440
2944385
35876
2351750
1328530
1263878
2292022
140353
497155
2972288
3025028
2866406
2601497
175323
2131456
3096993
827118
2700599
913207
737388
3303629
2760254
2277879
3135621
2480386
1370063
2938962
2879992
68657
1745949
1791740
1470916
2735641
2649097
2549211
3763317
1519721
3522865
159759
3139536
3005613
1472001
1209432
1244729
1408737
2653970
346707
3764030
3160143
3804170
3567775
3247086
835866
2016134
3761586
3363487
1584174
2825313
621658
264568
1224806
921725
3148468
1780375
257941
290741
715755
3347327
797440
1873502
2191994
806970
1709149
3064722
3530496
1762021
1458750
2565279
906745
2826095
2027472
1534332
1048192
1118786
3546649
2914028
2850530
3630054
2020630
2224020
2863384
422552
1137738
1616511
2308754
434216
475446
2222959
2506340
1452469
896981
1487463
2940434
3336579
3145686
3574523
1598382
520303
1415317
1026249
1064976
3214862
3090770
264846
89123
1906925
1351610
993349
1734567
407452
3827777
2212579
413442
3464901
3668471
3187409
3576785
1463915
2639282
3526692
288546
246587
1364906
1687095
2800918
2920826
32417
3406116
2256763
1849109
541088
994145
3296757
2276119
76097
112653
953210
796633
1580385
1897609
3002485
2822740
468128
557272
1552789
2309023
2742891
1244952
3137964
2069401
3531009
3587584
1569380
1977163
1163857
1529983
96327
2093252
3774241
3427559
3099901
2496610
1659367
2367637
1177703
2875362
1873110
6052
1002053
2097847
2333636
927847
3641017
2767696
3506986
3061789
1676656
1647520
766797
3466878
3808584
3862975
2351774
24082
3853436
470210
3231995
1455553
3554799
3250903
682138
2609381
2009564
3582913
2467371
