408
2559784
2912338
782840
1923603
1853657
3489173
671905
1152872
2249697
1306514
1573799
1877876
2729682
2093618
198249
998812
2877834
3626180
615230
344933
3701981
3839447
2438089
1768075
392543
808070
2690094
1762207
755706
1878318
2167557
2861940
5064
2621807
3212978
906836
1403913
2890683
3180408
1549166
1354220
1195104
3951400
2159036
3653458
645358
2223601
3711827
3437945
1082523
4013091
2336791
2966355
2554188
4045455
2555710
2897287
2563939
3900477
196336
1550774
2793424
1084447
1627108
275475
1394558
2730485
2530829
533190
728989
2461363
97087
2101673
1371959
790015
886196
1038161
3000007
3854718
3196008
2428660
708712
1952228
1971187
3894563
3707472
3512797
2544445
229533
2442743
2021328
122935
1839435
1779466
2694649
2065650
2955117
3959768
3690696
2789007
2488454
2895767
117763
2939605
1202945
1138595
571751
3408440
3022386
3739145
3140163
965374
3597537
60676
481669
2345980
3750811
3175959
1641904
1257586
2878390
3547142
390051
2662650
2471075
2223428
3274640
3572266
2122957
2807387
3119871
3216242
794007
3524818
3428589
2630844
2893853
3041412
147049
1765667
1600654
3325262
3072961
3005172
2829758
3534914
582131
1861231
2759457
1507487
2703061
3091573
1146304
2223135
2060254
3256974
3354618
2926994
1172602
3967569
1885855
3467979
256046
107952
1123774
684680
3496480
3216756
1631728
3822543
2314125
2486344
2683322
1034998
2731516
3029135
3551772
1353317
1401094
1623948
3166116
161984
214845
594808
569538
2671495
1961591
954305
3817033
38560
2814450
1568777
2338214
695110
2017920
2441068
2679011
1543121
307792
3231758
607920
451569
3405361
650612
3639134
3929239
975427
2046489
2096534
2084064
1702448
371562
2312994
554932
2466974
2756392
1455181
3648477
1759716
2183074
2898837
1369298
2135335
1638354
1213684
1822460
1350601
3392921
348011
1337530
331761
1826933
3481434
2760421
3694827
3056710
2058720
664379
3435368
1973770
2734323
1990200
3106884
878910
1476316
187870
1486829
1244110
568649
3434852
1106391
4077342
1564083
2622419
1762176
2896889
211355
3704942
2904692
1660785
3417769
1992816
126435
2310074
3416423
3918577
1224968
1674346
494506
1389573
784290
1565442
1295936
2021083
95699
412985
2914380
36309
929588
1233713
596958
1654294
1533037
2952151
1351380
2620418
3164713
2625003
2554673
211951
1753869
1337630
144879
3016378
1633423
3474916
3312249
3665350
3107950
1785306
1792560
3979427
1851406
3779320
683914
1473282
157323
3824695
978655
2338169
3850112
2403132
3607590
1704872
1840257
1215740
764943
1363327
1822074
2505792
33028
871917
4041457
3125815
2541498
376756
304369
3795006
3924222
1653944
3870717
693285
273054
674694
1020690
2598088
386632
160364
159881
2624185
2887964
3395202
1023182
3115948
3098200
885663
2712321
3208709
3538701
3581680
2184928
575275
3180350
942578
824726
500470
3064964
725559
1018060
1840286
294215
2980929
3370390
1796671
2467836
3585766
529851
1526459
1303124
2979659
1240039
2936785
986266
3005326
2780294
899025
2964893
3431379
365296
2837385
599883
1632055
1482024
1440507
3066970
1057795
66264
1169059
1627085
929815
343309
3216429
1064661
4076698
1444908
1391809
1198420
3758103
180339
1718599
3191533
2508928
484151
3164116
1879320
2616622
3707134
412907
