429
1348028
3282611
992699
2929841
3960389
1188211
988359
2459451
2715509
4179491
4149770
432585
208337
1236539
3274244
1793432
1512825
1585899
628909
2087331
1334421
1281947
1744241
3009983
2803661
899744
2339942
1160263
1197703
1888471
3040302
2351581
3293128
3292729
529790
3974939
3635685
3368728
4145254
3084782
3280650
4013688
3519597
324384
643294
900411
1572597
3077501
2364171
1991214
2845027
4239504
154221
616195
2979526
797580
2322402
1672320
856814
4041564
3841434
3922318
3537356
2320274
3449163
817008
797380
951928
2491649
2081637
1835364
2140727
1308029
2768422
690335
2055193
3572905
3328854
650436
3824017
2931605
1860799
3439930
1690714
4115224
3037342
2793128
4120143
1507447
2978676
993571
2593500
1057658
685996
3044517
3114308
2377270
2632822
3555074
3385593
844700
3566411
2406166
97348
731499
1715372
126573
2846386
3840639
856133
1344948
860423
1494317
3341138
3802159
4156760
2785698
843072
718415
2227933
1424606
1580552
2954921
765580
527805
868515
2372107
703044
1181518
3662052
1243522
1889771
945413
4041852
3153656
2971800
1103259
3170241
987663
1222938
2592115
3446649
4092927
4022231
2853634
5234
2988016
752690
2936477
1069013
3687023
3162865
3241036
1899004
3010303
1426947
3461801
1904869
2180954
2927233
3886516
1621535
4245620
3129089
3764710
1792108
1035008
4223980
4252382
132803
1705486
3855991
1339380
1763854
3073773
3802551
990213
2109192
1858462
2965068
3150266
147777
3666998
1033855
3976239
3807212
172158
292962
4200827
2651713
969349
3717350
2954218
1546711
2365344
564784
2096014
2136439
3670016
1049612
266341
3969744
1469308
550839
1079911
206267
1001206
2559867
3976526
1113523
2920875
1556314
3779267
142156
1921152
4216623
2937082
2971227
1521853
459891
723965
3601396
3244855
450925
2756174
4256931
1450385
1497835
588202
920600
2371830
461813
939777
2120485
1684881
2135000
1996173
1135053
736539
1366310
494549
819046
2220810
2417871
3912890
1901399
2043015
498827
3719693
2773758
4220731
1031586
3808441
1574496
1558213
3233441
1491668
3184046
1221218
964301
1436686
1500912
2798913
1611201
3569865
3406261
4160091
2343350
2745079
498688
2327416
3826644
1712587
2462611
3675187
2910391
2676479
2587172
952682
2275578
3331836
3283947
3342938
3581995
304670
2651670
1868955
2783331
1168770
2248366
269498
1674502
1913691
1652351
441915
3400300
2976472
1384244
2325754
3145035
2353822
4279904
423107
1605859
2512771
3618294
615673
4123314
1301623
1560956
2143796
746280
3751620
1262917
1628748
370609
317073
110522
3676243
3831433
1049401
3263917
1899164
2835872
1411264
3094961
591772
4098872
2592224
2219790
3337078
1909367
3961431
1906269
3131822
3704299
1948131
3329896
3300204
490830
2940878
1047588
913675
1282099
1324951
2678186
651637
835779
3421697
2414462
3165329
814888
403909
4098619
905835
1061492
191331
3456614
1036212
844928
3663011
2468677
3164035
1046234
3470523
1615198
892975
1384156
2507357
340049
3735656
2578124
1332655
2708917
286841
754664
3993944
2133824
1830576
2678274
2624296
1140311
1663751
915726
3979431
2815723
3778593
2156559
3654263
982798
2415884
4168495
2648321
2190051
2221302
1084435
4106279
834884
3312225
1338477
3618839
500983
373991
1948823
2824147
808709
3040051
2257678
3255598
973140
349889
2250485
1694392
2602519
3217081
1048554
1962990
106469
2391464
1669912
3988721
6126
2173870
3468070
4257512
2841015
2483646
2506084
3505369
