449
2746307
822316
2145537
885731
3763052
312203
3915924
3313596
3045378
4149992
2910465
4147752
1438730
1459055
3929685
571941
1359325
526181
4257731
1978366
371921
4148672
2097596
2925294
3399948
4331082
1782221
974537
3756743
487716
2966984
701769
3532353
2291328
2789400
1905146
558135
4198782
3584203
2995296
4460448
694139
4118700
2675430
2465577
3975724
894457
3249001
2164586
2343094
2525635
4062568
2333783
3702243
809353
1002942
3775802
348172
46812
1426555
1271273
634504
3581641
3003382
2537226
82638
1257752
1721047
3653783
1429506
2230537
13436
3666205
2302530
4483011
1671980
1899607
2115327
4434583
2262585
2057330
1181665
3147118
934617
1143950
1040875
1853668
2772932
1788763
4126981
3884152
3597304
1160695
1010825
1419564
2857867
4237668
2245324
1290760
1520684
332144
4342726
3065843
2092065
1789975
1855537
1860011
740299
549169
253041
4202296
82787
4479559
3041000
102565
2668036
3734206
2033461
3493281
2962176
1163010
1045143
776381
4087339
4259249
1044918
747998
1441999
624694
511149
2079104
3727943
3414293
1996342
3487307
4195156
167999
1556
832808
1114984
2540179
3471312
3996543
2169592
3830101
2452815
1044440
2242812
4224312
3750791
3243756
1563147
3004673
1155623
2469081
3037540
4117391
1946883
2293148
1273170
2931621
3808991
2912571
2572801
1521712
48520
2830905
1399106
1211164
2839281
1411250
106815
3158527
3172171
3599646
1290707
161447
1941519
1394122
4040442
1722697
258983
4098228
47333
983462
1271494
794417
2471325
2566798
1347467
255918
2819206
2002128
434536
1106904
3419022
2393840
3049758
46207
1302054
1724800
1457562
1757058
710029
2993182
1995699
4319766
1516063
574867
121425
1987928
4181306
4238101
2681177
1811703
3546406
1761683
729226
857109
1249251
2854990
943996
3434459
3847128
1697428
644699
822852
2767754
4112948
2287538
3789500
2751553
3295365
1722812
3958231
1767517
1050983
1722459
4419138
3455147
2938314
956376
2907021
3164496
2271509
1521623
224455
166760
1537315
1248522
2344010
2483087
3228355
4008432
3706851
2043950
3074931
1435359
1621800
2290039
2805316
3485555
4258134
1412342
721093
180270
1901725
4341756
2797272
3102311
2298529
287447
3839221
2606841
3130413
1376995
4072539
3577819
1527347
556007
1423590
79199
3878925
1609533
2234260
1480545
2320916
2799547
1276642
1513128
524399
3692893
1828328
3746045
2410591
4124187
4373606
3833338
730972
4120649
3030799
4334273
2460615
1937156
1068877
1728493
3654492
442982
1044243
126578
4210047
4167136
3375665
940110
1967885
342766
3075293
892994
2276023
1806460
566534
4488505
3872964
2142278
3809063
3395381
1823746
2725574
684981
1338703
3200784
76951
588875
347109
4349552
3806145
3394882
1901359
442555
3086861
3350299
2416360
4156137
929868
2164538
3356129
722816
922171
2473110
3941336
3578934
2613570
3577129
1442333
3791486
985987
3249121
2000170
4054043
1103517
3117447
2533025
900658
314854
3827170
2162384
1645947
2132087
3761520
3645739
1205038
3778237
1874516
2618373
3873344
271028
3701361
935599
3538761
1446058
4437074
2009797
2439803
816116
2345244
705687
3383108
3336048
4049502
3311137
1211806
3224684
3711757
2217315
1209818
4239799
1272164
782321
1916457
627037
2928068
2813041
4188478
792247
2602705
2812707
4038158
2695601
3040209
1837108
1388161
1491209
170744
3328372
691944
1458633
4455037
2702379
3535642
2511363
3235836
2382820
1500684
1995795
296378
2345265
3691050
1196113
1753644
3865478
450450
323430
1130552
1348833
3056043
1316209
908766
1146019
2282722
3377431
2282157
3083118
2333807
1472185
2494761
3644506
73605
1661599
2867276
