469
2770533
2921008
495598
2121340
4631695
3600673
3431467
1899838
3724179
3196873
1532606
597194
983564
1994394
3729606
4176947
633706
1721056
3990118
3631795
2098050
4109705
990297
4256736
2766301
1984565
3703169
1442208
598056
3787539
474755
3992726
520106
3942082
1407491
136684
4073986
1892722
4103809
1670824
132080
4392130
1642021
3735033
4107507
2942687
517805
3171084
4609892
4244750
709588
4639537
259184
3232834
17560
2663231
751990
1970806
408280
390388
2463621
1281251
3439622
4566448
992834
2904855
1255002
1204685
1224616
1683638
597078
2416345
119189
2777915
1051028
3197793
1192062
3260468
754207
3795286
1355306
556030
762881
3052117
2081457
2410481
2579073
4384211
4684310
2695871
1596020
310434
766931
437505
1362045
1069820
3197114
717134
1064609
1283438
1011150
949734
3232645
1295816
3076781
71356
1355346
499246
3568512
4047922
335606
2059169
2165365
2899198
1715328
2604451
4393113
4408236
397301
4548100
2168016
592521
263752
1610079
1644428
2044614
870289
1302789
4555401
639061
2714896
2212316
2888923
98355
1935953
471386
1057503
3796830
1740740
1928909
1864659
4431995
4201394
3971953
3432276
1435650
4294474
168062
3169615
3302719
90212
4651995
3469495
225590
4588157
660886
1514910
228067
2762886
2989466
3077072
764970
2007682
3902042
683395
188806
2743501
3566684
3477467
2466333
1919139
2323688
1926788
3129883
1811034
2968145
301372
4256431
4199100
941791
1652236
2770128
3586785
1884147
3141454
3717184
3214615
3369526
3831916
1345973
1671095
2738676
4423453
2336133
516387
513695
506822
2687470
352858
4493155
1038213
618597
768900
2826217
738374
1395180
320070
2203646
1415250
4091319
3504724
749750
4250155
2736122
364158
2925934
3796936
2107000
3514493
3731362
151180
3904122
4455831
3263076
3984662
1256967
4384497
2980733
3843805
2832009
4239550
93159
1674008
1316034
4265776
1827818
3334532
697692
2678078
2926270
905628
3002354
4152856
3895663
2796663
1495729
4649960
270761
3371109
1018827
3465097
2632911
1420260
1912660
2113080
1657012
3639826
977236
4051320
3817957
4325197
2517339
3759696
2770400
2742966
192218
4210795
280140
4220125
995703
186880
24544
176858
3694608
3015002
3096333
1138070
1517992
3101559
3411716
16376
4270561
2407157
2241832
1532220
3383177
2157449
4354938
4684338
3948199
1708500
2470554
762852
687893
2516693
821496
1311864
3935293
4054145
134016
2608007
345621
2773817
2091365
1033695
4231834
1467079
4591990
2555087
2204723
858993
1250282
509504
2086237
2972332
520922
1936315
1560707
2394954
2500299
2971780
286030
2799242
718523
2428811
2450691
3301468
268624
771646
4578210
2139134
2072066
2695829
4232370
945945
3925753
4052607
2299591
3692504
1950614
737607
2503228
495107
4216285
608936
177505
4417097
4513065
4173795
905583
3440334
772524
2947733
3606395
4425171
2085996
301764
1751831
1513697
4432566
1807214
195914
2441555
3366962
3916255
414655
577041
1536611
3159455
2629687
2451048
409394
1492003
3352260
2252321
3787970
2624366
4575328
2716153
2513573
1689085
2664159
3514740
2919030
749484
2195902
854789
2757474
2182705
852709
3562895
1885394
3012635
2593184
1175160
841267
2153470
2192699
2228682
3477281
4577311
2645345
3788103
3642079
1781907
415753
1447616
512190
3790732
2978384
3924347
2561558
3084093
2356694
1747152
56746
405569
586953
3890808
3871765
1019810
3781338
4267384
16812
1875491
725479
498281
4367375
3933554
427683
2097820
2799409
4471196
2687140
1241673
2410856
1466488
589712
4602331
2926696
91489
3547323
3832020
1167588
1258190
4308804
3278688
2863168
2701183
4590358
3324789
1807072
3778356
1511671
2171316
1505135
1066578
1918227
2840030
1170335
2629010
1586211
2393536
4501460
247610
2346801
635329
1704793
1564988
