490
4710355
4718728
2764292
2800546
2116637
3808103
4333474
485292
2277320
3681160
3828186
1703811
1474968
184643
1446830
3633063
4016040
4767603
3899258
1020222
1877098
1767818
3885671
1522909
2431937
2873787
4328588
4171200
529207
1518604
2134943
1951541
1361656
2942913
2275651
2501974
1280909
844672
1268515
4671013
2314841
3264304
1166550
764508
4296281
3844443
3182651
129191
1233417
2715174
1459846
4718528
3479452
4393549
1592456
16289
3501150
901694
4455533
2309349
3046695
224482
1137368
82503
3758213
4488214
3756224
1927765
1740320
1156231
2585346
1215604
3784288
3287116
4607673
2954471
4760783
4368218
1560055
3922617
1237091
1963566
3872035
3646214
3493109
1857410
2565416
3413925
3950616
1690278
1645206
3956517
3019861
143947
718414
3103628
1517557
2304710
3239424
2962615
1811844
864391
3652504
2377310
3598145
646121
2892073
1002067
475491
358030
4655618
972263
2025861
174899
3495389
2407382
1096713
1243831
985436
2646206
2849901
1288178
2790791
2425402
2747920
1447805
2470558
4683582
66475
2256589
2679718
3141907
650208
2788845
2531580
273369
1352759
2694316
534309
1501356
1654494
444805
2046203
1364008
1744950
4573926
4768212
4802331
2111099
2048680
4383673
4835227
1242906
3944841
697337
1466718
4853192
723917
3129397
4855823
473893
3265738
2993178
4543985
4844371
488797
3921750
3474222
3338419
562024
23068
2210953
4276103
91539
4855757
2407438
1766587
2769629
787719
3090596
3216378
4365515
3778657
2428792
398134
3980085
1757371
80951
2986620
2071353
412535
683277
4611965
2615736
732408
2050925
1354219
4389799
4490348
2002054
3575794
3745308
1024825
3841058
1137127
2044381
3879892
322512
4751434
4319155
31815
537440
1704523
1585350
638315
1728364
4840941
1922858
903673
3095876
3485246
4752389
3930315
611786
115589
3385452
1457680
2484176
4316259
2899233
1578350
3038746
16373
423669
1293086
4734991
1382824
2140568
1229874
1532200
3033971
1553594
389390
2244102
4853146
2128871
3778537
1671914
920613
1303964
1175922
2255464
1224241
3369065
2299460
4377200
4372846
4679467
1651165
2194983
4288884
1037399
1101186
702124
1532651
2526679
430837
1705665
141205
2686104
3736772
3493447
4618574
3464648
1747268
4733339
808482
2487149
4242535
4331519
1542673
3225827
3216807
850785
673057
120568
1319726
4364939
684720
21292
2077125
996497
1736853
482887
4776942
1885224
2564520
2839446
4446942
4023506
1460671
4178019
1823979
3636800
1306083
2166635
327217
4369210
470501
3542085
4721426
409366
2261121
2000383
577667
2703021
896218
266097
3018498
1702492
1004095
2773059
42189
3861382
1568720
955728
1632466
1685310
4050826
2654274
4564282
1475017
3923126
3841095
3988729
1961102
2285722
3585473
763664
2422006
440523
3688896
3081098
2019760
3988875
2451445
2295824
3424268
1738354
173710
4699145
1013255
2166498
1314687
3128686
991196
1008543
4278250
3324550
2330099
4052082
2744469
4779894
1567782
3462841
1260149
3197265
144497
361306
3407055
3769454
4421951
4589227
3691369
2050219
4301590
4644798
4007740
455751
2489965
528138
592241
3085709
3197165
1392691
2264041
4302712
2308454
3936243
4424907
2455883
230627
1542153
276118
887905
1969568
3423216
3638304
2443036
742465
1538990
3418122
2738933
539452
1314214
823945
4284236
293822
2158428
850155
4287659
703876
895661
294280
1848304
1404813
15330
4619342
4564123
4024014
1248581
3009136
18063
1526337
1701582
3921642
1492586
4176271
4316808
2542646
3634010
2127527
4768569
446426
1085796
836319
4118661
500098
4687831
1231787
2692589
276663
4143881
3471228
2109895
69534
3768033
917352
1548184
2106474
3306857
1617933
1317032
3905738
456289
1633378
235331
108807
3696187
1358641
1207396
2038951
3317810
2548809
1045019
2806948
3740371
4550704
2953307
1519205
4677362
3847027
1837003
2589594
4295268
1865103
4477847
2275113
678098
3759857
1817953
939008
3868116
4381742
2905854
239881
3202505
3746323
849943
3524555
