510
4552223
3887801
1630591
1604331
2821152
4657704
3706129
4046637
3906738
1330803
579987
2013579
4042137
935907
3101338
358664
3928661
4042373
4414677
1992945
4574586
1917490
286180
758116
2325741
1635523
1194465
24913
3128566
2473448
2137910
3364544
1851818
3182912
2753166
345314
2784873
4915573
740340
1650065
3313581
3710943
4856808
1231621
3869068
1210223
1448930
1511721
1503653
523701
4975745
2566465
504098
2183867
2729345
1865436
2191815
2582554
2985355
2813783
1135354
930756
2315838
678212
2495828
2249996
1358527
247954
905908
3693626
3822948
3599835
4863829
3001650
4539928
4951789
2019744
4801426
3587437
4035953
3400738
4705275
4008357
2643728
4572123
181331
4680626
2854584
2554699
5002182
4478444
4214683
1940047
1107500
3752707
4626258
1213346
1847832
4565718
919675
2801172
3735382
2059239
5079140
590144
3876537
295018
275766
3047593
3004665
3122100
4349728
983863
4318360
2777946
375330
4382087
4381254
4760777
4685452
1166300
54739
685818
54299
3033738
741501
1127650
514793
4573188
1817455
1654988
1554567
3563324
4873829
3171115
3634044
3885014
926047
4437129
2521805
2218962
4381035
1465243
1160318
1051802
2822424
4758095
1251409
616225
178908
1672732
684654
4093619
3634687
1542582
622084
1533344
4054319
936458
1306772
4536368
3545393
3946255
1601551
4865410
1375607
2826765
3921682
3443453
2342435
3021844
3523364
1929326
2380853
1522820
4087805
2878187
2154256
4702398
3027344
1206163
853074
196322
2497474
4463665
5063047
2183030
2377652
5057652
4693117
3564684
56246
3091207
3868161
2316528
4840944
3809160
4582746
1559904
4698841
978446
409613
442670
2354711
4232320
4941426
2510365
1399101
2508606
4181021
2044868
1935613
2534875
2172539
1733975
145677
3425116
3314635
859342
3089149
2650467
4621047
2396304
1274134
2147171
4006908
2295486
2087217
788213
3407353
1926512
1819763
974221
3283927
1651596
2577025
2557805
4921630
385465
1428164
1309434
3938622
4101562
3401504
2672421
2763346
1867325
424218
499824
4451229
2706839
3661118
4436032
4803030
831041
2792905
3794689
3193822
5030266
645575
3432063
2079916
2666508
3394822
2091504
2147828
4709069
4394616
4722689
505182
3012516
3003160
4235631
758843
1133561
4782131
4651976
2030380
2248258
2698694
54418
3405259
973614
692542
3006431
2084807
3674231
1612669
4037279
3603665
3565896
3640792
144527
3367944
2453479
907856
3541170
1990598
1539252
2060259
3313358
2600564
4053168
4908314
2695687
3022160
4598985
4035121
2559667
2463172
3158624
818864
3571200
1826346
1911949
3059910
4904246
232937
109611
4948942
4093974
3455506
1738997
659790
2976548
4101185
2791197
3292771
4239488
5703
4256939
3508537
3082034
4344047
4275224
2430019
893035
3922610
1270804
1033417
4794360
58183
1610369
4479320
2108743
3218550
2699746
1458360
347416
5072255
2422252
4165612
4513427
2162768
2717218
3274260
1347820
4248610
3551772
2451336
4578303
826510
289819
4979132
4772375
1561571
2488877
3643709
4286391
4852568
2364813
2918812
3783008
1095413
1293486
3056496
97147
2982597
5078618
4639668
822321
1065269
1251851
824114
3124054
4267619
3394867
4954282
1540587
3971421
1723316
1633463
1347554
3180747
2785568
4859999
2168456
1955718
3642963
2805991
3538620
239538
214531
4145517
4380440
2729491
963463
3162607
5077774
4054958
771590
1218006
70958
4696316
4551920
4792030
2818430
1138373
2884908
2654157
2713576
3833829
321685
2569033
4279475
576679
508112
3678805
4065874
2746328
2440429
3647440
5043644
1642129
570736
1221817
2642981
2261953
911312
4115360
3299125
3420017
4006849
1151388
1143781
214318
4111199
3327872
2351471
2408175
4273943
1186259
1873883
2310057
3033069
700483
3977159
4330464
2872046
297497
3113117
95422
5091143
4756033
4952178
1772655
3135767
3082542
2489677
2462622
4726315
3843838
2575274
565060
3450823
4502992
4762810
4946796
1851001
882703
596916
3098032
2870950
1346540
1550411
2570016
387971
199581
1158511
1723401
3332173
134314
1429452
4530174
571640
750767
2499161
1780986
1725262
2150767
4745996
3935030
4020830
1429842
1764410
4455095
4401867
603128
2364935
778652
