531
459072
4968477
2588632
4301390
2657098
3942995
3517760
461451
216038
105042
3633277
2996240
1175475
2834447
4752384
940534
3748416
490868
4771408
2467708
1507446
4650817
4369288
3800833
3563328
3203619
2546062
3208476
3442069
3779379
2086598
516798
2554373
4097448
3964856
1947424
668699
893472
3880585
897240
1928320
4112338
3242690
2999953
5000200
613037
2778203
2433426
4817085
4499427
1152416
1682271
4163590
400231
3808287
1095003
2448148
4371170
4706668
5244502
2375421
2623654
1584626
3940483
2728987
4232539
252959
3229117
4402533
1119539
2247169
890098
634287
3417333
4872328
2933036
4646111
4470925
2998557
395595
787995
1377429
5168227
1340699
4392482
2559988
5071608
2062210
4399314
5298176
2777387
5286659
1957219
3783736
5004946
4831813
270528
4630999
311832
3985567
3497476
1471056
4544265
4355409
1090541
3730062
3769967
656748
3285426
3209251
3791247
41092
187417
3133964
1052596
4370916
1428459
3384748
1898380
1328868
93052
1140171
2496232
347784
4095598
1937776
1061805
5074461
4201244
1546272
2094882
3338153
903980
5015201
1100386
846384
1048982
3226653
3447961
4238617
3032102
3373608
1629700
4422388
2765615
3326259
728967
4437712
3802125
4779836
2136001
154814
3675706
4188625
5042182
1865099
2998048
2375118
1274809
3417724
2172192
1130572
2100373
4993804
1535700
4747448
3599303
2761620
3321406
844486
1644550
1552793
1071571
3787630
4401685
4133709
4271090
4020551
389775
860879
5049093
506331
4635173
2661843
4643609
5158273
4990242
2386749
4775514
2604322
772024
2548777
4664365
2948644
1090410
3111005
4671221
1822191
4027297
2224335
3380432
2639332
3952756
2383755
341133
110409
791985
145393
1164063
3766469
5080157
3128367
4874837
3053445
1636561
5136036
2144440
3736699
752423
2562458
1686976
4441528
2718590
1393066
4880086
4513995
4719559
3988152
943370
834137
1082668
4256247
2974580
3310909
3412585
111171
2554484
4922255
546513
1366603
2515659
3346295
2090895
1944713
240641
3130674
923699
2722104
4816314
4146851
3227197
874397
2311689
2133310
3657830
3516726
3488251
3858858
4826045
2946035
863989
3139858
5106187
4597230
3607786
1480391
1467133
2086641
4334451
2206572
316627
74524
1278658
765036
2343990
59885
2709726
3176437
2077222
1288242
184509
4795404
995913
554030
2309536
1976451
3453492
4552253
3718182
3486292
4842887
2603055
24631
4319241
926828
891083
3125574
4914823
866312
2915830
1093745
4003794
3539350
2661434
4814881
3285195
1872058
417800
1194881
3944415
2179241
745276
2282928
1937860
5146468
845401
3941007
4856649
3085972
1737933
480552
2581516
676574
397158
1637128
378626
3887748
2775060
1570827
477513
3896336
4339048
3310729
1877068
838181
3236974
3303596
3313661
4215436
2113460
5000279
2319544
1101371
5159791
3025727
3997090
3018481
2918522
5141954
685629
4259694
580522
4838684
1509715
3476186
2172591
1993763
3274727
1315520
2477424
830356
3030946
4800608
1093698
2210255
1849859
2150789
662485
3984008
3069046
1986838
2745486
3672207
512783
5285791
185532
4447312
1497827
1992142
1422995
4267162
3961177
1040788
3828503
4292342
4051875
4216535
2044653
4716646
3612835
406827
4893466
1557963
3760665
1287751
2200012
779952
4625148
75513
5059797
2494268
73244
2691468
285275
982586
2751740
1274194
3643310
2422422
2108081
4405874
2363748
273934
3054689
3187084
4773646
557440
495987
4689735
4384401
3930123
622984
2887910
4669512
1285451
1463050
4851547
747047
1392729
1011991
2148644
3525379
3038687
1656724
2047438
2650999
4151438
2496019
4411861
358884
1494326
387164
1880340
4256309
3981905
4589025
1649206
3945708
2657890
2736587
4416497
2185601
3044689
2903098
2379605
3921897
3414576
4515698
3074552
1921318
1121849
29193
3024923
3674454
4543582
889432
4202244
4659804
1503558
4419029
1221032
2958445
5004896
3133654
4837966
188540
1266976
3242855
1381259
4794687
4019817
4857176
3120714
5180685
4578848
3858486
5275106
142979
3015705
1161849
773503
147709
2760807
897922
4451697
430547
2323641
3691173
2279487
708223
4202917
2555259
3488176
5250526
3176887
5239771
1283113
2054559
4997167
1347600
2259910
2832247
1623314
4205799
1360219
209045
3533877
1768547
3568637
3997649
2163443
1129168
3670911
5274187
2660096
5304189
1459414
4674225
2754991
283245
2012368
