551
2739563
5090057
713137
2848789
388135
4541676
691200
3860942
5067953
3522882
2177813
1131416
639022
3378173
1569271
783475
3931982
5095026
95455
1658204
690331
4627307
843037
4994169
4686061
2213922
3918977
321321
2904093
5232218
5079948
1235368
3283647
4719843
4707574
3227904
107008
5071370
2725681
3761897
2431961
839103
1161145
1504858
3932830
2076818
5245556
2873288
4509397
4189456
4236354
90870
3539956
315316
93152
2841038
1203404
190023
3099744
3205067
4590964
873424
283992
2049842
2353462
2404246
4857741
4797041
506198
2579302
2960266
5278361
359068
189371
5123369
5185821
101613
2412101
5058246
5326825
1487220
1197255
5050886
1726910
678078
4026053
1512571
3988621
4550468
3054916
746946
1758579
2271722
2899827
3061832
3109490
862955
3639127
5480289
97802
2059699
4014212
2917070
1033618
4941449
3859207
4378920
4558348
4862617
1283050
3949979
4507565
2609327
4481731
359347
1453275
77578
5484182
3350809
613744
1261956
1520132
5251858
2075489
5255494
3467567
843166
2023100
3808242
1552804
1341440
3078487
1032354
1791939
1343053
4489256
4711206
239984
1870729
1817067
1461052
4219262
4631267
1227377
4890968
5318886
3268292
4457118
1887556
4930564
977271
4161438
75984
4301234
1432758
3556105
676882
2130934
3185531
2522402
1587657
2657458
771203
5445357
1112378
4084468
4572348
1642520
5333499
536876
3635036
4155168
3158878
862428
3816659
3207723
2604356
780576
3851857
4175784
1826671
2213902
3955715
4541561
4644249
4194713
3977257
3391061
362713
1377039
2158779
5272540
271906
870451
5171793
4760563
2969368
4073941
3877134
421165
3590285
3814399
5000301
1572879
752720
1088447
1229753
964742
104183
4744765
3831945
4662428
61485
3872506
745594
1896325
886029
3900810
4661331
930056
2751913
3509187
1747299
3524731
2611680
1632382
41443
3331908
3864791
3983276
4558005
2711319
2945091
4670217
1927238
356632
2490631
2782767
4964814
4587097
3082372
5277359
1497851
608730
5136276
3628653
4444232
5007001
3664477
1125417
4397477
3983418
4796164
2979793
4460003
5067594
1088363
4165922
5158063
2692723
3831078
3857305
2842215
3876941
702160
3061943
4737472
3637172
1331313
3689789
775856
3641676
840468
1665694
3529713
4399294
4274538
3712045
936869
4690956
512981
5139713
2381838
2718144
658669
140503
1879068
616155
5227553
1233001
4351714
4090937
2463637
866971
4996798
2658170
1055469
3760994
4207126
5346630
588538
4537170
2743371
1977207
584894
3787640
2412159
2570272
889707
3437639
2305482
1635345
5361205
2528264
381092
1652650
5017327
1941111
3569991
737252
1116034
3798601
1104226
4467132
2357149
2245112
3155442
554659
704250
3178555
904381
1622941
3469642
2127220
1013478
3378810
5235478
1192324
3762488
2422617
720590
3863673
5449805
4165418
1625392
3387660
923380
1761518
592429
1796517
348404
2989142
4819464
3910848
1359678
3407636
3998685
4029603
4716797
3395818
4315636
3308684
816630
3301052
1948715
3728861
2645597
3961033
4232507
1883657
1348633
4390906
4032547
5287324
4609132
2817801
1696436
5360542
3972655
3671932
1991845
3043901
1375716
1645276
1374099
699891
3930117
1859792
5028977
1768965
1958201
4099449
4907276
3437117
3952866
5455948
4207625
5277794
5451629
3868295
402388
1014001
1868311
3702884
5509680
6551
3272535
1922398
909309
1497476
2997156
4489441
4967503
3523423
3130323
4046028
1659805
4076169
300673
1989867
2982955
1689628
1464678
5501288
5038151
1810031
3684281
3210356
3227692
3556041
481995
2963005
1494427
3254056
2783862
3248627
3697434
2185274
5218118
3046467
3344501
2436902
3013356
5211454
1039398
790001
3542455
282350
4033792
1328479
5401688
4878945
2191639
5084926
5270770
3584413
4535159
4119218
1012376
2151346
4509767
4250856
5201408
5042326
3950315
1243582
2364746
1811522
144845
2371641
2070077
1778389
3385716
4508074
3668327
4257614
315685
1124385
1367241
5107150
127650
4828638
2566413
4951398
1185474
4932985
3520949
2604031
597113
4148583
4391400
2029959
4888227
55546
979758
644725
683140
4057614
3141660
2802262
5134017
2550706
2214558
2980843
2074443
4109153
2610257
354556
2549888
4958217
60080
2477256
2631507
202521
3970355
293853
767606
3268605
530540
2121858
5064235
2779120
653999
2830890
4710858
3370451
4175215
2163933
3626182
3938988
37719
3726952
3745427
2419975
828208
5128564
2935299
1989312
3490535
5047943
456608
4533119
2307172
2339457
3577271
2599942
2545912
2278804
977500
5348912
1793004
