571
491923
1119349
3608218
3553825
4224604
2790386
2834424
5001329
5366616
1197246
4101028
254135
2623905
1611340
1217774
4522081
2071454
322471
638872
1994304
3212945
2835000
4369946
5532959
3698087
658336
1476803
2883229
2753391
4186464
3243173
1946166
5135725
5258422
5290561
4483679
2936084
219513
3451336
4426287
68046
2458420
960388
1808315
3475693
15156
1737998
413244
3855963
3437694
4857961
4764867
4266436
3507925
2038342
169095
2759518
231958
1329233
1105775
4112607
728006
1476914
1265041
1116164
480433
2396951
938319
3431243
3559493
1520500
4222298
5473150
4459339
1170283
4949546
312808
4570670
239455
1112359
1975381
2386610
494934
2286919
800899
5223371
2315290
1100201
5434152
4191658
3970857
4855568
3430233
5650127
5703897
1160444
5279067
4540321
62380
3864681
2077592
5363819
959746
4744731
3078890
3229290
4850113
1634531
262415
4175368
544617
2502557
3336819
4534119
4539627
3237554
4039234
488939
5508884
3443327
878717
621357
3899601
2387908
3657672
1543479
5073209
1042003
5072757
1033745
5566035
3908431
2309679
4070521
485769
4996698
116267
3720720
410294
4956806
1215134
4907464
3592910
3862338
912441
1964505
2705440
1910426
2391029
2812084
4482490
1407143
4406767
4676998
5493065
3455109
5455295
4900728
5233822
4768430
907175
1754753
2720908
1733465
2223295
3196177
1374620
760976
4674044
120239
3888065
3453480
1548466
233085
4701814
3670798
5253920
2172115
4049127
208800
2003941
3161850
3097883
1570961
4782818
2531433
2642398
3150878
1691118
994093
5264148
4983657
528497
3649020
5551750
4419743
661925
4269791
3314497
2844508
5336140
349074
1326412
1523255
2920211
440511
1217245
2703116
1922836
4198140
5611324
947879
51557
1392290
4803091
1904811
2794558
1534671
5705167
2635174
198945
3751070
617623
225022
594768
2337750
712330
4491244
3533635
3385741
5232387
5500763
91777
2699000
3020346
3359095
4384779
2135062
2160998
5042016
5281826
1388552
1921203
1438879
1746083
1528604
1790356
4551852
3218935
2938125
3376231
4751237
3192108
3481383
5662307
3212328
2499666
2396247
5131094
4056898
3140931
3622935
983064
3165159
2322954
2398647
3015788
1932958
2585866
133491
5555162
3344621
1122787
2608444
3955983
2971850
2050805
5277218
2562794
5097914
3677666
3172868
2319784
2562884
972832
1239761
2587999
6363
3250764
5032862
5539709
2902331
1037829
3182055
600970
2713799
3956550
5457861
1654429
3841143
731147
2272800
5674258
3403303
2031269
899490
3969509
1616870
4107205
4077753
3326503
4466843
4221859
4190466
255096
35140
683665
166350
1639555
3926647
1086990
3503924
3420751
5170335
5709017
3644996
414335
486572
3022279
4646709
79558
1540675
349509
2185646
1565885
1748831
1965301
2083565
4971229
3608608
514513
5498597
3123364
5045895
186513
1850945
129288
1238948
4262471
4571059
1226042
1869909
2777543
2107599
1751273
2584520
5652161
1330931
4647061
2630300
2891595
2776867
3859438
3376357
592849
5247852
261885
1628291
786880
1050294
194648
3772280
2108348
3624545
2141390
5152936
3182404
2934069
2673557
3837681
2750376
1755993
53907
2074458
3993489
3637932
5598738
4634763
831983
53898
1521373
4964751
3061733
1893463
736993
3386880
1221992
2523330
1108149
5602025
5201900
1255995
5301819
3011748
3763653
4459651
3702726
4561254
914704
2336999
1719640
1131342
609478
5084609
2530020
1768314
4508963
999571
3588483
4649476
5379336
3813622
3608602
3652709
2466058
3215872
2513768
4630048
1953316
1253393
3577968
403499
265258
3191604
2499704
1275928
821992
5703045
2403990
4687950
556528
1312562
4943484
2052849
353395
2470587
5546113
5483430
464562
2501387
4696467
2069501
1340767
4370440
212566
4850234
1897813
5142420
703356
2114507
2879227
1046936
75500
808349
5363536
3061942
4149124
3959557
609875
3795879
3262159
950383
4082606
3643780
1179203
5527826
1890602
2956808
4377679
1878845
1955629
865982
3873101
153888
1492493
2931851
1913956
3646957
2278703
1658700
5157928
4810648
3889861
2349007
2512729
3755208
1186643
4253742
3377160
5310108
5445950
4264127
1469739
304182
3634605
4986250
5200151
2541113
5095752
5523165
4351542
4301638
3853253
1092600
4452083
3662144
4624498
3489602
2403090
1545355
2767627
3004531
2515104
2175623
4661294
812154
4330470
307789
2642816
3051611
5689871
3657775
4737650
1675376
5382132
627409
202129
4775315
770398
2852437
996248
560945
4011671
5045674
3208941
138539
4707185
1051468
3786523
3642089
2057780
20851
2506272
921462
654183
1335837
3991801
5115298
2059504
1851904
4352561
2920467
4822081
2080755
1614127
631273
1805922
3769450
4686359
4021860
4663772
