592
850527
3406639
4402487
5768210
2294217
4863167
1121733
60954
1756181
4961495
5795768
2032046
2484928
3416621
3933754
2694417
314149
4282070
1588830
3787203
1990336
74891
3559299
2077132
1255232
1918556
1573715
3618689
3446059
1583719
4875062
2109092
3011229
4738220
2293319
5548239
1763668
4776940
885374
4523789
2457215
4656137
739362
2202573
2279036
2355563
2817075
3795125
13120
3554787
4136034
4501698
3184410
2746958
5607035
879859
5212074
4399621
689112
3119550
3848388
1557993
4539503
5228586
2985351
3059206
1313095
2723684
2668863
3951221
2184747
1261300
543533
3118618
3708147
1059659
5621697
3271276
4035184
128970
1714577
4474248
1114236
2416345
3199204
830744
1857716
3469751
1905081
4759918
972904
4106661
3803250
378448
1450131
2758544
3838010
3549887
606759
5765193
5903950
5148052
5118663
5689422
5903702
2204240
1517888
3877479
5328361
2522231
2816249
2400280
1164008
354243
4385837
172698
2999577
3371259
2053019
3371602
4849105
148245
5347688
3408543
5780988
3475007
4667171
1733706
2142187
3922386
2438642
502489
721943
4718007
5284073
5005385
5777171
5164147
2675285
3537430
1950756
1904109
3124717
1401302
2178043
4287984
96299
1124890
261800
4805219
2583752
3898914
3508527
2551704
147188
4150698
4656378
2672365
4090411
994581
4000078
3566464
1672585
3684460
4743709
3463544
2127021
4248809
3247656
1545928
1609372
4425262
1915335
862352
4355887
3448171
2174145
3397875
5529132
3271039
5081148
2009016
554266
988831
2638364
5915053
199943
4545880
2361368
4987473
769169
4174023
2553745
31125
1991861
5457334
3765196
847205
629751
664742
1703306
4679290
3092297
5195291
4052822
2984129
1170446
1858288
3373646
2524170
3602645
1068859
827941
5751392
3466312
2336059
5853492
3721103
2802014
4478026
675900
2515434
5488248
2203470
1159199
114966
4115901
172513
3563254
3343667
4867396
1204463
3485208
1788725
3012912
2495949
686726
4919364
273034
1390395
336048
5566586
2906899
2558909
2649373
4747297
5167733
1778973
4151011
1646080
2981161
383350
469131
2972238
3710583
973958
3155605
1335633
935562
3577228
3125484
160230
5185321
2320889
2839851
1084737
3634965
3844
3625600
5268079
3088227
2979853
370592
1645068
5875585
4514479
1387904
438170
1281652
1277401
576713
3516598
2338189
194340
1457038
2163097
907813
1894216
5400321
2916591
4021764
188424
4860520
1580479
2765368
1713127
5577698
3625257
129204
5786906
3016404
5173197
5580656
3437262
1573577
1210624
4157490
5760908
571840
1651952
3421920
900568
4142109
2171348
5392424
4304811
5606590
5750393
3735243
1959094
5504625
35472
4987660
4494915
3921901
3049715
1765565
4760024
434368
2466741
4623777
3421116
961130
5727468
3020334
4314137
4536512
1090884
3178761
1766395
3372767
4430175
2020246
3950724
2279855
5778199
5363450
1169693
3097800
4769040
4732780
3941586
3482605
513790
2000730
1412996
824206
3957855
1832810
4639977
1907489
1536720
3831329
4420251
5581267
1304238
5281345
551107
5672901
4139305
636857
1965872
896748
4009191
5308853
186304
78881
1261378
984287
4651264
3403037
2866049
702574
252339
531308
5302789
4763119
5287788
1853913
3551647
3204354
243543
2899586
4919821
5665808
5819710
21146
2514825
2975617
134253
2586931
746885
5122168
323489
1234198
1234339
5400380
1062623
189382
1501331
605860
2740387
1608493
5546439
4547895
2615012
2649278
260001
979704
157901
4935470
2068522
3154030
1101672
628198
34296
1077726
4674622
2380005
4756489
2180187
876737
2741241
206077
5497722
2951064
3200446
5137559
19505
2675835
4533038
4706169
1986024
4340262
4857146
4925323
571637
1544300
3498571
1108010
1303097
4552221
5570116
2311137
1935848
1688335
5479189
1111214
3702143
1006694
271112
3787817
2029171
3610687
4968793
3150669
5084806
3140821
2796110
722324
2858152
2492342
4372162
1584415
4665106
1345404
1388211
2431502
4971733
798238
1687399
1945924
4044182
2445863
1000366
1035050
5182588
4414035
3556246
3176288
1109327
4376138
1892950
691466
2297233
1235098
233421
3102028
2429698
5879882
5119495
1217395
4443244
1987967
3514735
4263460
2292137
3911348
3024988
2586786
2311988
2892817
378929
987137
1157463
934460
1368787
5871393
1562915
1507777
3623274
4630621
2199895
780403
239253
4061388
5273325
2390675
4951376
4045995
2555464
1990345
623559
1801118
2466584
4352859
4295547
5101892
5467004
5059606
2028903
3352169
2125261
4337269
5863546
801003
5786893
40966
1828798
2317635
580998
2132539
1080565
2363668
5091831
351352
4950828
762670
309159
2887533
2227169
4941172
271515
2589442
3629986
4151534
2723612
1578779
1963672
3737106
1930946
2453046
3908017
5024969
5156454
2627128
999935
151755
3059469
2750269
2851168
2786165
5327771
4094689
4346889
4551909
1687290
3377207
386012
3161670
4398584
3369816
