612
3754485
3298799
1979558
1713197
2621443
1581783
4760797
2880893
2538587
1090911
4855057
4387098
1894356
1614558
3535626
5435070
2101982
4034463
4466767
2958937
2490958
2163820
4986349
3201286
5951321
4469783
750780
868328
611018
888662
326051
5917752
5504259
15332
5837624
2707716
1314293
2065296
2264892
895348
3106640
1983704
2995711
4763036
4587913
1180204
5873709
6034774
3438833
35202
4589432
4429154
4490223
3032218
5682079
4101990
4608646
2654967
5028253
2236135
4809082
5895120
2145439
642827
3443504
200288
2053580
2712892
4283024
71317
5657096
244094
1135730
5201381
831949
5841531
1006655
1986978
2546228
923289
5365295
392065
38832
4351155
5399480
3932085
5671977
1203376
856976
5556222
3351378
5312027
2800944
3050682
4540723
3219350
5948184
310834
4842308
1206589
4949363
4071587
2420420
5718861
4436022
4906718
150431
2460191
4728454
5659901
4847938
5312948
3269505
1331426
2181388
1961781
2237711
4122707
1287800
5492813
3775984
4295811
5967194
705180
1482315
1422852
1033782
2455908
3787928
3262013
4628747
3359362
4480960
1137518
4070570
3053522
2522911
4605563
2418984
1154284
4707203
1717552
136055
1449838
5106469
5018386
3674935
2287820
306440
1165195
4830516
1849070
379564
3554866
2804297
2099090
3796913
963564
5644970
3535998
2734790
3064222
4744730
5795252
3467878
3484883
116629
1184984
4026354
1288853
3913751
2855430
164066
969544
818065
2331421
2227587
3990481
2937582
4533997
4485669
2163891
4988504
5056188
3422486
595433
4960153
4980487
956606
383317
5270620
2955788
1244297
3535184
2246706
1122424
1165917
895802
1068109
3916265
2595467
4190309
4032893
4127844
1243002
422305
5077309
732561
700904
4452543
2186969
2417401
1603247
3458639
1084014
1123669
1013016
3582385
1061453
1343422
5042735
4153581
4764903
1419009
3154025
4775243
1625680
2343405
352985
2702550
3692240
4073973
5755462
1467480
3824584
1449611
950792
3639821
5986959
5244580
4414695
5225775
3590378
4466742
4564185
5877345
5092467
5697695
3248259
3004349
387689
2115392
1299022
3370881
1535560
2285186
1798995
3298204
149104
1660982
626916
5039000
5846429
1858585
5853487
1818348
1646922
3155336
5903675
2211109
3272281
5049997
4055752
5930771
4320091
4788198
599042
3506361
1421381
567512
3647267
3202641
304710
6010226
3517499
256126
2395843
3894500
258884
4343458
3309199
5871081
185305
3435181
3851207
1105951
3931193
1830825
945321
3341174
6038272
2540766
2482204
2624334
4776319
4969454
1336699
3436061
2527331
2167838
4875817
5856878
5574730
2312470
442415
99454
3425819
4539028
1516688
4326121
2480324
3831578
5369578
396737
2949212
1925252
4494347
4030446
5528611
4139660
3147414
1960843
1227803
2410529
57125
645831
3700954
596791
875475
2114997
2191557
1593941
1635202
1690630
2758154
2487192
2831202
5046073
4858730
4143767
2764900
3281435
3391722
3177677
4560370
5360146
3751842
3760633
4999397
424789
4109943
2474517
3289543
4297522
1989789
5972304
576355
1142484
1688863
2925109
875558
390972
5307501
5226897
3085673
2813555
5164769
739505
3208873
1735740
3906556
5262329
4671867
3900955
2991744
4658003
5800936
3926045
3668108
1293696
5743267
2488362
2200710
3382170
3620518
619891
3406869
4000845
707890
1683210
3644996
2947755
475712
1414567
2450655
1597092
2089082
4616102
1511297
499242
1847877
4055157
1932956
4055408
2646589
2511728
5221397
5795902
5165812
322227
2689910
5256733
3540338
5432522
4542793
4576999
139153
2357262
3511
5761603
1328682
533168
797349
1906224
4889366
3180090
417118
4429405
3679095
1453844
3347996
4423375
1133727
5964639
1528817
2222886
3788999
5984569
2831174
5641512
1826320
2963063
1376418
661737
3735171
3898865
4954829
4686959
5955778
4183292
1516481
4359005
1478554
1686365
5984298
5358500
3852383
2200830
2757360
4791188
777222
3800009
1150434
802138
2027723
6103085
4774994
5594037
3088446
2125883
3187859
4411625
5282797
176506
5793384
2367021
673391
121246
4268165
4691066
2097709
5810597
5965546
4402993
1188977
2553580
3531170
1774514
1062398
258122
4818636
5514856
4295925
5606509
4280216
4104368
3860793
4496712
1253259
1082513
4351352
5764873
3258330
5197668
1284046
2409981
3632351
3251672
268588
5456176
5455469
4932621
5870805
1365859
3587830
2905072
4288540
4342589
4658716
5477078
2139310
3538133
1939919
2722840
3687776
1626714
1951409
381085
4978496
5230426
4522869
12458
1932300
901176
2170239
835411
5029428
1144000
1028500
1953312
5445474
1024516
5933382
3941500
1234967
3990974
4228521
3247347
4501173
1124085
1155870
5494054
4048652
4312935
1438911
1480642
2457862
4669835
4650217
5096228
588371
2522776
5102382
3372128
4193812
3756345
3877035
4240816
2970833
90282
3389173
1710324
1946711
266943
1281617
1484957
5170135
1285911
578442
708855
1412828
2158082
3177274
4822003
3261861
5923618
2665492
2536552
168062
1350863
5900553
4050002
3131320
1965567
4090995
1715920
932724
1761427
4174627
5780435
219681
3880218
