633
4812020
6064324
2971433
5496193
3975614
6201096
50696
4613267
3671007
582893
6135043
3361744
5579318
4773548
2256114
2421631
2512367
865153
707140
1450527
4820704
4864015
5691361
5226937
1867275
3081220
1308074
4750186
4586830
308648
1667870
3870646
1331269
13760
3632834
3186888
6025190
4169039
5428142
718573
5604853
824497
5015903
3519851
4383241
4640869
2597630
6109390
2591852
1850074
1642338
6071970
621721
5025603
3402785
1788068
1738976
996191
5637086
1946989
4961714
3475166
4153680
658777
1127847
1778252
5859919
6118970
710644
482929
2047343
1034365
4250189
3591577
1426977
2247652
1111160
5227619
4169515
2950131
527189
1291842
1481649
6216285
3182754
4527318
770575
5714782
5973884
5973652
2130113
5647428
4948825
5103457
5702697
665236
343201
3158738
544689
217187
4209403
2878898
5043590
3555276
3832056
2922635
2974378
3721459
478128
719522
191473
1845468
1138346
5206105
3450926
5220863
3238923
4618139
2846347
1491654
5680608
407654
2298738
369613
1496691
5792441
5883309
5182805
4967879
4579276
4378345
4038753
5934966
4000468
5891662
2194435
4730295
2735122
722716
1763591
5697610
4452226
5611718
3541708
4537993
567349
5248885
5254057
5919784
4249714
3017187
2289361
402057
1842332
1555159
1225805
1408970
4579515
5014054
5346018
2945501
6019835
5217547
4381241
4174646
3392711
1137727
1690334
2347267
2188930
4954062
6255248
4940587
661775
5585903
5222088
42624
2599762
2281146
1526131
3175006
3528215
2552004
4823682
2068247
2099579
5172886
3588965
3797183
5374173
1047317
649523
2100884
3495291
2206637
5774530
1452039
4323943
65285
3709866
1017028
1026805
2620447
1432315
6329641
6157055
2546807
5960376
2486422
2841384
4809236
3848621
3711137
5356167
4251242
2265883
3118816
2429950
5842918
565471
5745671
6243455
5576577
3665627
914158
1303204
5426217
5468167
3231296
3664645
9793
2325825
3447284
5788448
1531007
983030
130399
3962455
1433248
5434051
223294
3992230
3449398
5313092
4314251
3244151
5352945
3643458
1390944
4000464
5537498
3121370
3699987
1442521
3874162
2914999
1541703
340570
5257043
2034884
1891148
5752835
4114507
6075086
2369704
990494
1337033
387640
4683634
5170371
2364840
5974406
1665880
5541288
1235319
3757438
2468854
1763667
4929705
1498700
3779464
2335894
5920355
1761274
4230309
1530696
2972059
4408615
1589364
589488
4985958
1481559
3646727
6174755
3655865
2667590
546335
5249677
3555934
3289152
2075846
964983
3353007
2017733
336776
2413434
2088616
2243901
4396889
2227646
6201275
6203759
3562926
204634
976895
3069490
1485018
5271560
2065639
4323428
5550235
3931095
5494094
6182056
1652726
2679761
4745956
2293886
2244853
2874201
3389986
1332488
1278694
436802
3873288
3030070
4096334
2567711
6269398
1208043
741926
3921212
2948520
2765502
5516251
188360
5508160
3541740
1818698
242798
578960
1206199
3044005
119663
2923261
188535
202051
5951442
2976989
5095107
4675461
3375962
951259
5036772
5932699
1852301
5974533
1102491
673869
666715
5123303
5957114
516766
5867565
1415528
4627631
332200
730080
2287380
2633382
6273208
2540978
4954514
987713
2769831
2925967
3059829
3546466
895915
700800
5982896
2702797
3239081
1881189
5947736
5798220
2244272
2775552
137906
2685459
2649411
2483872
5739397
4668667
4886581
706494
5910925
1332487
435440
746713
2678652
5428099
2758860
191297
5148580
1310271
5560226
3638141
1886848
2214358
53228
2815699
1742927
1568135
402360
1401094
860277
535778
4469527
5356525
5211985
2608450
724205
4502680
4507289
1971348
4108020
917366
4973903
5890699
3551581
582639
4263252
6324584
3739778
127667
792438
3790303
723822
3700288
1706928
1635202
4729993
4727646
4284520
620863
1198063
5902275
5707681
5427002
1503256
5849473
997088
4400852
5498829
2554190
961199
2006899
5691922
5848084
5944609
4642891
201211
1853367
2935730
5015222
6102181
3429227
3105303
3988691
230518
1338949
1014768
4702230
5295220
5870066
6147763
1480612
4076422
3063838
5436392
359474
5643303
1812721
769772
3481593
5711947
5753801
5741134
4564924
1524927
1417871
2159715
5940365
1087867
4121517
1315579
6303826
2455612
4857491
5517215
1748340
5282028
4083512
4394574
5984625
5026597
3849702
4365565
1190798
142266
4661324
2833181
2768677
3218062
6110499
413203
4137399
1760022
4087518
5316418
1243556
2555335
5734051
445852
897553
3895855
6266573
2404354
5029502
1875542
3049129
719332
1740952
2665122
3837466
1669996
3560790
4989467
6206918
2261746
3757943
5290686
1017858
2607430
4065399
1002223
3094957
5569299
3045263
4540535
1092051
3687406
2498442
6278203
4017061
3902920
2585478
2069348
2517422
154291
972602
5942847
2731405
5923625
3190084
5618219
3860957
5454799
4154954
762729
2955086
3310843
5363478
5405178
4987815
1579452
1429705
4625248
876090
223793
6108145
2848546
3592824
1306314
2879470
757519
85951
2365857
2871868
2796065
382872
4066265
3072985
868526
1359553
3589728
2111985
2611241
4784712
3465580
82592
5481511
2376492
5735168
3077556
2751113
719834
4013959
6279627
3732273
4196911
5035133
4633495
2512339
1732437
4670274
5970313
191546
4830728
3369515
2739640
1119958
