653
2977318
1983776
899703
4087365
3597997
1977020
1200571
3085919
5747662
6085336
4412397
3768630
574929
3298154
5288386
5532518
1621597
568161
653231
5428598
2241622
4315914
4137172
1036368
199784
5339480
2620886
6022824
3167858
4643205
5205921
1201111
3606781
5070686
5216391
1554812
3652332
4321229
887455
630608
5676840
5321390
1612855
4581
2117313
4450127
4758622
5976065
4677628
3668595
4116633
3483437
5070895
6049967
253349
1526672
1265352
5098821
5429790
868626
609018
1333745
5906736
3745886
5201174
2320711
1371103
4525281
2698064
4917001
2116478
167884
4783615
6169354
3529966
3124186
5463568
3612665
2966936
434023
629925
415086
3309221
5945869
4133097
6281098
58269
6164780
4591256
1894714
1388035
3598239
2630669
4799395
4607061
4100066
1959091
3158615
1673211
3448428
4344206
5222285
1255278
154909
5261164
4288910
2451597
2764999
5634278
254610
617864
432576
5576029
2378184
169188
2118548
543220
5405021
684626
981734
2977814
4891728
1421781
526987
317998
4847322
2447126
3688993
5329506
1953782
5297955
2886571
2002011
2695116
4606618
1601505
2574878
2327869
3741552
3176755
1514683
3313264
2393493
530030
1948238
3963098
1537038
5046327
5183212
3998037
1296976
4337826
4778834
587808
3466964
1790356
4738872
3468128
762161
5083184
4027874
3537901
4859853
4999606
6407710
754022
1342288
4902302
2604673
894260
1841992
4790982
4770916
5291575
1472549
130191
1945774
6259233
2287549
2023326
456674
5888186
2201147
3193681
2353257
1240552
2595909
5260097
5344439
4043828
3287888
548361
4856701
5488671
2280458
5925660
6305391
2399752
6117978
4557797
5850427
1204123
3961718
4470140
2985037
3275923
4318984
6105032
594508
747581
6380085
1534717
6378746
6406621
5757433
3264901
2227172
654517
2801722
5622573
65418
4175177
5250728
3536233
3262767
2342596
3793201
5913304
2913009
512030
3653264
3866334
6210714
1203374
3634297
1706686
3120043
5555361
4325497
5085993
1741058
1324331
5999614
3634944
132183
676323
4157875
1952792
958381
242083
559885
5715856
5788111
1069463
2202810
4929767
5805644
2819375
2691260
5821808
3398035
6429984
4000616
3078202
3415339
4818535
2959870
2821325
4868996
6519182
4813706
1445373
6005549
1702687
4406077
5801538
2826259
2241879
695773
3671306
4236884
1177776
4436790
6113385
4879435
4580283
3903021
6472951
1761742
4224212
1416921
3054521
4506934
6300648
304565
2619187
5809187
1431114
1051520
1370069
4424483
1601320
1957025
1704167
4365846
2356600
364804
3281697
6499607
6124739
5943646
2964847
4301214
2733712
1267252
3229806
1168698
1550624
2643824
3759099
3500017
4047880
4914004
3216750
6328916
2748654
5207047
3510445
4401766
1882146
2569502
5255885
5653148
2550967
5155612
2859780
7783
1101265
1878980
4028297
1219691
2938616
5782291
1161498
3283369
3855542
2643371
338221
389536
1807179
1483704
4719324
650628
5854592
5877489
311490
5182237
546429
1317614
3605095
434927
1431171
4800947
1267169
4112071
5001011
1913792
4556900
6433647
896618
4191724
1226846
1820189
6303254
6372444
1987547
5139283
1131476
5670951
282425
483904
4621283
4383329
2919870
5930166
2000303
6194588
1706306
772401
6276845
3759265
2694409
5094766
2183316
880623
364624
2774030
6019440
2784252
5622727
4359146
6425796
4165962
3179568
4816887
2582338
1387929
4098239
6271951
4695633
3526805
762241
4667844
2072437
5164889
4399306
3203810
6467471
4726761
1279275
5568208
748950
5331707
5136951
209863
298595
1716526
5137834
1780689
2745980
1147009
6373388
765237
209086
6291977
1235099
4507158
753943
4972349
2849016
2294270
2351182
5988636
6253925
574135
1687370
4084312
3807733
3084464
5006103
1016755
957640
1956878
1397292
2831604
5025631
3522527
2688188
2201237
642885
5656809
1510109
3124061
32410
5674353
5291828
5519693
1526028
5956010
3349196
6019803
890226
4556968
1085788
1644660
5207665
4309858
1485118
4872750
3163437
4702260
5245811
2302152
4031844
4516024
1171100
230921
4094307
5345889
5655463
4934718
4020686
1751923
5989613
571000
127514
5579650
5155291
336601
235440
1306269
2987069
6155098
307653
5644951
5142499
5670124
4040953
6368749
6098726
5314750
571290
6455988
1384332
688959
3865930
2750964
1446896
4614068
2809274
4643757
3307314
668242
169489
4650427
5204066
4777005
1373617
3736789
4884511
999664
5821620
4015614
1095664
6032412
883220
1400437
959382
1243185
651906
6373510
3001330
3907085
4206167
3195683
1345484
5438250
5392351
3916060
3255908
2462344
4952572
2013080
1893798
52815
5301127
6521860
1311669
897919
1927658
6296767
4812272
252517
4897785
5538614
3715962
6477494
1480929
4442284
334860
298524
6185308
1349312
1966575
3085292
738597
3030027
720527
6190474
213531
4841144
5277499
654188
3395000
2539924
3391355
769538
3526499
2235002
5629462
2236404
6429393
899401
2933376
463752
4168269
3322480
6338321
5554556
5337143
2065096
1971090
4364742
1526723
3225976
851548
1690648
3942070
170053
1756720
2756663
2573797
3039289
5365361
1188950
1939313
269490
4615046
5825964
5324288
2347490
4435308
179286
1384484
4135985
6222647
1150649
359125
6182946
4480557
4781028
4298450
4619550
5484388
5040285
3605029
4740181
748333
5235419
3706664
5322816
4197518
2443419
1635972
3443663
561737
4624082
25269
154552
5179621
2150612
846040
1583014
