673
1038949
3210378
976803
5369956
975073
3782053
2077443
4397952
2112327
96636
4797752
1342714
4216607
2018552
4300551
3346764
2190638
2073467
1182614
1700797
3456237
5699883
3842194
2822195
3967737
6173655
3916397
417968
1278780
3598851
1748564
5373583
5360875
3288628
3910364
508426
1788085
6465063
4545327
5090381
3422668
2652438
1073563
1486721
1814208
3023922
2134839
876586
910340
5188987
5184875
3589737
2739773
4478984
5709022
5114878
6199702
2170782
5942807
3298212
4055773
3571158
5816731
2467623
4950094
6682183
6442664
6385291
6441110
2343064
6524474
3466808
6117563
3649622
5136543
1716450
5910749
5012838
3385764
592162
6044630
3746214
2504732
2992170
4334473
4986620
5002536
5398315
5012020
6330626
1522275
2078154
1167163
1142256
3349456
2598735
4190341
2255120
6252662
1980195
4971344
3787100
1050124
1124915
1583057
5378158
5735382
3992294
2638421
4021982
6171108
5129246
4245994
276717
4199420
5842846
380157
1965330
1654621
5118677
2375713
2258698
1635788
4707297
3695219
725236
508434
4663117
2347687
2183609
4795848
5807557
322866
4639296
5580103
3833643
4981627
3494600
368691
502677
5948171
3514106
4347876
596867
5382875
640469
1947415
5354118
4164881
4460920
3631560
5598414
3580957
6144549
3980773
1197780
2539085
346103
2891769
4227046
6468733
2457023
1276311
613845
339320
1643866
5379710
2211227
5052893
5400679
4646122
742469
3607296
894603
788699
6245592
2950691
3351554
2514396
4951524
1773409
938745
4703726
3864779
5509658
2468633
4832489
4603105
6118930
373712
977534
1561979
1134808
2302281
5907633
2560867
849353
4093410
216553
6246994
1540144
1205466
4862862
2662451
2492799
65007
5684791
5725199
60970
186500
6052030
3607843
5046190
3204166
6541827
4546794
5003663
4915800
2517374
3002874
6235829
143649
2330030
5136606
5599374
5652284
33900
6369242
2211456
3358395
1957465
1353323
1610988
4313214
3821970
2660445
455042
5249080
5890864
5577004
4968781
3931379
6547114
6651442
902815
2243315
6485556
2830453
5093610
3991960
5329976
576577
5572628
5875537
2442821
6155353
2634980
1680003
800325
3311979
4427883
568732
5707422
4483839
4748142
5580957
3801057
6182270
4521643
5485737
2797865
2427019
322283
3411344
5348091
4808572
3309650
2374881
2993783
2616126
1457854
5113972
482669
1919533
2618061
338255
6482822
513618
98720
6496700
1450173
4806259
914726
749074
1474015
5393574
6634535
4189098
4987420
3889515
4333380
193316
2141776
2132180
6197698
6084422
5119730
4799003
1554571
2383916
5679673
3091393
602564
3245105
2327009
494723
4531561
3601761
2283953
69038
1731804
2616497
5088091
4627934
1727037
2485702
2354655
5089462
5381573
3746370
45166
3768993
6447535
1417683
6040239
2481047
5336526
4645213
4819698
6107326
169358
6221749
5077120
6182387
1351669
5022632
5642090
1694756
2252339
5389400
794076
2032835
5759240
2158926
5751138
1128072
2407409
4125043
540578
782029
5981967
6481418
6006632
4681359
2352545
3571917
5878389
1308684
1114995
4028517
4305865
4117657
495890
169221
2977870
5075396
2492919
4152825
3946199
1591382
69609
2746823
3903666
5947984
1370518
6665490
2514368
131465
3808858
6371013
2045493
3314273
6111292
3136376
229930
5154393
4159732
4803118
5285122
5243905
1634910
3617477
1585467
6057696
4763283
1347656
4343012
748167
1907171
1005976
6072753
1177912
4788911
4282411
3538129
5908289
1504244
3393942
638763
3896323
4775854
2822704
4836044
463923
1410317
1324994
1433820
5989435
2986969
3539462
6280417
2713295
5749377
2118470
3642772
5635871
2098933
2179182
1981292
6712131
4834321
6660817
2471381
2985748
1719910
6597056
1050275
5130777
395574
1152362
2182456
5761276
2798412
2864670
3809964
6389642
2770730
4771307
4099340
2633848
4249330
5460429
378866
2097752
73311
1288812
3750338
3799780
646213
944885
3598700
2879769
1180587
4385521
3721857
196585
6322675
6029977
2886945
4274182
3606533
6323469
2419892
589643
5215643
5183882
1701628
4199675
5805087
6702665
3610477
5409901
4668840
3072988
5680804
448947
6593729
4999174
4364850
5164728
1915662
2473118
1087616
3733232
5972055
3886108
4364372
955110
2152027
656129
1339084
896270
5490403
1364870
3876064
5459135
5273162
4430065
5786521
3437414
1546925
6506840
6323677
6078656
4650241
6642275
4784581
903111
4865893
4638277
4879520
5670650
41659
3078426
3011076
2071379
5173232
1880894
3674647
1809508
5982531
5244859
6631415
5715364
2840683
1148363
2058746
3203598
3093299
1163845
3426197
2164663
6351662
5578031
2576128
1861639
2937553
274535
788477
1127175
2168346
1727432
460300
3455938
535499
5007999
6188927
2563531
3001608
2816229
912765
2410951
1103594
2085051
2370292
2559917
3901612
6280222
5952634
2144459
1668088
1883135
4699760
4493923
945605
2258864
4448825
1665482
4411706
674759
4207862
2687338
2155804
1709592
4967749
6668290
2726582
2406766
1182137
6595354
4608467
1457966
3074491
1486631
3688035
4554878
5233006
6491642
2374939
5220058
6554787
2124852
1914812
2597880
3907227
5546794
3413449
4704315
3713983
1071099
6702849
5432347
755464
2887882
1989159
3940585
501326
6086894
2081146
4660069
2325759
6186163
63563
4047854
5481600
5990689
6432331
2480370
1260187
2437393
5113858
202180
2997389
6674498
1248500
3092758
2306050
376445
2448365
1774272
582336
2573954
3054689
1832073
266763
5221818
6102917
1896462
432712
3348574
5150078
3476177
4701903
4925179
4731009
1792818
5318497
5514688
1331600
3622207
5574335
1005955
1871195
