694
3469303
2840813
3008070
5678388
6379098
3940990
511737
2016741
5811092
873810
2145540
2482197
4756331
5151972
2726372
6299146
5674837
2205313
885563
5097654
100511
6935853
72961
1450794
992938
1192879
4973443
1184638
6487368
5812006
5659880
1933688
5024987
2264803
2489431
1594739
2864045
3635403
2760321
5352714
370946
1547623
2299133
2983967
1342302
6357950
3375862
3890623
4109595
4005882
6733768
467064
3775168
5258343
2088209
4780184
5543926
1013867
4703704
5742429
3534684
2150754
6741994
352541
4289391
5023633
5134058
5029903
4765399
5479159
3276533
1123851
3667514
675513
6168823
4617078
4664564
5806151
5529352
2109302
4772648
1500292
4173997
1857141
450506
2125037
4363271
1365856
2319379
4618045
4425186
3569719
603894
6866864
4107638
6861944
3434327
2568215
4386224
1873427
4697457
5688150
1116776
2193000
472297
3890658
1547176
1279489
5644215
6038644
6860280
22517
6277536
701267
5673287
5503597
5364807
3136211
6462508
3876334
4049587
1673146
1832142
695501
2791372
3244578
686804
6170463
4639521
3783867
5908026
4579604
5279242
3749519
1819239
6573668
1611858
2934125
6620628
6809344
494489
6242137
5394577
6369393
3367136
3863
6614648
6333826
1407390
2788649
5409280
1233132
580416
4622621
3862883
2750127
887457
5486117
6855751
5593208
460702
6106257
4997586
301405
1273785
6095586
463125
2388500
5233632
3768754
18114
655916
6048926
803091
4508855
5217386
311062
3781078
3708627
3809571
4583766
5009599
3838897
4251281
2809890
4732628
6097534
705382
6820180
508456
1696032
1001899
1215311
4035971
5556731
2840133
1742400
3247375
4324733
1147157
4800950
1041327
6105554
1821969
5586751
4544056
5981768
2545506
6375367
4496565
3314373
3113716
1012640
5880435
5822978
3637153
5166735
4051219
267602
3659642
3593058
2785224
4205688
4560226
1664754
5322515
1676774
3068648
6100147
5589279
4047321
2536332
2413560
3944305
5473020
4548114
6580444
2865853
1347579
1119732
3580793
5896700
5878421
3995863
5938808
179357
1041494
391366
5924712
2729949
1268909
6044953
3732093
71091
1680142
2158053
4118312
5752583
3803865
96890
2803829
3265024
5551988
4125423
6046425
3764821
6061741
2528181
762208
2831647
5213416
3152060
6911662
5752759
1909895
1175151
6598303
6047786
4279254
1556915
6519896
664945
6449534
1824590
6938213
1634800
3159311
4718401
2182933
3830525
5531094
4898709
4311337
6427486
4960346
5573084
3249246
5894721
446555
6010351
2219206
141975
5883335
1942673
2911920
2541661
2048569
1504541
1005828
447273
451307
5931506
2573643
4061962
2340916
1479713
3376173
809479
2011642
5849016
3643966
2964413
5348336
5755285
2132981
2408962
1647603
6408830
5416801
3026983
1384062
5968426
3461516
2951310
5766760
3089373
5750342
2577818
4764240
5769959
3783390
5800357
4126806
5986637
2627211
4075286
44385
2438523
5224085
885823
1051488
917555
1457788
4044506
3257057
1482268
2162725
4881811
448908
1942483
1801190
5452693
6122993
2439805
4614205
73073
1809362
3962498
5577547
2029646
1656992
5289390
3215057
4005369
4232084
2025334
2273970
2203043
3247209
5529285
1837778
5776992
2889269
6193278
3483194
1491926
592205
5916092
1082431
485556
1248304
3071202
4347241
3152891
3691959
6567235
4235940
3088687
5824746
3628992
3348263
1650580
422638
90236
113592
1721235
5335270
2400494
4656977
2786152
1232775
3660298
527808
3021393
1094744
1244972
4060572
342950
6568914
2118788
4911581
3767234
6158653
4776786
4551144
327094
2745672
4789981
3076760
4495870
6473383
4050572
41925
3881267
3313534
6180155
5662943
2456520
4193229
4199117
94699
3781203
1645698
5182781
173640
5004667
6051403
1607506
4589185
278883
3962170
6676055
5090729
4316415
1723927
5383240
1613224
4843054
6194890
6474549
1524978
4455314
113721
2888137
6216087
6132375
3375982
3750047
6386703
3063825
5127766
502338
3471536
2149000
1735973
279223
566453
1396638
5383048
4940007
2793161
1728950
4588138
1774061
449932
6759529
167023
3232842
5873224
584598
404
4296739
3025990
3403968
2708058
3478762
2401806
4052066
6686467
6246461
1679701
6224713
3561081
576618
1089284
3522222
6936029
551230
39310
2385938
439846
3314168
1625579
382911
5961952
135215
5633776
2449042
3183978
1641535
3049430
6247521
1735763
6337371
1431399
5065775
6887142
4942805
4385047
6084224
5951801
4709387
3673818
2757686
1448061
1812496
6036914
1295074
3377876
6010762
1635432
3708872
4172801
3536591
6221176
6797962
1250355
2210629
2556954
493109
1859315
556512
2771497
437149
4407447
85356
4913009
632444
1506863
2255300
6644668
4357443
5682158
5006310
5620050
823186
1085891
962608
4207066
2170608
5968755
3194072
6108720
1540784
319836
3014484
4120061
2989695
1002583
727162
5091006
6892017
6280456
3014848
5252392
3455463
1257785
6267415
5616755
5623197
5295996
1693324
2750412
6347802
438863
6236830
1004404
4364205
37222
5189274
3607566
4706418
3908744
6532462
5469621
6143293
3152234
2002676
4867530
1757089
105936
4440253
5325509
1780388
1286548
4026906
4079786
6127437
3535149
4729494
1191601
2277103
4767777
3594045
6798024
1426161
1793721
3399248
6743543
2609795
5359659
2430230
1015328
2066927
684879
1478382
4344319
3212246
3750392
3419435
350604
4495300
5263328
4968588
4502809
3862220
574873
3466038
5390289
3791467
756341
4161087
3061963
872028
5066461
4206299
3889180
3778758
4428405
4196758
3698901
932034
4772004
677773
6256039
200637
4434553
751116
3955358
5272509
389925
4364372
3050240
846731
4021765
731292
3207053
5000425
2699895
3367453
2943006
6319836
3331089
2108783
3589656
3681658
6218636
2912949
597956
1186796
1212985
3716344
2600159
2608501
