714
4672705
1764615
2981255
6938557
4425218
5748536
2814219
532251
5670693
4007671
2620076
5541608
3222697
3414030
5205292
640302
6014591
1509216
3167981
3418752
2302974
2506062
5746368
6507446
652841
426732
467332
5886957
2292811
867688
3809870
1872038
6934671
5934291
5485613
2502668
682601
5256380
4143616
3616204
6534305
4988766
1640746
1618387
1076963
4771190
2806278
5596086
2614395
3693755
5116656
6790923
6916360
485385
1598044
5496489
6719972
1034327
1580581
1611453
3975794
6432120
3143225
3439227
3902198
551870
6985094
6377320
4165466
6803828
1259274
136813
176322
4251757
3489447
5450277
7027908
2992891
6209957
2716271
2798776
6659896
6404716
2223498
5916276
759628
571325
5102257
3282714
3553446
3311670
4223924
1106602
1346175
934619
4382913
2988067
2915499
7062647
2395628
666970
776114
6249510
4622939
1020436
6291247
3154518
2562323
1193726
1798416
1362383
4461185
6620566
4248128
2740061
6635998
5504304
6382674
1606203
6073683
3900224
332980
59805
2763617
6886584
1260575
5990664
3019495
4593334
6876767
5773141
4803759
3299115
3412601
2550118
4283062
5732119
7021172
4245698
5813754
3195231
661632
2250599
3008663
2582903
4863218
2941881
1887757
2046606
5345147
2625778
6993450
242504
3034808
3495856
331007
3326990
2827583
3442396
4165516
2234573
4371241
5156858
2003964
7003792
273899
6036518
3057691
2713757
4801168
531803
3368713
3031916
1512399
5448628
6748631
2810108
296873
4359531
4075776
6271333
1173758
3916967
3277955
141726
416768
3884854
4649823
3887549
6518194
4176311
984159
5933482
3635623
596552
4553710
2413682
6599934
4035644
2227929
4401171
6961888
4910304
137895
4151844
2892764
6770603
5079411
3959723
1294383
5087155
5705147
2397670
5060825
4101673
1968393
6032171
4487476
6322945
4361152
6464089
938028
6346240
5506961
1134483
5588551
6056974
6424217
1739566
35285
4081685
3463818
477684
2201078
7015525
6107414
5601386
6877940
3610594
949422
1284
5978322
6446494
1319721
1684301
3581433
4855437
1333365
3209283
2871801
5402988
3257961
3154285
4728140
4204272
4171316
5484421
5349906
4815628
2943084
4802330
836647
5266310
4642970
6348891
6673233
5951909
457462
3149370
1760249
5772178
3787174
3868563
6246143
5688107
373320
1603978
4704982
6540153
4220735
4797489
5865219
2230549
6535456
1412225
4521907
6003295
6069798
3654364
1500446
3611017
2694458
1126792
3445207
484566
2111215
1434267
2534707
3575593
107936
6422697
2812025
2645752
431483
2892321
1583083
5395955
137004
300898
4610106
3829073
6303936
6250939
4741829
4885521
913727
5882538
5741919
4466049
3497037
6261426
179636
3086490
4807884
3968993
4559371
6205844
3656680
2581153
1260536
6551478
2652524
5301860
5705286
3705480
1339073
4954622
1571878
116723
1984852
2262258
3916684
2283889
654109
3834272
5489025
3298018
4628003
2285990
896135
2301788
3467273
5511405
1562338
4542490
5252640
401330
1892749
5005407
1260112
7139977
4230201
944723
2564934
4544497
5964512
6652468
2928842
5429868
2339670
5871523
2854158
6034898
6611668
600727
3983087
6082176
4744334
3970042
3240951
5609674
2944647
6534547
4552163
6744777
5789880
763939
6876231
906196
6978111
1651895
5590536
1910956
1152408
4247718
1717743
4283752
4450837
4146038
6196550
1656466
4701662
5398457
4264822
1571603
845453
1994109
2109644
867475
2823331
1218647
6004530
5935365
3197347
6150930
3604028
3766994
6940493
4021034
7053429
328971
4621792
5470835
4061940
3961371
4594043
564734
2430953
855634
4908689
1622500
4931003
488414
85847
5313808
233270
7082850
5255313
1674498
5675917
5068231
5150098
3350257
4474795
6913743
4084598
2095255
4386828
6351352
2856804
739767
5401126
4230523
4258696
3714845
2813002
786957
407093
4129228
121932
1770545
3236622
2768421
2250997
1302308
3502465
2849132
1819634
3736386
888414
4929540
6518730
4588147
1604701
4840082
4009207
2712262
1090288
5570405
3558325
4057644
4892563
5793888
6290215
3451867
6540828
5317490
1876970
1139883
5058269
6592401
1672278
6430774
1002712
2291611
3270392
1936453
439068
5530177
4743384
4338201
1626423
1246182
4243969
5100924
2580271
1569696
6994974
1411278
2911721
532537
6125476
5141247
1832262
5912453
3762817
3891147
2813178
2811485
6222941
983288
6658046
5235578
6344907
5406107
5075966
247788
2365919
114132
4459039
114089
1317389
4862888
5148209
2662784
4369183
874787
2459593
5173906
3266143
6690310
1292652
7002420
3281268
4867739
4618977
6646621
1808881
5542561
5974139
1306807
5677423
1525726
931486
4147962
3977329
4474029
5247262
2123286
5891354
4047369
4719480
5067422
1863245
262767
4035596
6773333
3214314
6291846
5920211
527390
3454054
4836544
728459
52872
1367492
2455580
3048169
2414730
6694080
2574170
1433901
1082547
5436582
818219
397311
152331
145579
5668877
6091276
4815268
2672952
2377107
5954507
1278212
803828
791127
1670699
6348663
993694
2915732
6670747
4858692
3765423
5775958
5023448
4446607
5954307
995870
2257374
662058
4593948
1975562
2444489
4959392
5425613
2415465
3095581
4309256
5176116
5681527
5548882
6799136
2118421
6923970
4351774
2434139
6597186
4346386
4091631
42480
4345013
763735
876277
1857428
6827557
6438590
6079595
5830594
6852788
2499447
7058044
6510421
1976303
1621057
3650642
6299199
298066
1289698
6287774
5514231
6884499
3554095
2597097
3444775
2569059
2114287
3116277
806413
5823621
5948313
2004183
5652793
4333401
587605
3500895
2445945
3965754
4899391
719004
4145530
3940384
3709621
5374918
1643637
5565127
6713319
274763
4473526
3615275
4162553
2045285
728365
3581838
3235064
5971771
712378
5128086
4976284
4713821
4687993
1807763
2004698
2928651
1545017
5898037
4303019
6741974
1750181
7084532
5031757
6737459
5354192
290271
2794861
4749818
5133295
2729579
6957846
2656271
2650694
5774021
2644389
3788067
