734
7058251
1093718
7116612
2446021
798501
1352395
659730
6041324
2862943
3469027
879734
159658
5454805
4171830
6178603
381432
6316117
5940270
2112108
1523959
6879690
832198
618479
355776
3511442
6941107
5896585
633842
6672584
1262625
1479761
2138122
6387266
1876918
6786268
6402224
4969158
1527768
911768
2310090
335795
1243215
866730
970038
686265
594733
4147615
4053069
2808847
1197596
2503557
1121065
2276768
3559377
7027180
1347423
1918964
2372384
2287038
6758995
4570886
3094726
6935941
6914570
4860897
1439003
3246204
6868951
6242197
3041052
226341
1266716
2280381
2165131
4305611
6422964
5329455
382942
5593812
1832628
6157179
3258343
3524005
4773301
5238426
1108787
4968411
1410609
6935289
2448242
3286816
2418525
918515
2542149
4477909
542847
5093753
833329
6369148
6153132
212342
5464509
1598899
3917546
421553
5659974
6085626
3960241
1200201
1529411
5879045
6441295
5880203
6422397
289962
3928020
4673626
3743545
1256681
2334387
891918
5951864
1328397
5669503
3797070
1348551
3028043
13208
3237297
5327465
2089322
6089904
1815194
1651652
456372
757989
4368146
6948925
5593458
7036071
5051062
7006104
1558007
4786115
2970966
5262150
4443505
4716977
3110917
4867010
6951040
1545309
849118
3038061
7219738
7096425
1764067
2586087
5843959
1731582
6744256
488712
2912034
5879040
7146146
1075280
3177882
1761547
1158080
107126
3006398
3623462
5877962
4371901
6128603
828117
3089399
1015607
5147509
3314143
7276274
4245428
6710497
2190088
3169547
1483852
7233233
2886694
6462393
537748
6715802
3506224
5996555
5657310
5922407
7197193
4362924
5815802
3886522
2985829
5541011
4144051
4440445
6382332
2254231
3341844
4124133
5032989
1206848
6074362
2747722
2452369
3940504
4327429
3880721
5994406
7333082
2282571
4527731
517098
4445405
379112
4280198
3380940
5585299
5025259
4020605
5896191
3725990
3313726
3952319
5050873
6043828
6808942
6965920
1906940
7321640
314649
5976439
1334489
6435443
6552706
3647619
2838840
608023
1670269
6244036
6884214
4523582
404647
6272313
5648156
4041651
5055979
324512
3866542
4816554
3295058
1412546
1347243
6319270
7330380
2649097
1457793
5654253
6020187
2586456
4860442
6850624
695013
2612320
2754330
2099425
1652631
6645321
6236778
7105522
6704095
803935
5861291
6137800
3994551
6457754
5702720
2451554
6353704
6371305
7293377
6131600
3635454
355653
6260757
7207448
4849056
5020148
4810394
878906
4814750
3549919
1704302
7229428
6089284
5877757
6761022
4494430
5069773
6171212
459258
2585127
2740346
4303710
7180250
2348530
2448880
172590
849869
1075721
2711194
3664649
2834058
3266077
4416179
929109
1814570
2597148
2424401
3507059
6463828
4847933
3366056
4890079
5235379
955807
5370516
3047063
5107285
2231377
3271093
2220731
2768107
4698014
1251402
2549430
5209053
3792327
326795
154787
3261288
1828169
5606100
2831080
2552254
6785130
1634746
2171140
1930181
5580970
3377455
6829218
1996308
62891
4120486
6411985
15585
6930754
3198824
3940832
1016023
6907879
557039
1114728
277745
5377042
4187707
4861228
3514198
1402346
6485973
5216566
2705918
5124938
3271564
2667609
6272820
7207606
4601941
2829364
7272443
227130
3612237
6435280
496474
4419124
5335664
6419464
2264398
566650
4583997
3454932
6217534
6780469
7232532
107765
2894695
2100412
1191316
5526803
4719983
3646287
3874868
3374584
6196487
6003239
3812971
3865534
1988640
6899574
4843126
4377242
4744594
3356844
5485476
1611000
3715000
1765901
6967170
1771226
6696385
7299767
3425563
2348756
1802530
6398142
5677135
2474530
7163495
1977716
1137337
395029
7013494
6404890
5747965
962525
2208206
2748284
324524
5921192
1518921
505702
4013907
1211765
4991125
2435214
2740112
4003756
2899748
2885545
4840260
4137919
2859911
3863599
2112964
5245395
6350611
3028751
2543619
6027528
1005586
565320
629882
3254525
4312960
5666822
1017192
3479972
2360886
6753751
1009020
5379334
1479747
7113607
1916350
2761830
3845046
432101
6484409
3950553
5047056
6933701
3848383
2141232
4312357
1392445
7006720
4665060
6012547
3501412
3674782
3863148
377332
1243206
2693490
7307043
525029
6822448
3561558
774289
6201364
6347364
6279981
4201521
2733438
760803
26596
5260864
504615
2659042
4865647
377295
4115049
4037334
6913955
4579125
5181248
3278855
6013326
1473056
298562
6855452
1266092
4459032
4892373
4717608
2973113
2265433
584044
6337114
2845025
552695
965509
5618101
402181
4896005
5687744
513061
3724217
555552
2735542
6011771
6239351
6926361
2392449
6238156
4531637
6433454
1537628
4057906
6402753
2729311
6279138
1520362
4849539
6752490
2845985
205582
6314686
1596761
4938669
6848808
6008268
5281425
4489593
4445338
5477569
5597467
5026007
5092990
932757
7201105
6595394
4480223
1015219
6481308
31459
732066
7091560
7308963
6004994
6033658
6001665
6167153
3557334
1770832
3317279
2557210
444172
7030959
348794
4402457
5619691
6765580
4115894
6199203
2320363
1405045
6377163
3556718
7189937
5750680
2729936
525148
5865906
6182749
5048116
6327778
2658252
6288798
5060859
829100
4980731
355735
585454
3823392
406017
6174610
5115444
5903822
7241151
6934419
989407
3254878
4480921
7248751
1714077
3242121
234181
4107016
1331557
145502
4185985
1847455
219152
1418674
3958101
54519
4363306
6589156
4155100
1401470
7096205
5423498
4932316
184480
3794346
5971287
1668398
5334058
5257555
3337936
2292463
1242333
4657448
976195
1339666
4905903
2756922
1652652
494430
6203376
5793143
3411003
617068
7072296
1930702
1275224
5750547
3938326
1455910
2766779
5504516
3395035
7000687
7320347
4693526
5052110
1308472
1220416
3218355
2722758
7316618
4472889
4943216
2983989
1738992
3653195
1222172
3994467
3013134
642543
3766123
517236
4845822
5593672
2012831
91197
1017505
435434
5296095
5620726
7327855
3453764
2825513
5016746
6356225
6995670
5667687
5273944
6188322
917485
5895950
2378228
2899732
1594400
2477729
2703389
472182
1421015
2287472
296585
3501985
1740847
1227762
2082447
6866896
