755
5439086
7148448
3360812
4924540
4105189
282527
1115360
3369185
7358396
6639316
1509048
7440013
3876102
7463145
2854381
141228
684662
4709764
1236014
7549011
2848148
2294462
1803360
5994966
5154823
1180404
5657987
5307030
6251862
3899337
149196
3837040
3183862
1377466
766199
1349775
3422675
2951668
2622232
4690
1815349
4586062
7511273
2603099
2399328
6325128
347776
4256274
4959902
5292704
6253340
360638
4698984
1501340
4758211
6568965
5227180
890124
1612179
3562060
5948607
2942648
4826429
1838377
77773
3719257
3081719
3480100
4573006
7052912
2707636
5824490
6744928
1407028
850277
3238960
691168
3661278
1888711
3892718
3803637
3331612
7534365
569305
3622607
4579883
2972400
338825
7423942
267969
2171481
4019370
14460
5631730
2339052
1805187
3316337
6212227
4639095
4166440
6311590
6124232
857707
6466090
2955953
586004
7220148
5222907
2976831
5800352
3539438
5290460
4828056
1835623
2547550
4413483
1279722
5923143
4983634
337931
5252476
2530677
1445462
5223603
591837
4930141
3917509
6880529
3828517
81281
1512535
7004930
3017450
5606175
6720470
7460537
6498130
4413006
5078294
6112423
3383931
1176554
3315127
5928617
3660273
7403089
5914457
2619587
5915392
2455966
1551995
3423051
583692
3022028
4529032
4765073
3589459
5347504
1972976
6592150
2301337
787065
7296104
2035685
5934805
2056570
1883467
6787661
2040964
4652252
913882
344056
51184
4226806
2276201
172632
4712988
7205420
2223844
835257
6820548
3156026
353811
6831573
2616888
4089666
1013159
6814550
4402701
5021947
347683
2821311
4936965
110179
5725179
3617895
2100945
2496777
7274498
31962
780061
3720842
3812740
167196
3912527
2968916
1092295
1028591
5312443
3332247
7075357
3396028
1106826
4430062
2443006
6900601
1650285
3202642
1923669
378769
6729692
2425005
536457
6792428
9161
5385658
4084405
3658168
7007437
6371746
4395713
1964930
1742113
2607846
2650480
985178
5433474
217710
5569596
2600513
2742469
2665608
3096740
2024643
4292526
2792907
1163792
4097668
5666420
3911818
5777060
345422
5958356
1145998
2631122
3564368
4181108
2366177
3729467
5760442
4961080
5932046
526
2105609
6224255
6663034
4113503
2295645
3842093
4217171
4212390
3346243
1878508
1954145
2227671
5284033
2525864
5525244
7541740
835570
1306644
4595335
4679738
6060637
1548594
1917286
2697701
5107250
3128470
2544323
833320
1600614
4643192
7439884
5558912
6869937
2983853
2662248
700398
7309065
4455493
2648716
6387898
1259364
974358
6409874
1826072
6620419
6497346
6376494
6592904
993556
1781798
3790851
2258044
1584252
1730285
7024971
5129559
5554974
4450745
3707925
4380078
1038937
3424889
2981842
3471915
5102540
5305192
6668268
830346
3243643
4252950
517781
408881
6505774
743244
6786988
7239593
1880540
6209805
5519586
1757219
7102758
3721129
3074481
6692485
609699
4914803
2241237
4454732
6337032
1920200
5865540
2022155
6939036
2475936
5805559
2714632
5572259
7020090
5085013
2120279
3140608
4708359
2794679
1319327
4254295
471928
6945121
3384179
6611050
4898239
960797
4177778
5694506
1101371
1018973
6954390
27395
1731844
1880420
4242818
6128068
1010317
6213318
6813205
6505301
2652650
5106154
2511696
5377787
480436
6926546
4233413
2223395
1728815
1688485
1030108
3808277
5130446
6118094
6430873
7355954
1074845
1529020
5082595
532543
5115495
3489613
6769047
1266133
3336893
2876670
1335529
2887854
4201651
6573074
5608750
6858635
6983214
3503640
3291768
4296705
449089
2127968
583611
2450728
2651565
529956
3592353
7308902
5881309
5163290
1795188
105646
6502843
3966462
1180320
3492408
7172388
2105732
1067714
2779966
239931
5863634
6529049
5838557
2057661
5609699
359907
3068996
7210152
788302
3043675
3385353
4035214
1177731
2453462
550620
2525720
2433384
4589209
7007358
2322571
4121042
3021996
1611409
5426898
4455464
1986612
4496562
542219
7205259
6604200
1871505
6981636
227177
4838427
7439481
1611372
2626914
6176143
4173683
6424067
6049595
4594204
7007783
6962931
3741024
6454316
7027187
1704912
2314832
4984517
273641
2460337
4044828
42603
7178418
7356594
760222
5874013
7358320
956471
5349788
5577242
5900006
4400231
653885
5028199
4436726
6216287
973844
4384711
773456
607182
3590730
6033755
7318789
5944931
6369675
2354268
540459
7497490
2080651
684243
4537849
6492709
2801881
3718215
3609251
257471
4384764
4771211
2705544
5810838
2847394
2143893
7213388
5990025
7274278
7297845
7259182
1016309
6558823
4978020
6632922
5506905
2912487
4548256
2195449
3912174
7436598
5283864
5220156
4010120
669689
7076090
2911373
1159812
6049155
7433397
241212
754329
5866468
2174710
54508
1309193
4732461
1818857
5962948
1313754
2893912
2918588
4739583
3962223
414026
1989526
5083773
7031033
6947525
3687100
6555905
3944818
3885444
2658100
2297440
7049466
4437267
7350363
7361790
411487
4855950
7301639
4525863
6591406
3536349
1611171
1152814
1185075
3252774
5348820
898780
1922441
4748410
2487285
6631587
1799645
977818
1309824
1466791
4138651
2960805
3735191
314041
5912713
3311718
4539374
5749966
6731725
4516152
7236936
4253295
6957188
4634622
5964103
4401812
5367747
6127554
4038583
3802797
6952850
5963920
4215731
4883349
4305360
224348
3995932
3377153
2138612
2321340
7122933
5999661
5887030
5292729
4931606
7209143
4414228
278666
7222130
4364118
3361207
4096743
1633215
6743769
5289765
4148907
230258
7341853
536848
7070932
1921267
1247659
233641
6984899
4838841
1235532
5544642
472355
32793
4529139
4682098
116706
2662965
7346355
3172083
6070772
7527571
197857
6754816
6547300
6758272
5156052
7211536
1268946
3383953
6759783
2524213
4718223
7003095
4318522
6621143
6933295
6763151
185412
3265015
2148353
5559988
5852315
6461792
6679347
1606319
4961439
1366442
3154353
5821584
3868620
1569466
6814196
2748464
388102
5338512
4497879
1075904
6160006
766035
3611287
7229142
7161791
25851
6380835
2007942
5945122
995769
822830
3615721
7463576
4219898
207987
5361402
3081459
98777
4787383
6317956
4877154
2842172
2299273
2920161
1546637
6143798
7361167
1404612
5574813
5092599
1943999
3290693
5877446
5691628
1768847
4050598
6923363
4785230
1652068
4208369
