775
2145406
2581345
5810620
6711029
6950549
2130441
6433194
1363904
7603234
6042747
3814820
528870
1163758
2442411
4026777
6688158
5500362
870292
4190959
2920367
1421973
2837864
2871176
5403512
4045666
2242431
2304095
6317553
960435
3796395
7074247
3176501
4020351
1371970
4034464
2300490
6336201
388164
2745799
4988938
2932777
6728820
2150304
709116
494827
1424593
4238880
4632149
3826711
5233177
5511185
2019472
6540923
33518
6804135
5020366
5757819
5284015
7667249
6471873
1168281
6822949
6676974
88572
7585599
4294905
2837358
3589961
6564611
835648
6187465
3585679
4321310
1799160
3017859
76306
7334291
5110257
3007575
6640825
5155205
6217852
1324505
4466319
5638644
1545134
4904302
5769626
7330355
1298349
4058846
4687378
930575
5280544
5772294
4207363
4799470
393604
4714420
1987514
5027924
614385
6097524
377807
738641
388376
7269569
6813225
82100
4973415
4197513
968932
4761445
2510414
6559348
4224717
5782869
3939230
7121643
535981
5464375
4136120
7201003
6463130
1927153
827627
4298738
7538715
4373388
2794386
2084082
4994714
7031427
1401865
2548191
4615176
2255903
5029595
3526413
640325
4293284
1819933
51871
3815434
4857958
4781686
2561192
63663
2618059
2120538
3178592
4449767
660321
3410028
2010339
1650268
604085
137257
3259256
4080279
807538
5161756
4125784
1737510
2413051
3009262
7617822
4102883
4491986
5713356
5909203
5265550
1846775
5956463
1140326
6309839
1768729
3376778
4557720
137122
600352
2196336
6927469
6062116
678494
1579053
2012970
2036229
4880601
4089743
2343075
3119092
4040379
5424378
6328141
2006410
6444118
6840134
4164466
7196011
6759936
1173441
7339504
3999993
4247681
2285580
4211737
4874798
5262925
591685
4600319
5840287
5024563
6621107
7402219
4595767
1636805
7596713
3421761
222278
6100937
6929863
7659152
5341216
2242927
1467330
6013498
3408279
7275457
7218037
3859128
3008960
7056333
1584044
2181233
6410616
1812248
4090131
6630926
5114534
6857416
1054731
1445116
1087549
299385
5576655
965733
4755855
1727127
7423602
5998857
1517276
262578
7725577
6192679
3079853
224074
4424166
4974749
3910112
4884960
7625402
2581718
374373
2000799
1170108
7152092
4483470
2431045
5636020
6699814
7144080
826067
3361939
6281494
4630947
5636812
6779499
3539722
4945252
6259987
4492807
6348905
6596112
6557399
2706208
6555704
3727478
6139412
287117
975582
266223
3520548
1386575
5746710
1263919
3370943
735843
851615
1914880
3085249
2434201
5542149
4245491
133765
5849872
5739685
7023603
1600625
132187
466345
7645908
1408430
5927657
981624
2668950
1348293
4299497
6873583
4408962
18066
1933510
3982677
247644
5921038
1924012
527780
1372880
2993583
7103516
7629156
7192313
426284
1167050
2139460
1276541
3862000
6507628
5986081
4659159
6441303
4867710
7221103
2377313
2956489
5639513
300281
6332796
449761
1499709
2230398
2081297
4599331
6563437
5525550
1362827
1541096
5779996
2546128
4732491
7292875
2337897
6152496
3611455
6263612
2989533
7513103
7188319
681449
4985385
2760938
3661060
3002467
7260686
5394763
2018627
1199065
5132165
213043
703544
5388015
3138797
637552
7297471
5753981
6563733
6441771
3841458
3883851
4576059
7267189
4826611
4558331
2706633
2602305
2830918
4798024
5683733
4051226
6312130
1018959
5392603
2418425
7064891
5637076
6256618
2665136
4570406
242201
6262747
351521
1284299
5817843
2681820
2623209
6674624
3620190
6790285
7156840
3726073
1034273
4664950
4794436
1306777
3836075
4097503
5269023
7411012
6635007
6560727
3472352
6329708
6481583
7734085
6727343
6186213
4110448
7432480
7085650
672254
1975267
6810980
1587977
7377009
3407025
2485317
1740349
3081230
7614386
4699104
509080
6983498
607010
427634
2541986
6737912
2238353
2043608
7379457
2859427
6078695
1578839
3870550
3311837
3716393
5881256
5205418
2736506
1060798
3969389
3542786
312286
5474150
601506
5645410
4213409
6766974
438637
2843038
2167306
4991510
6804279
4233962
6640042
7217224
4791265
4492082
666551
2481747
1718059
3773064
2006658
5312841
1403422
5963659
6314474
6028194
2731428
951496
5196123
5430786
4260949
2438400
7299406
1793890
3769937
6418506
5861753
5883473
3820059
3327868
7188545
4648983
6918156
158701
5052790
5942972
2775378
3445566
1728688
3966549
5793881
776130
4986124
971983
2639247
5929086
6083856
5383376
2645795
3890155
1718075
7661672
4170253
2303055
4303983
752460
3621634
5114916
5650462
455419
5940674
459454
5104284
7469472
1340233
6194583
5784065
5151014
1037623
1939288
3055531
2979370
5919895
5304969
1226031
5113235
5134603
2837930
6668131
1084297
1703409
2189308
1477393
4994349
6837927
141326
2981473
5359850
4022523
4767247
6646420
5445049
1142978
6815620
1471008
2787386
7225869
5057195
635800
399538
5621376
4143315
7180906
354388
6864508
7415543
3250575
791365
3489607
3125255
5653987
1221694
1131127
966506
3488427
404296
1686570
3177850
555044
631436
6525736
6036005
5386718
413661
1037327
1411692
1501725
1350565
5549317
1815361
1227277
7228327
6805354
4395793
6757398
7162457
2042771
4633377
388456
3950432
4700937
5243114
2258909
4908839
7591183
5032324
2101248
7626127
1171852
1389107
2784541
4909709
2676155
2238899
3846874
5574499
5654469
3342077
5241263
6449837
2934369
4911733
6916450
2355174
886125
7663461
4527776
5883929
7267931
5389193
730507
4234403
503636
3913478
1374918
1585420
6227733
313143
474151
5907950
872478
2707185
3512534
654547
4250927
2690995
4201558
5611402
6403966
64682
3332472
6069298
1766902
4602001
6909178
374069
1549565
2782066
544647
3736661
1562565
805857
7224437
3958770
725749
3152135
4122551
2036082
2663623
6720941
3520469
4383951
200737
5440057
2659706
4449835
7500538
3486304
3944424
4139148
1257546
1943643
2704332
1200393
5617241
774880
6818570
1038844
4186320
146005
6200830
4379468
2982907
1949937
7434326
680338
7693848
6890781
5910281
106776
3929682
6692393
10844
111809
5952723
6929321
4723929
3985339
1613583
2882019
1213415
450517
449860
2451235
7508564
6639349
6782475
3968986
3991563
1604687
7483674
3955369
1880201
3020973
1028869
7405776
2682480
6169088
4170947
7654985
6507513
7494982
334440
3242009
4956137
3737160
3009288
1081256
6420866
5353327
4927771
7270659
6214125
3226758
6795956
1003537
2705655
2202151
1009401
5781951
5458032
6790905
1457306
3821858
