796
1463386
801790
972034
2719744
5160197
3965925
184523
7210095
1806454
6169428
4895203
6130368
3637966
6149740
3441478
60261
3418426
4035163
3345598
519610
6460917
7722293
5333773
3953690
4103975
4095340
604089
4056632
6469654
6402520
3942423
2155637
7569261
3173844
6084885
1023389
2366739
5026438
1599356
4210739
141821
5090043
3324559
2311428
4930420
5341669
7378581
5838113
6378372
2495758
5925125
4711252
1360323
4342130
4614773
1719491
6911510
648951
6920479
2874206
4099041
3891737
3244817
4030802
6926103
5232035
4284830
6862740
986748
835261
2353138
4985527
3915098
7766767
4627967
7285012
2321480
7555931
1903911
3340371
4890944
7072256
6337615
356191
1910522
7097631
6484727
6481682
2607473
6612589
2670568
1746150
2706241
6622456
4263606
3437741
4052883
7577885
5216790
6558576
5499414
5090720
1106539
3836302
3280315
5718278
894836
167701
6728318
4677153
3835160
7622840
2269675
6566758
673691
35817
4597901
6239819
6508668
293735
1280587
5865668
3386817
183881
3980419
6959850
5546973
5175868
5323067
6014803
2928724
2630479
3552984
6744000
2291854
4020193
122706
6571581
4919094
3899710
2949767
6068646
3220277
6182935
2599757
7510164
211535
3680475
276376
6145374
5235787
1180112
7393922
3568618
6145042
5087588
50503
3896847
6061892
6241633
87621
1190447
5189622
2349139
3979338
694534
1471395
1327103
1081865
1429881
1846727
3779060
4778502
1699006
2281346
4838566
5772155
5095096
4739809
4646784
3555381
5004426
5256162
562564
4485214
2111079
5698134
5405830
2404541
926437
6720864
1107197
4208375
59146
5584397
1735290
3772866
7573121
4830986
2397915
4267373
4779057
5823963
1188891
4783595
3667086
4477025
3880434
6463203
4767492
5956932
1474502
3058641
512676
6077781
4375897
5518685
1740927
6394420
4297571
7066240
2707809
2938721
7308206
7746679
5335777
1154216
5665924
3740365
4858704
1313248
7366017
2147111
1876310
4019981
359746
6439247
3091146
6631657
5816471
8270
2658035
4662493
6194482
1510459
224842
383622
4667157
1427645
5595822
6677427
3967211
2986620
3472079
2909111
839676
7435488
6388303
4205270
546076
4871211
7143851
3677992
1999041
3001374
2785709
1732228
5934201
3185963
6113145
7432845
310885
3871437
4960655
7622041
1210319
6746489
7110287
804965
4721076
469751
5087812
5871623
1398632
7742335
2133089
7735006
987728
7327787
7430403
7084068
2355999
6666220
7252803
1088735
7207494
5532006
3449087
2573177
7522729
4473026
6787979
5500656
7649022
6749038
6568796
3543906
1212105
2397200
4181269
4792048
1515212
1751175
5687053
1539589
573080
5135813
41315
1164240
63547
3668956
4367311
6182514
7710732
1621571
4102088
1507880
2586107
341818
4656555
3757978
4873527
1880617
2561647
7545056
7030355
4163972
2754301
6399317
1090285
1222425
1348874
4124357
648972
1775167
5170208
6653184
4179900
3632465
5838352
7237200
3921437
6510741
5061129
6647212
5912318
4058376
184350
2137679
3204286
6409455
581720
7321168
3142899
1501952
490132
5149371
1530970
2741502
7609188
1393248
7384791
2816817
7425665
916010
5348238
1539560
4431509
5987216
7592622
1768902
588257
476463
5103601
3803395
7621176
6524816
5683157
434198
587523
978862
1432343
2359895
263509
87978
4082185
5884999
2755936
5523478
2713725
3847896
2281500
1637070
6432720
7769952
2616219
7012235
4877971
1657642
486452
6808279
5144458
5498318
2659589
3046834
5315328
663592
4531984
661938
1801118
908445
1636236
7841831
2474296
7533240
6938643
3271990
4979878
6371270
6588176
3990510
1452888
1321124
7816424
7713523
5928308
4501604
429265
1005521
2265697
2983473
6499235
3280910
6396310
5317228
7758066
5883691
2362249
6211227
3375400
2302246
6350203
2225619
632340
4853238
6777842
6900394
4451364
1332850
4779761
28357
6137509
1410838
1026309
3924689
7263639
2295895
238259
4356801
1128580
6932147
7545128
3146595
6271751
5572995
1193617
2580203
4428133
833768
4945138
5868912
6446278
6232214
2665474
2506278
4475871
5729580
3183391
3913006
3613514
3660093
4011993
3652143
4223331
6062406
4752115
3366112
6245569
4996377
5205328
5820265
5992832
4766064
3682067
185166
7501933
4794598
4286825
3134548
7647280
3758954
3343197
6197413
936079
562627
6418088
7116012
1347343
5748116
5957293
3656459
4145644
1299690
4333881
6027157
5099364
2426161
37553
3737870
4066885
7500651
25877
2157636
1190702
584476
6628189
7403662
829085
750913
2231199
6215838
4648570
7681216
7220566
3152154
6761308
2555700
671639
3134634
1785156
3282543
3102623
2803192
7297017
2364981
5733651
2183342
4929639
5487314
2160710
3303458
5410832
2148897
5818579
807284
504428
7601491
7446047
3690290
371639
2911446
5246116
3477677
1211273
3125788
5367666
5830401
4513383
5613875
4393815
2255325
6451854
5293939
6174671
3444026
6617181
1721076
276698
1806589
4772330
5637971
6814591
3366676
6257052
6544118
2111175
7950665
2083336
2310950
2986196
3869131
4909610
5042659
6916664
5672464
3754118
3701108
4143960
243030
2005876
6032350
4744416
6879535
3643505
5274283
1941905
7837846
696266
4990320
2032941
4761949
7879328
7110286
5326620
1288608
6106340
5708665
3510131
5802605
3428578
1721273
5960517
6211307
314467
3338624
2393344
1396513
5722628
5033672
3941050
6992967
652664
2322420
257255
1088622
1070985
3565435
2667606
611788
5939171
2603744
3081173
7263857
3072520
3364010
3880152
2972914
49285
444987
7489142
7760086
2740867
2759226
783921
5789398
1342700
6117475
2102634
6250694
4409056
907437
2062769
5384327
4587139
6185367
5316424
3948605
5177558
2714178
5422554
2788065
5137312
37751
7325936
486657
5764738
737146
3959988
1471555
2451301
482670
5943683
4302888
347237
4921011
7675164
72952
1174423
2206740
3339130
1810157
4786156
7155898
7895558
1564603
3941244
4187895
3287120
54531
2693174
5905057
6317292
2348060
3755006
6491850
241914
6925193
2363288
813775
3682104
5755770
7690110
5124146
7354384
3267694
7477193
7630492
1178144
5363466
3808366
3772914
5109354
7213795
5017646
5811075
7411370
4822316
3321736
1744464
3646633
1614534
6351077
2397067
1919031
5522829
6336504
4248698
7192021
7680591
3840290
1213587
1738875
4000281
1147896
5265419
7447378
5407359
4188210
5275830
77090
2179236
2127276
3708171
3894030
3347700
3283901
339034
7950272
7119748
4507482
1102525
6506479
865461
614621
344059
4768748
1753451
4025213
4026217
7358861
4815628
6442540
5169354
2235588
5520143
1190447
3552830
3751818
3295471
4382030
1724185
5175852
7082574
6594413
4389689
2188239
