816
6502885
7250752
6916098
5404850
3811935
5550669
2160242
7993329
6443475
1816104
2168803
5921317
4057344
5855156
2832632
6549963
4074393
8054593
6142997
4639602
7875081
6224099
3601998
1546461
4453841
3722195
2354408
2624986
5121908
6434936
4452815
5863164
5247549
4838400
2771540
2223487
1631089
6979013
7731586
5650219
3574803
4355185
765736
149357
6635811
2944105
3245239
1229528
877724
6655806
1767053
1504585
2346747
906305
3664969
2073506
4639633
4128097
7391179
5350829
7100773
5083329
4055280
6790549
1685204
6540391
3407647
4818124
1301839
233589
2202820
1193413
4136709
7876938
6344573
6743679
4084675
7340768
7652250
5181847
3170795
7273226
3819831
651940
4253949
790871
4801210
2559557
3842967
6496050
4790941
908258
7780630
7537060
2474085
560451
7613519
5560008
5966593
5345718
7578615
3389033
6432947
6467393
6399992
4563696
844580
7768370
2605317
7411195
7481777
5564184
792199
3576144
7083476
5128885
6369152
4130387
53779
7073644
6544792
1402338
2321802
6577857
2190804
6746239
8067868
465737
7775255
336531
1754425
268059
994758
6585991
6922020
4254257
278173
2452460
1734640
2643274
1525451
6910910
3727253
4696523
3356385
3243769
141366
3152857
7648447
2433203
23614
6453248
4722725
7043849
6075886
5047069
4557402
645743
1376534
1916938
6993458
6609582
7948980
1296840
6067483
6184134
7336072
7043820
2827023
1672282
3999678
469939
3177594
7111944
1754005
4530451
664433
1700792
3443124
7336091
993358
1555160
5831991
5186808
8072694
2867615
3505093
1150542
4300240
3181850
115196
6863486
4254680
1458326
1511059
4517197
4733282
4456441
5818660
4417400
857211
7623303
5776762
5903786
5268107
7640113
3627341
3228880
6320108
5949391
5538284
3592215
4613471
4705796
1720657
4043285
7573930
4376280
1364036
637806
5351456
5537386
7427504
1990845
5751069
4516039
270471
4340391
5239588
5015471
6967276
4451223
1783369
8092577
4053539
3224497
673563
3811527
1657904
6913836
7924296
6110375
983740
6468223
4226768
5986764
3404572
4205548
6896599
7432835
934689
4550758
6630291
1286223
7727674
264663
3950686
7189806
3144651
859997
3253326
1975023
4788211
2688606
7550057
2400526
279343
7043805
1844718
928273
381353
1250238
1268540
7238797
4617348
4582487
2415118
3418882
7044369
7339118
4951260
1512826
1698558
1284457
2656556
2909729
5738008
5435546
2614903
7311182
5437990
5549503
1696549
3463597
3814243
1573343
7775419
2764540
4968642
5916191
1554041
7178042
99648
6768462
7466962
1744333
4088607
4825755
7643778
8147051
2736334
1080508
5857379
2222272
5925048
4034641
7494916
6449386
3527655
4225650
1056838
905877
7899909
895804
1446941
2247990
983400
636216
6968220
7855059
4181064
1880288
6382409
7529564
6975762
4372688
2632779
4804473
1435636
3932136
3230827
7344207
436782
2742625
3074944
6433974
1937089
4118803
337021
1504060
5293817
6111195
5003478
4117293
2825635
1015817
557541
5793513
894067
5300357
2630746
4035972
5756644
5221802
6311556
4841936
6278233
5916791
1717947
1641987
1301896
1762113
279023
7994511
6822811
4285340
672708
1913245
7958425
6575529
5720803
4835255
6203350
3853892
5494515
2673296
7612641
1154092
765296
4978920
568607
138522
6883061
1449616
2955686
8088579
7936887
4284762
780332
747132
5117693
634035
5059337
7491045
1567449
4254875
7337336
5951667
868051
395727
118163
4084236
44260
3220056
3904655
4651794
2998044
5584061
2201811
3703010
6923853
6848417
5395677
2714584
1219474
7941864
6301789
2568107
6423799
985691
7019072
5471614
1465823
3995798
5195790
2062706
6029913
6999250
4521431
1344837
262507
4269390
6716614
7059324
310854
109818
4977708
921501
166196
4141614
6800335
6215394
6078305
4653517
934642
7367067
6072806
2282454
7243811
3618289
387145
5509588
6280579
2325831
7800880
7179709
4987055
713233
7457200
4038314
7304819
268682
4216601
6353234
1626647
4837666
2809155
6698695
4768525
7685684
7206855
6049673
1988831
2371826
6302260
6043743
3184678
105857
2923497
2370983
5322835
3670057
4790857
1378439
4723532
1077512
5097802
3566797
4789574
3251838
8108386
3451868
5302463
8080131
5084863
1841702
1148589
5750135
4728566
2506249
4849884
1260268
5635044
7088671
3624584
1723429
353727
1514008
6681121
6351405
678645
4055307
59974
4287331
3038891
3368967
5668035
3757357
4597983
423995
4349497
5344589
3022575
2877992
1968093
6623047
3950325
731067
4571974
4386529
4014170
5193412
1164599
6760546
109731
3216994
5656403
7479803
7026259
4317203
2480705
346306
9872
1641856
3982286
7958733
255517
2883497
7277333
4184924
7086459
3943244
5376907
5547486
7403024
3766572
6907132
652599
718
2358460
2365725
2025669
7796972
4688192
3304903
8070301
1845132
4265849
582961
5916006
671918
4899250
1000243
69430
7683665
7027329
3891509
7183398
3555150
281260
1261591
5648668
7285210
5416900
5434815
6665626
6379874
6837201
1906389
4160492
1188919
7718960
5601266
4639443
7300660
5518087
5934834
744929
774778
1382400
7294453
6512831
5497133
4434923
2483818
4868283
670169
5167637
6844539
4368669
6820471
7021182
2450852
4073360
7478732
1891888
2143429
703204
4368396
1401897
4539756
7053876
2955849
3339570
3918647
5539822
1610183
7269375
4993236
8133529
6383382
573013
303320
8007396
5331755
1643141
4389442
4625247
7263291
2032295
440190
2439568
2550707
715262
7489001
2103212
7986611
1762320
6596724
3009145
7234619
7941569
5827802
7290809
2948752
7939046
4969948
4771508
7784273
7987256
896647
748200
1759291
4184157
3124356
19102
6880969
1406301
8050096
1443096
738835
6136791
6390206
4897295
461938
1579721
3099830
2324526
1222515
6473434
158477
6148113
4301395
7529959
7552952
8149063
2353189
1911733
2902173
7121794
3728197
2607849
8072174
3000697
1741075
580118
5887116
4862140
1479830
5620221
7617238
5994321
2043838
5321978
4961563
633870
7401505
4094211
7998764
3297118
827164
7245750
12109
2195010
2559948
2521480
2827856
6307215
1577765
2574106
6302289
7634406
7094779
1310330
388149
4785317
2844541
7377370
1316509
1827011
6548826
6198761
6977162
8063296
2826613
2516407
4465559
6163372
5027966
7244110
1841807
6493656
425935
3779455
6044009
7704533
2904484
44716
2815333
1911056
1444856
7337981
3952408
6535107
5106354
7427533
3435045
571345
6215338
3432846
5843016
3498036
6458956
4299787
2542069
2139356
6736916
3492256
542939
945104
718226
5918229
3857226
7260692
6887649
3038613
3681586
3182274
7294207
5825661
4637517
1819851
7643171
4816556
535673
7908198
2341002
4959116
6922009
6429087
3502500
7875128
4326993
1826267
273752
6410960
1298000
1946695
7003211
4597929
2072058
4033711
2322557
6977230
6605012
535799
