82
736970
557908
526685
635821
589048
271793
594182
674664
164626
323390
651260
429721
3182
191688
676746
454041
388141
234761
573389
114144
90211
359430
186968
174881
676288
296315
206351
135996
623876
448168
656766
205814
52337
672550
310197
54573
407557
750915
462923
812736
231658
692906
256745
416323
523578
200264
432296
101608
538380
545909
502912
548426
601926
712341
792534
685737
207021
684568
753110
709829
606622
416128
708365
707267
809155
759441
285050
30746
120358
500274
425562
281537
809340
36243
341101
623941
735069
508010
631895
617295
371244
181648
