836
4744533
6560000
5845451
8309725
7190303
623089
3343692
3658432
1334787
330863
6694107
4911087
554345
6300218
5663173
7228163
2276817
7586096
7551476
2802881
2942599
1858419
1635087
2471630
935001
1781411
6090125
3538188
2235193
8054106
8335951
2192695
2663282
2207686
3692649
1291518
2117140
3394330
5744287
2929380
2729842
6161018
681293
1573449
145534
4948596
8190222
1062939
3744995
5307901
4390204
8348407
7347872
4501416
4152502
4159752
1531463
7712748
6034434
2898245
250912
7950367
4365439
6417607
2352609
5072374
6361516
4647397
3365336
4440474
576100
5894780
1382581
7671360
1808434
4119567
7412415
5254214
5091001
4853972
3717859
7214971
1862944
5157146
4247319
3423076
5992743
1292102
1038552
5588018
3096895
5158285
4176773
4382645
1031960
6913702
530271
836306
6094777
4477021
6565802
3625722
820471
2569189
5127774
3756824
3164758
4662969
8216393
1285475
5860872
1930478
6203712
89155
499151
450049
5266190
1644320
947746
8097379
754313
7872473
5413423
1615334
3131960
217716
3301829
7839322
2773115
4097507
475449
5183062
7254593
4141262
2544424
7180634
6537034
6799882
3626092
7791985
1968438
4980869
8096362
8235413
3075796
3840575
6529580
6534200
2526271
6606330
2928314
664990
6555548
457824
5138349
1560540
6008322
6920417
2753536
4770561
5377937
5061724
4229273
2713668
130169
2470396
6833595
7662262
5885904
4872236
1203511
5197090
8067927
87896
4193544
7675734
6875049
3201830
930518
7370635
229571
3680179
8357811
3303490
5246896
5899152
6830776
3654235
373631
6465881
4772352
6651549
4069309
6019604
3464660
7372775
1282326
5794836
4732164
2768646
7855784
7241340
7205340
2452435
1083351
3495065
2053728
5248839
5485048
3223503
1405411
951284
2038391
6895811
7376360
5457998
3285757
2768816
3557473
7321805
1816659
1904859
2258527
5357091
1486233
3541149
2021988
5506581
2546248
1386480
3967968
5345694
7831108
3209106
2150191
1157788
2801122
2885616
7890375
6337539
5827380
829327
802743
4460760
3786911
1872515
2953933
1912302
2306767
7157496
5604482
5090780
8225761
7570652
6578572
8113554
642841
7223403
1117412
3734208
8100600
7339348
3328328
1888998
149026
238034
920769
1960357
2234819
1733472
5532822
3953989
6853114
2725791
4104169
1685667
1190010
3569841
2968644
6685677
8289740
3876594
7478151
5777445
2720505
6519384
2586745
7090140
3690740
1640581
556193
7966525
5850791
4405387
6898863
7075244
4689135
7215404
5909587
1490122
4392494
6929751
5921657
774777
1617284
6510822
6367003
4235730
6029489
7716726
6914192
1279952
8214292
5818366
485285
2772634
2956148
7693980
7332853
6276388
7778105
8267653
7528752
5096813
462026
4148397
639067
6701969
3327935
5958501
6364751
4963024
5947967
3785670
1606204
8043791
7591789
703804
4314863
3298437
3166065
5645621
390742
8271514
7093932
5386752
6144854
5922818
3496850
5671455
7740652
5532925
6124011
3768058
431397
417191
3691452
1914326
5216715
7529246
678430
3643926
7881501
1474171
1215819
4540822
2501967
5033455
7001281
5290968
4736534
2785469
4307624
1076451
7058621
938886
3808665
4131861
2588442
1504931
1983778
790303
7177967
1175053
94960
5651320
4961204
1006328
976308
3430828
913674
6407819
1933851
4803084
5015255
2729445
7190097
5240586
1171668
6070384
1146632
5344440
2578069
4879502
7439521
4994679
6259643
6031352
2690948
93254
4378347
1577199
6275445
7530283
2605806
7577005
5326563
916970
4072918
6189639
6070447
5021567
7672825
3246272
111795
7662274
6503657
2438350
2001547
3271579
5707470
3935440
3016504
7321262
6344416
222792
8329541
7257652
3431895
3070608
4740657
2578819
5740888
1845965
5043965
4409910
8210502
1014566
5894074
4889666
7177482
5360590
6787429
3827718
2002249
2133493
941983
1337658
5585263
1964635
662974
2762219
3803708
6565990
3186992
21608
1907575
580256
7463831
4526571
284436
497760
7516509
7959061
3359176
6965625
3008759
2540437
733757
3445156
1199176
2044985
5618597
2383047
740629
5908586
4918229
469804
3240870
7835184
495088
1677422
1138848
3488267
256176
5928052
965414
7930982
7468133
2377770
4672187
1037535
3139557
7881428
8015175
4264504
7994762
3654913
4819207
7173470
431196
419716
717823
472620
7596317
479261
5216262
6022091
1458492
1522602
4793181
3987879
153867
3306124
5442103
3543398
7806937
817346
3897116
8183023
7258832
2891527
5560768
6777302
2464300
2362345
4016149
4072351
1837650
5376123
270706
5165508
5681877
2692380
55665
3754274
1433785
2485446
4279854
4290214
5846228
7524436
7325415
5000938
4217502
5924964
5429682
4459863
170467
5105847
5288445
3767329
4670502
6441042
7154663
2486693
7339051
715507
1142457
6058182
6544697
2094459
7186842
2804838
3842590
6004549
5730072
5405796
6087035
3000737
6128531
1450511
7218041
269163
713595
6489572
1754197
1095513
6833896
6113208
249001
1862185
1548303
3708014
2389510
4325558
1220624
2292180
630153
1867497
530201
2284704
7483626
4646686
7123687
1730441
3891472
1506379
2088881
2594686
6322863
4243604
5984867
6677171
8355975
702207
6835251
2739006
5550563
5371672
4696952
2090159
2566699
3286981
7942065
5652607
5847878
5829863
5037178
3994233
2881273
4190199
6954063
1360213
6838832
6420073
3722725
2047554
2556999
6817156
68600
3525674
1636739
8321721
3095435
6711062
3604728
810864
4626127
4688788
2875679
6197031
2559015
3510212
8185528
1961997
1301799
4732319
4564193
3605639
1116350
4903868
3306289
718885
394980
3877307
7823905
6100052
4578472
4233160
6741324
325069
7886096
2820521
3799677
7135985
4867884
6227261
6483155
8084500
6273506
1098688
7225345
8228648
2142977
4939543
8276139
2119901
6713970
4858847
6355381
2529463
6291000
552437
7781816
1062536
677049
4101182
1017428
8257892
3385407
2070673
465889
4686352
902708
992470
8148326
3158929
4980313
1270489
2300386
6442172
1650147
6282504
588005
5864868
1030549
3760268
9790
4289760
2790615
1120012
3415102
5572282
5026639
2621421
5975009
5124390
5962180
7817074
2422949
2343971
6366271
995418
6859375
7564183
7228894
8302470
2781993
6471576
829473
1431069
1467532
1483679
2694548
7005552
8026773
5639919
4402067
245881
1490956
4675412
2737836
1301464
5335223
5395989
6491141
6920368
759123
999242
6749123
6232254
1036564
6635685
1624822
5033133
2512378
1302475
8031157
6378474
7305564
311417
1548458
410492
2828425
5097402
3915361
1207031
2996285
6192181
7850396
7768845
7802134
5436856
5343476
82013
7762540
1099369
2899553
7221012
2795476
84974
3519566
7710015
2949856
6403409
1992397
4988367
1954786
2032808
753213
2858760
1923828
1093498
4312388
3688631
8053940
958373
2350125
1746653
7249920
7951797
7852135
7983064
6947329
8135504
8339647
6077486
2361711
2349749
486160
5551025
6362677
5481820
1771150
2521674
1729741
7595207
1353339
1103953
6868445
4055483
2362295
6699662
5433511
3290936
