857
8332644
4152575
7595715
3301591
4093354
673091
1099930
7155344
1273619
7202035
6625279
1154265
573345
7793930
6077616
4735830
5324883
5459022
5417908
2330826
6686603
2327044
3227708
4900735
6648893
876698
2841607
8267359
5209778
5216666
4939068
2689515
1189381
914658
1815779
4471667
3147875
6320325
8202417
2056221
1357136
2120023
5352728
3340321
5901713
5708216
8338803
7881948
2229463
3787239
5044665
791458
1193551
4552094
3411045
1221188
6075527
5887387
8358345
1085310
1312487
219525
3406830
1117661
8024594
7489055
5093702
6066088
512246
3863227
3723375
7162147
836398
8436035
1304809
4323219
7953136
787235
3737457
844636
7878822
3503249
1797925
7097143
1041763
7159972
2826052
2189740
881802
1830244
986745
3751307
3844435
222861
5984831
6724451
4831160
172847
2085007
6143103
296338
6183011
8278236
6554274
551356
3971856
546991
6445773
6969279
2324578
8434717
2399122
7606158
4179162
7099636
105584
6115767
8285241
1866619
5610322
232874
2201116
374266
401008
783049
7839197
893019
3689241
6390819
24484
6585504
1686090
3827021
1586888
2646480
2554184
6426171
4469339
8187317
1227204
2653173
8134014
5204889
5599364
2415493
3854817
7155451
2101334
3195696
4268687
4949270
5088415
3907338
1727086
3065047
1853913
5890976
986023
4355211
6973894
5807490
7309217
1119627
1898086
6438367
72664
8512962
1135796
3297821
5611679
8022115
6578326
7301013
8226136
5564262
3460051
5853798
6816581
1513012
4386993
6334786
2184591
2537528
5137013
2057219
3188084
5344853
2456088
7435952
7531028
2415696
4243883
225909
7739909
4996534
773436
155879
1286593
1809335
1404138
1660983
7878869
8515348
2429221
3468609
3270046
6459729
5603355
4999112
4055972
5862251
2573113
4415929
4758983
8180533
3183954
932986
1443717
5570386
5546970
5519264
6290376
4053530
7556967
6878852
3847870
7305120
5736016
4896936
505218
3402535
2921232
8533505
6661795
6280737
6417133
524737
5137947
2086328
7739037
6473315
217495
4754038
8496033
7366722
8311964
2522983
4779363
5849310
4202919
2763221
1924099
2292162
4544790
667115
5398113
2372832
4303375
6917910
6391248
696493
4209368
6097794
8531958
2222199
5990897
6020187
8040179
6248308
6156732
3361185
7288761
2958678
7850025
2024577
4135600
792421
6796195
4909056
6466431
8384540
5998582
1145786
2800338
7564016
2779820
5725041
7302430
6102510
1915689
5447184
7025949
971080
5526344
6131930
6974034
85573
3874361
6819348
798222
3643696
3667686
1838752
851727
4925204
3071884
5984459
6364288
3021763
1026649
4867674
2934028
6471282
8318992
207879
7635801
6551810
7138668
4310361
6307750
4310550
2914907
7340064
6556397
1246251
3216268
5082533
2628206
3480650
5734089
1214090
1668417
1107912
824795
766804
2603797
5327137
68375
3584654
5308616
7119811
4206381
1042137
8292959
2541016
4868246
589458
5872771
3256791
3953889
5489371
93812
7020378
8132583
3554637
2864165
3180084
62524
1253661
4460918
2092654
137770
741377
7744313
6660440
6664154
1393056
2955119
1272732
2567724
6300034
481683
4352123
8142946
7087597
7833773
7409301
2511792
8271108
2105685
3801051
1937657
3940596
1602596
4623662
8044461
4554090
2724456
7300187
4747148
7268353
5370787
2282471
363789
1074282
7168660
4901169
3764787
5123264
2769131
364805
6947550
7532486
5549159
6135644
2178029
1627070
7645316
5378153
7455377
4565114
8290237
1756550
8044323
8003330
1683289
5553925
5550253
5090994
7173416
1914397
3116982
7404006
1230146
7597260
7270407
6879863
5975847
5263606
8336141
246163
5157553
6133454
1028070
5563457
7273542
4703183
729457
2236311
2362689
727837
5358090
1831395
6065229
8480584
2522125
3876899
4260905
86830
6209492
2271606
814016
8007616
5694558
4948783
19884
5951361
3133877
2661839
54347
1043176
8396333
181273
5838082
6864617
2264638
4623387
2628028
1052384
1868621
7926223
4790139
335833
1066885
8221752
4888238
2646077
5505989
1149385
7976198
563383
5799523
3280223
2305278
323937
314533
7622267
886038
5487475
4915601
3394593
7282840
3264486
6140093
3936969
2631476
996923
8358179
8318178
6261435
4503290
2310965
1213131
5099786
4605238
5585103
5677865
6406186
1383386
1785257
5016926
6911676
4522639
6643390
193093
4136931
2463615
1369217
6016808
7060930
2956051
1963140
4324988
2314728
2837572
1466001
28470
3739412
4309962
1597446
5845466
3654708
20779
3036156
798740
1337296
5862319
4624166
2000507
7999784
3420566
5774386
2130629
3041265
2790229
6642931
1461100
5278629
1762487
6875365
6479542
1168206
8339788
1556494
6331238
5700587
1475411
782088
3207638
4006225
4816658
8335318
1144698
49044
8534831
3049228
1991441
5126358
5873668
5131630
1623917
3635429
2914056
5221006
3277536
2575694
5284277
883253
786494
7917474
4238885
7524952
8203230
4640847
7136438
3195940
8259449
850718
6918895
6774483
4762779
1476280
7041767
7066904
4447530
5388983
6671082
2373889
5468973
3852135
1426403
5707578
4874967
7287326
1458540
514276
7198571
7070925
2823948
5547135
6276487
2662907
1729817
8218062
5312139
4700433
488341
3152880
7923684
5431502
7491979
6487497
5790388
154452
5851632
7852829
5938356
2467256
2870574
8083851
6633199
5466863
3482795
8198776
5059911
4303006
4812859
8504581
6273250
8400355
7092442
4671302
3687028
4885475
8294400
6615604
3254353
8448774
123326
2262160
1576115
835756
2999809
2716361
1043190
6649611
517583
2263117
2435515
6135542
3595191
6571647
2558155
3416800
7031659
6712671
3739524
5937878
6969465
807256
1976860
5599215
3267683
7090951
4760708
2163979
5392181
3890786
73150
1244095
7592266
2657915
192697
5389102
4987011
7464598
4853763
8243454
1819675
2778250
4353458
6590179
6434825
7089069
7541754
6675046
6454714
6495877
3807817
1386309
3126912
3582681
7360234
6532149
2960770
4001044
7670356
1438530
2178014
1462067
2681231
2525459
2054996
3473694
2592386
3777139
7830719
3104616
3440483
4799512
6562760
7433647
4004923
3431833
5194348
7045080
999519
7889442
5408201
6744502
2186066
5365571
1726082
5647250
2102234
7304139
4504329
8371139
1357785
2534912
7228689
1778475
4651126
1288560
6068005
7042482
2031579
1512104
7026106
6559791
2051120
3960205
3482357
211079
2050182
3022642
6073077
5410614
1271430
5229229
2706607
6617310
2872586
3658471
6408422
6839713
1168567
5148633
6339917
100524
2764432
5852463
7908001
7408530
5064216
5190537
220451
755744
4359872
5948631
2663471
8346321
876647
5937644
7134037
2237043
3818214
1191666
2727152
4390240
1057606
7373863
4939949
1474930
1736823
6021038
6650836
4032322
2452350
7569490
7871815
6577331
1209161
5852479
7967959
5287056
6619838
756867
5957767
6771075
6037744
5618349
931281
1929286
1956154
5557858
790235
2467131
2961922
1221040
370895
7957750
7779853
1976198
7548340
6188644
6177233
6242517
523011
4859930
4519705
5412753
4218730
5120525
602714
6169978
6595625
5251339
706758
3857108
4544910
3982871
3336544
8329905
8501251
6093098
2020591
7803259
7734499
3484871
1385008
3288042
1132024
5420055
5166231
4268399
4554505
