877
4575521
2034119
6328791
3282312
4987247
409625
6372348
1752271
1859647
5919800
7281526
8676213
6484345
5451736
8190644
4847534
8464661
8533848
7099973
4713415
8597641
3271587
3932064
2892217
2609154
4032554
6942511
7110170
8740557
8467996
387274
2511790
6166915
5616538
2659577
7692708
5319239
6973846
8541690
8109063
8610197
340172
482897
2921735
8630670
6087243
4420961
6002876
2384696
4754880
7752772
8618606
5571239
8460958
2181284
4903382
6466577
1042787
6466204
630800
7068147
6985670
958344
1204045
5235135
4615342
5978258
4766363
6617612
1679727
3941087
7521724
8742618
322409
6363570
6908874
1235047
195685
954371
1727263
1952717
6070790
5357948
5249877
4757016
6666002
487092
7838281
1365587
3940187
2527971
1049293
534960
4608465
455042
8709130
6171840
8360202
4961127
7519940
1329266
3687888
2592814
4892882
4662090
1936298
7774753
6511482
5178178
1618310
8005540
1698409
5711020
3470998
3344174
5393315
2933720
252770
3170822
4042046
920822
8228140
1765005
7739029
3261201
5038933
6856599
5876146
1556389
4389521
2396990
3037654
7306449
6264991
6457312
4195152
7901010
5124304
983836
4114192
6363074
8123507
6926128
5194378
6356544
4576155
3822200
1696495
4377934
122183
6340765
780193
7617340
48943
564153
6404267
8053244
669834
568354
5865624
3355767
4264317
7956455
7656791
4993848
5242702
2363113
4372462
5475342
8226851
7915902
867566
4543359
8617790
7817178
2509413
56944
3964973
3442724
4589383
1738384
3930772
8035864
6873308
3867377
638660
833954
6528917
227631
6087875
1303011
4256839
2922089
491845
2577456
5497202
3622638
4406360
1186439
729028
5933907
1905824
3090396
5142558
7312172
2129789
183272
1232707
5017939
7076061
4973496
8398335
4743680
3675184
3443561
4113251
241427
6484598
3525544
8468723
8647602
2300417
950828
3206237
3325290
1272261
5405475
6467413
4309268
1641740
7597684
3161332
5658723
1096571
6667582
2789487
4648194
892795
4614707
3414125
4825329
1558774
1175236
4826285
4898373
5803167
8644790
6196280
8292476
3168248
3590748
3268920
4691042
150847
2493834
243708
8224014
5978095
6268162
4524639
4109249
2596661
1806050
4997714
8504957
1712081
4170407
4696824
6157255
7687693
7876869
7803607
2134390
2643116
1166070
2352071
2711539
5067592
6057754
8355419
1875045
1484295
4549340
6296400
5842011
4650332
3051298
1350859
8766120
2848344
8198863
609359
6324925
2202669
3049264
3924768
1578553
3803048
487197
6958080
7528129
5696298
6070743
1599499
3248525
51400
622189
60020
8525134
2166002
7688035
1986866
2787771
950372
6619127
643211
3693381
6607940
7852060
6914533
2024089
2481953
8565426
6155310
1568821
1581784
7141284
3913334
6885368
7559600
3104690
4298007
3074928
2491531
4519529
759282
5227989
2294358
8694406
4232488
3584740
2922499
3547028
4269883
8135096
2165974
5055359
5342779
6419390
5187338
6657018
8116228
7954747
3994930
3563363
4785709
6856394
3909956
5804898
7752742
5654011
4998957
4709470
6163258
5780941
6223481
8143636
6584244
1025899
8321441
8435266
5659538
6932118
3451141
1641740
342132
7917785
4152442
4516020
2108039
5372591
5327671
6164417
3598793
6445663
6266488
7732871
3569726
4740823
7764560
6713410
2350434
5787345
7925260
2031314
3673474
2591758
1815799
6432341
1852472
5713255
8041147
6118765
5479375
6380048
2823421
7753616
6702168
6745978
2644615
2514992
1497337
6232192
8344854
8526844
5157345
4725060
3282423
213780
8572681
7364766
6555621
7998393
7943381
4462568
6637847
5425135
4395095
7856925
3681934
3870676
1415445
1295107
4522801
8138892
6465511
3221531
839705
6472963
6196104
1391456
4887924
4978019
8118344
2844755
6274905
3144959
5307193
7412280
6251584
7372126
3260632
6575697
3771677
6859780
2544719
2115440
1165767
1744402
744575
7562853
1656744
6451766
4512827
1740146
5357198
974980
282919
2302745
1784611
5893472
592034
7260785
1656534
4305043
2613695
6347568
353492
1037407
4039561
8231288
8397259
1207225
2146342
6615104
4797093
2977188
4990558
7057178
1398785
629452
4541664
3279020
3234691
7466831
5220419
230297
1427495
5791242
4225155
1546025
4727167
6839127
3454084
6159091
802482
2696324
2065153
4837542
7839427
1394883
4877537
7831027
6136832
234214
8316019
7274200
1337467
8366470
5259437
7159520
2303985
130143
6235313
944456
7351703
2696926
2783327
3908556
3319747
5551166
4290791
4020956
7065105
6052835
4150049
4729171
2367455
4119490
1981999
3396765
8380743
8118565
843427
4978481
4783502
1463684
6229166
4323646
4436583
6075714
8148673
314521
404289
7009834
2155785
1174126
2855680
3862107
3049489
2191667
8206074
2735692
3831224
4585577
4690796
7808136
709395
1611450
2559514
108051
1294777
2986873
1108774
6268537
7835669
5103118
8533620
3299960
8097071
5804807
6924767
5991180
3083376
4889491
3061254
7987599
3438536
1125251
3443290
1557124
7602401
6275680
2345820
4797976
2065133
7732720
1033643
1962918
2376800
224116
5820817
5603587
5579023
6581355
6472812
4389413
6855800
1643014
8527166
8094644
2878888
5411479
7448939
4046467
440983
5683908
8558002
3691119
6260871
258207
683358
4970130
8609843
4393543
7126300
2522625
6068707
1322050
479926
6193673
4199220
7580475
324207
8152927
1096330
2133527
7077923
1621752
5325947
609565
3660020
5208940
4626792
495642
4723847
4280309
5231928
5995525
168866
6039142
4909599
7519845
1315735
8168348
772895
2904983
758957
3507401
1393997
1542769
3858761
5137038
6639647
2686856
1541322
8038934
325876
6044376
750461
8372775
2197005
3980488
6222812
421213
3886497
7097036
19740
8547371
4027790
8045994
6586388
4206322
4337278
905652
5551954
5843902
3936075
8287146
4278471
7314201
8486537
5056128
4928207
7480043
802728
5861235
7999931
1621021
2062151
1090074
6568797
7331297
8059994
4627140
8438856
8580636
1588430
8437127
4766566
8520532
7530656
4318018
3516223
2355856
2023549
2709854
7790567
3072389
6400567
3266111
2426130
4305341
5675495
2788979
5583465
3500813
8016247
1185537
3212017
5734158
2105660
1221476
701064
3098504
1303474
3418272
1888512
1531311
2479000
5450463
766021
6697608
8509187
7899067
3825827
7978955
1040326
7418399
2557602
7914766
3712311
5910141
7703049
4063173
341241
3446610
1581217
8452917
3050148
333696
7745749
6279983
7749931
2263833
1139135
5207935
4158448
8669226
5936431
6523111
2391477
5737456
6170509
6736624
3623680
4301910
6574759
8404436
6126390
6544513
6848447
7307934
5458423
1678099
422186
6324264
854315
611529
8495221
2526225
1174835
5256673
7173689
6503384
547929
1494093
2523338
6350339
8556072
4535146
5879091
790438
4548978
5909390
2220456
5766951
2466100
4358751
1181894
5860411
4596321
473699
3306172
5922543
6980448
2176727
1328619
6759575
7198999
4764087
1093950
3009185
3196295
5007972
3308248
6914385
4874150
2550373
4722780
4438455
1621857
7768218
223040
6457619
1110356
3658109
8270086
5815793
7847267
6546954
2830596
7186085
4778768
3622254
5082956
140241
3846288
5265426
3266045
3683431
6915416
5624808
8312277
7939454
707055
2847723
8554177
5033126
912163
4147580
4162261
7583785
4368612
1172917
4842662
3633463
1799907
978712
5566807
1816954
1745331
7872778
3101501
2303973
2060338
843371
