898
346817
6657288
2993009
4168903
8397816
8241351
6212646
8047969
291719
309757
7386932
1968338
1661992
8768292
223097
579799
1793187
7242587
8780231
7952314
6019419
1701092
1795529
6194476
5541152
4439670
5127965
3023424
48935
1200762
3290511
7724970
5855072
4291815
5465762
1303734
127530
3211947
5430428
8160368
5896759
3033494
3499536
7549331
7352826
8522061
2247413
4300368
5546688
8291389
8940369
6029192
2812627
6369864
3272395
8396778
5651662
980302
4763467
165368
650401
5882467
2280562
1258583
6674715
2009422
4229486
4800403
5792523
3600670
1097039
3782525
4384924
968387
1160625
4674435
805714
7278039
2767439
1109852
4930904
3761223
165722
1611370
1873463
4525132
349678
8712917
3630013
6551588
6790263
121003
3220311
1657214
4285313
3567945
3682412
4658402
8438878
3281012
8538943
1807310
8723271
390699
4799069
614746
5121284
218246
5790063
621702
7467678
4236992
8730997
2615987
5573891
1068065
8111773
5329948
8711739
4357485
7884332
1876232
2042350
5352275
5461335
4404527
8567067
7106741
8596580
2995228
5523122
7545596
3225206
965181
6182379
6759086
783111
6677248
581549
361515
5570602
6044539
3383692
8806105
3388608
6956390
8265086
3542953
1576285
8282598
169975
4755292
8109820
176520
7924276
675972
7036803
7046182
6121952
8755660
4259097
4700531
2648485
5852436
4735672
278616
1259800
7859092
3766799
2365883
3555220
7065498
5354876
7050222
2976747
2727531
8152817
2979328
6601576
2448937
2612865
4688726
6463335
23925
669141
7649558
4983697
7874965
4563616
2043983
941105
5595561
6612658
5160587
77328
6162160
800618
3522890
2837976
5033884
3183002
3885651
8636369
7777935
4708746
571453
8945722
7408569
2163023
1193499
1238234
6568645
7282681
8254834
7520195
1765271
6749476
3468397
1824477
7914592
5735174
8332422
3897923
7276807
4888717
4930190
6321788
938759
4226764
4376002
5317402
8715023
3484816
2416497
3668540
5178762
4974360
7660993
3779879
3933796
4044096
6721216
4706468
5436893
3786235
1752025
678331
5382933
3486379
733358
1434339
1717777
6350530
1372105
2279279
3092129
5850189
5448365
8861948
4604774
5077054
7516656
1407711
4212205
6296871
8336454
2532190
8025072
5977883
3885721
4692597
2109600
169803
8119383
5441316
6204667
3871805
3960787
4141638
4586218
1831592
3211622
5194073
1285806
3342227
7486035
7883110
4548327
6518055
7965253
7203366
1348734
234115
1554860
2195431
7915510
7592079
4370608
2658901
8397499
4981610
7874105
8079562
7568480
4398912
5912173
7922013
1699941
1586122
4433302
8283171
1606809
1804514
826089
3357279
5604934
5587211
3087252
6550900
8155481
2855165
1442863
8117345
7170843
8766462
8544429
7376434
8175059
5184263
6896669
1696959
3789551
8150404
782361
1308434
7301582
651167
3908730
3093146
1143498
6052475
5190581
8466923
3283623
7567087
32756
8528480
5544847
5811704
5487189
1904218
6337404
977105
1477558
7842630
8338711
3643086
7998423
3136450
1345382
8384001
7423492
8166098
5345518
5661804
6829741
4742835
451318
7662189
8121345
2070152
5683935
6540614
2240297
3391076
2792381
8131238
6284311
3666936
5434770
919932
38701
6991569
8231992
3083954
5799790
69826
182508
6858634
1336337
8264608
5290870
3991893
5782619
6195314
6658003
353450
6698891
6157964
8726638
5413615
5039442
6057778
3245787
4817937
4556605
365714
5009548
4059333
702543
1067197
7525821
1659569
4498112
523806
1292233
8875306
611458
3706389
1692364
1964038
929228
3449936
3634660
5185117
1615649
3402477
5586321
2995697
1017918
1111913
5610141
4825436
390147
5537867
7969442
6368401
4372492
8057109
1988848
5389970
8274692
15933
1802925
2149187
3057574
3890553
7497159
6229998
3219897
5947990
3357005
5243977
5856409
8757642
7818313
8071468
6423517
3733553
7338822
1928901
1301035
5402092
6620705
8002833
2939362
6766003
4121588
3703951
723160
6588282
1733988
8133177
6647554
8233398
2473461
5336845
4733012
2239484
1279417
5577343
3823841
4972168
472059
560340
3336276
1739213
1388454
316070
2620131
8531316
3340918
326889
6299162
1636790
2746463
7694723
4170320
2280113
3204731
3144957
4889288
6814386
4027257
4060198
8639442
515551
1544013
4372505
5821929
868488
2358618
6117003
4508752
50957
4044602
1592910
4242327
328820
5174420
3040771
378846
796272
1071362
4953842
3870796
1466626
5057107
3026679
5546444
5440964
1893816
5343666
2433216
6005333
723482
962527
5644128
6885174
854930
3608131
5460509
1818965
8112239
8033267
3735225
8410530
547729
5831514
3853181
1928764
7828616
1996516
5049245
8271211
5904852
3789848
1336163
6231998
870247
3199375
7026907
1773220
8200309
6154678
1751829
2524552
5627391
336437
2965030
2424573
6174293
736226
5904212
4738135
8683283
6017517
2551574
7425478
58364
6495543
766979
3920264
5543584
1710224
5422345
4125297
4074088
3097400
192548
1298098
2827902
4781880
7728584
6115770
1704391
3753847
2886141
2565522
6212289
1740091
7041636
5112399
1232249
2405313
2228970
8603405
7382010
893363
4046705
22172
3758843
947999
513606
1659714
2156939
5108326
1662519
2263567
8339018
553768
3366228
8324153
7867530
4439368
2689223
1828056
1763344
1332578
5086789
5196679
3424807
3995965
2218261
7732317
4886845
3631735
5945374
8673619
3064843
4856091
92650
1468940
5886197
8278479
2463980
3744095
6151805
1058589
1660342
3836292
3539704
6412554
688391
3060255
7621281
8838895
6315435
6825510
2326720
1079510
372968
3641566
388795
2855736
4314791
4605604
5715351
1230699
5660977
4278164
2372152
1457009
6856818
4966887
1374723
4550009
3101542
2289037
1937857
5343014
3944083
3292860
8024153
2574649
6615317
2300092
5708953
45161
2186009
5750902
2254858
4564324
3849847
8517620
4243564
803611
4080361
1430454
475018
148381
5632724
3378939
6644926
1926813
8646451
7542406
1281318
801940
8726890
263851
3908850
4023638
2094736
4504327
6511330
1571829
3467456
8063156
6153108
4160725
5904023
6050161
4891085
6576921
6203418
3345504
1983208
3897928
5170818
3739546
3626104
1708800
5050836
4491641
5949432
7998825
4342828
6986339
8019674
7149798
238936
7791120
2483283
3099805
143052
3736336
1146412
4721512
8243612
3035094
6003308
616852
3542616
6659789
8140068
6509233
3153556
233268
2916343
4939934
3092041
701358
483382
2288867
3126453
3349567
7134931
3405502
5195853
7580570
2156834
7361527
7296598
5367830
4946478
517393
5621633
6391418
870776
536902
7846933
1928730
2630487
4392329
2884546
2035968
3643787
5826772
5349923
5763062
2668948
4731870
1145748
3774783
253493
8295468
2312098
8228087
929750
7939652
1449961
7446457
8443763
2246019
4898630
3185598
633622
4669211
3965097
265668
2287904
6351684
3597348
4636181
8945180
6361301
7019613
4186271
5857080
5369967
8926388
2844535
2314430
5423827
575975
1187915
1799426
6906168
7660928
54534
8932055
3742990
3320172
2514545
2629471
2595832
3735379
3119594
4871674
8220429
5359251
5698555
6448277
2132495
4883419
1790032
746440
3856678
7616364
627362
107585
1653157
1474510
960277
2866717
8778092
2465797
1314287
4140959
7126692
8660851
8726381
5464524
1746441
8691623
3676668
7924537
8963583
5592307
1125847
8036343
1107920
6018061
7521233
3183521
5035520
377605
1050922
1159774
4552056
1711937
2876597
7882568
2739417
6092127
4462418
677172
8385483
4773328
2727910
5706180
3970923
3770879
3972793
8498873
3377938
675903
