918
121888
1861709
5560504
4956597
6934646
4909223
6197235
1570073
560653
2005736
783773
7836537
2780023
1820937
5440803
1257445
8110896
7439261
6255877
478773
5717229
1632133
3370135
1957769
8092062
474826
7327822
6050206
7543195
6894211
5236357
3009520
363800
905047
1046176
7008645
5855441
8569326
6630299
37990
4417321
4108505
2857357
6138700
5506851
4173293
1708492
1445180
6014563
8551357
1992676
4323106
1369758
8371817
7856030
4657848
1081906
2177089
1136146
6560772
2675815
1391383
7946231
1947137
837387
5274008
5757262
270078
2490898
1841435
4854238
3165283
3249481
3785479
5337295
648850
3634058
5204300
612622
1743563
4379088
532556
944261
3503494
3397355
4737563
8132977
2985136
4281840
2557728
8497826
1242323
3097342
693021
659864
414074
483755
7425817
3547119
2025094
2932397
7333506
4259899
5259241
5073248
7115909
6286119
3801234
2479727
405150
1477193
2583269
1352536
4986863
1515900
1658161
3936234
7328827
1469953
9100405
6480646
7029240
3885979
4627330
4983745
5503292
2604148
3375827
8439498
5870356
1547888
918916
7740699
1894542
3347339
1997376
7808661
6066496
8669389
6654243
2719072
8724986
2102360
1839543
2251769
4853445
5286087
7449083
5556769
401200
4413633
1091504
7169143
2175525
7059997
1966922
4938745
6803277
8397660
4079872
9134242
3806929
7234388
3818163
5344860
7769269
4178418
6563593
5795330
2339541
3087022
3192162
1269153
7699378
7601758
1111759
8898158
5617418
8395409
8235910
4293426
9168432
1833628
3150069
3701847
1981439
475571
8208797
1133149
4882793
4471082
2948444
8425488
1148017
4131993
6078063
2565065
6780347
2848959
8410182
7430412
1765215
8513307
1839159
6161511
6242129
3952814
976689
8175082
699457
8451656
1080767
422876
6194428
6335347
8877864
1703119
8993029
1092829
5863347
3033915
8664865
798519
5239968
76884
2104382
7887347
4321314
2297492
6309962
781046
9075972
4886438
7699025
5371046
6029637
1172371
1111329
5080624
2422382
1799783
7990641
5779240
161200
3553813
1403083
7842289
1810772
1926069
1725826
3984720
991436
4949512
50908
2127838
1285862
1739064
3271000
1813082
3280576
3636663
6219997
9116863
8303375
5480812
2644840
3683397
1697880
684432
172962
5800482
5106103
1150667
8476126
6516870
1297000
5429205
5516338
4631568
7233857
8732529
7144500
93044
724181
1761356
1831813
3974420
1130828
6530963
3105848
3278490
7037812
2779602
8995819
7123253
3252349
8918506
1499998
3493447
5640522
6840684
831526
2027656
8560905
67074
1449398
1643933
3476724
4770943
2487014
233977
6737487
7424164
2247741
7945451
2932984
4074631
3979788
5103881
2274855
540592
3804075
7851853
8539681
5559965
3029163
6640595
2631498
1728469
3361637
6736225
8182585
319322
4131598
3211734
2044771
1345964
7136345
4014664
9020870
1903745
3971042
6252462
641810
2775591
8977395
3945088
5891713
7176279
8675137
7543813
5501833
8140526
1034880
2648327
5837570
4499369
6209814
7376645
8726680
3197030
1741277
2573864
5036782
7550272
5807995
2109100
1502464
859147
5374720
446650
5638268
9140851
1761643
229335
6325013
6287460
2495246
703621
8737352
2884019
768812
7625256
6100470
4126413
6923169
8536188
33168
3109056
2924829
3972154
6862145
7740311
4029793
6619696
2998565
8216524
8517125
5043836
7617683
1156236
4532690
8878121
1985871
3661491
3988221
1458453
1092114
1184365
5245923
816500
164591
145243
5800906
5875221
6260254
3158981
1619880
5877239
4739912
1549236
2232446
482620
8134038
8396237
6594116
6958177
943053
1315382
780073
6005201
5387460
6342027
4151037
5935343
7435700
751729
334097
243644
6008306
3945819
8347071
5616477
1619373
8393474
3785545
6473827
8763982
8844193
2614726
7144257
5830028
2191123
1789944
263715
602587
2400500
7692350
3550211
7679875
3077330
1000371
5661472
7558886
934304
2689383
2410686
2429198
6678473
591207
4894498
5321939
8455671
6247915
7189340
1020574
441213
3960577
7389730
4038977
6765628
976392
1329032
1130753
2195547
4766001
6063605
4830837
4811325
7155424
129541
7641834
7025348
1218892
4159712
2092537
7087046
1117091
1679848
2368241
681517
2750647
2073068
4554323
1699929
827418
8801317
2567786
7880676
5554891
5531570
2397276
2084217
7234563
5573395
755901
6304362
1995774
6758906
4211372
5812010
5707490
4612078
5350336
8492510
1608678
664243
8687466
8685538
4420228
415297
2045512
7501718
4592738
4780631
9013345
2307623
7531228
6429514
3678885
7277315
4784441
2167233
1079879
5837233
5228786
3383979
8199080
197165
7034296
3441016
7104008
2779754
983545
6124082
5969871
2330267
5921010
4386144
8618503
2535206
7332885
3698592
355811
1068768
5728775
1341763
3650449
2680605
7290966
7287735
1497540
3977478
946958
8135014
3533381
5935223
5644687
2744413
1989194
7514242
4273302
3280277
6848220
272741
5748579
3191778
2653619
7156323
644718
1006002
2913766
1863860
8847
6018317
2712424
1714585
1273768
4168084
1648393
4438379
5580808
5315119
3085633
3331544
142537
8845130
4888028
8806457
4019020
2980726
2711156
7603329
5075365
8787795
3077973
7759803
9030584
7843960
6795601
2172314
1513538
4999992
6628290
5396976
1966949
1181177
5418582
7658825
3852895
205492
5959837
3325700
8723232
599907
6000135
8042374
4328363
4112624
8242846
8904622
1352613
5652526
747040
6130363
3654314
8911009
1334027
144044
7521614
4466065
960274
5384163
8700465
7406930
5258597
6692020
3136599
7741145
2264148
5588892
7286018
8378400
7622838
1053330
3551477
8064241
4401677
6829848
7039918
6133880
5818449
2070652
598384
4643739
6497999
801181
5591823
2731109
1494789
3257402
1470506
8717174
485518
7492878
5734388
1849907
5879406
2946109
8150695
6246363
4306574
2238248
5066228
5947901
6575910
6584374
1512283
3458398
6188517
2750637
824882
563223
5169262
838295
636935
2769019
3582580
8310455
6378176
1676823
6185223
6557478
7111152
6693469
8713402
7530308
5748708
5645016
7814069
7427964
5947131
4019114
6948355
2362679
2892387
6487835
1466426
8790809
4588757
6598166
8474667
8293809
1961088
6258124
1557556
3719045
4477155
8913119
8497576
6772607
6278363
6275674
5120338
6680679
4527023
8209106
4762315
7605235
1813461
3610523
3323382
784247
7921405
1322766
1487705
2126014
5230001
2951247
4316773
8434303
3727928
5668719
71197
2647273
4909862
5604951
7558486
6907413
4310517
6791443
4684905
2740690
3588764
2091737
3916825
7526238
5014410
8947097
2502538
4575961
4287039
1235046
515026
5927894
3230276
1622955
8160864
6771338
165854
1997806
5507940
476886
4036595
3926384
6044342
5379426
6378183
7763047
5610399
4725526
8478758
8967127
2885277
8794638
5271875
2534276
2480821
6935262
1923558
5292961
698824
3517920
3414389
3695998
2064597
5224193
3015514
1453621
1354593
777884
6208989
6736134
8045698
6712448
7451095
6056410
4110577
1960634
1295713
8671633
3956440
4595408
8416440
8986749
1443478
7516607
2584930
3559469
5282310
3018954
6049134
890300
7347924
5129137
8905862
7586958
6496879
4975115
270638
7667101
610073
4854969
8146607
4610283
6926583
4803944
8587716
2043361
4869185
3527283
8638136
6470831
3518080
8208141
3101774
556100
2128803
1483138
6993301
8445806
5964217
4821806
6623246
4437923
3276576
5777845
5984393
4436635
820043
742633
5488188
1515633
1946078
8480651
2188190
3193443
8584784
7162309
6366416
699161
6127003
7873153
7107709
4836557
8215795
3872477
5136109
8961480
7221917
6972749
2067151
3126945
8432058
7402749
6645673
4429362
2867058
2724070
3903962
5535981
3945008
3263590
2570547
1948051
1426403
7349566
6283120
