938
3918383
8550601
3585464
889950
1214832
63549
1509913
7282843
7930120
2224495
3628154
1257709
1869266
3589582
7939108
1857978
4285229
4158678
7494409
6643278
1645954
6793668
4036980
195711
3628097
2986016
3441268
4564987
7932352
1517048
1433095
7681991
1518133
9191254
8244357
1317703
4210965
6308588
174378
8198231
3512423
5591729
2728152
940867
72589
3937498
4251875
7624901
1575066
3465418
3612479
5875545
3913118
2077296
7810293
3393605
1865336
2110606
6033094
8361193
415958
9036405
3552071
6754736
8448353
8802466
8976406
3706944
5318078
6267916
406743
155213
7034856
2145022
3601755
3637927
6509497
8197110
2736441
309571
357889
2033346
6741120
5945996
773911
8419134
5048795
5460488
723927
4738140
8141464
5713330
7982176
5111491
1940637
5183803
4980387
8099863
8479486
5464476
3835053
4458615
4440897
5468979
6935803
7154536
5167987
6935301
510105
5172756
5049843
3699970
8969560
6988205
2168169
8624357
3871172
8577066
3698567
7189589
39386
2034386
9346168
7581364
2342979
1079801
500298
3189572
8293885
8652452
5328410
1584110
1220481
8811537
2862275
1864425
3535966
1998835
32007
5390887
1363416
1098617
1049977
383160
4619562
2163606
3025044
1248523
5148773
1207004
3561110
6487497
1989322
964982
6352171
4339513
8879671
1459157
4010415
4804712
607024
6679272
7994897
5818712
2716443
8127278
7034531
2876287
8317233
1787963
8220120
5160328
555553
6174318
2055924
5864410
1392915
4296976
1298415
4278761
6127107
8783130
8164089
1636378
2086281
8654319
2886390
9247493
9115260
4603479
4155478
7544107
194116
6397083
7678949
8418072
8965834
6803832
4139192
838135
1700256
9324634
8287756
5184543
8320505
3076968
2069012
4135288
5336862
1246502
6083421
894976
6406026
9297724
135336
976148
2274024
9376106
9074655
3984651
7617211
8300771
2337648
1403030
4539039
1422719
563666
1481571
5222021
6195066
2608048
5146022
7426598
1475814
2250041
6749525
8885115
8022670
5408508
5046153
852553
4258638
1596403
6319220
8173819
7815684
4172407
5912773
1308129
4054923
4802270
9160213
5328097
86008
6070225
649749
115022
1806904
6983004
7376658
8904608
5210675
252127
5946069
261658
806333
938494
2573046
832452
361630
21085
3080441
1764015
4245286
7918431
5553426
3194644
7666788
5450273
8452350
4883972
4195530
6694570
5752404
1319138
5231757
4351162
700482
1844640
5996550
4420597
1245416
1083403
8160592
1103800
2667721
2964978
2798378
8871091
5451421
3838586
4161440
6740318
5326247
4550011
2965212
8804263
3800060
1022356
252665
6791160
1400602
2136397
4082397
292110
6485522
1428767
3777809
3158692
2361377
7065129
3558020
4659750
932699
2815896
1233347
699053
6901951
2774591
3055253
9107327
7605367
4928552
1377466
2491852
8791021
5380381
1419154
5295788
807252
1471702
6875936
8636265
8033758
323775
4614150
6396278
6339642
3445514
5662744
7452571
4997401
5711487
2477018
8618888
933298
7391338
5761685
4004620
8885717
11132
722165
488394
5861824
7073749
997656
4857729
4923764
8512106
2449319
4990163
8709080
432812
5781048
9137980
4288466
6349257
3622047
5034529
6749151
179151
5406323
2911764
7009106
5661221
5790004
3873569
1397906
6370818
8867275
3013921
6070614
3904161
2280276
8894872
526156
7135135
1587125
6121098
3544778
3029229
8145491
8659687
8833347
2489171
3696472
61547
2554667
8214416
7841085
5375256
377037
5358899
7052938
4877511
7284706
3597883
1465875
4110410
1440850
2709792
4575349
6636980
1639717
8771164
908283
1049501
562954
2709217
621035
6478353
7285794
2066420
4556838
6401770
2296569
6754321
3777250
6587650
1565861
6475665
9087953
1280131
7210487
13544
5457607
9027044
448861
5889122
810922
1802157
4099934
645506
4006165
338324
8151041
3060828
7231865
7113339
6213142
1536573
1605358
1072235
6900789
3044219
4516922
6214336
1704830
3980658
1433139
5725326
5757226
3262047
1778450
1334260
1841308
2018199
763424
404228
4051268
5150876
376777
6873709
3807289
3401393
1153637
3790736
7462007
2035890
7425377
1694339
1484366
140381
1530471
5464118
7909721
7193029
7440015
1860078
6383114
2302454
1734207
4811641
1200765
1098470
2945014
4235806
915307
4951222
3623666
172353
8681385
724023
3839518
3177934
4760330
7757983
48731
7380904
3209728
1449973
2333681
5062765
3455653
7622187
3791118
8053113
2546348
2903903
541438
4785168
8492658
1671333
484639
7828264
1869791
7175626
8494255
5903696
7862144
2385915
8138824
4405914
3685442
587585
837459
6785472
8944331
1972475
7772035
9191147
2602788
5163212
5411750
7819493
5854560
7290758
976251
3300729
426638
4141026
8277663
586738
1396762
6347426
1086835
6622329
6613204
3866009
809828
3914671
8784951
8160697
1911377
8012099
4366116
8731151
8666057
401779
2387941
8115374
2757776
5992687
4895581
6026676
4468287
3434088
2593338
3424598
6505340
5305029
7026186
6880510
6314497
851230
42878
8180972
6266330
8522200
2739162
4708322
818410
1742527
1536146
6449315
8891449
7626809
7426973
8619653
7694170
5580881
427329
585839
6209255
345208
4562722
1562247
7576328
5614817
1045808
6276570
4028969
3064301
2054935
6062406
7632366
5549137
2612508
2875375
4528926
2807023
8172482
4102589
7862202
698588
595108
1920128
9348625
4644713
8240582
1152677
8379303
2840313
459768
8531120
511908
2344101
3036652
9035299
14875
3956071
5402059
1302844
624744
3448582
7615882
8158260
8166747
6610719
3917690
8228501
733032
7707527
3978369
1888041
9407
506428
905763
2192250
940718
878102
3232248
7884923
6405451
981150
2345324
3453733
3766240
8172926
6140092
1106660
7487117
4070501
882179
4391654
2397310
5756127
3926406
4235744
383085
2299347
4064660
8244589
3454311
1409674
5622183
8269905
2537266
8168838
3015677
3128789
7218273
4502493
689186
3924712
4035488
5020239
6728382
4114519
3801084
482450
6066421
450820
1656614
3744095
983216
1184848
2473118
8680140
6348782
4042352
1907525
820402
2689576
9111685
5555940
6830596
6058970
3659352
7353807
8922572
6757159
6266042
5440038
524352
1916218
7024748
4534194
795427
4349419
4908314
9086300
5497192
4440850
7940368
1827036
4873190
5632658
1642251
9256645
3913494
6337888
2890046
7931357
9350973
6696480
4346645
7307262
2594406
7518403
6609823
1065163
866852
326432
746814
5754516
2785607
9192737
5159059
649323
7988173
2102659
1086688
3136271
6750869
2686469
7376590
3313042
4228869
9132561
1149272
1393855
1337048
1405279
1845371
4749006
3010558
995366
8124592
6947583
1792585
6346127
2403467
7417107
7616844
2719180
5255696
865826
6197714
3838834
4861254
244674
9272263
91795
7043765
8210460
2170730
3508469
3129094
2851733
2333293
8321917
1893708
9155885
4691657
1141714
4057484
3139450
5818450
4918341
5464618
843075
6627401
8775671
3273150
444709
9345555
6812241
3464737
7374094
2208555
6024639
1222135
4485894
8346852
2093637
4665544
7112272
1596728
3428916
6423922
5672260
6351507
5089808
3032370
2912233
668193
7857327
3141529
6043304
2703428
8910063
2045379
7579102
1964292
5474878
4699587
6187909
3544847
9129522
3810524
8685961
405892
8927516
41357
202480
3030788
6125000
8152778
1490073
5528956
8397531
2414067
633522
5742198
8745848
754314
865722
867573
268373
6601676
7332921
6885912
5762292
4410502
2902324
1637617
3618007
2974413
8471293
1783592
5418804
2744341
7980418
8927838
7734224
1161251
528497
3334797
8662828
4919468
8105608
8381699
3329953
3549264
6507016
3626894
7419193
5602379
4524429
7312061
3105876
8165712
1490408
5703744
8965319
8869598
557378
5620560
101591
7776463
6424778
1723795
931137
7729580
5775985
1863129
7618891
1794552
464352
6302076
3256637
8967569
6464500
4728586
134265
334962
8793546
