959
4028536
5319296
1208257
3088071
3547794
7931808
5415839
3398607
4636854
5828488
8964645
1606233
3809771
1508540
7130060
4481093
1298391
7852790
8841437
9257562
651265
6988098
710081
824250
5564939
2114884
4272665
4971337
5977450
2152487
525411
1281619
426547
7535692
785851
6383951
1606634
2809063
2881067
7176093
3597632
3542334
7602443
4286806
5596755
31012
9290525
9280416
5151147
3338750
1104697
7154745
660328
5075051
6518680
3907049
2263752
2995447
1864624
3167635
1500230
8925172
2118519
2514845
6912714
8529810
3488126
8388084
9083948
4189832
7273151
3683964
2001657
7431344
2051444
5257885
5450129
4679017
5894649
5174377
662110
6058346
5164869
9494265
610217
5642682
4575230
9083103
8545134
4362207
7965426
8956251
9109191
8773594
3822009
2976587
4001661
387739
5261840
4177477
1893502
2479009
65566
8012825
2522244
9521494
7539425
4929575
8308469
5184909
7049392
7628605
9367424
3492546
1482956
2261213
9191838
6993526
6374421
6000882
2227079
8782350
9378510
7544794
7339316
5153043
5271539
5768862
1981758
9547226
5059564
8874989
7111821
779171
6408882
6196689
4732113
3707110
3311256
2208327
611266
3215411
9269692
5641272
279512
6039808
9096008
7989237
9313773
9565162
2516311
3657257
5117440
5988245
1856933
692039
5554259
7621783
2304030
3241480
1300444
5724763
3636980
9005735
6510422
2372975
7888443
4790045
8167628
1382232
3786718
6659913
2293906
4521077
1568338
836652
5257279
1851300
8959334
1011376
157410
344068
8188008
2684714
8026043
4177980
7903940
2728806
1827003
6347036
7334210
833700
2132032
8968473
5480976
5580590
4896511
7261166
7578632
3315714
7271023
8265317
4213786
993378
5401921
6717383
6310061
7752771
4054767
5138985
3635545
4085590
1931006
7932287
8037387
3534294
966939
5473969
4097677
141877
1863331
6415977
73145
8865617
7334277
4581155
4194848
2446358
6118049
7867657
7675574
4576583
997790
1379266
5810521
6070046
7330735
6928682
7868626
7829371
519948
5782756
7832663
8277512
6646726
228070
60423
5534001
5358378
4359099
3418297
7778425
4471077
1609939
4980555
987534
13322
601052
4634646
3931455
4658592
8562707
1561780
878695
8973396
6653802
1493420
5865487
3333510
4118503
5073660
6297915
3147649
8005526
2860497
7887939
2067249
5235561
1385297
1471484
2407602
651328
782521
1304870
3892346
93928
8863924
7415
7558242
2203552
846100
272501
2194908
4083562
2264562
691302
6114366
559318
5821244
5102873
7546169
3475114
106597
5418352
3324054
9085621
7280156
512519
9513322
8319497
141248
4123089
5413397
8562869
494028
960655
2639731
8602142
8914000
2733223
8165881
6267260
7805763
4713372
1257792
1900670
1114481
7066231
738434
7394397
1353814
4468532
396170
4677216
6461774
7144355
121895
8176021
4147988
878555
1643955
1498084
5936505
7668676
4469848
9038611
572737
211456
7584077
1936462
3658448
1070983
2144349
9172277
5603043
913372
8116506
3772974
418996
6175925
3243033
8228272
6442095
4107467
5399690
5048426
1068978
6314613
2965140
3629517
333723
1933102
4491056
6867421
6407320
9343604
9301945
5939901
7260671
3619523
8802684
9448548
7693743
7796213
4419721
6857660
4562674
7426060
4362385
6824822
2718332
4518959
6665806
2383238
1312266
4051935
4779709
8931407
157932
151125
4063245
2225230
4122645
1017777
33995
9057248
1923379
3562663
5378768
8134999
305115
138714
1274191
6550474
3765093
5191983
283864
2241461
3060523
1220111
1105379
4577237
8951547
5859322
9463480
6154513
1723129
5858013
2629637
1205219
5412062
3578770
8921320
7085820
8184912
5608694
7742818
8075811
7131048
4991678
1587259
6529409
1859071
2659657
201934
4729874
3950623
9313490
7262092
765365
5464663
4089033
809964
1976287
6563721
7537679
9195249
8948673
916960
3454399
9153933
800305
9101167
7175260
1723913
2178427
2836503
4753314
3235592
3752558
6181455
429956
4922726
6082703
3587150
2475927
3474617
6456845
2724783
7342340
6618763
8560172
5348756
7227395
5885115
9452851
7765884
3882041
3797712
4345497
5106340
5893492
2833084
503274
6913826
8835470
5185
6066817
5771258
8834402
7581057
5299125
7078579
7403861
6856386
8354842
6798294
7803891
8849754
2601508
3659232
5685807
8408806
2877416
5064314
1439616
3952411
2174000
3669499
2162024
1039915
8786012
2938897
846375
7229225
3309025
477891
2692336
1123285
1228128
7114069
2771149
8006585
5500459
1723504
824548
3244654
6003795
1595611
4523486
9340934
3414427
5872973
6163585
2573399
4153682
8878634
8305649
5718352
3949591
4599048
2328432
7265547
1616865
3437559
7905953
2576896
4354657
5467214
2181767
8268173
1273234
4460619
8138650
3275207
8806517
1046803
8341467
7057039
6653724
8438235
1799951
484400
4514678
3123363
1003492
1266178
1517494
425529
8171254
7529112
3941010
3288807
262957
5904490
8836271
8786304
7437852
7447681
8978801
7773928
6552475
3132245
1464267
5454095
6597311
6524913
7776038
432789
5523001
3058599
528596
1392287
948726
4292343
6422562
8947564
4421815
209868
2098874
8886965
3038399
1051634
3951955
5157424
2750438
478834
3208845
3078471
2433659
7162465
5267314
6040600
8431279
5074977
6213994
1516518
2853336
9409269
4742220
6015811
2221846
7530359
3628745
8261164
2832585
5305835
8168584
2616931
8095529
1522564
6117485
1702875
3434024
1515650
7301511
8244365
5362703
2677928
1731915
4749499
3824226
2788534
2035041
4680638
6086865
1246366
8654437
3982472
7208326
3407156
2077881
1900400
5831336
7750154
5800554
2041168
1088628
7159508
2481623
3480338
1595740
3598983
6296085
4215035
5656041
5780048
6854320
2156669
5680545
7286570
4341869
8367718
3687217
4589444
9106199
4185389
5206883
5518265
8641090
5416966
4111651
1586744
7993619
889374
9402274
1643453
2841776
65344
5293325
920260
1438442
5939808
8572817
862435
3803892
3854206
3335484
2313842
2203239
6592714
3903372
624644
525252
3963025
8721632
4072166
2009789
604673
1393256
409936
5255085
6299470
5397749
7835241
6171377
6640344
747681
6325859
288235
7963002
1032527
2625591
8481804
9524796
7517423
7267116
8139317
288392
8547501
7850917
8559417
6740348
2407726
4684965
2845213
8292741
3732027
8870347
227214
4586741
6034545
621930
5535047
8883544
1842257
2343535
310306
5775957
1820782
2352214
7174277
599158
5535491
3554193
6646225
2077140
1240501
6601251
1502790
2109277
4809522
4690326
2158748
4157581
5712918
985133
9374123
687611
6027454
3149102
2867565
3713607
1085104
81681
2983128
1384033
7204700
1945099
4372871
5853981
1393312
7134049
718408
1180466
452003
4008276
1148729
6555205
9450333
5151749
9228406
4501988
8812943
564175
6556810
8940
8005611
5253337
8049340
3555170
1276400
8369058
7040795
3451010
368348
7022045
8545163
1200892
7752897
5153315
237015
6301699
9295195
9230833
9291431
2638159
8338133
5052590
2572426
8413340
9263182
4391297
6506914
4444446
6635500
8493947
1318762
3854478
1351920
4533345
9098150
8947940
9585334
3552689
784956
5240809
5575311
9146817
5778384
7180713
210282
4450352
2590684
8030624
6995862
6662578
9292752
2699943
2196396
5997863
7046561
4410665
9171528
3086453
1364632
4706082
9493735
416552
7441713
69178
2784991
6238719
2487680
7964851
5168034
2694340
991111
7393317
7348866
1633318
6117303
2723870
8106887
4783993
951985
251100
3578601
3970483
5655112
392813
7873453
3659710
58646
1424711
625570
1729169
8008865
6109263
1988838
6235609
792117
4327136
6524408
3602997
5169277
4827017
526517
4286647
8514500
7670534
3727634
2575138
1365704
4852936
8511529
8660119
3075893
6963625
6989382
435405
9290608
6262768
1328470
7505996
416428
2148792
6967015
5904228
5307788
8587807
1433118
6704140
3488296
8226460
5133320
2940763
5651457
1381052
4301839
158987
5974517
849327
3422593
152038
4494476
3145009
3295492
1825805
5760693
9033769
9226083
3349377
2525407
5462275
1222564
1921351
6138255
7119802
