979
8248526
4774111
1579237
4971730
7130303
4488738
2727340
5958399
1198596
742474
2120509
4172728
8593683
1328827
4598291
3639878
4217288
3201203
2897879
3752163
5332324
1245640
9544890
5689996
4414962
1746003
9608076
3924053
5701539
726984
3536921
8247616
1850717
3475435
846823
3935633
7830031
5829639
6624956
7880930
4180629
7469820
2543882
6173853
5100768
3010177
3297471
7580148
7466225
1009774
4072394
766939
6691689
5194795
1119535
6796724
9374537
1289905
9666596
7719058
841383
3438463
7979951
3752490
3907469
5574163
8035190
6622225
5183652
2318652
8216329
1543964
9404144
76312
2666091
6551676
1651086
1814879
5825857
2078052
797626
2759072
9169249
1358897
1164703
877454
7789535
9607968
4948968
1352483
9522445
3472333
7490372
4608765
2896001
992714
8972707
1210094
1653142
8384480
2455198
1031061
6815134
3348734
3776778
6957363
7589532
8717028
8454708
7522600
6167345
2482397
1522573
5857412
2375912
6748123
4859389
1137085
6406687
4072763
6527118
7340874
1522221
5100486
8306935
6664135
7989180
2499823
1430287
6510467
7215059
5053792
9767171
6283728
3177028
8687474
116200
2542222
6759889
5780065
1202023
787279
6067639
9219127
6580342
5737810
2329605
3955734
7416969
2223080
1397507
4470739
4880593
7483371
6796428
345374
3687505
6553998
4056376
3330046
6106405
1506707
2903465
4053112
2616924
7334102
1316346
1479185
8083569
5850303
6603390
9560327
1124179
1338712
493121
240824
6703065
4442455
3089404
1562927
4169600
2803790
9327044
3024945
72980
8996557
8373083
8208743
6821322
2061917
9011472
7375711
5028633
3299264
83934
3208933
5437685
6301065
8562562
5190634
3557653
5739830
2255471
2600691
9058667
6122548
5069654
9524554
6589084
4455385
1506737
73412
7071344
2983469
5870648
7288752
7023601
1288723
2077413
6808247
6444422
8791350
3593243
1210306
5280452
8176820
8152122
4042255
8792350
5981624
9391558
4079143
6876129
7303010
6976998
4536913
4694578
3962489
9284092
150989
632869
2867274
3782205
4354870
3339667
8629889
8907657
3582142
4159118
5550996
9332074
8141754
573708
3113081
8234453
4146992
2688437
3968747
9002949
9501313
5638406
7881193
9563930
4454609
2379532
109879
1326629
1023786
7118283
7354188
6688916
764058
4085547
4592061
662848
2636981
3406987
4739152
4591989
6137652
8881155
4479857
6724607
9749358
8404013
3614214
411110
1122449
5090825
3635601
8337957
8863491
943000
5114747
6522015
8681238
3083380
6269915
8207081
7237577
52065
5669722
3529204
9561654
1951222
550218
2900067
8529005
9744372
6268263
7000567
6723753
3216506
349216
3430162
5906038
8966585
6803999
4899444
3733985
3662039
7533597
6036688
613587
5717781
4595162
5780894
9510648
8757221
7502746
326320
9198372
655240
1813191
1179843
4115163
315382
9164816
5958017
6156845
3213532
9297154
154779
7589998
3771992
5728179
4540014
4306905
5519865
6852549
5296520
302465
3563825
4067457
6025537
1534403
5481036
5139764
1695801
293667
619298
6491540
8280665
6688996
2119033
1540568
9733291
125363
1185248
4223173
3477528
7934486
5280134
2148440
9413866
863045
8191863
36787
1247673
8876867
4478352
5898616
8780215
4997603
2692072
4989270
3397244
1961853
273511
2499793
2426760
4171496
1332985
8428504
6835038
561657
6023920
4310055
9451878
8560716
4438795
248850
8267317
2862681
7159653
8752100
5578738
7225021
1661346
7550967
6614251
6394624
6841234
2751686
5806770
6296311
213652
1331914
3719579
6162924
3247043
6165044
6813239
1788126
5355514
970280
1269372
885276
2068269
6818930
4646858
8180417
7058947
7903846
4801729
2111090
7409933
2176448
109139
1949786
7976108
7765643
3867826
4257883
3319318
4933700
4448180
9264917
7539329
3342259
2907192
8389939
2362972
4420456
5748483
2552407
785574
9729848
8706712
5382021
5450638
4854876
1314761
289794
562936
7632075
5234622
8616348
9316079
7130203
8247239
9523350
3241239
7705692
3926052
17270
2922120
6891522
8907621
1814492
2331838
9592251
314256
5132412
4567457
8070939
9444978
7767399
1681869
7870650
9025234
6693035
1183276
4503632
5078470
9066962
8619262
8916333
8900245
3465136
8910112
6783935
4692231
7720947
6700153
6925496
2603020
4393321
2026953
2141178
1733982
9121218
239501
3903982
8822477
8400208
4366062
1667019
8318016
8599283
7381639
7895483
1849347
8895742
7200263
976896
300887
2603544
6348782
6712776
5318923
7538669
7486166
1057363
8649728
4242602
4159807
1737024
4192077
2124949
9311910
763306
6665328
6639875
4957376
997441
7200453
1508081
1462166
6761304
731984
1235078
5714202
7873064
3393050
8423968
5222722
4629006
5097331
6943747
2945665
3344362
6168648
9303398
3987054
7070261
7675528
8380472
401889
206599
1946406
2543305
8698279
6500499
760485
4337709
4703407
3392482
9194873
5254225
457302
3654051
4992026
1715060
7652570
4332950
4704879
9488513
8652931
5899861
1937236
1043434
3612067
3914525
3568566
5106900
929518
2579088
9599377
9433378
5844440
4374385
8560824
8159161
5458122
2387274
4331195
1574287
177795
1638543
5783585
7852386
7178864
4686688
4044242
8722000
6214300
126632
9007227
773128
934117
9603580
1900936
1915934
3876108
6816523
5674397
8124238
8322486
8617083
3745359
4079806
1070861
9078401
2964713
1696749
1785270
7161487
1838405
9410478
208303
8728706
9670459
2968509
7128914
5208639
1507147
4873594
3364192
2195269
8203724
1799335
6870660
9246658
9728712
6470399
7563597
8294484
8768979
4138502
1506728
6760864
9648362
9310341
9237733
7408127
2102434
9457652
8967477
443549
2389810
3941640
2986280
4632932
3880317
5626531
2518772
3179842
150616
4335062
8438931
1319883
8886809
4091375
1203213
2448011
2357058
797345
1976345
8890804
4361327
8579773
9523534
8387898
649032
8203375
6058844
6303936
429381
5714493
2086978
5922069
1671742
1887194
6010266
9713733
7307168
1787248
1820525
7837513
8807423
752383
7314045
629733
6166934
8522253
140645
9740462
9379240
8162022
4927628
855662
5026051
3645589
5901235
3815772
9325638
3490882
2948432
7135917
6566308
3737870
3589025
2805732
7124741
2336394
5186939
5329876
2483844
5390166
8101327
9572870
9284128
1939085
8993067
1742836
324281
8226154
9653662
2925814
579030
9125144
6167631
373320
7101277
8180161
3702596
5809863
795863
2439549
3565682
5391758
3060706
9500421
6347126
7240204
8568515
1400850
3349482
676364
7500863
1968442
6310154
3712501
400322
2284703
4752953
7337141
543064
5369827
8293925
8914741
7209975
6671385
3822686
4489135
521275
8712536
4753577
4387807
2620531
6796244
6683056
7105645
7627359
274866
2769379
6325598
2101091
2137302
1432852
8333144
7496563
9258651
5071975
2384097
2222970
7479110
2992513
6537447
5112654
1052722
1470949
701968
9661994
158073
6250190
4951603
9717773
920035
7031823
7158958
1471140
1758807
3074479
3919632
3757896
1114181
9159748
6497570
4609738
6773509
4243847
2068191
8674138
8423415
9165659
3349570
6288999
1745642
760367
1383519
9082976
3490335
8053545
8109008
5200252
3420604
3665311
2357689
2510119
6381013
4361339
6127367
19901
5888474
4429466
6150870
7299211
5788968
1100123
447519
263147
9661996
9296074
6078715
4649730
4065424
7404871
224491
4305211
4481965
4006210
6565373
4554589
2182189
5211112
490563
420219
4718679
2133998
8972664
8589625
5988410
869381
6321084
7018069
7254580
5261129
3427971
3684068
9473453
4810617
9086629
190918
6281616
4902123
476605
5435460
8907735
3628532
7648358
1813860
1396674
8732525
5736053
2332709
3551818
7799103
2214936
4196080
953553
2257091
7612101
5678859
9285515
1427093
1381109
6657886
4241122
3630938
5720670
8890713
9654757
1613499
606988
3523801
2006751
362107
8815481
3032816
5086079
4538742
7150260
6338343
8280758
3509431
5943707
3559350
2965245
6428784
2910798
6848621
9724025
1805796
5722254
7473280
5663018
8490973
5576914
6013548
565516
215582
2017944
5464477
4533809
3773291
8960579
98430
5671652
4952285
7190440
1062661
8499815
2891348
5019895
6464713
7469194
7004319
8200292
200857
5106445
6747960
9265405
8166229
3222282
7692087
5794519
3519999
